7.923327789247549E-4
7.981635203923989E-4
8.587886225009065E-4
9.079689987475777E-4
0.0010851201016157214
0.0013161903132878896
0.0029965642741548513
0.004985381920836526
0.004920507145369744
0.00502620838971777
0.004961975865702842
0.005099788454021022
0.005162563155466351
0.005190501227794743
0.005127802449417062
0.004967340988880917
0.005231799096144861
0.005297942770065498
0.005496378054251094
0.005506476544393607
0.0053106728206433204
0.005509108247396077
0.005773448926329514
0.005821918093802372
0.005993003793014446
0.00617755556437758
0.006444687368063907
0.006375754657435359
0.006487519194400751
0.00653154102850361
0.006738272720854025
0.006866566665629137
0.0068789881808671875
0.007222737483859488
0.00722849295225267
0.007350852940289289
0.00753360165143277
0.007541394200317715
0.007953065080251624
0.007944517864911205
0.008177785461947983
0.008204880240941343
0.008444728106292819
0.008314934816265152
0.008679521504433834
0.008725681137656273
0.008829450536544398
0.009344084204412238
0.009626298841750328
0.010016260657087502
0.009970659684203706
0.010241734043209024
0.010710104113558192
0.010890075716227784
0.011225726221817889
0.01185935547549526
0.012238533458989679
0.012016402632020138
0.013096265067190532
0.01348370394901795
0.013848847747757631
0.01471739054705916
0.015021008608522759
0.01607849528406065
0.016920260297911563
0.01792582335949672
0.01806653690067894
0.022207555598614103
0.022331199684446065
0.023383810867715498
0.024745296305859466
0.02604339182223007
0.02698471360598407
0.030239185971662814
0.030626315146016353
0.032218769422356894
0.03340909412077456
0.03680027548912789
0.03951640962910524
0.04061594549275179
0.04393866460565182
0.0460782604344566
0.05384204683360175
0.05723252001517954
0.061178094217055064
0.0644229686510406
0.06732230460904211
0.07622258290838074
0.07663493909539489
0.07739231204356728
0.0776123273472107
0.07836393715699878
0.08172125355470965
0.08210655493336193
0.08304474941353131
0.08367232661917366
0.08648145348655271
0.08741202291989118
0.08776981010154203
0.0890682674173365
0.08950925419937164
0.09070435705488863
0.09141762288268464
0.09384987792507424
0.09295722607401186
0.09417234711218378
0.09605369186813596
0.09848783506447215
0.09965830715003965
0.099346671236894
0.09982981178277403
0.10369409271683662
0.10763052195091065
0.10894974828834544
0.11805421083651794
0.12020526627556186
0.12289365005275216
0.1233857008195018
0.1267529742536463
0.1325086543717865
0.13308427381259572
0.13566574391277939
0.13661476321336022
0.13639897090861094
0.14249686988229715
0.15072106000528723
0.15367244551094247
0.15415687873221973
0.1630403777614863
0.16459312852006985
0.16824235715723573
0.1697452530204142
0.17393456952783906
0.1774922521913498
0.17920316232344158
0.18115677537060867
0.18671317842914265
0.18927874017824836
0.19143351689082652
0.19307851497922818
0.2009960164360956
0.20366485860240297
0.20417419239516216
0.21222331302266595
0.21745696892738642
0.21718288844181305
0.22820475612581756
0.22911565904115563
0.23598837649471438
0.2369194581846591
0.26318573652118804
0.2693098916340871
0.2700413543197516
0.2768543748645241
0.2868907779125986
0.30002794913263053
0.31345207968426836
0.3292962757206092
0.3469647698123204
0.3522909548170213
0.38147064389017155
0.38794944115401986
0.40777513570002444
0.411710991085564
0.4200413862313092
0.4398830023841436
0.4745949520067515
0.49951547872348856
0.504789677026405
0.5128968601861983
0.5375313427553107
0.5856560629923743
0.6003441362431671
0.6200602237911831
0.6620275513696663
0.6820263273601695
0.7024870182389438
0.72524201479077
0.7593856608350041
0.779818394801174
0.8133078426111509
0.8268405670827919
0.8585587809581358
0.8775898865753997
0.897875537294891
0.9219401714455886
0.953459639295014
