0.002533962007833118
0.0025701214087932205
0.0025372552547617247
0.0027096214029788145
0.003429902724017857
0.005419271911458883
0.006424857939528056
0.0067455101380154035
0.0063857931807477595
0.006311207142469061
0.006567494758480442
0.0064495250230677485
0.006737652374856278
0.006618315052523314
0.006855099043851794
0.00673948172594346
0.006698047334812839
0.0069178346104372635
0.006935709616522319
0.007023148570530086
0.007042621854345153
0.007301085654354823
0.007308237469798416
0.007478668157787421
0.007490458719085015
0.007555867944051218
0.007830919753679324
0.007835904627644417
0.008033410932154745
0.008250133924593651
0.008301359551030138
0.008610049401277244
0.008856912873249178
0.009113937554713694
0.009809799555679748
0.0101303834915221
0.010262964745337532
0.0103010600288563
0.010361984353860286
0.010737334570084748
0.010902600782073741
0.011008497264402768
0.012179630138425565
0.012249980483883241
0.013035670131822
0.013337855167019838
0.013296318448882814
0.01367807637217693
0.014101721454346692
0.015301697378560483
0.015548348428663337
0.016109579446049058
0.016333402481913648
0.016681343561014264
0.01775098269815403
0.01826298139883951
0.01874856062696082
0.02051675075558108
0.021065882271699823
0.021425302902173208
0.021435172777910124
0.02398468930441486
0.024543294796791723
0.025442670402363747
0.027467449938741395
0.029552399045767105
0.029621373434581398
0.03352556294021154
0.034884579363669614
0.03636151043097938
0.03818122041155155
0.04205699037983313
0.04319834326037192
0.049495158386845435
0.05387300118355197
0.06203162310208059
0.06519889904742217
0.06973519034801567
0.07590806124035376
0.08184483718509564
0.08708631915853494
0.09493375008149788
0.10263005657940148
0.11262967403900535
0.11799274357378961
0.13105389160736
0.1393063691130525
0.1396174733740191
0.1419590990853549
0.14339544606382473
0.14789208134328213
0.1514497045505041
0.1532561548688778
0.1548386979732073
0.15652576550532768
0.15843774018950044
0.1633326293416877
0.16410801975101927
0.1668725500611375
0.16962923233321026
0.17075149354694327
0.1764956928984555
0.18007439951548734
0.1884155724960621
0.18661865895725702
0.18781720193233586
0.18997807925139262
0.1913455789512034
0.19513182852465574
0.19859603379463575
0.20227126532161935
0.20735259627904776
0.20865735128037932
0.21749892176242422
0.221534858695929
0.23208222516290802
0.2348881348003072
0.24234147297502173
0.2483982452924626
0.25417909628876445
0.25904698805436704
0.26967347805367076
0.2849325783841495
0.28736891345115106
0.28927772378099936
0.2924388629444498
0.2953962948482093
0.2970342471516586
0.30681686664117513
0.309106304293722
0.3142084971097671
0.3168516612187131
0.3210440863056439
0.32516385506179624
0.3267170039269973
0.337655370992578
0.3421546479199614
0.35620472486303184
0.35825759320089345
0.3753301102592868
0.3772880711746381
0.40290613321330965
0.40606736616906547
0.4168010870868584
0.4183031740686566
0.42584691321665114
0.42448303823062056
0.43412378102311916
0.44674412776399747
0.46218768192305
0.46796784639016836
0.4763928964965743
0.4841577435402527
0.488089097570954
0.5120020928888795
0.5173699309808896
0.5207563534909825
0.531346517499764
0.5393133597432603
0.5510072891479061
0.5626852865331488
0.5732598360186792
0.5881895761597721
0.592345000277458
0.6301336692450915
0.6366632373734724
0.6471530504869841
0.6538103612493606
0.6742197452406092
0.6805753703020635
0.6987290199063699
0.7082912414529174
0.7195143681415754
0.7243321418251312
0.7488027215185801
0.7610305031067041
0.7834466777692223
0.8149114835544911
0.8278254022097059
0.8387252016993195
0.8649410247332255
0.8794607338294347
0.8959138270312212
0.9301040934113647
0.9473688725055124
0.9749910550184379
