367
304
375
549
336
646
389
305
555
334
384
370
335
305
334
332
365
357
644
376
645
554
372
384
636
539
639
633
352
383
370
301
592
493
540
635
508
636
544
376
302
688
538
392
371
339
369
517
609
503
639
353
594
335
503
642
504
445
634
496
640
445
500
336
623
633
504
388
368
536
393
541
323
647
552
451
394
637
340
541
659
638
644
366
394
634
638
645
552
493
556
497
652
541
650
357
486
543
679
323
643
348
513
540
511
327
497
349
641
552
499
321
641
339
640
485
301
634
489
395
662
656
625
506
505
581
393
364
598
377
684
586
505
531
505
503
540
687
350
647
564
648
591
387
504
340
499
295
352
369
351
798
633
653
599
336
494
797
302
464
497
643
512
604
589
508
537
681
646
492
651
684
868
590
683
450
649
869
618
535
453
327
590
436
445
686
689
517
600
388
599
542
643
435
434
439
764
513
865
488
