646
592
658
558
639
562
495
545
545
693
741
539
554
555
546
715
650
572
691
657
711
590
651
699
491
689
564
697
549
658
640
547
486
643
688
489
649
671
706
715
718
739
556
705
705
614
442
690
634
538
643
652
579
544
547
490
557
691
687
703
653
687
490
559
494
502
573
673
715
2
563
719
637
493
565
660
650
540
503
493
644
667
577
690
643
706
545
579
716
704
669
642
722
693
547
637
499
542
694
494
595
492
778
595
592
525
593
443
594
672
642
435
552
559
562
634
657
548
711
2
698
504
540
591
724
653
599
541
575
640
648
545
638
652
642
674
545
489
494
684
563
630
647
703
702
578
441
640
647
504
696
590
668
593
537
795
561
641
584
642
640
433
714
632
547
644
644
555
485
489
666
550
779
656
708
2
639
647
510
598
551
723
704
491
442
715
437
498
641
558
716
554
435
494
543
695
717
441
546
557
697
507
525
648
544
655
794
553
637
639
604
604
560
559
743
489
706
574
554
2
585
547
512
491
488
651
696
654
504
544
555
503
734
441
549
588
642
2
797
707
602
634
602
632
719
728
675
0
546
486
798
637
437
0
440
706
589
699
696
697
505
630
716
437
676
572
487
599
541
567
439
503
501
712
557
707
511
543
487
509
608
489
436
1
547
3
538
708
510
635
617
542
488
617
568
583
491
780
443
720
720
3
668
654
588
503
491
366
723
1
1
435
701
1
6
695
7
492
542
2
603
662
524
550
813
665
436
670
763
689
669
738
714
656
721
646
684
433
346
548
8
487
605
796
505
804
369
641
490
439
746
714
440
616
1
725
493
345
706
438
565
8
808
516
718
633
706
642
718
502
702
486
439
501
796
633
539
742
595
648
495
437
704
648
490
681
653
511
663
439
636
605
644
657
563
0
645
702
661
366
644
444
649
709
8
518
628
598
432
515
370
706
576
441
694
814
543
732
702
695
495
644
3
510
540
551
705
589
548
689
603
705
356
567
493
642
83
491
481
736
441
677
708
630
433
556
600
521
692
668
708
645
2
439
603
561
705
515
354
549
651
434
486
2
690
2
498
555
782
8
524
492
692
715
666
514
1
592
777
541
6
552
652
1
695
723
702
519
697
558
8
618
608
445
438
494
585
781
635
335
709
692
653
661
760
526
605
600
580
736
696
75
566
587
83
526
84
601
636
500
693
654
82
442
9
366
655
505
795
560
511
7
802
590
638
442
682
503
551
657
828
588
355
84
635
517
438
575
709
507
507
799
639
703
744
329
696
607
2
600
434
484
692
699
1
704
500
76
717
305
557
513
712
541
601
632
386
801
740
710
91
677
698
710
640
641
703
616
326
1
305
653
515
642
715
438
621
715
631
514
549
499
93
506
85
495
438
496
496
639
719
596
785
776
661
707
708
693
713
92
74
705
9
47
656
3
438
656
685
694
599
82
367
7
635
662
439
562
710
550
702
7
813
682
647
699
569
805
2
708
506
1
735
685
752
594
555
59
65
548
436
2
592
499
784
1
486
599
1
759
355
75
435
75
501
783
343
798
77
1
632
717
701
721
739
652
638
76
708
609
483
607
638
800
1
679
518
722
691
9
501
693
741
70
672
811
83
717
719
82
7
558
82
365
499
513
515
69
701
539
85
336
53
709
0
8
720
783
81
782
338
83
644
507
700
707
643
90
348
586
504
716
784
506
573
751
75
602
484
508
777
391
323
11
597
511
631
701
726
365
716
84
731
686
356
562
346
53
369
2
761
0
493
65
535
694
608
613
634
519
678
522
1
0
303
434
548
441
567
654
440
505
48
336
616
829
444
9
81
9
818
68
77
2
48
651
659
92
606
706
725
432
63
490
1
539
8
688
657
342
328
720
332
304
714
491
735
99
84
725
436
347
708
718
720
6
93
3
370
8
683
86
4
707
443
653
498
78
581
561
77
499
368
789
713
388
578
697
692
549
798
4
9
690
728
700
92
374
85
7
58
720
508
69
64
652
77
492
3
733
652
537
102
571
497
73
775
47
2
703
391
74
780
679
1
755
513
797
86
84
537
340
539
708
8
516
778
324
23
2
499
62
351
91
703
822
536
85
709
592
544
94
90
831
42
440
600
610
64
732
48
76
549
333
489
556
717
494
509
606
67
782
560
803
440
719
2
655
601
1
525
61
442
9
12
710
484
8
704
74
719
712
562
59
90
375
100
709
795
509
702
5
60
52
690
505
506
664
793
597
431
509
357
556
702
528
379
494
703
568
707
719
555
349
559
657
83
523
349
92
66
329
564
644
582
301
338
540
715
70
753
101
714
70
693
87
8
770
90
385
324
605
742
322
690
43
615
80
680
9
587
483
729
690
93
701
601
100
379
54
8
340
1
71
69
357
502
67
340
301
523
658
442
91
722
604
596
334
553
14
9
646
670
7
596
47
494
593
655
56
47
687
810
440
71
731
598
548
488
58
101
513
723
441
644
75
12
712
721
2
434
53
824
603
42
5
717
1
11
780
516
498
341
20
1
640
1
300
430
333
338
813
587
633
63
701
580
300
642
512
1
552
1
551
676
603
598
3
90
779
347
789
49
764
0
730
543
604
59
5
612
354
78
78
75
374
79
673
762
774
436
662
0
41
436
651
556
68
299
7
23
700
712
783
654
326
767
730
636
299
487
20
520
688
788
516
700
78
6
364
13
564
2
394
3
43
56
0
7
1
492
753
446
378
699
16
340
694
785
102
605
8
43
0
8
62
367
66
342
629
4
557
369
824
433
370
736
773
740
790
9
513
61
27
642
504
815
561
697
708
356
12
38
23
576
60
92
735
526
367
493
299
58
40
3
799
513
136
577
72
41
54
694
337
687
718
52
373
301
341
79
432
554
498
507
550
382
71
3
599
444
48
385
21
696
497
353
743
747
361
88
781
352
705
766
3
332
650
101
711
55
343
439
371
329
823
383
615
508
478
574
500
86
721
111
1
3
321
751
49
10
492
33
16
7
344
734
57
91
49
693
44
100
327
42
552
784
445
505
2
324
658
6
340
799
743
328
328
709
6
441
441
448
16
1
582
304
100
0
482
827
581
817
9
79
555
328
109
768
561
26
1
112
560
553
770
849
570
93
376
72
707
647
784
809
316
375
9
302
99
488
383
779
501
82
737
8
598
83
492
2
615
602
357
833
676
77
123
595
716
641
697
522
7
330
13
601
4
7
0
496
686
2
63
95
72
738
1
597
442
325
769
605
807
594
0
355
508
328
809
676
2
2
95
653
0
7
537
828
350
745
89
383
64
40
77
70
597
6
775
23
691
78
17
52
351
546
745
74
598
508
563
62
560
511
367
34
830
69
30
377
649
44
7
321
724
9
53
595
302
746
810
366
718
489
493
348
377
37
804
76
775
20
13
326
10
63
98
786
33
52
783
19
393
355
70
326
3
325
44
740
66
1
805
19
442
705
4
69
331
349
439
699
696
378
91
43
368
4
61
410
57
344
684
3
0
374
812
301
649
61
304
7
66
685
827
16
0
559
434
700
7
92
371
330
373
674
430
740
334
761
98
390
823
40
383
359
736
433
303
2
726
30
595
107
603
365
364
809
765
659
44
103
714
86
658
701
0
599
821
495
443
397
62
698
364
306
767
550
429
337
435
704
57
47
677
596
499
338
393
1
716
292
827
7
781
377
325
521
0
651
317
509
50
74
443
51
54
40
540
366
783
571
71
70
439
514
503
358
564
678
9
0
342
498
11
330
37
605
76
1
0
345
112
26
762
320
488
498
797
298
431
45
818
351
752
336
358
54
607
32
87
84
754
785
513
547
396
39
135
774
502
17
345
567
497
586
89
601
711
741
599
44
598
615
683
719
67
62
27
29
57
19
721
431
704
107
3
324
514
514
56
643
68
61
11
687
6
46
675
30
738
18
5
549
67
8
17
643
319
547
447
111
2
85
108
504
98
12
645
6
84
506
735
817
320
768
810
89
304
779
33
2
757
607
99
95
695
781
0
58
827
318
62
296
592
45
501
498
706
381
337
59
493
32
740
742
3
430
808
78
559
123
694
702
329
7
303
76
506
479
100
302
744
381
440
695
124
680
2
72
718
387
659
327
13
324
28
41
754
386
438
506
106
646
333
46
359
58
385
124
28
83
701
1
298
345
16
367
304
90
26
558
95
66
591
445
789
444
612
137
68
92
56
7
483
31
375
327
682
85
600
812
739
523
64
67
847
328
710
328
597
20
327
4
45
681
729
294
442
747
706
10
101
76
88
648
693
487
10
335
16
75
101
1
40
394
380
802
321
352
300
94
392
444
723
50
364
789
392
496
278
709
106
698
0
328
331
551
55
715
63
38
505
12
829
298
15
107
439
97
376
63
71
68
652
10
331
30
430
341
39
72
815
0
62
9
329
617
21
618
787
700
866
346
437
300
772
65
502
612
766
0
330
50
12
327
320
654
151
41
337
61
557
26
611
11
8
389
563
60
27
378
722
330
665
553
63
522
549
814
42
66
496
807
825
327
324
394
608
644
303
57
302
84
4
378
51
97
102
341
302
730
847
8
0
335
675
591
93
429
56
780
1
393
336
777
1
6
376
39
350
649
121
749
782
806
293
738
495
384
497
68
10
382
50
365
386
465
45
689
770
397
698
596
380
22
98
826
824
717
614
848
500
14
5
97
74
31
343
89
70
1
13
485
393
7
328
95
72
6
748
799
123
648
583
781
97
804
745
482
101
6
82
812
63
96
124
755
86
601
50
69
721
718
570
91
55
737
79
396
2
302
643
83
352
43
373
444
94
631
686
793
643
664
122
441
12
354
6
362
2
15
556
783
388
113
102
727
649
364
102
387
498
794
86
62
38
281
319
72
108
24
100
722
91
749
7
330
816
3
72
396
512
331
48
655
82
21
354
101
96
803
494
73
358
598
42
788
314
356
334
792
724
1
787
65
105
6
440
327
50
55
548
351
299
825
613
31
28
113
844
114
826
384
744
327
117
709
344
710
7
74
69
723
794
0
101
766
549
747
22
333
32
352
600
81
382
330
66
5
527
453
330
84
14
67
589
391
548
773
604
726
748
828
794
318
741
809
740
342
32
667
501
12
81
561
300
517
346
88
53
564
791
680
372
36
326
394
4
80
729
392
343
312
365
108
102
313
116
366
303
607
80
1
374
100
335
697
803
444
18
683
491
5
93
795
318
57
430
313
742
324
787
15
608
749
833
685
747
33
747
548
789
341
771
603
344
304
0
488
88
353
411
337
506
4
362
59
34
670
304
42
332
101
58
64
325
481
342
722
364
105
17
785
351
1
110
405
35
487
312
322
34
556
14
566
648
2
322
300
1
93
93
383
718
660
13
63
721
694
486
363
862
92
743
677
750
326
326
731
738
320
392
568
574
390
329
100
111
645
359
772
297
46
595
331
395
61
792
29
365
796
1
414
87
824
679
44
671
17
88
11
51
23
14
40
611
635
106
6
19
2
368
4
515
1
18
753
111
103
38
300
466
65
107
19
749
589
68
689
343
832
387
325
122
511
85
702
55
846
744
551
56
76
720
536
317
815
101
395
505
51
136
237
388
99
57
617
332
3
767
565
302
52
297
544
386
299
3
375
360
44
542
384
83
443
656
46
425
326
692
721
72
720
21
734
817
331
39
14
659
553
297
717
506
94
66
542
89
73
792
739
381
45
88
96
467
335
359
6
643
43
563
112
76
322
45
347
58
4
0
6
325
292
35
790
499
91
805
486
114
775
772
299
660
89
83
606
383
99
328
42
492
66
21
360
605
16
327
118
401
371
369
602
113
666
49
305
302
646
305
375
565
792
21
303
113
355
499
43
502
331
633
744
34
609
760
516
80
110
17
787
54
5
328
7
826
186
305
739
389
89
634
662
33
333
39
31
20
0
389
29
300
833
383
105
737
438
351
59
306
805
37
791
73
450
315
360
325
794
25
361
376
831
25
94
325
15
4
808
825
7
105
656
825
681
296
49
32
522
301
353
0
81
36
811
300
300
774
573
584
102
11
137
100
329
64
710
0
442
584
388
379
294
729
372
320
122
99
372
446
77
782
391
566
90
415
395
14
305
92
681
35
719
608
113
497
30
327
94
364
523
787
84
94
437
299
73
92
591
298
741
19
10
22
664
3
773
85
336
791
167
362
98
39
724
4
397
758
280
445
7
68
637
49
0
28
75
55
387
837
32
376
764
320
562
115
110
710
689
326
4
364
851
20
64
36
76
549
696
0
648
432
350
396
332
112
320
730
849
20
334
366
769
830
322
370
301
349
722
27
682
96
570
695
16
4
500
57
598
6
318
3
110
743
3
83
70
97
510
89
44
754
558
321
69
710
32
710
35
660
58
98
25
16
102
328
502
111
326
60
98
13
499
449
718
496
69
575
88
709
587
377
92
48
766
103
0
115
374
518
324
259
6
725
298
524
87
800
324
750
150
103
377
481
96
315
40
740
98
594
376
734
88
109
440
128
11
675
826
73
334
504
550
10
790
12
292
492
24
319
370
346
51
588
292
45
108
431
53
786
816
71
327
741
438
27
298
121
322
523
0
397
2
297
77
368
46
705
595
317
823
65
125
789
28
96
732
61
307
395
688
50
45
28
378
37
95
769
303
829
602
32
700
602
793
322
739
4
75
834
369
498
68
765
669
41
824
11
51
451
329
13
11
5
1
754
303
610
379
88
351
397
717
329
404
861
39
387
448
112
731
75
16
16
467
650
388
778
727
2
840
446
299
152
316
808
64
60
109
114
99
771
187
490
282
487
298
302
16
13
508
490
321
481
631
649
520
10
299
78
739
319
342
62
26
748
99
816
801
79
510
187
112
43
135
743
15
295
324
12
15
80
3
538
496
764
513
712
385
604
478
3
753
111
1
73
329
40
377
115
518
45
495
657
332
855
60
802
18
765
318
365
34
50
314
850
611
724
1
864
82
827
135
735
301
332
20
81
23
8
692
599
390
340
339
110
62
56
108
33
447
65
314
54
319
137
3
452
786
339
135
703
49
504
509
38
363
9
10
484
1
91
807
69
5
103
34
3
329
28
30
340
659
800
560
23
18
296
2
696
44
24
84
4
130
317
646
742
559
359
714
360
553
755
527
318
516
785
801
112
590
295
125
865
739
596
4
378
118
483
645
132
431
60
372
31
474
80
35
294
721
11
709
328
77
44
783
116
522
46
52
5
317
663
306
105
312
784
386
370
17
104
510
41
719
50
450
325
759
132
300
63
606
0
278
690
414
786
384
318
19
90
210
14
367
450
392
591
814
129
10
325
782
826
779
2
398
39
112
3
28
342
306
291
336
36
137
59
390
5
681
345
85
23
12
854
823
763
111
10
10
364
16
373
512
39
561
104
394
654
678
7
655
771
6
332
14
700
828
652
131
1
7
65
462
733
5
345
102
46
102
134
741
326
325
49
642
538
824
772
148
303
347
738
326
2
322
115
462
98
491
47
107
292
447
686
466
90
51
304
462
357
293
365
80
31
723
132
463
339
325
13
300
113
4
845
17
1
5
321
80
607
350
15
327
678
468
813
445
91
131
134
69
765
790
119
811
318
358
781
4
832
13
327
389
12
35
108
450
29
299
798
468
594
787
552
304
25
323
373
62
330
319
841
557
333
45
505
112
638
362
82
82
448
303
613
21
102
609
296
334
298
133
548
491
601
757
103
593
290
298
321
552
318
303
5
315
711
467
18
18
320
139
87
98
110
1
116
788
445
102
330
704
722
698
81
323
452
53
136
296
448
304
19
103
55
612
293
79
148
390
2
781
451
15
117
366
121
313
7
315
512
691
850
374
37
76
371
724
64
57
810
43
712
379
330
492
562
42
712
35
130
319
37
39
314
50
129
72
42
483
589
5
480
458
4
3
456
321
299
131
655
370
108
38
294
292
713
297
819
326
116
317
393
19
110
596
858
609
48
370
775
485
748
334
830
61
541
27
6
800
6
432
327
341
373
109
314
342
59
40
295
749
794
341
790
720
333
87
35
376
59
377
34
320
13
766
31
19
33
41
566
733
31
395
322
0
92
99
490
63
703
138
681
501
558
79
745
762
387
737
132
438
296
19
765
22
774
329
450
709
469
62
334
133
328
80
105
300
31
297
750
360
304
774
322
492
305
56
293
59
4
544
25
86
93
27
10
712
374
556
713
136
20
16
774
129
818
40
55
290
353
548
720
27
41
82
510
118
586
9
334
103
22
41
571
451
497
1
375
819
97
606
554
772
457
295
52
75
125
751
647
117
508
0
786
832
35
319
51
380
119
556
336
831
864
380
371
97
69
791
322
120
67
2
83
773
618
5
333
35
26
17
554
111
412
742
26
781
821
473
330
119
109
306
521
546
76
189
261
440
293
829
93
663
136
344
396
1
643
819
722
461
778
118
57
322
313
824
10
5
4
820
499
8
79
86
299
743
368
518
25
568
750
715
127
117
19
81
140
82
786
440
581
63
337
768
87
65
106
76
106
833
12
779
636
297
837
37
687
363
812
111
69
708
120
743
736
354
19
35
124
142
821
104
341
1
54
13
387
37
684
431
582
831
4
760
46
340
707
413
109
746
130
343
137
770
442
14
61
822
130
112
437
95
71
647
770
259
36
569
304
30
756
302
400
691
186
848
97
380
347
708
843
109
107
36
382
601
113
494
510
6
20
363
33
73
12
168
27
22
303
436
21
294
500
704
30
814
322
717
321
302
11
36
135
0
117
361
372
611
40
859
86
27
26
734
514
752
509
616
409
829
500
482
349
297
298
583
29
85
365
323
823
371
307
117
399
313
372
321
559
1
120
53
95
13
464
2
3
850
68
349
122
297
348
78
47
501
23
736
318
610
844
649
323
399
465
512
650
45
2
504
3
24
22
19
641
124
482
135
305
643
169
560
290
428
151
796
63
19
36
546
134
74
10
138
8
868
842
835
33
108
12
413
691
550
500
683
0
638
74
34
374
1
384
87
114
55
353
131
315
120
70
767
318
376
367
590
136
658
3
316
2
116
291
599
125
148
322
853
152
315
390
698
331
829
323
24
290
36
86
831
47
448
825
449
142
8
24
23
768
9
834
450
357
369
502
503
723
317
167
103
399
30
104
131
40
112
330
141
142
865
609
720
45
367
543
849
686
388
301
401
47
791
642
3
103
552
740
814
390
801
593
98
120
4
610
629
52
21
74
691
314
320
23
306
67
101
135
367
313
760
751
497
756
746
381
60
328
302
74
776
812
334
807
116
496
329
399
2
46
742
837
43
12
375
4
33
514
6
7
689
828
42
124
1
36
711
806
3
40
11
48
100
121
64
396
550
703
686
116
137
493
99
17
107
118
296
50
104
630
93
327
692
386
303
3
46
549
339
78
292
3
57
594
157
94
123
314
36
185
684
331
589
315
135
628
677
465
261
299
296
444
828
352
80
864
312
128
60
293
368
766
497
737
325
156
16
73
441
853
302
512
841
60
754
30
770
378
298
334
29
645
369
321
58
740
707
775
166
334
350
500
296
463
57
485
566
484
716
7
151
582
326
571
728
290
450
293
335
831
500
682
312
54
77
292
138
834
317
505
21
20
780
772
102
324
21
140
125
441
840
746
299
100
87
442
517
288
407
333
81
325
350
748
303
343
96
122
726
495
77
103
650
115
416
412
740
860
375
719
57
56
710
349
742
551
350
865
323
51
332
130
5
411
333
119
107
790
119
130
364
314
726
0
123
323
775
647
185
142
123
124
24
563
41
323
139
128
25
352
29
776
23
126
109
141
0
435
292
371
852
7
691
129
313
300
14
367
774
20
400
770
301
806
326
3
288
64
46
537
339
28
2
724
2
791
52
132
381
763
279
588
38
768
77
129
862
300
764
26
502
5
393
133
764
830
733
113
377
317
129
776
368
694
1
87
488
344
105
1
730
606
121
336
557
234
137
378
326
740
29
365
845
10
313
725
143
95
834
24
295
387
326
320
32
645
3
78
878
826
369
443
14
790
141
356
331
30
45
338
451
183
315
678
488
767
304
119
811
149
118
343
25
319
301
326
0
0
503
99
29
860
292
695
641
289
117
788
858
102
5
314
28
821
749
827
111
313
4
104
114
377
141
34
317
31
515
142
296
49
772
29
100
4
769
588
576
27
318
292
291
863
96
113
131
0
9
129
753
55
745
736
92
600
29
138
758
122
319
299
379
17
14
699
0
85
110
718
114
862
84
143
512
15
327
491
824
597
260
361
331
715
306
433
711
882
749
795
331
644
118
594
20
150
71
152
392
13
369
611
400
128
411
335
840
758
14
297
725
445
338
865
513
129
372
130
140
373
81
790
412
27
77
437
847
142
104
106
12
742
91
596
31
820
141
717
347
138
400
324
26
115
22
140
321
737
730
73
124
503
692
61
342
808
842
10
646
744
549
106
786
331
106
464
149
724
73
51
757
854
31
508
401
821
850
131
738
714
586
451
583
152
5
716
24
25
597
453
111
2
99
24
391
295
22
825
121
65
118
0
362
378
8
764
798
789
873
13
68
339
353
520
201
838
153
149
7
3
302
24
554
18
150
79
682
734
302
845
346
417
398
41
369
336
769
688
371
780
96
301
72
15
123
427
379
2
799
1
110
29
342
732
409
789
37
94
511
778
804
366
338
188
525
22
316
118
66
61
661
335
332
64
15
325
711
827
460
17
735
551
18
169
70
738
83
554
864
120
392
95
596
788
26
316
462
314
20
352
813
130
300
31
11
39
315
133
27
168
342
11
38
140
10
411
117
316
707
345
324
19
438
743
870
365
361
792
615
184
1
29
847
1
770
518
368
484
704
147
4
614
402
836
739
169
10
27
79
701
29
388
17
28
777
123
398
603
769
2
332
133
852
323
140
791
289
356
123
521
9
350
371
53
126
136
73
133
52
600
25
602
771
120
755
150
325
18
416
493
343
789
839
505
734
115
72
38
400
855
542
128
444
106
61
656
112
3
764
354
776
21
288
844
365
28
711
643
797
422
476
258
107
144
132
358
335
507
107
139
771
80
27
365
89
347
789
510
23
831
298
15
108
138
862
75
12
18
30
50
888
727
357
877
885
15
82
679
341
818
831
30
385
323
429
848
338
333
324
793
238
368
128
856
123
416
132
0
867
878
835
366
818
373
13
33
883
368
294
65
43
117
18
371
860
795
446
59
67
695
763
297
306
296
39
364
34
367
605
96
24
7
687
151
834
84
98
113
15
4
118
872
71
299
446
88
1
597
419
339
17
4
713
128
503
886
831
108
29
447
3
18
541
348
345
771
436
788
99
114
596
680
141
153
365
372
633
294
370
28
399
59
839
208
157
28
326
26
714
135
323
829
62
516
155
319
490
41
755
320
110
324
121
455
26
339
143
84
89
489
152
13
370
54
28
122
31
779
498
131
335
806
603
0
149
709
735
609
1
842
354
2
127
714
105
795
338
95
723
103
101
262
303
143
708
466
24
697
153
509
365
139
15
410
503
792
0
289
125
313
344
389
490
67
55
125
303
283
743
269
9
128
452
101
757
346
327
144
22
149
364
263
671
291
87
21
360
22
367
44
684
578
793
56
344
443
3
830
29
22
71
851
11
359
304
794
258
393
289
595
822
136
7
50
456
745
838
775
302
769
115
304
290
208
520
288
135
761
117
834
417
16
815
504
139
317
333
27
294
305
445
823
733
447
295
58
288
497
49
3
332
302
87
457
16
324
289
678
81
439
321
23
142
133
293
426
424
319
93
10
754
1
133
139
789
294
468
117
119
137
758
761
879
93
519
358
497
816
867
830
434
767
524
306
111
730
338
56
584
124
2
37
320
300
807
3
299
683
14
489
0
118
20
340
661
14
36
55
322
30
60
583
152
335
1
0
21
51
126
699
81
803
25
684
324
561
333
6
721
2
861
366
67
17
854
788
141
414
787
344
69
593
295
401
728
293
449
595
405
674
788
558
728
168
66
469
302
293
24
137
343
751
790
444
568
295
107
28
0
325
150
367
688
1
296
34
30
143
295
463
65
209
294
867
685
793
410
107
829
399
167
34
580
365
27
827
145
306
133
395
796
296
341
871
141
402
171
865
57
690
372
796
887
25
116
545
849
873
151
148
369
36
733
151
279
848
298
402
892
683
822
737
134
856
301
761
78
322
785
788
853
148
18
148
289
507
348
21
565
485
150
287
323
470
451
25
46
6
485
0
762
600
353
165
663
380
391
67
377
677
24
759
327
385
17
326
76
104
24
134
595
479
424
668
314
119
865
806
587
636
9
611
83
332
723
399
796
766
75
838
464
296
356
374
74
108
119
323
318
502
597
20
37
889
688
375
22
40
733
291
19
12
143
97
119
366
31
130
336
321
854
793
511
123
108
316
721
135
481
163
862
134
448
105
302
379
437
22
1
125
862
376
55
376
3
323
359
137
390
16
371
170
727
290
449
300
870
12
790
384
22
163
94
0
732
494
117
563
329
48
801
676
413
14
109
34
3
804
115
857
122
46
26
305
517
155
140
288
755
120
152
725
128
370
10
549
550
622
70
127
881
89
290
148
586
650
295
113
134
85
14
16
150
517
376
322
72
315
143
33
306
659
174
104
129
167
138
651
519
5
843
316
151
352
841
13
802
667
757
771
821
105
447
15
296
35
329
734
331
755
670
26
150
884
391
23
71
27
488
675
336
820
31
355
5
385
301
403
739
29
475
33
560
594
103
258
820
501
575
509
677
42
4
832
829
130
20
301
29
598
259
747
5
16
83
822
779
29
151
395
56
815
401
296
124
787
56
152
118
755
127
6
867
38
90
323
842
601
663
3
855
683
838
412
150
670
341
741
88
18
77
96
780
2
36
7
776
337
142
116
23
23
24
452
209
4
98
581
368
762
380
107
850
681
644
139
415
595
599
66
339
766
744
149
153
410
14
840
342
48
48
807
765
113
141
0
375
306
677
632
553
77
297
282
19
293
117
166
858
139
182
38
812
480
860
98
134
664
863
816
115
8
37
153
14
322
17
110
296
836
850
693
19
590
6
334
373
5
863
126
373
868
845
724
822
846
297
1
503
826
833
79
121
70
30
329
761
461
304
18
285
6
643
712
673
31
392
2
323
381
100
131
472
340
449
53
39
119
594
661
315
343
90
791
35
32
143
467
667
137
752
378
56
152
376
127
833
550
852
134
648
313
489
863
159
70
857
720
6
858
371
562
97
764
358
151
109
18
3
126
665
375
395
19
5
862
373
843
685
666
325
576
298
4
166
345
845
3
384
866
855
18
857
724
339
881
644
758
168
47
543
128
597
851
104
844
500
589
382
294
374
33
332
292
866
386
681
651
145
120
878
235
141
851
669
352
626
833
26
325
139
674
726
360
669
446
363
148
323
662
11
27
366
337
689
487
290
395
297
815
327
376
28
567
827
291
423
731
53
320
137
723
398
182
773
546
129
835
869
790
308
356
563
733
369
811
381
18
162
103
676
742
118
813
464
42
646
823
164
584
361
681
572
138
793
649
569
711
723
56
367
637
401
120
872
51
293
290
47
32
667
158
316
743
284
877
530
855
851
355
370
290
849
736
318
349
698
15
13
754
97
879
4
337
136
63
463
725
728
145
401
604
4
667
713
131
735
765
680
0
299
727
576
527
618
551
603
104
170
768
364
389
784
882
20
572
126
283
470
167
56
150
89
88
28
379
54
732
123
638
36
322
450
566
513
41
339
862
500
5
45
370
706
845
820
317
137
411
139
100
640
877
584
788
552
866
32
784
542
543
863
6
732
44
138
151
749
741
338
664
145
630
148
738
325
614
295
544
157
730
125
854
298
72
792
142
382
641
6
640
295
153
771
600
843
760
120
713
11
552
567
676
106
55
399
816
685
342
380
683
580
31
16
38
784
715
508
2
4
149
767
868
0
751
321
575
90
398
295
585
134
304
539
300
330
540
154
860
590
344
713
619
84
304
336
35
748
537
291
135
321
577
34
317
380
331
691
69
765
331
683
335
750
305
337
338
421
575
148
340
669
540
860
122
731
298
822
581
582
746
5
811
327
773
150
853
534
835
851
519
48
797
861
571
297
383
123
805
776
320
364
661
305
592
669
683
261
867
579
9
0
652
607
35
573
165
596
782
606
336
672
712
32
414
306
136
545
591
151
329
322
806
534
669
825
348
140
5
884
620
587
524
3
882
34
559
129
1
663
25
565
28
570
135
132
626
762
389
516
26
26
610
539
580
372
164
680
37
121
497
546
210
167
357
346
280
541
480
765
653
126
601
776
874
288
12
614
551
140
368
303
315
32
726
625
664
713
611
288
24
295
779
814
842
486
5
341
328
724
819
864
657
887
788
562
296
585
317
29
506
396
682
680
591
268
737
836
832
310
371
485
18
286
166
126
656
291
86
445
104
651
680
532
662
138
95
23
678
623
133
871
574
161
728
306
645
148
533
790
752
181
430
127
761
324
108
619
41
149
129
558
3
822
581
772
354
623
180
373
106
593
92
760
638
756
287
680
693
5
301
659
548
316
797
800
736
482
756
305
26
32
640
737
280
453
777
744
832
642
547
821
108
739
664
662
586
668
48
138
592
375
344
113
0
537
546
762
864
524
144
745
677
825
767
751
525
506
0
560
512
546
550
702
611
890
482
654
13
30
833
311
95
561
360
516
861
293
323
297
760
659
367
869
484
636
575
301
130
16
555
589
410
643
797
757
463
680
82
732
361
127
670
300
810
537
764
583
809
646
617
442
538
312
522
495
593
713
24
160
433
580
880
589
701
43
114
291
694
687
832
679
730
403
299
585
91
609
260
237
664
94
581
729
334
763
32
291
116
761
760
604
11
531
378
4
856
572
626
619
809
633
509
319
571
744
578
826
650
658
576
537
30
667
710
144
382
148
307
732
122
621
756
860
851
10
165
876
700
649
677
508
39
545
372
542
116
305
449
605
885
614
332
742
583
300
715
60
444
124
870
521
740
655
700
763
538
843
894
693
632
589
110
117
134
825
143
880
116
122
55
475
673
635
335
545
398
342
749
32
637
501
607
0
561
669
685
632
833
281
13
697
375
655
750
498
0
491
621
577
418
71
560
664
583
693
142
623
859
549
878
626
555
557
12
514
502
554
23
640
353
641
662
675
690
754
690
563
152
25
668
629
441
628
17
830
68
304
54
46
514
35
839
619
788
623
652
690
628
538
549
297
363
585
301
857
20
715
777
751
507
278
540
234
747
588
584
671
293
65
52
765
122
811
294
0
137
128
312
417
268
644
586
18
508
704
559
575
297
320
753
674
527
0
3
594
686
866
448
554
111
382
722
524
671
148
524
585
762
17
443
5
532
13
372
377
318
482
131
59
658
496
498
654
805
634
679
321
338
708
35
492
337
571
114
18
79
688
476
800
539
607
79
418
149
484
142
683
572
705
620
567
805
755
659
40
698
5
733
97
631
571
496
636
864
0
703
138
59
476
322
319
412
166
54
689
708
853
299
672
760
760
485
658
670
428
368
781
727
665
819
325
579
822
452
140
808
58
623
333
502
478
742
550
120
748
577
512
573
689
556
132
135
140
428
592
735
325
650
381
571
865
835
598
542
713
707
535
495
750
50
398
876
361
29
446
653
121
785
691
544
545
698
499
625
558
31
646
480
297
439
28
432
748
61
865
529
551
648
791
1
295
710
785
15
293
134
644
31
622
786
569
578
374
754
675
584
510
847
577
748
590
714
53
568
639
68
476
570
513
631
593
766
627
16
621
336
706
675
2
638
286
357
11
581
512
530
583
332
682
291
70
702
722
5
668
367
1
528
847
654
304
143
551
637
38
493
679
33
3
4
507
581
630
306
628
143
734
627
328
790
509
870
153
381
641
727
679
452
635
675
692
797
673
589
296
810
647
830
34
747
686
483
347
879
869
490
762
875
691
878
866
670
763
303
378
731
518
662
527
792
494
292
752
759
395
126
35
670
126
288
569
621
732
18
47
455
752
34
556
846
486
628
482
890
526
540
583
155
574
886
806
119
118
150
623
812
51
579
43
488
81
34
795
560
532
588
881
679
721
649
666
295
656
569
836
676
587
292
667
859
861
574
769
538
623
531
573
703
4
443
236
534
467
531
537
326
509
483
841
670
284
542
21
715
597
98
493
146
0
618
715
448
525
469
633
482
839
634
766
12
356
528
737
646
773
811
703
525
97
804
0
80
120
574
335
22
585
807
506
756
801
873
695
417
528
34
748
484
660
705
862
906
583
287
701
727
701
735
737
848
741
657
671
557
491
121
144
15
869
490
587
622
305
299
621
645
872
497
641
523
641
565
374
616
498
684
624
688
21
807
866
839
344
497
764
651
67
784
621
523
313
662
511
747
671
515
590
616
525
681
9
874
533
317
585
839
620
714
672
807
536
540
663
767
497
830
312
427
650
132
393
479
515
332
290
319
674
836
17
471
548
606
824
154
684
577
578
523
843
573
703
694
771
477
803
764
800
145
745
819
821
746
8
638
524
334
424
645
287
648
532
553
638
541
684
602
638
623
726
592
632
865
637
645
577
699
625
576
394
547
846
731
707
651
669
465
685
373
716
883
33
763
566
627
165
591
519
529
26
0
746
568
656
699
686
324
407
653
235
535
837
314
590
621
717
648
121
567
291
567
610
672
674
489
640
494
484
561
728
531
826
130
30
355
501
12
346
568
13
768
0
298
52
429
752
333
871
724
610
530
164
585
157
586
591
93
652
752
680
576
736
529
684
292
627
265
868
597
569
851
583
540
757
426
729
522
480
711
738
817
672
738
569
840
735
43
368
292
696
516
86
750
706
655
571
343
540
562
813
515
511
591
711
575
663
8
557
111
323
627
676
532
148
699
653
320
666
586
21
289
554
852
561
808
696
796
383
129
654
558
761
519
556
527
636
636
671
580
570
732
493
520
667
620
50
651
289
576
383
662
705
570
774
507
895
613
581
586
747
0
579
663
534
611
575
3
606
130
706
533
7
84
625
636
652
517
823
542
330
156
529
470
580
522
806
737
156
704
671
713
30
35
681
870
848
678
893
97
604
118
49
761
321
879
886
512
625
864
543
639
169
847
729
690
515
844
633
662
142
521
144
527
854
688
467
299
483
482
180
546
473
571
521
879
578
578
5
154
1
610
565
457
26
658
472
56
768
291
391
534
33
508
855
711
742
705
8
125
636
564
585
652
402
309
20
568
0
897
734
774
165
319
573
128
125
142
672
8
823
872
502
641
599
119
485
500
406
305
570
580
319
551
466
741
471
305
873
709
832
617
567
499
536
658
329
530
614
746
845
657
498
883
517
625
705
522
58
530
794
4
868
556
856
764
561
129
586
852
859
609
134
124
298
439
780
882
593
477
143
534
770
38
857
580
523
546
749
687
798
757
789
131
680
545
292
153
864
494
23
453
479
726
820
725
50
590
136
727
730
151
154
543
520
32
796
441
401
435
341
628
506
288
144
752
466
143
631
113
754
886
525
112
467
616
563
877
300
792
743
801
809
465
526
529
885
627
661
470
529
657
505
880
880
338
614
814
755
430
588
860
125
821
370
850
828
648
796
667
631
493
811
528
891
728
460
777
784
395
607
775
480
876
651
630
17
764
74
37
617
679
357
645
440
665
138
660
549
619
534
580
566
572
477
81
478
879
793
386
801
313
898
579
494
697
593
524
591
75
574
399
812
538
552
688
606
685
301
69
428
97
803
5
882
602
486
565
523
854
529
68
132
295
302
799
36
605
569
437
287
815
765
845
676
714
587
457
678
371
60
486
615
38
130
119
746
433
794
304
323
719
290
629
533
683
312
837
615
720
564
773
649
756
637
747
2
645
840
611
698
587
62
507
793
753
330
779
489
719
365
776
753
758
816
424
579
494
363
292
729
109
427
687
509
152
4
477
798
812
384
744
431
745
838
354
88
688
133
123
539
129
586
534
355
384
83
802
520
61
32
423
534
813
64
482
581
509
744
680
602
637
150
775
14
441
0
559
516
527
298
639
131
558
806
424
19
434
565
614
599
451
661
757
886
891
28
528
662
554
787
546
746
451
208
657
526
673
588
503
0
80
526
551
629
628
569
406
16
112
846
542
803
129
564
530
628
580
783
529
585
536
547
293
577
108
692
104
264
875
742
529
626
444
571
443
802
702
800
737
761
468
347
776
731
359
781
157
761
762
109
670
775
333
600
736
541
288
406
742
22
426
786
22
530
28
613
687
19
684
524
478
472
126
758
671
27
622
819
722
707
144
454
484
128
487
609
739
627
801
419
545
478
423
885
582
514
631
138
7
279
755
484
116
487
648
876
669
747
337
536
36
563
142
89
211
673
511
577
443
672
481
850
49
783
355
624
73
512
454
602
125
677
672
470
568
445
564
767
499
18
518
878
531
666
27
153
408
908
110
745
417
814
848
476
7
122
718
633
820
874
660
870
627
672
314
874
772
809
539
693
670
578
644
436
544
144
885
738
105
525
157
571
328
3
837
23
505
584
529
842
778
600
338
733
560
142
762
118
868
683
638
789
373
574
459
89
659
498
689
739
491
682
817
812
864
832
462
9
5
676
427
615
699
351
591
552
881
511
641
814
658
17
24
667
612
528
732
516
749
592
340
372
77
61
616
150
858
341
884
704
24
787
687
850
659
460
33
835
485
856
553
816
5
726
564
569
451
650
662
76
634
582
589
447
121
268
804
130
13
473
159
784
842
773
600
23
363
590
886
421
632
438
452
527
676
725
165
685
872
821
780
617
132
5
353
560
519
900
530
341
601
361
15
20
348
471
167
316
566
830
517
577
277
790
410
293
725
683
344
260
553
863
743
733
658
467
762
559
487
473
497
9
814
710
14
500
617
759
759
745
701
497
319
461
110
98
575
398
836
663
423
822
887
517
866
553
657
136
149
216
705
667
301
816
581
753
771
517
538
152
617
679
817
618
760
72
633
407
574
584
461
663
80
131
530
474
111
525
631
130
485
33
480
605
557
96
896
665
401
874
675
809
639
734
713
723
318
131
713
894
12
535
850
93
767
634
683
430
532
20
688
466
645
670
532
657
443
803
622
659
122
514
342
521
532
864
397
53
796
526
525
186
682
76
699
614
565
65
671
21
29
151
566
615
532
123
614
838
117
608
607
539
458
713
780
828
141
689
595
621
294
562
846
135
24
884
572
857
609
811
650
679
332
0
739
28
889
508
588
485
517
851
515
183
810
433
785
486
734
769
503
783
547
401
599
869
394
619
692
760
656
626
824
343
853
32
727
889
694
438
72
623
783
688
13
468
793
164
145
528
633
874
746
744
489
716
468
117
799
546
449
103
406
682
719
516
513
169
724
823
813
371
448
880
626
725
887
747
269
604
449
621
514
705
818
75
629
471
38
459
351
11
92
153
726
73
490
805
515
47
128
51
804
313
621
322
874
137
815
606
686
158
699
359
674
545
427
427
542
445
510
573
782
94
650
77
445
499
598
490
394
467
722
616
630
513
629
44
296
666
843
572
681
172
433
575
156
320
434
640
541
642
781
538
711
301
575
809
88
318
573
630
817
653
616
477
421
666
92
382
738
144
862
465
589
423
818
902
873
141
901
543
766
85
368
167
870
480
124
453
564
1
623
554
577
700
157
892
94
797
472
701
595
417
565
106
186
466
449
533
335
399
738
431
369
778
520
629
711
480
430
479
656
882
437
32
555
83
735
740
326
30
64
635
535
833
625
694
828
236
664
674
678
30
341
479
848
752
514
464
666
609
352
787
411
820
758
882
534
874
397
668
613
93
599
665
819
565
785
122
499
36
380
369
582
544
153
858
827
128
63
559
518
38
572
723
67
71
113
36
619
415
780
533
377
518
4
731
855
289
1
425
606
106
582
618
419
716
688
361
860
816
748
483
863
156
448
481
844
618
578
508
622
598
815
143
35
1
356
550
890
433
825
463
889
837
495
726
334
62
264
516
340
347
107
604
141
807
429
770
89
771
554
805
333
799
679
474
488
21
852
578
424
34
40
413
766
579
617
137
801
613
68
385
583
593
137
636
479
756
655
441
668
893
758
359
377
552
23
841
622
581
20
769
512
890
456
406
841
570
481
640
815
772
45
392
531
511
681
839
157
340
524
520
513
749
728
38
493
624
487
0
663
628
306
75
459
617
127
873
455
509
379
69
444
405
577
826
636
629
721
822
374
454
139
320
753
664
173
547
851
674
377
685
166
477
828
505
694
432
821
20
664
630
432
111
634
806
290
817
755
188
427
377
809
422
390
144
729
893
347
668
40
620
295
829
422
594
804
750
511
671
656
802
464
782
505
805
673
658
315
865
630
710
759
424
773
162
613
210
736
114
184
147
469
899
470
553
440
714
473
0
193
531
655
158
632
637
455
7
62
332
431
513
413
76
47
691
598
752
758
661
774
140
95
453
157
406
771
536
349
125
473
744
468
762
855
651
450
407
469
321
756
585
765
457
136
522
378
668
53
813
617
350
862
680
523
573
518
569
469
730
359
512
801
649
728
409
771
369
19
426
729
884
832
101
474
717
297
34
548
857
633
298
462
536
449
151
698
620
688
394
394
30
644
355
645
774
896
36
632
561
659
837
413
564
756
442
38
548
625
766
726
273
809
588
518
689
568
613
880
827
887
829
458
646
289
719
144
665
685
176
643
602
338
535
854
120
759
721
505
80
893
428
209
887
679
853
570
619
450
187
508
854
422
583
453
518
518
209
859
470
334
608
418
857
582
389
886
435
576
763
624
567
537
622
471
84
479
818
59
446
225
807
865
611
489
147
451
721
499
305
321
736
606
885
162
527
344
636
610
511
301
181
366
356
837
687
609
676
332
369
728
331
621
90
632
869
626
4
760
770
641
429
684
344
364
845
672
496
544
759
428
91
888
842
631
730
693
727
265
462
503
123
497
417
753
33
593
134
158
429
80
671
820
568
290
674
174
558
168
868
335
652
727
527
647
587
330
863
619
730
112
526
517
611
631
625
893
622
659
631
327
638
294
469
624
46
101
820
894
668
145
901
825
442
554
391
366
592
608
624
622
574
557
338
496
854
853
631
871
0
379
638
851
114
750
544
106
815
14
678
645
706
520
402
187
700
810
110
824
428
614
792
620
871
780
38
870
466
417
560
557
460
480
217
442
888
145
193
615
463
478
470
876
519
673
888
782
452
305
818
809
889
778
628
474
718
677
836
724
459
189
652
738
734
369
366
795
628
176
593
862
617
371
754
903
570
544
526
515
343
773
189
890
635
127
775
22
625
431
86
435
580
419
472
278
528
770
555
665
146
232
619
394
38
507
780
125
678
781
788
820
877
543
415
567
94
592
478
288
2
895
262
661
563
124
426
543
686
817
799
153
417
577
731
869
291
562
896
826
860
795
791
161
426
670
565
817
893
480
861
899
822
372
489
814
447
647
574
114
802
766
655
616
124
482
666
206
608
118
812
640
429
22
733
760
582
662
609
624
344
756
319
269
837
628
337
767
149
531
374
811
94
883
519
475
530
515
654
761
893
800
834
306
858
654
385
779
415
536
30
459
35
594
774
687
767
415
859
376
415
331
730
450
600
416
819
778
576
884
175
562
270
646
622
723
532
19
775
719
601
535
751
677
467
330
625
131
426
403
559
0
406
85
262
460
128
811
49
491
846
749
589
21
51
703
411
19
298
684
701
570
606
524
370
29
768
309
852
36
306
756
100
237
600
471
113
207
400
704
660
155
655
460
152
875
412
175
871
665
512
139
630
886
590
827
708
855
402
529
681
428
881
624
25
19
421
753
606
618
573
909
35
657
361
653
654
853
569
448
126
789
658
458
786
481
786
567
395
264
401
123
665
274
373
624
194
436
882
529
39
667
830
573
799
477
627
852
776
857
571
426
597
0
390
883
58
302
414
897
427
478
533
889
345
624
28
620
604
236
664
734
331
876
659
673
574
493
527
615
346
596
115
859
569
298
852
517
786
348
463
665
133
757
679
79
733
174
373
831
657
10
215
478
521
289
78
10
436
542
804
649
573
434
150
791
887
702
483
806
351
533
29
612
501
498
409
522
698
658
289
675
719
587
502
620
820
164
675
226
712
897
174
504
434
805
763
165
149
806
604
895
218
416
478
550
619
296
441
361
336
642
389
444
875
889
36
0
660
827
231
892
605
844
462
689
164
724
613
262
599
122
747
143
549
726
682
147
444
863
641
15
650
417
89
352
395
170
127
737
367
277
85
819
757
544
659
698
669
732
873
499
470
729
764
896
397
755
160
388
531
826
175
133
610
847
504
794
731
517
678
752
385
894
22
470
577
145
671
904
646
517
817
777
588
763
857
643
572
806
615
527
580
348
404
352
452
731
777
899
871
477
805
504
787
548
587
845
24
751
404
146
666
559
520
635
490
377
768
675
520
47
492
317
647
302
430
660
616
596
269
637
170
825
614
609
17
692
572
602
444
871
733
289
480
834
522
559
682
96
113
859
16
744
689
0
903
647
717
653
582
18
65
841
887
374
51
15
403
577
552
553
785
39
318
32
88
451
534
731
844
606
550
697
39
362
30
535
383
623
344
741
880
860
778
149
215
112
536
771
648
306
672
874
124
360
337
0
519
781
127
576
537
626
800
622
316
836
114
610
604
696
418
892
314
275
533
297
608
276
638
860
123
700
486
650
419
50
