1.7570953777174233E-4
1.8427940099045002E-4
1.8719558274183374E-4
1.8829841382411532E-4
2.1011376857825933E-4
2.4218747352782838E-4
2.6410498908933564E-4
2.996701095647687E-4
3.1291815411677373E-4
3.3089968104055604E-4
3.1578622481819013E-4
3.1453246626297773E-4
3.437251493614789E-4
3.346740200349948E-4
3.406345012258841E-4
3.3011703510239934E-4
3.4225849199982463E-4
2.809153319842859E-4
3.3481137776761213E-4
3.417246420537802E-4
3.35351934062319E-4
3.3128436404656275E-4
3.4808429327421754E-4
3.4929947913772463E-4
3.7215139728039227E-4
3.4788511118001293E-4
3.641567930117641E-4
3.614766550928108E-4
3.7429934184643563E-4
3.985359650846423E-4
3.7448214381396923E-4
3.8379741460575474E-4
3.668170891721698E-4
4.035083085779881E-4
4.2931960364004577E-4
3.987499858030889E-4
4.180067891683416E-4
4.289402673399669E-4
4.2965153827829316E-4
4.191265782164348E-4
4.442180581829437E-4
4.344211108175867E-4
4.6392144002498065E-4
4.720669854492142E-4
4.437933722879517E-4
4.7545570248791333E-4
4.849210499412997E-4
4.4208660209939417E-4
5.117434005435707E-4
4.7109957513577456E-4
6.023016539220335E-4
5.448285293899018E-4
5.415244351373644E-4
6.00115513274931E-4
6.102856511225113E-4
6.214258818672143E-4
6.604220401092034E-4
6.535677783929306E-4
6.759733141629249E-4
6.870399643690269E-4
6.868794311100791E-4
7.635178265608457E-4
7.684210863165322E-4
7.60245703708403E-4
8.18776926598856E-4
9.076902338077476E-4
9.126055773189614E-4
9.556145388892416E-4
9.647195358856986E-4
0.0010172162706163083
0.0010446357556407589
0.0011330344247985503
0.0011153696840524579
0.0011420226329865873
0.0011874012689528921
0.0011696377709617236
0.0012716279909211132
0.0012780869710880083
0.0014123308394812023
0.001555665824029755
0.0016938667150493492
0.0017778203352975248
0.0019975150240474503
0.0024070084088334367
0.0025376431323690008
0.0025167579846631627
0.00264946355859793
0.0025582486568884394
0.0028140780700355015
0.0031631695077707564
0.0032185910264299145
0.0033606039245096674
0.0031708019563458393
0.0031839532770954544
0.0030149148828363527
0.003132588343695865
0.003596429462163141
0.0036271239802003535
0.0035349832517009663
0.0032648552375801033
0.0035817886275015995
0.0034626430037709103
0.0032927080220416876
0.003802749540966624
0.0038401011881942777
0.0039014980139983942
0.003975580994477883
0.004354390693318329
0.0041368051189480965
0.004286254161031722
0.004061181682897242
0.0043532325443580416
0.00424593648788013
0.00435039340762119
0.004160516716465861
0.004415480984220321
0.004524691810187323
0.004446631666850363
0.004496745334827879
0.004494124343770846
0.00454050307650642
0.004361636464215316
0.0048580714099356135
0.004641987131140541
0.00483174406774246
0.005072080719734992
0.0050382959110773454
0.005174822369689163
0.005267441549629908
0.005104721121056171
0.005208252165926233
0.005413142736796343
0.0052749739034306286
0.005659493735827574
0.005635415086430134
0.005812264632589547
0.00582943371647415
0.00571600006016019
0.006171495427676832
0.006352491546251548
0.006346619947256966
0.006362565107424437
0.006756476681755686
0.007128322310950343
0.007391047641101029
0.0073737957939191264
0.007692171961795028
0.00766515379914501
0.007573602017180229
0.00783159750730201
0.00774982491256735
0.008495698702311521
0.008263598760618416
0.008219714214028163
0.010509197376270284
0.010789522457784941
0.01141109760309634
0.011372064781477991
0.012460890461512898
0.013261626919446278
0.017460908954238758
0.018014761707345367
0.020697677287770423
0.020402496747223435
0.02336677211468496
0.0237935194022187
0.02386005727057893
0.024599505268262326
0.026076401400345704
0.02648185377961099
0.029378562167967505
0.03683335151615869
0.03720786031429425
0.041028508283804034
0.044081947903729136
0.05024374194784517
0.0587048860987692
0.05955473155778592
0.08533469009541148
0.0863397074650951
0.11321014251121375
0.14139209811374231
0.1497893496401135
0.5388710149581327
0.6161846366113218
0.7233323531417635
0.905672623676082
