1.7407813974137026E-4
1.6896723786681894E-4
1.7843358012392696E-4
1.8365772485375438E-4
2.0383896133215355E-4
2.0924791910854323E-4
2.49731990690907E-4
3.7886938022539793E-4
4.36002595490327E-4
4.456512818142767E-4
4.452259909976735E-4
4.375133422235477E-4
4.5105553736462243E-4
4.494390006758545E-4
4.5409106289090033E-4
4.5146020769954196E-4
4.4914372397790735E-4
4.5518514744291236E-4
4.61320620538525E-4
4.5117877143622794E-4
4.4813222858875183E-4
4.5160435507813273E-4
4.7033254345447913E-4
4.7814533059682257E-4
4.977095284756147E-4
4.8281650467452684E-4
4.7100792835411874E-4
4.6122652556657194E-4
4.6889663943997976E-4
4.984656199588761E-4
4.965809300396E-4
4.8384282755646634E-4
5.12698921317245E-4
4.698002606169315E-4
5.246482954007764E-4
5.234001086742853E-4
5.100358215665652E-4
5.368619843615321E-4
5.314374688251638E-4
5.549854971244458E-4
5.843190417492122E-4
5.547779947704954E-4
5.638067250118142E-4
5.960635172554641E-4
6.104165787229782E-4
6.03300927812765E-4
5.916541980571762E-4
6.118731504340999E-4
6.167702075226975E-4
6.534091544510864E-4
6.660000896010206E-4
6.452266163267432E-4
7.026765439699433E-4
7.094086864859602E-4
7.436795086594018E-4
7.240888468833376E-4
8.322759361743232E-4
8.227901961564793E-4
8.220193790607301E-4
8.081112055937339E-4
9.018683892572623E-4
8.946143433000688E-4
9.482086341477532E-4
9.331589922137234E-4
9.406773221044296E-4
9.312867294941521E-4
0.001043032246733786
0.0010321292922961885
9.778475920212055E-4
0.0011377733259898054
0.0011277346765520817
0.0012736546312585354
0.0011953821974975398
0.0012807858308232724
0.001366057542627761
0.0018303046494347276
0.0019036070471329968
0.0019520926505213272
0.002068838182272167
0.0020319484298463525
0.0020979470994449776
0.0022803188403238
0.0024607656566089705
0.0023805258569342415
0.0027816253995112993
0.002820956346006147
0.0028804696018807276
0.0031535784675972506
0.003400209107297794
0.0035354738902795063
0.003467294686270197
0.003510259239253684
0.0035426474745054023
0.0035224161773367044
0.0033973305288110167
0.003668325678984006
0.0036508253451548434
0.0035950818624780117
0.003683939136474369
0.0036867185805158375
0.0036872071513054504
0.0038113532452857947
0.0037317502546670702
0.0038188250588149673
0.00389236437585475
0.0038375014266577735
0.0038581567782791123
0.003999328501718717
0.004184829500706638
0.004115722970068422
0.004257893360658411
0.004251278261768911
0.00436577169842607
0.004311383656770458
0.004370064690231198
0.004332744864869119
0.004495610248627496
0.0043126320097957435
0.004673594641426194
0.004635806552301454
0.0046595305228669575
0.004734892662473178
0.004986356452365238
0.005244841270752581
0.005075823297196207
0.00523666588406523
0.005222959688119582
0.005234507129564149
0.005438992592326313
0.005397513958635807
0.005601964744773568
0.005670901202217553
0.005784025174945949
0.00611253865058897
0.005995600777913991
0.005869457304611023
0.005868289753575632
0.005830351761857257
0.006047155815995031
0.006191430894023298
0.0059370654630616125
0.006425495515200211
0.00629822656777311
0.00642318103311119
0.006620455878034034
0.006722561397007638
0.006736691672976264
0.007540467477707234
0.007594983181040347
0.007277529322978492
0.007695338897949715
0.007983095485407685
0.007970743481121608
0.007742408811486436
0.00783223192455001
0.007954807444882927
0.008244755862309511
0.009439644599064208
0.009820045257087838
0.009339865360104468
0.010016195772196396
0.014118807876778466
0.015122594102464216
0.022731555081476625
0.02670987003095221
0.026855009459176824
0.0284493296308788
0.02861305266461951
0.04372206377167453
0.044518588135511294
0.06646405592742928
0.08838503072609319
0.09173442664001011
0.09501161274440008
0.10044696653339111
0.10726717902330904
0.1392602339838349
0.14067484871064537
0.15889179152078337
0.1764030044769788
0.2077935861234337
0.2587770362264149
0.3563815322638485
0.5492608573971037
0.6704615846127917
0.716645236962044
0.8893329396681581
0.9339108650477465
