2.0252041205057566E-4
2.0474951425514102E-4
2.0397074262374837E-4
2.11460753681601E-4
2.411810800312488E-4
2.8245334437859135E-4
3.138986833049523E-4
4.6071620710897E-4
5.359454165419907E-4
5.509428797377598E-4
5.29707323552826E-4
5.59089670367411E-4
5.480347257412195E-4
5.274719567487686E-4
5.646568953539202E-4
5.623895030670551E-4
5.565960693264823E-4
5.426058516631114E-4
5.566716093472908E-4
5.693660739675481E-4
5.644466962953131E-4
5.411634120218945E-4
5.702764734410489E-4
5.75230674829666E-4
5.853834727053128E-4
5.808449286061982E-4
5.875463890072779E-4
5.862156449368559E-4
5.669566897475522E-4
6.014969031411998E-4
6.068064079983468E-4
6.105823168871548E-4
5.908205384463743E-4
6.14631951013242E-4
6.151357836817628E-4
6.119100006793704E-4
6.271458495150579E-4
6.24296622729266E-4
6.334504386348626E-4
6.14913390676777E-4
6.489543914736066E-4
6.63822591428736E-4
6.57196269591274E-4
6.785009218237046E-4
7.005220257631036E-4
6.877178585744769E-4
7.051920740367758E-4
7.117489497828959E-4
7.183338425282134E-4
7.128150398538529E-4
7.366843273687923E-4
7.40029619349819E-4
7.514900149858291E-4
7.761225068283791E-4
7.614142701771014E-4
7.885190094854193E-4
7.892184249228711E-4
8.008858339808E-4
8.007927831998827E-4
8.197415506360304E-4
8.473244182142693E-4
8.298070020956616E-4
8.606913757979989E-4
8.768103200193963E-4
8.96211785064779E-4
8.915245140644969E-4
9.484034706404832E-4
9.255526624558106E-4
9.628079616312884E-4
9.68508846157956E-4
0.001023175166931479
0.0010773421525757225
0.0011471912003796403
0.0012074499320809916
0.0012312219648441204
0.0012358177985720752
0.0014281153306705664
0.001601776116647678
0.001987908155108653
0.001884410534312728
0.002054869322086911
0.002183889355929261
0.0022751749508001223
0.0024397102100382814
0.002799239449293928
0.003416749803529017
0.004102461668367165
0.004769930034233379
0.005015806631016536
0.0058743447977526835
0.005851902462434071
0.005840251131031063
0.005938001097928245
0.006162254308234045
0.006084167087951337
0.005903409194473621
0.006207616942885272
0.006015940498091675
0.006042712438752496
0.00627453048773239
0.0061144331416574365
0.006180963207129091
0.006278533989416687
0.006163214144371725
0.00598141082959656
0.0062327461870872545
0.00646948901741278
0.006428033599855303
0.0062569518910389555
0.006515424408998603
0.006474849278444585
0.006495868602235996
0.006448037038747902
0.006522160274932184
0.006901274467037145
0.007221059405579109
0.006882134752230663
0.006885487169734694
0.007216279801302404
0.0071816651708141895
0.007239620059125275
0.0074253898416706335
0.007293911851440643
0.007138349696821555
0.0074423365121699565
0.007283151490192332
0.007349519501143096
0.007464389582241361
0.007823837073568395
0.007445713104039112
0.008137971166420635
0.008083738976832136
0.009330332350115657
0.009406845626613897
0.009294171915596432
0.009384650442707865
0.009536728217059923
0.009879527040190138
0.010510842219261948
0.010169716794075164
0.011015647643892136
0.010301557502598544
0.01111058095382524
0.010872098343486783
0.011827086559655966
0.01197095691046567
0.012210945372005552
0.012341631095998503
0.012997762947357529
0.013425560942168143
0.013614983614254556
0.013669545034271077
0.013494145588491957
0.013919811569230188
0.013586823748130137
0.013986791698411626
0.01436971841261906
0.014542134260499372
0.015206685464691092
0.01582194013972775
0.01654189692223719
0.016359868289073088
0.016527259121344604
0.016415290678324996
0.017341130620470126
0.018177223692780492
0.017785661085438643
0.016858948153952023
0.018560437236527772
0.0182772939193855
0.019544927618229117
0.020956644277280438
0.021029744024556467
0.022279443176783428
0.02321627290205692
0.025598785450444174
0.02531403173197107
0.027949699108524177
0.02995116298230367
0.029476125891281815
0.04200600759511126
0.0465037407173771
0.06341739944789734
0.08102912626618569
0.10729441236272132
0.20694858321418783
0.736412865251903
0.7980129052669164
