-6.925287368952017
6.691451997931898
5.508807096243002
2.394250229734831
-2.343336715155482
25.541058848469483
25.175843669060058
-20.206827663546523
-16.828684137975557
1.703518360387464
-14.587242519493133
-1.9143019607805798
18.01160538809655
21.470480552840687
1.943635650153268
2.258377970512965
1.631574719933028
18.53896466059493
2.260130518139074
-1.5757728722229372
12.382527932228136
1.5635567139467244
18.246076689318897
-1.7372440033373893
16.647780143665184
-2.032451953368595
1.698514081142542
-12.9219095987137
1.1555059236945384
-1.61422683944792
-1.7249429325408592
-10.969645575982211
-14.682984809736093
-1.728698414189055
9.516973098886197
0.9905360278526316
-3.57831011527722
-1.1102554787135475
1.9418594202569741
8.86912239092385
9.361278528555061
1.9597653226876839
11.140855202301974
-12.68660297233823
1.481417740909731
7.164211426392622
1.8048648088493022
-1.8486076827925424
1.4171240317865412
12.520925219699567
9.981686007987966
-1.747203174174115
1.0438756190001572
-0.8449959057391747
-7.9910544182939525
7.6067203203371765
-7.995176812328092
-15.166174109364723
-7.305788459676434
-7.019167995445046
4.871876406232428
2.490656663697041
0.9443353306031619
-15.734624789481032
-2.333285146202685
11.419172712806208
-16.3386514258662
-10.079951776343037
-12.332661201775352
-12.794648495014359
-0.9510771943693896
-8.563774392973913
-1.433914509639048
-0.8834529801350924
-8.692946046302572
-2.6021672085137375
-2.640131388744476
-0.5154406624325354
6.1873781510035935
1.2082540165594455
7.0000040661362135
7.560224868442899
7.112142241662685
5.836029109779565
8.012730616044603
-1.074027066713007
-6.791624496638054
1.1441591235232518
-3.603541212771016
7.52520240686063
-9.116781472335518
2.9831778934693878
-5.534369792694957
0.8925496701025761
-4.727045520297416
-2.848307478654394
-12.926537987045098
-7.490336465541756
5.241802081552614
2.782831848854709
5.233742238479584
5.245413179324088
0.8768135035255116
-6.623454879339348
4.564325063613863
0.8392208642472376
4.948332472072039
-4.425575989789706
-10.445142946419535
-5.705615055031661
0.7792477413997502
7.893770442410471
0.5433818856103526
7.975054198585737
2.0708052377310384
6.964905223941064
0.6724410954226229
5.2989474732090285
-2.726692716628913
-1.1581130757485267
3.6648328113261406
-2.8252453442604604
5.690891113903613
1.0698629371260313
0.7264233449054321
-6.69474284653865
5.881940454508919
5.837362350408483
-1.5946207027644794
-2.4482915702729477
6.013818230741647
4.866874813007567
3.6430801261688335
8.078399004703877
0.5120693085423736
0.9009913664785986
-4.511780336716794
-0.7809055370188883
2.550289571034492
-8.276778935462723
11.953015624862438
3.2254964694993733
0.9259001341663885
-0.6310392238799964
6.134359574438593
-1.1011067317674146
2.1386909133320526
-1.0177081209496353
1.487213802660622
11.528944776775711
-10.505768167768881
-10.271868437673598
0.7481528958381594
-6.627568262210172
7.867127673814954
-3.7731386169594474
-3.4549454094506937
-5.973621111789574
-8.491396569395187
3.6110232092825463
2.153609277189633
0.4080961917147973
4.7259556568215775
-5.885846180153054
4.740998467719822
-6.096197712244317
-4.03567869261704
1.560571598018485
-3.4454156625763157
-0.3785425874347296
0.6229376622921534
5.997496427232212
5.012043964054849
-7.071998837061917
-4.135030199445053
-3.422016390393691
9.942719693343562
4.677381189483953
-0.6657952330042729
12.969327211980184
3.280261210647198
4.907355881248392
-0.49457092960480115
-3.9549597756992165
3.695567972062846
-14.881768656492232
1.7980075279808285
0.8250450467124599
-5.0662175530965285
-4.835449510184045
-7.107649791801945
-4.4640177319249394
0.36021458964783787
1.8043361848468455
7.117960100998065
8.621784454422226
-6.855850207132038
0.4683570632958225
1.7734852324861223
-0.7901542585288565
-3.3451353245696387
1.0871905196882776
-4.8331216453937165
9.415512221005594
-5.946325155415725
-0.2804657819099923
-5.049127774542507
2.9483347930588892
2.199540380771522
1.5119452701358467
9.034607374714257
-4.497701462253632
5.566403101666118
0.6467808547726668
-2.8171509491871363
-3.749659213961723
-0.731944220810581
0.37473022372334874
-5.771647868637687
-5.511241206497163
4.006130750227251
-10.26916713098242
3.5983268264240786
-3.1970283575012735
-0.46647873978239013
-0.7525374459497596
-0.4341967045090149
-3.204955949008702
0.49258618414913846
-2.1478015307508826
7.43936778300559
5.4970770332999646
-18.730418726173145
4.972746868164403
2.7548294122579224
-3.1087001947769255
0.9796448953092355
2.0207118470439807
-0.851564251797785
-2.950460122479778
-5.815020121080842
8.037835747916295
-1.0620699152420154
2.7603067034786006
-7.565273838961957
-3.712047421557745
-0.5408802294686218
-2.525542837389697
-10.802714170086464
7.995067837107698
1.0031527143633718
-0.8328345971915082
-2.5569017960497313
-9.957849232657537
-5.472084848437445
5.767703578213943
-6.44103827846478
-0.24030311808256435
-0.13525537911815977
-2.6898840380320532
-2.7982855454068036
-3.2962791405356153
-1.0203662822930888
-3.393299452570956
-4.047368502815866
6.0898749874281695
0.9291418540820777
-2.798167864551148
-9.028408333707873
2.763455619468138
-3.217628612285602
-20.361877156783756
-4.30358265896979
0.8589178780807659
-4.1945069512973
6.69808539408936
3.3984463079706875
2.759470968018283
3.476259444056092
0.251236519219407
-2.346560880250687
-0.8215229247504702
1.1466038365806215
-0.9947408935589204
-2.393842169442442
-5.251922430712374
1.540134451043243
-25.284101640588556
5.26384598498502
-7.011926239039959
7.281285584435153
2.880907140684129
-6.840374373549418
-1.2014258983698525
4.994378010395208
-1.808946911460927
17.545788263546793
-2.7606470063409114
1.9059874398183856
2.6138566041710627
0.5221885268293922
6.394899499258307
8.010651777163226
-2.92741718513316
-0.7580439803053048
-0.19866418025215068
-4.075481103455047
-1.5887307704975644
0.3334058025727789
-5.607497596059109
-2.5892335957910175
-6.593581467168867
-3.0997578431434283
8.744869001658904
0.903500447395437
3.701369834619389
5.263625278904742
0.758541201810264
-2.4317578385132848
-0.7327852473407211
0.6506574319513545
-2.9154797263147105
1.5060000946838268
0.5894676782303606
-1.1035460474176007
-4.434646820161282
-3.9076945550999613
0.8691634393216431
-6.137549715452269
-2.2774315252945616
2.382142266092859
-2.2445496732347694
0.1879400770143877
-1.8107387092362592
0.8959944767833438
2.225837261067428
0.8427190291167527
3.2893377112937787
-2.95468724343216
4.439072719975122
12.569965272037821
-0.2274497078142128
7.221513378507013
9.279432274214116
2.0128413127609717
-0.585761636234673
-5.7236445904841995
-3.675245742104803
4.26740217880522
15.709758535643202
1.0729485657607585
2.8343575351457146
-9.739338953241303
6.886918283258197
-0.841241291371081
4.1181593490580175
-5.180858053510956
8.251848864201282
0.012770331530600306
-2.3062718848847346
-1.6945556517987506
9.810225187592335
-6.531197180878142
0.9585888145302925
-3.380683906237893
-2.8598892415077035
-0.8331599990702759
-18.62819718892304
5.876070100926913
0.9480614577816595
-0.4697508949843997
1.5213980232131954
-1.4896080020117828
-8.068417946270177
-0.25730126531775566
-4.393027436150048
4.175525876498217
4.618291980106512
-0.2913117572545964
-10.934217266201612
-6.494400773171812
-3.900633029702094
-0.9730382194919452
5.555112439975562
0.321174469674995
-4.983481257162222
0.23980770811387758
6.7902465925254605
3.8523188282974363
-3.085297369884693
-0.2569107284580074
-5.58761221447985
-3.8842192971100804
6.69893547677852
-7.106260769038577
-1.297074924760617
-5.535549839543319
5.260408500988894
-7.947634051782429
3.3191469508419433
-2.1852764240895746
4.4753125492324966
0.16096280742572683
3.2795287192622706
0.46856496255762037
3.3176952678973612
-4.103033784720512
0.23007333178744385
-2.3981607608667534
-7.831560033636272
0.8751091696445211
0.25686479944225543
-3.897386874353305
9.465239115922618
-2.9072073899092077
10.0128740263154
2.4373407650416854
0.27093770402088674
4.208051644011685
-3.040413627566979
-2.756611391133635
1.4730230911128992
-0.5447836047948701
4.034387674184754
3.2600671007346063
-3.0465161157850607
-3.6421354680761757
6.581045468843456
-1.5716523372876672
0.9885607606917867
0.26455673615786574
-3.756423109368342
-1.9169044378418252
0.18916531482584734
-0.9900549035174585
11.109769890272794
3.552479430994664
2.6659915421763722
5.270981605852594
-0.2430375857589773
3.2377710205538968
-0.15961732058452666
2.3244766990841566
0.2313748520510218
-4.879933928489454
3.9897454293399974
0.15285201684466085
3.316452345406927
4.865747752187977
-0.20510945641725353
2.330557413787389
1.6694640195245884
0.9299695474095974
-5.972187219917772
1.5967400163556213
-3.8006679989767482
2.5363471340588872
0.13709319419199134
-5.785527577345802
1.600665626818269
4.8120070581872545
11.93328503766552
1.334275802909763
0.9867930283467079
3.3974684985971457
5.814237182703471
1.407700859991129
-3.2587828821204137
-0.7069861270225412
-5.108715950805275
3.314740050950575
-8.388743017360481
0.2180828313104039
-5.743585022059476
-0.426553149073583
4.561096443861031
0.676433891357445
8.61182102485845
4.423876222281354
-7.531975985184321
-1.4613109664640336
-0.22010215834829178
-2.9833357543394072
-8.869833277552948
4.036653491462843
-2.6810150646395057
1.6519962726152109
0.3112808508123587
-15.146706656951597
-5.07158440066473
4.38368225918492
1.3274409003082652
7.522448034143499
-2.0626717869779356
-2.6818868281665296
20.66604357468618
7.231175860410946
1.9828306298411316
0.263682733770927
-9.742356065513945
3.2230447696808144
12.877902109550378
0.6758815828030735
-2.375436013617342
2.293018053858006
-3.8032534568050194
-0.37040599618757236
-0.9421205813218153
-2.6343564728295137
10.13475924623385
-3.813281742744727
11.195737596327739
2.0624116283443272
-3.3745106436420627
-6.708822628061024
5.199999868663325
3.03011650641231
-2.2150829023757725
1.7298202081824734
-3.2534550431869236
2.3313269993397587
-0.6729042405163489
-0.2181624492448135
-0.5591850346113746
-0.6151533501101297
-0.5687359229449687
2.333269005238201
1.947360823938378
7.507463404939832
5.004412130774904
-2.9384312975678664
-12.846036243088584
6.096010823151145
-6.653458320639187
-2.1087354508470346
3.5909294222194803
-2.3105416326557706
-4.406648388039487
0.10663109345308909
1.2336493518684455
-4.9846479077798405
8.39687730014686
0.7031141179050076
-1.3917120247677346
2.8381229197633933
12.738741274611144
1.4574133865231096
-6.906336227851319
2.346921905133408
6.897112588901943
-7.313879457180863
-1.8689359853159067
-2.468433056371247
8.603767826527562
4.313918445829007
-0.21350405081348897
1.3927538093495342
-2.295239623461403
-3.0350751081820335
6.690761396301319
3.2287686710914434
0.3414703497466157
7.748025899181925
-0.5350273629144175
-2.1455283153266906
-1.8049122115807936
-3.5370872198154464
-0.31661500545949234
-0.523587032207661
2.1043834576489617
-0.38579126871878716
2.4187673462804455
0.3391945854306599
1.7673989808583088
0.4998589414366322
-0.8783094174087591
-2.8613588314544165
-3.858244398427682
-0.17020807174505265
1.128896251822275
3.541971830209891
14.432185401106416
-0.8373637832853499
-1.3082447066408587
9.097138034282509
-1.312553934026726
-7.90639346944962
3.277686133399286
-2.737078577890305
2.359285325092624
2.7711666694574535
5.834157226413322
7.8420232923471
-0.10366213226515844
-1.9177912522322103
-0.263950976464324
-0.7382718928341054
5.572577677590511
2.9537521840168375
2.6069643511407303
-4.064012389697278
0.3845491229720023
2.969664572863841
-0.9384352246240514
2.175278065283077
-5.83281238277858
-1.5814317967422271
1.2799626530917
-12.111321235497822
-3.697495746425111
10.881535270922074
-0.4872317607751377
-3.515442177183069
6.999683907225724
-2.23549668389964
-1.161042647628614
-3.95667339079689
-5.091079050387261
0.3501959438920053
4.642788211288349
1.0421098502243926
8.177737573297673
-0.19069190944726827
2.4375656997681245
0.4371117150855588
0.5205295807735334
4.026369725851721
0.6121565272990123
3.6622605712947296
-2.324630216787907
-0.3408433670583332
2.8105942875963277
-0.4221541911791607
-0.6020140938523931
-2.078702242369956
1.9567228753153911
-4.2957393047561245
-3.8033281367799443
2.7784822164672893
2.435440573159141
-5.170240274462546
2.063728436050481
2.9254262985420403
0.14598135712863777
-7.258936480491365
-2.8379631018344327
-4.783709589893403
-1.745791627494291
-0.21779484546708427
14.97478490349464
-0.6983837362996121
-0.2572123248773929
2.028405964861074
3.873932163111792
1.5384063076528347
0.38258932515870125
0.32926879381298263
-6.384467954579152
3.6371664616536035
0.26169562213438524
2.3916294321736498
-7.118033649714796
0.12124473551064176
-7.465148337885631
-3.791315496360003
2.2588234436972097
-4.199513750515341
2.4142871085380175
5.229105650030652
0.5061236323888586
1.8137383691183178
-10.81685866675769
0.3529335520159304
1.2932973933854828
-1.294996556884562
1.2169815730483848
-1.46553016343825
4.782504264114431
0.659413324492461
7.483930965434858
2.6932883589991907
0.34372051834575623
0.6332354567626098
3.1968840680415407
-1.8442540969497758
-3.906607808240674
4.998488238089176
0.9632286943914995
-6.362990568186812
-2.1681405707277945
0.35322472403956284
-13.540266795799353
-0.2698239005364472
0.13640579736781344
-9.374501705730452
1.456513540288408
1.8810940298948213
0.31855886515731985
2.365990233097829
-1.562907697294101
9.036318934036577
-4.950414054570038
-0.4181397035156099
0.6793585803403427
0.67172499538924
-2.9389278221121438
1.7380560265167584
-0.25654446653337887
-0.20776312553919324
3.5938711044439846
-0.7230038760309462
-1.9808616542451336
0.34189357989695557
-2.703057073338802
-0.30634897078948065
-0.47360381454452116
-1.7247702851959064
3.836295027904701
-5.55589428205286
3.8912507020014413
2.5404616877573836
-1.7417433026310665
-1.3212431373103866
-4.499422040490195
-0.8696207114488405
3.0283657751080493
-8.44680595210653
0.04113845547350037
-1.4823322601116171
2.9227575472853493
-6.3201300938122955
1.0567765545275454
-1.3040456743790017
4.308416213625455
-2.9980712421878
1.3213614342075102
4.149155129459817
-4.095769581180725
-3.0261195504913387
7.336735387352239
-0.31835998272308436
0.9032406558910429
-0.8512660522354568
0.535106617648057
1.5125175640774964
0.235078688292847
-0.256829014308652
0.6916368976100115
-0.42202798761839405
-1.6764335547706695
-0.425239647628252
1.2985987875941056
-0.16415108820852847
-0.2576538138049094
-0.30309674922930735
3.2180895336289796
-2.374199019603594
-6.271046046634989
-1.664629719496769
-2.8667527365618835
-0.693078532231236
-5.7834942800466775
1.346052078725522
-1.4764239948227913
4.316052911672526
0.05735907450883195
-0.7903578396150337
-2.138795975300431
-3.7534611694543543
0.4173973134200311
-7.691652795204357
0.29835266644600833
-0.09286961289371481
-0.28812011194867904
0.15445189140922277
-0.08466758439573126
-0.4557643053880918
-1.58960581484558
-0.1900121201557742
-1.4559107157898667
0.08373991687458518
1.8274175863413922
-0.6372120958134283
-3.1483552066090352
-2.8912160035302903
-3.3399645354269993
-0.7473063588523587
-2.140213114400049
0.33617259666904653
1.0573518019629469
0.27390738652978475
6.945275058867329
-0.7764317131029654
1.7650496798535353
-0.6208279664276044
0.34367773532497714
-0.17580268757962583
-4.006253143149005
-0.293285045796625
1.052122820205328
0.46163727309294966
0.048478593065767336
0.16677229922201306
0.2515959076733481
-0.704497344142875
-0.16335374278069112
-0.16696899734685866
-0.42027481954291723
-0.15574325036632075
-0.4468939031550563
