70.98867285019986
35.68456509242799
-29.45311371812904
30.435376369801432
-27.10687137893808
-26.813459278933838
34.35542196068549
-24.255295006864042
-25.860034962982837
-22.484005070277778
26.447769248684946
18.190828786367025
37.50642608163124
-18.37557702618159
18.241472958661294
-20.08452135111079
30.22762779851624
-29.77023440158774
-28.223597701262392
14.654667096825943
28.5027457867954
-13.183305114707727
-16.693389851270585
-14.3604290216269
18.137957434951083
-20.21619311588964
-16.933866575026812
25.036554106997972
-26.642926346208725
-20.856796266147434
13.59950584726454
-23.999915197953467
20.426370204907805
23.966931975997547
-25.691850840308607
-12.15816153832008
10.005439378440107
17.408867700558304
20.63532853850608
-14.655004945626674
-25.56114041338263
28.215495607940067
11.412101405901971
-15.104100238363065
-8.974500067026021
12.338981860463104
-13.114364967069495
-8.715622561604484
18.08707971867635
-15.852418443832045
13.489579178253933
17.268577653877955
19.85862400007443
-7.729281818540746
-20.414946710573478
-16.496958481134723
-19.14988930157077
-32.25589677935314
-16.81609499984378
8.60752090981208
14.816865560608612
18.09997229880414
-17.413846401533664
-15.559640700358834
27.429233087093245
-9.328506838410942
-12.1461618154307
11.158997458998751
17.158628762204877
-17.698317717976092
13.142478461995896
17.331367121210562
-13.3478960829273
-12.330315890115367
19.59697087189822
-13.810200230942513
13.825996530577754
17.800768210728023
-22.952227217217093
15.019600660245022
16.94372052435247
-14.120234033493066
8.75070666055046
13.64782837321767
-25.71189531092294
24.633627144565548
-11.302771381757548
-24.952280103137166
-15.512189851689472
20.231320025485115
13.305748028108594
17.175692106422346
-12.88540079996902
20.451922453406457
-17.100503009867186
9.691590550260644
11.118153224008024
-9.217887023699344
14.058248616394312
22.537544985353065
24.13337106628252
11.381863038144939
20.065963194093495
-9.340573645141577
-17.18536629207625
-12.113082853431438
10.61278493165765
-12.551935045808417
-10.744377476224521
10.415771098185362
13.288228564460136
32.86105731195568
-10.18743039044827
9.81153222170749
12.147606293872057
-16.980843571494304
11.126379266214666
11.62578346123819
-10.83534702580193
-22.793663969890602
7.050300614414636
9.950308473649667
-9.48772612896191
-15.279892054340765
15.66016799469702
6.110036933830289
12.073488456985775
6.503811825894785
-16.13494736790439
-13.269503773802343
15.104358937261404
-20.077120688695985
-9.834947414364686
11.085480673422435
11.46336809207256
22.457846137624085
10.316881547386712
-13.890757635377001
10.299123372773671
7.1842074267107865
-7.525669982459926
-7.448395646620473
-7.879729699846284
-11.815502668180835
-15.875601019383495
15.681107403320246
-8.358981323324775
12.647530430542833
7.7290942805645555
7.912899189402907
-18.43889490814722
8.16556713377171
17.061131196529118
16.211893170672603
-8.181628053666577
7.456025207414343
11.01953137496024
-16.32597262020336
-11.610337767104507
9.006114663852722
-20.318499400300883
10.310764086644058
10.495258470516358
-12.007664879791568
14.196731609872636
-8.411368179911141
4.941212007370489
-10.497873611623161
14.28750937355988
10.266244531363979
-22.960679152014993
10.171344749960696
-13.886556711515775
-11.888788827191323
9.427764613915937
8.306670785884018
-32.518561474150644
-17.693210756829057
-15.56645118765588
15.588383367707301
11.78327020371829
-13.055354186466316
-12.722757264513229
7.947834050044851
6.680165734785118
-7.8553745043846215
11.75747947780411
-12.060827269026532
11.499371270541323
-11.663916565815818
-10.876036258047039
7.253164750478079
17.11292132684213
8.938713507338294
10.65202702800354
-5.689252269257608
-15.109956652771245
-21.392394501351326
-15.677163027825046
8.7756011338151
-7.972122094519478
8.37890799390822
14.391120462068551
-6.295686196328497
7.9700167084100055
-26.11714406131887
-19.35918380058994
-11.903705871626995
4.90372580517169
-6.3275259045300665
27.270016945765406
-14.579557987671704
5.568365037720631
-7.367273691853212
7.25737885873367
7.297479158000804
-5.210549646573768
-7.846856403100846
-9.022732709287833
-5.228019943202201
4.2764304881671835
5.3413506633132615
7.419268124737069
7.864337060908796
9.699780836161175
16.28370095140668
8.503185644211282
-8.705368072027683
-5.907776521254422
7.96907849056683
15.888487253480978
-4.778084055226173
-27.464226957223904
6.602136290368646
-7.807756668142465
-6.9592820246631115
-6.2779303255802565
-5.322992050365021
-7.193245072700711
15.264974291342238
5.268642638438114
7.367592177889355
-3.988758878540678
-9.840697490868727
4.38340164052235
7.938469641422965
-7.382517693309647
-11.913881081831983
-7.050475627813736
14.45639923162071
5.9633111246586425
14.30224587458527
6.408074840862113
-7.129762745141502
14.22999123251509
-5.1818512673274
-3.6188403263143356
4.457750145321927
-6.729585498452115
-7.929521890612203
-4.935194514667933
6.852631888181092
-6.480258786167149
3.830047357229272
-5.944435365311591
3.8733750862449945
-11.077876115641143
-4.926769347337074
10.04659141092379
12.87036595530126
16.454391712985146
17.73437243499313
-11.75005741682224
9.040522007806139
10.830733948923433
5.370449677320153
-23.84423918272101
6.484985447974013
-3.070563727175914
5.478898130962951
-10.862323946218124
-10.794503121119414
-4.768349746019981
-5.026854106321477
6.33197459959844
11.489192409314946
-27.14552290883941
-5.155868516164904
6.462677646896318
-19.148814158356483
6.639880133861591
-10.590301640658048
-20.579170278968096
-4.673195387385538
-7.473307733451131
-6.722788061724425
-6.29939894005915
3.2356155064070697
5.360996895118601
-3.8441711960064984
-9.420491593830421
-15.839837084841449
-5.4245231688737725
-8.48026733074171
3.0887395774920816
-19.215439878855356
-8.387883232939641
-3.880381742731861
-10.09298078124335
10.65911442453111
-4.213567486344059
-7.635973904698889
2.4167491951799747
6.691080792003431
16.455872876294872
7.862376590717433
-8.40189097031691
-9.237813661972414
7.276146632269377
-17.497674611519404
-3.9592090686390438
-9.073966357415326
-4.658929993932096
-3.804614364810316
13.860032065719738
-20.963498653434637
11.379373368999506
9.119597827907853
-4.444066585487864
8.832055478622033
-13.239796233926121
-10.483944204344194
-9.748540952845973
-3.9959817166235867
15.608889307342693
-5.63183945750295
-11.980332383465283
3.4430885641232085
5.821930483466472
-4.29876194747437
-8.08300253245027
-7.022104132816752
-4.075572727147669
-11.25750910301039
-7.746754903890902
7.296668592220249
-4.533109108332136
5.27056466208495
3.4510801417006247
4.754133584650659
9.125390823371218
9.428377929885832
15.244703677294622
-5.542854926334421
4.623607963386032
9.034215694183683
5.9571352003795885
2.2549974433874724
4.937489988664858
8.097885407385066
5.142769737441079
-7.385525733786401
-10.778626759057799
-19.45871881019577
5.533261164649046
8.07220791654196
-8.523087355296715
10.214275266427899
11.877812105536647
-5.974428171097944
3.2046669464446813
-3.680467933093505
-6.253061533658636
-12.280085727822607
4.3188836844370595
-3.0444055058751984
4.856360342164945
3.7315165119189446
7.603304391178866
-4.0114092098895515
3.483082286560402
10.495770053123838
-7.0088731017448636
-11.173205701681692
-7.07030685634288
-13.371670180853343
-7.958191473669421
-12.038123781473573
-5.581505000217442
20.088134628086117
10.76572504190125
9.429775607476138
7.017311942923515
-4.337940563963225
5.856516416407233
9.812675277826958
-7.935399044405378
-25.61483941974329
5.930959310511132
2.7678053921221686
9.653298937249392
4.006673283910453
-9.985753245618135
12.974842252593906
5.562542369567814
13.249940456899026
-3.960866740352456
5.529276888187577
3.627267143569809
11.494240900607052
6.782791997095894
-7.988876392552279
7.96402097538666
6.841353042196061
-10.687263606307955
-34.92496034758736
-5.010998346239787
-12.347546081199782
3.761404581379569
-11.524849788348423
-6.706332877093767
6.6703924779145485
-4.155655366026725
-2.8343571433961086
4.731877584112922
17.027050212512947
-8.501831716600943
-8.077069435368415
4.502688262294865
-12.532940805908495
-5.973296514829619
4.480066161706632
5.839000110263804
6.047066534041345
10.436762003816739
-2.463838376030426
-3.13139913680412
7.5766486324315085
-2.8417580230501613
-4.864305697995854
9.946753033373875
4.983190106572539
3.275509083018588
6.2722274538959315
9.690299413793863
8.259545917181308
-3.8989798702855816
-2.359337827589185
-7.48441664110785
6.478271259893959
9.247805546925594
9.440310306275714
2.685474931527318
-4.58196844524339
-2.248357972941603
8.473215390472745
4.872853400626513
-12.30541799078199
12.255433903298957
-7.718090179322072
-8.478081644780078
12.599042508525336
5.366120842974158
-7.832600326143824
-2.540047798446086
-8.832916988249291
-6.7765376364588334
2.9676765051868714
4.125697554019658
-4.766042672927633
8.224911009327126
-7.888482742753981
-4.761291732853818
3.2857508551308046
8.153024373895061
-7.744170334649832
-7.3472140824546734
9.720847729411208
-19.729632149761986
-6.740165352696954
5.8873450131696385
-2.298669028107676
-5.668154802517189
-4.745451968981821
7.430419848877761
4.541091808647738
2.0693852315351893
15.296509384775987
-2.470183981044835
-11.84388823998354
-2.5470208340153526
-4.359494915961085
-8.643577491240745
-4.691910873449553
4.344028431528379
9.078955826109006
-4.880546662769219
-5.609222595701369
-5.07866401404369
20.46985540664861
-1.8296369989230155
-5.1265862116246295
8.93955396694967
7.855173386379725
8.851653676734916
1.6525671929471615
2.6704132077008635
9.056525538931067
-7.556065001143153
-7.933286858588177
-2.4098309463330185
1.3534294749433935
-2.4749594328830025
-1.6925378970584088
3.1152686434727643
8.126017792025298
2.328498790542578
-6.4975163569770125
3.5667985806603664
6.716742820779992
2.0218229346844927
4.861704660594544
20.102174008286756
5.825521150850597
-18.274793441501288
3.981301234114535
1.4913779562565086
5.336809553737137
4.119221935656867
-2.209300336960422
-2.702193322314147
1.6819204404997565
5.126568884803998
9.870314679128398
6.468040447304832
-6.581542113012627
1.9503143638822464
-3.866871278656232
4.092439896564272
-1.2097961927012828
-1.5788900921422417
-1.334162347406299
-1.6632183786380796
2.3943144249544495
4.55680860589848
-2.279902919152887
6.461402002745868
11.809855658959904
5.193339949734486
2.2247908438348123
-4.94114711395548
4.400460468228961
4.003982278348484
1.9672572065641758
-14.527491912687848
7.311335857390917
-3.326313960042509
3.5165547830567925
-2.262836578530348
14.22821784550721
0.8935145297705402
-1.581272374112204
13.158281858749337
-8.555540877166733
-5.013259046230585
23.680843057609607
-13.357672692857186
6.355475051412574
1.8223200797139876
5.4372552070484375
5.943978041022078
-9.904845694250742
-9.707015603636302
-9.191912805428837
-6.131077778723391
-1.7184671127371778
12.734382858120815
-3.734202283180178
-4.818109161142822
2.4238536271318307
-13.524266576031245
-3.702482560898759
-4.634629570700753
-6.29929719332547
-10.324526105930987
6.7110598229685605
-5.174064234257895
31.37139340882172
18.631332131161457
2.7423676376924777
10.144024638045938
2.148570030053958
19.74937053309072
5.194687624198342
9.706562998736542
-4.351439224112971
2.4230645314065655
-1.7604736559087706
12.092841154178984
-3.55124952057732
-3.183695570297299
-22.183878888104125
-2.3651044444639675
22.240726856938963
-6.498028180803569
-11.143781216454935
5.7578800754931585
-3.347966776406065
5.289824748964388
-5.618969898078688
3.6641152068454925
-5.19815698689177
-4.669235639509132
-5.062381376168779
1.4034660653308106
-17.496617367094466
-1.9644022988945178
-4.572863364321605
-8.838461659997996
5.942033420044314
-3.640873739562101
4.463936951264692
3.2219167674932105
-3.262854462564388
-3.9368308119620172
-4.52568018653953
3.3254926334266615
6.04989702546629
-5.853126845813276
-16.62568077649008
4.457914473248129
-4.298288652722704
14.291165131975172
5.68946516243471
1.818905554043438
-3.3327185734956837
2.2584464293247426
12.803468341359007
3.347138432380162
-4.353771859991843
-4.054809602522061
2.546441166131067
-4.9619657576196925
2.144431664948848
1.671893304163878
5.483112764117225
4.8895052096795055
-11.193466274590058
6.81568340451537
2.5043743874107576
1.5088107645504616
-4.491923854801649
7.958557297407018
-2.1100380027172756
16.143430594188672
-4.714190145115507
5.461821073964589
-4.473101322008566
-0.6363586130252232
-1.6342834302775004
-2.276887918827907
1.594109777012245
-8.926316918993304
-1.8830666863286378
-3.43644173356563
-10.606018554998572
-14.83069222135489
4.830514726110565
-2.5136583589640913
0.9770824553205345
4.231840621197201
2.653085512074167
-12.823337252043247
-7.76407969635979
12.84825057723342
-3.4281353095728444
-4.616069168704899
4.944895586249734
5.870141464208586
-2.313909277543616
-9.609935460578155
-2.898488642390835
5.272313317707478
3.1722014183683216
-1.5955917945324696
3.59800379959043
-1.5436949836602205
6.964496443257441
5.1288651595186385
5.6219690837158645
12.040464881724365
2.54303425479621
-1.6667904211585673
-1.7312588565093425
1.397941393122659
-1.617268053117811
3.365448523436698
-6.245291798036485
1.278068454419348
-3.69650365451643
-6.397398699186065
-9.727709581789119
-1.9677453798244866
3.754107807435949
9.185472769303596
2.89747727944228
-1.1719157060631944
-2.4018973832870487
1.7280270309225194
2.7543800085153256
5.639125526202067
2.6134751164172654
-3.4282632830868716
1.5645697762470032
-3.1787127819424534
-5.557590916710601
13.81275056389473
5.520903920576632
-1.4199881690876648
0.9782875975126938
-3.65806060322585
3.926932783080586
-2.8804369649928736
7.744907263754802
1.1512789765352636
4.475229657989159
5.030627129903092
-1.8381110373268024
-0.9707271201969254
3.683501621603552
3.313941064912724
12.061952013859727
3.712031122331187
1.610112657147153
2.9658670869629447
-10.365701133108889
3.1656758112854733
1.6757829119859537
11.603819058435985
-5.3346069379328265
-5.883793492128585
1.833409369058751
1.599479458117586
4.732664007908132
-0.880716775632867
-2.139789223771315
0.728511964623324
3.488202542678308
2.9345406125167814
-9.776089109575745
-0.06748520919430463
8.57676118948342
9.622185119929759
-1.63339255613595
-4.58693475002756
-1.0195283138860747
-2.1492389691177527
1.3984191323402895
-9.43907485356042
1.0450357618271997
6.690615441931564
10.08140351437641
-1.3812983765788673
-5.510900748734509
-7.04059494987007
5.847079132111368
-2.14971973449111
-2.4110719306673234
-0.1576943908153623
3.8995881596990674
3.1686231852771183
2.7055515106446237
1.1639076822065848
3.426160438351573
-1.8421175740647442
-5.494605032178964
3.478732426263053
-11.001260544082019
-2.5788180936698404
-1.429959898970841
-2.291006189857334
-1.2384467223599644
-3.5698628035047553
3.439843001832
5.226035529594006
6.769676033127182
-1.6147190898790682
15.131764229740066
4.690190143393054
3.6105441193461654
3.226379342389868
1.32814630661993
0.434686689678138
-8.93561500320447
9.440953378425265
3.6493130349390377
0.6704717639565756
-1.7850357719383643
1.6695900509873336
12.055342410136499
-3.9830769951878997
3.062206892679625
3.2849010897251594
-5.970836543636669
1.721584407715316
0.8978248256360262
1.9965658378035007
1.0130437521883666
-0.5962503247699611
1.6642302839660543
-3.626360084491228
-1.6872384304868948
-5.131625420789196
12.01212560931179
7.751255877664826
2.0508112235446547
0.6400644891877553
-3.6022948719290784
-1.460362304049975
0.6601052787850549
-4.5554395204892035
5.475254317032273
4.787637642634513
-8.32766753383054
10.251320475340652
3.0850745913212845
-1.7201171906735653
2.769454810269955
-2.7856460689401015
1.5816959880660346
4.065377791504535
4.198576695438237
13.50652890158185
-3.079575529783812
-7.240632080551257
2.219705893887186
0.7782737191974659
2.7052659963788748
11.111835159213852
3.1766693235891132
0.6091205095421663
-4.365513302895065
-3.3768249582597574
19.820977243030327
7.133841932311856
-1.1709450821362228
2.3366513478779125
-4.000503023205661
-2.345184021356156
3.7327356406838565
-7.753902924178747
-2.894321945544135
6.81513877442023
6.411073438775844
2.243284386835577
-0.722372400975872
-14.024081193563896
-12.826201256829268
-2.4810012469409197
2.095694714873743
10.068276181665421
3.0116797348261404
3.8142447694568973
-1.2019469099458735
1.720990508254202
1.351706526212815
2.223395194108967
0.8438927544436523
3.783082512771868
0.9183308762859704
1.6486236607097418
-3.611764499359336
16.323701617573793
5.453220590420724
-1.823789278247222
-0.01518366117677511
1.1015578479147523
-8.086372711542309
-1.3994816259123917
0.9064178937636974
-0.8590967561079943
0.663971052238209
1.2614410026997038
-4.57164989026897
0.8129877749057777
16.20854048478068
2.7536932696041196
1.78073996595798
5.254440015112388
2.941562445409072
-1.4335498810128173
3.205474079043413
1.076299288512632
0.04712036090085845
2.200523670763916
2.1887472888426256
-2.34170204734066
1.7469124996210863
2.0131301460373776
-6.647080205421536
4.148417727692973
-3.0264456291362225
1.6178099308421816
2.153255529322183
-0.12557294480470424
-2.6997479104780577
-2.715707701700039
4.862879273109428
0.8761425698284308
1.8824880996852649
1.9952569638905873
1.711337161447713
-1.2142607718885796
-1.0746024162985215
-6.570292552602781
1.0272474683889175
4.416117798219467
0.6707131829842197
-2.0797505628947683
2.6153672665918735
-0.9288540047804534
-1.6233380869884724
-0.9319062174210647
1.9397252110034109
-0.1997125575426998
0.8610873702717257
-0.8032814235277481
2.4628571618131163
-2.9518834187143654
-0.7787415579237801
2.5882796568222437
-1.0584712935385066
-2.7282211126825393
-2.069004784904743
-0.7468915693066411
-1.15752451027647
0.663430823619473
-1.1025709190418185
-1.7219087862103075
1.567800153829127
-1.9079846980710418
0.9561245770838166
-0.10137299201839889
2.5200260663500096
0.2719662158822814
-0.4546524411058324
1.506646905964226
0.7647653376119496
0.2730657077932254
6.0177971643324355
-0.2932172250576479
-0.4535388605947162
3.9707035824891963
0.5767172131850524
-1.861561096333903
-1.331977454365536
1.0765354703120003
1.183166933082241
0.5438354456784342
0.4012932582801565
-0.014953089547676145
1.5653538536006248
1.2156020343610512
-0.08429040964119246
-2.133520642975139
0.8871932978348456
-0.20046864087738045
-0.9723316712529131
0.6842909042322852
-0.16062967866288927
