-0.0828342140578215
0.06854358627808252
-0.02078186161286359
0.08081022934801792
0.044258797801132746
0.038902316582621076
0.09712225166511582
-0.06581449535347803
0.08090762549532166
-0.07488126279675027
0.09792633037443854
-0.055567194200139426
-0.056257792821673765
-0.11755217844669905
-0.07958101842836883
0.06169078788053275
0.06112952705809537
-0.11074649464636167
0.042443797351239494
0.03750537685391581
0.05634713066805974
0.11526711317239761
0.06723449342210427
0.021454950745455947
0.07403572035712745
0.06684582971018377
0.03512806245300368
-0.08459932323499515
0.038962407068022516
0.04178646034453152
-0.10832665591449049
-0.03084002196482906
-0.027788572168847718
0.08778525576771125
-0.08326449691378363
0.10901710187609878
-0.1511789666569964
0.06472285218624547
-0.021174175588251097
-0.046469934233849826
0.06697540855971726
0.04638182828208244
0.08233812240549036
0.05555010712235106
-0.05011031626559399
-0.04605996727270172
0.02645955922576098
-0.028977012285465654
-0.05495212348512981
0.0606123571969385
0.04606916063026656
-0.01962925144500741
-0.05697738958852196
0.06107022214201777
0.0288004407705382
0.07266069421826947
0.07732206771292398
0.057127166509725325
-0.07075212969280763
-0.04978046828748277
-0.05222258874268228
-0.022492586404252984
-0.07965464035552292
-0.03147188714910726
-0.042378029287715446
0.00758403190790859
0.024547276869083534
-0.06411675163559905
0.042574240904020025
-0.019136969463582124
0.015408603764890996
0.044057878694346665
-0.026071705973189696
-0.06056368058060733
0.05098447197238438
-0.022160703041756113
0.023523097908542862
0.009439889905701574
-0.05155062813142786
-0.07943386664621147
0.01208651040818422
8.961491952068491E-4
0.03490759814042386
-0.06425312566783514
-0.057923485373258046
-0.08338836691329735
0.03243537094774997
0.038439015922084104
0.029083639118193446
-0.02387798659698746
0.07192032619835177
-0.03783115969439568
0.044610294723497215
0.05894344370347903
-0.04826638068361666
0.03470965499934603
0.07680602016815458
-0.054358396784541095
-0.02400916406990031
-0.05111604892839939
0.0026114265235742144
-0.03143386201300922
-0.05333256433329294
-0.05535467433069942
-0.055125493239553874
-0.01980286648626868
0.06035861899213329
0.05647085204726016
0.032116222192694485
0.10815000437791386
-5.637562179489754E-4
-0.05535364024292769
0.028636326035222818
0.04864533175249239
0.017641571581869082
-0.017244357235684876
-0.043505811821038104
0.023968569828858876
0.024865032322746023
0.050401028815874875
0.006922495356193678
-0.044720118427344704
0.062459863012049206
-0.043950474492553994
0.0407205813763024
-0.0828749077761844
-0.025326213615141487
0.07475435505965992
0.015735492960999808
-0.024998412571020725
-0.043316937109846874
0.054164899314877654
0.013972975411917422
0.035661867059844386
-0.013935630680609561
0.04001481535172825
-0.056780981322508674
0.04293155162711891
0.06391520447208275
-0.04581321873851776
-0.04034652986578256
-0.029882816330601535
-0.03880217991595045
-0.017984258139227927
0.02956331712373821
-0.044362234694686205
0.010882584480053427
0.055481296288592684
-0.06640758551512253
0.03993418142733481
0.08301871700500599
-0.04770694706366606
-0.022877552574950746
-0.07281291960510426
-0.030976235934547493
0.03524155578591818
0.004140967566747573
0.02720119138804114
-0.10965702891580074
0.020327341981569182
-0.04831756998569416
-0.010339147445697435
0.03781218576740666
0.06552184041511205
-0.09860999527430914
-0.027116356142609984
0.0968534131042127
0.04402735351249481
-0.023371701252896216
0.02005629586647606
-2.834419136766504E-4
0.01332456649570322
0.010766270274027446
0.022646452251843526
-0.03572905763753094
-0.07474895499099937
0.007715052568259049
-0.013939177937719224
-0.05329120646757878
-0.031813926297765485
-0.0219121282183269
-0.04260153063515635
0.021756772260784336
0.011135251831347628
0.07221397121383637
-0.02432461430907512
-0.01103315889688624
-0.16514314985369594
0.017609226766047835
0.05303396899885044
0.01869022782291733
-0.06529021592201183
-0.06686125322674587
-0.021297756022239052
-0.034984437807340306
-0.0024892665836022338
-0.08717458601861593
-0.024179399189672372
0.03839489121359907
-0.10544920404296641
-0.025125219502688634
0.06150709354962481
0.013720497397963221
-0.03386729823290831
0.03316007373546205
-0.10694723500957505
-0.036835086559268405
-0.04856570400668328
0.01627062358634045
-0.027188595460689236
-0.04501720485816177
-0.03002199696272884
0.04803033402102039
-0.035793668763771457
0.08391945754208568
0.03441877478739534
-0.028726129179887164
0.018695494792120407
-0.03895271376315746
-0.03614339283128368
0.029169214066338024
-3.005405016823499E-4
-0.026022856186487742
0.04064850415990185
0.030114679250180718
0.02667952404287133
0.16391234654698894
0.056095963409934
-0.020524730497978406
0.01713635660378355
-0.0385665965372022
0.006043944002279709
0.032945914287228824
-0.03796050115228331
0.005618640721694047
0.021850465369768153
-0.06039128752503852
-0.0035708466004112627
0.013847171918383654
-0.04486045620602048
-0.017314568717565065
0.06943537288615555
0.10296681175875917
-0.01630527652470735
-0.125315478893621
-0.022701782937702693
-0.014436956172533728
-0.0033074184389052428
0.01055190781645606
-0.08500408226129608
-0.012312456629083894
0.056790669539827456
-0.03904268158648182
0.10484015071488055
0.040414403819526004
-0.05071153492202926
0.029375674433200192
0.031972520268701864
-0.05832924184080187
0.013627184370058155
0.012153040091146134
0.045995907446862404
0.04052583062549738
-0.05455111123242564
-0.014347794916207822
-0.04205818157175067
0.03239329942301235
-0.0414428198678862
-0.03652684632575738
0.016349307166472465
-0.012476375835332244
-0.021763422652394622
0.08122109474706575
-0.09463668855346724
0.061728617245125274
-0.032928261718149034
-0.060321451594277826
-0.047820720751069926
0.01508871796407792
0.03301738537484595
0.02251518671264585
0.008043299763304746
0.0656890797202008
-0.04769170733088483
0.012270333049490639
-0.03408335377237358
0.03268174855960147
-0.013676904558892224
-0.05325629757664223
0.013680399931849687
0.01799391300890884
-0.062448872973518164
0.04691721055178624
-0.03517073043030639
-0.03229932328352369
-0.01905809305102098
0.05160161481667569
0.04568215795897114
-0.03679079084141639
0.017465428935231495
-7.982056845878134E-4
0.019534908052446027
-0.012645373510679951
-0.08103568659919634
0.010102584134181416
-0.033917250753536195
-0.013322225216473268
0.08871981870514961
-0.0012884952502420814
-0.05705609848224517
-0.010527303702914728
0.03473097181474142
0.04749266213537062
-0.016168051801323528
-0.09307660218348941
0.03460747628714922
-0.028488700534117745
-0.02204640432558792
-0.05086218370853054
0.04353390022869563
-0.05642714571222629
0.04879629719447899
-0.03782539329587749
-0.03534829199412784
0.022150100554237624
0.03625291617013037
0.04955672010736957
-0.01404953537290974
-0.04739650379396409
-5.74066075547371E-4
0.047274117012333736
0.04764174013900987
0.07460934144136801
-0.009830035975108982
0.01224189330628387
0.07158731555433039
-0.018535021345985524
0.03673363907228067
-0.020334077451283347
0.022839028550075687
0.03856854505100109
-0.02183028975209456
-0.0015891856623153357
0.043744377777356465
0.013066380088227714
0.023315937813904137
-0.043135964338552275
0.06400606531069622
0.01870593055127302
0.020139890561897827
0.008258152690281332
0.02701188131412879
0.03968847399956193
-0.04168519596157619
0.008629600995598554
-0.04245458853161494
-0.06281563123200098
0.05216869132783634
0.02804420129862767
0.01955201005696503
0.08925092602474702
0.0054335104417096
0.004959893794925473
0.002729382467908643
-0.008525344957876038
-0.03775217589445177
-0.019993191362081726
-0.012383886286094319
0.07832638596949382
-0.029846303781301438
0.04917501949559211
-0.01592496657723701
-0.03135516463977204
-0.04247155810412262
0.008807523756889823
0.009580501367170601
0.004581036018212824
-0.04334661781676599
0.08084240523770284
-0.010816744651633686
0.030692505543968306
7.884579323429817E-4
0.01493165471292628
0.02744014879860599
0.002000662566490771
0.019298298411708898
0.0337602132216114
-0.05901467799161619
-0.032869772713782004
-0.04663758608181221
0.06066599251498878
-0.030533819506281853
0.029574687397435604
0.013304469817408635
-0.0031586738693865296
0.05736856988690356
-0.049079836797988774
0.016858370752112193
-0.05525013814003929
-0.01008513847472324
0.013835732162107725
-0.06732888696775419
-0.04056071306029533
-0.021664769931664045
-0.03963679378919224
-0.02649970476595129
-0.046941081550509474
0.014722986706829028
0.01845232494674714
-0.014302005219048555
-0.013257229356030324
0.034065809597760316
-0.06877855504994072
-0.059408714188999505
0.053640219686083436
0.03320210893901166
0.01724194400322234
0.014923625155536977
-0.010526197749290951
-0.004166500638657953
0.04675656381507217
-0.0013175689761209725
-0.033411918505609484
-0.006433035058895466
0.03247213968975365
0.026866475076597184
0.026307297653359946
0.08722920291122124
0.03428912800747026
0.02924713460974191
0.008927551225968831
0.04528543869554617
0.02669541046044818
0.043214506948840985
-0.0060898793186236885
-0.005133680615895921
0.0211752103152236
-0.021943557697634966
-0.011557357697087154
-0.01400402386591129
0.12322369192258638
-0.05031185131181014
0.005505661402641125
0.003350288361389192
-0.04094302029548949
-0.031169815601045068
0.006482835178464382
0.025555902970250666
0.022515209575485848
-0.04399971290583438
-0.05125258212603344
-0.002860993447356091
-0.028498490527767716
0.008739537554595436
0.06557675943882788
-0.015167426426422262
0.007583747080607753
-0.023561086465225457
0.03918751664955342
-0.08097387148145543
0.03401745102041259
-0.042334800332685905
-0.015272763527515696
0.016928087432175887
-0.024059316964552876
-0.003902763608240209
0.04891762393262795
0.050879572265416874
0.011814068972884352
0.009012848938095154
0.02310230904730016
0.031051186787773872
-0.04605268528280469
0.016114944021554528
0.011231442751538742
-0.03172421069872099
-0.03173409067554225
-0.025995931184152183
0.035178752413278544
0.07354049714796704
0.04965156986667416
0.030568637248853583
0.005053952392773245
-0.05444850314493088
0.010170849293104698
-0.040925989830133035
-0.03876845536695573
0.03112065253206553
0.011356224995583942
-0.002487952678789678
-0.017238364218198753
-0.023295914592329377
-0.036769541025088295
-0.016853398961955313
0.03052452437656333
-0.004042856086495645
0.016067244254276355
0.010416794264157172
-0.08606180917790586
0.04319841770659423
0.025600116867955894
0.013728191502500809
0.014452392008265565
-0.007294679076546381
0.023475881625948058
-0.015031670754606239
-0.020338154675833137
0.015446909582627993
-0.03289930333752949
0.01947875290958267
0.015910803357819307
-0.03901974380331647
0.017502685860554874
-0.06183674473956907
0.013895677685403084
-0.06570419149773538
-0.004013045822230691
0.024287615964670137
-0.10967409955114672
0.03424321162473526
-0.024625892886129645
-0.015426595677545469
-0.049708788544151866
0.008253656725513451
0.06401945002376938
-0.012791321270893073
0.040130132277391116
0.0038799653708270388
0.0054231258933352695
0.0350094846207736
0.00855404674825283
-0.010227662202127109
0.02638358877850876
0.006861358627159456
-0.005035723894037526
-0.0376072755297062
0.017793109399758634
0.0041109693875128915
0.021855944552208247
0.014272470157823236
0.0024032962529891727
0.03738236759367545
-0.041564131267045404
-0.05406507214427361
-0.00815813835571784
0.02843571492428972
0.011921308074000986
0.034528675910984435
-0.009249600830912542
0.01042386199065419
0.049188911458765666
0.013593177715554157
-0.02219439441498707
0.001214149872345271
0.020304101733282842
-0.03515408508368933
0.007893087109322924
-0.027392232214180294
0.03407342921223772
0.10278392897572998
0.014219552135775885
-0.00505020694771295
0.008296391007369865
0.009071609283635932
0.043112021145032126
-0.013179461051463712
0.05186858565858989
0.04920528438743089
-0.08872280585266176
0.035009421041024405
-0.02210662660567854
-0.02368237102490949
0.03641944707026714
0.042126327082224635
0.003122813668074425
0.00919219627392177
0.010084377082857627
0.10003497618597493
-0.018684421522714965
0.04981333323481869
0.03429620773818852
0.012447698835513558
0.03269429861752544
0.0014751007576843088
0.021074201019808413
0.032951490262968834
-0.014597155597098227
-0.001417065511560207
-0.028275668787420803
0.0341043537195244
0.034757252739929564
-0.029149371202954483
0.016585736461790637
0.010418548756001485
0.013401906151065955
0.015845305283577884
-0.003554082223936484
-0.026407212431072455
0.028705138724358155
-0.06712585802519483
0.014058689235805858
0.04771314848124802
-0.05879725445956191
-0.02526491021228598
-0.016766068109275837
-0.00594284920691775
0.023603470136855258
0.023001562857765206
0.020565850215383798
0.012967658632194005
0.010538475996787729
-0.006211666096853665
0.049080092589749255
-0.017294455409929774
-0.01716698747324317
0.02031362106925362
-0.014651317195466204
0.003991948065009183
-0.023524695240007637
-0.033669537261429155
-0.06568112228554893
0.013217306593362226
0.011564251267278638
-0.0030951776951731818
-0.015148134013024273
-0.04357426851034319
-0.014940227806125028
0.05323002199338282
0.008707135695204931
0.00257573288693155
-0.017241328966482415
-0.035266200521783364
0.033615104417386216
0.0033951283767490576
0.0180995212445642
-0.01887038102819823
0.0035664433865565605
0.003930344653879579
0.021214336681816964
-0.0051958521353743245
-0.0036025467212179034
0.01911711581539454
-0.011157836298823732
-0.019027693547431057
0.02823539066165088
-0.027795082010191204
0.01403890449356752
6.383649702372821E-4
-0.07572954178369792
-0.024486938134034235
0.028381122067767998
-0.03433071431651029
0.009010574111618774
-0.006984878444343772
0.020275972635739645
0.03396798706972198
-0.01736722128285143
-0.017363645933668827
-0.013081329705925451
0.0018262816140044856
-0.00371995772727594
0.039417324116143876
-0.043718456040458195
0.02293440519493244
-0.033598847054757276
0.017238577134289106
-0.019234346507776088
0.045548768746333824
0.012408697240469288
0.010426223451554608
-0.11564837238792473
0.048724730516249884
-0.009510660212154617
-0.041479907392591046
-0.016456107623218627
-0.0158559008553505
-0.020823679352889323
0.017655514385098853
-0.014809182131707175
0.03687633142123258
-0.014881532100446218
-0.05419361832241335
-0.009608517178885957
-0.051012566989677884
0.01960894175267801
-0.022371443581372687
0.02991461524189622
-0.048285060522310026
0.009831389844000034
0.02130031752811745
0.04318086019791502
0.015095946369853513
0.010853809915760024
0.019771409999980324
-0.0032201035265243976
0.004533191940601212
0.031802577926396396
0.04123960990634554
-0.028734527091194017
0.04152574670643487
-0.03497002815171299
0.050505044844303085
-0.04097717356641243
-0.12498545437275534
-0.02650787808724368
0.024323541901321234
-0.0017109721535523243
0.015562472545230214
0.016295060903839115
-0.03993442706668196
-0.02996119905328436
0.04911889067903131
0.006746826526300613
0.004278270779781128
-0.007253318009359391
-0.01379052070492054
0.030071886419885698
-0.02524116593392365
0.024410950188092577
0.0010983555107206863
-0.052148081060468685
0.004585579692650467
-0.016385635194606455
0.01991903550128742
-0.01297409626590081
-0.06008175536962433
0.013537344283919775
0.01887666327911746
-0.016163867212734058
0.014159825783313406
-0.003285663580004621
-0.009591404186733623
-0.004207915326212611
0.02449711568107635
0.03490193606026723
0.013058052383116966
-5.427304483933749E-4
0.011017390191206957
-0.006043752391035021
0.09546838813423811
-0.008545886716239494
0.03813520260347783
0.01388215117923513
-0.009344309866456959
0.00969219570759857
-0.008286213551976184
-0.05486836899589479
0.03617706272525248
0.04470307609719644
-0.022712856161390627
0.011884507732944655
-0.024970426645654343
0.008279974956117934
0.017091759923589796
-0.04826860262250461
0.0049906793802665375
0.012436260833153325
0.02072654636517133
-0.04818351860731681
0.022589040835609118
0.016873803775520852
-0.03027159774282929
0.007616549782686321
-0.022607275352314406
-0.011896743517130397
0.013715057882560347
0.03456137447005812
-0.0073863704066850595
0.03561876366123297
-0.024544059512346054
-0.006413222648187123
0.01567943644213126
-0.01943128043914347
-0.010011918371583802
-0.008896267600798565
-0.02425045693145909
-0.047794508534086795
-0.035782539325410534
0.01777503494412833
0.01486711042607465
0.010666302130131788
-0.03126927419380861
-0.002311507428091189
-0.04533358271931385
0.012410040322523472
0.011157604297178929
-0.0229663698954689
-0.0010824410928346082
0.036523293004463414
-0.015934446475293528
-0.003385383589851588
-9.22378537645748E-4
0.02187329313802964
0.008972900781803062
-0.04863708993519127
0.02682318903875622
-0.028696071505426007
-0.042447864351003554
-0.032868022088995086
0.019376380837437972
0.013803456857740556
0.037364719468420425
-0.05244911564296591
0.01665092910880468
0.012867752338263655
0.0035003408470371013
-0.015801656543921863
0.007850816566983897
-0.03294229160434418
-0.020444890472788472
-0.006566841043667161
0.018165092754355665
0.03942160253001354
0.004785094417314728
-0.030551083937063486
-0.01492311118226479
-0.013694568986512435
0.0034701224280803897
0.016834657141275803
0.027900350356124013
-0.06366474118607553
-0.026129272542218265
0.0314147671261081
-0.028903620190996272
-0.014650288410246064
0.04243142312060887
-0.061352142523673776
-0.09589678415417652
-0.009036277962387245
0.01140341201962709
-0.0010965738595001813
-0.02446468751290245
-0.04548441372227266
0.007030988187649309
-0.008171885013484266
-0.022168906218070147
-0.002847389266052359
0.007011841136958795
0.03289760598973854
0.01137359338506165
-0.043328843785839045
0.0779471693993745
-0.007694534539163955
-0.007936601591110128
0.011031636219882878
0.010995432137393854
0.18079379932933054
-0.04086685539407569
-0.005750422867775476
-0.037443752884676856
-0.009294423164370728
0.03246489881279482
-0.021466748839493874
0.05053396992862507
-0.029320180554499062
0.02545310957300017
0.006020801919836568
-0.009736344227938022
-0.016851050006649455
-0.021718252092710028
2.088929842185468E-4
0.044317102101765704
-0.03812198924377014
0.039419877746618634
0.022791184161731978
0.008792506365890983
-0.03686853085474666
0.027487651226339768
0.028521138295374247
-0.007635335267878487
-0.032915585773359075
0.014637253476378127
0.017845567163537034
-0.05116102092662109
-0.02395547526021946
0.014483520670174041
0.01246336475712321
0.02064676200602537
-0.04324524592286926
-0.023908766948130905
0.04657898444701424
-0.02797589128598925
-0.004564432653112599
-0.05691012770009144
-0.036808742082882984
-0.00719962559097739
-0.03246877514428424
0.012486525627670777
-0.00966747997961784
0.05807202152919504
-0.025155166201391195
-0.002987464791832281
1.8337448288025752E-4
0.06477047469324178
0.0073829358072048665
-0.011472489915089314
-0.0430475065004614
0.029629953719364166
-0.04914645041342148
-0.00804534245769357
-0.019448397662781516
-0.006384809883329823
-0.009123021643429768
0.0015219173784717015
0.005920147537266442
-0.008651937932322773
-0.023059259209693022
-0.026164251864194337
-0.04813172438213134
-0.034875147152906405
-0.006499633573548152
0.020618072382564145
0.0016040651125242673
0.015438359846653841
0.03157294276509276
0.038519492906924094
-0.0016730509808468002
-0.006441780839178812
-0.009073391434645323
0.0371554298801624
0.024880351194044043
-0.042205537187778856
0.01951014943745486
-0.024117378048245746
0.04207044869672906
-0.03128861887984611
0.03267549849163628
-0.020783451955621247
0.04295934070244369
0.023679867506140113
-0.007571985316107658
-0.025178663415070218
-0.005516779641424845
0.006602414801679718
-0.03266646836848734
-0.0226359139413744
-0.005969682457319583
0.012339924348108076
0.02345152693130083
-0.05399352538833345
0.0076640682718376865
0.006800061420574068
0.012484117826327017
0.008907654955025603
0.010614425611414442
-0.00984720697769481
-0.007408819834018867
-0.0013661890657101076
0.024325362308305797
0.050613218589961505
-0.015483373626705496
0.03240824378498478
-0.005991734090498938
-0.02259209925990081
-0.007418935674287195
-0.030363065647998084
0.010098233141169897
-0.007256729049863306
0.01264242915656217
0.0027159524463877174
0.0012061404568148408
0.01886109364674867
-0.018081452003810585
0.024018360903678027
-0.008920767700462236
0.0059403246062517895
-0.020816143586025095
-0.019547485666699116
0.029475629599383595
-0.0037548129829334167
0.01861386652297916
-0.02749726258072816
-0.07430715252594036
-0.013224138076467903
-0.0038731505816396753
-0.026639090834342575
-0.016610319823660614
-0.006254576839967564
-0.04145445162879765
-0.022429306998889117
2.3303812889832268E-4
0.010347411139551012
-0.03470955507336188
0.019211409380059895
-0.0012644730937828442
0.010570676524066125
-0.047068108485888355
0.011934812995138133
4.664673128900139E-4
0.024086758178033716
0.01630650461675421
-0.03941498562413309
0.004367535468397404
0.0077131936430003215
-0.0072974498054855985
-0.03866228731740991
0.003845354049365578
0.043611114261564825
0.016145707419427047
-0.011422356480309105
0.006440666029537934
-0.019469839871659008
-0.023092600059949404
0.014375891540696925
0.01953993693784795
-0.020253534714437627
-0.008874315125501263
-0.031563609297343184
-0.00922517926020637
-0.03101924949356624
-0.033252034469621786
0.02291763957435391
0.007329657934064125
0.011619257465647967
8.63142332381992E-4
-0.005440748935073026
-0.002034424783080421
0.04387643657167669
0.03703678198270344
-0.01263497507478826
-0.019660408186847743
0.01533042160853601
0.02047241176589616
0.016932911313513894
-0.02751834689106692
-0.004628628076829168
0.05598129467871565
0.025106850243020545
-0.004800293149251396
-0.02613441015817757
0.018390328213137106
-0.0021219806509852482
-0.005191968140277517
0.025147303045737406
-0.007171891351540403
0.004641834811417362
0.006267830081478968
0.05013249882821564
-0.00928858089960791
-0.029587830015762314
-0.007055467965827449
0.032190258206289096
0.019068502101461843
0.003437148112332093
-0.043924518603639925
0.04840414168838426
-0.011348931379776071
-4.7631343979638726E-4
0.006791992254194758
-0.009335510042923791
0.012174402772549877
0.007133639670544441
-0.028813968141505077
-0.01271036645741216
0.017766802566562573
0.019499630539214993
0.0010386397540998718
0.003961098207176146
-0.029580150194995238
-0.012047898167274336
0.020631730183535216
-0.013409199000489614
0.014679097381885498
0.04786546638476734
-0.024266441839482275
0.006636706090028996
0.005363681928832428
-0.010842374729660766
0.03507983325778363
-0.06587101431224501
0.006857788241772093
0.010798191572024315
0.02812834173008723
0.03025182772738041
0.028244435035409392
-0.0419612300879882
-0.00663160884467238
0.012006943209223464
-0.025772105310980738
0.022367008911085944
0.033526684848351196
-0.005731418842746336
-0.10831619492130566
0.012553264874047891
-0.02220626016470007
-0.028783467336391557
-0.0017077544724569524
0.025122177776156916
-0.03606350444500729
-0.028785059309006898
-0.004290755119286142
0.0053336904325868946
0.007087800052410271
-0.01522186590161681
0.011617726422064103
-0.010943164749809518
0.0063130901880870905
0.0033606433245063076
0.09954597627712232
0.028727112887728317
-0.020224076938027427
-0.006320366149129694
-0.028692542533604436
0.003999390017334498
-0.010240532558229579
0.02027033366978446
-0.003936105658378199
-0.007075425341390816
0.005315322068181091
-0.03243352227590959
-0.013151713156982933
-0.01616765244560361
0.011551877826007676
-0.009141480938375822
0.011914341386385119
-0.02571083678978902
0.0056761311413774974
-0.0161514176425123
-0.03593187658124028
-0.005145194783132897
-0.03380391405812224
-0.01973030777359647
0.013229576272341082
0.012654882962778034
0.01662890077446542
0.02103678970444789
-0.0014803776905680062
-0.015367079584981087
0.011217214764604244
-0.00984522007090473
0.005377977820032273
-0.03691177331100555
-0.0012198475667490355
-0.010854236471223723
0.004429187038611872
-0.004355663910036395
0.010212333561923309
3.309084154430825E-4
0.0037839788867218556
-0.0057643996853393034
-0.033166727879821334
-0.016523742570566508
-0.025054898491549904
-0.007080764521488842
-0.009331033626646088
0.05134748528940165
0.003962353669686485
0.026130243306091663
0.049526821616809595
0.023543192744569674
0.011771543715830543
-0.017252854341096874
0.017924272063944573
-0.008276843819238454
0.0024280677958307467
0.00118486499300828
0.021714514466056517
-0.03462371391109119
0.007517599250028547
0.026878803107242725
2.1555091179413407E-4
0.021347778485209617
-0.009890439835818011
-0.019032983376770056
0.008522493211294764
0.016532910413072567
0.0036700096088370733
-0.03669439283444844
-0.009948255016940211
0.012387079204352653
0.016354760064433014
-1.724737630673169E-4
0.01118084524043587
-0.022885950768124184
0.01155235242678157
-0.05858203922130917
0.02453306890704922
-0.0036979560268314638
-0.023904035646357596
0.015878835102209964
-0.0032667082412121407
-0.035275492432242456
-0.006726260771303096
-0.0030735206878322475
6.44407993832209E-4
0.018245676359766375
-0.0010501462124223007
-0.0015772846501017612
0.0036492123070170405
0.00906931188609272
3.4768325724375516E-4
-0.0030888782534840378
-0.03015682608276445
-0.011567315429186478
0.011147747940128221
-0.008814178177717279
-0.023291429648613034
-0.0564042347945436
-0.017912822518519715
0.06322697113021568
0.028168338086949397
0.004924294835844296
0.0036914969800679967
-0.0018834131246364383
-0.001827006088138251
-0.009499841698092723
0.012470241636200181
-0.0024895453694478605
0.012708828031117163
0.04328148329159711
0.0028741429228119494
0.028057315665610448
-0.04256278929896255
-0.03582023630689857
0.006489059262470091
0.006479991933851293
0.014980119202851206
0.03242658555626138
0.0094758501776067
0.017915625150979293
-0.07266746104278073
0.007874533201345693
0.004347466449238343
0.030560514523150735
0.03190883958843587
-0.01067119186087605
0.019982017673758956
-0.022302015050603023
-0.08901906584914841
-0.003481720288417726
0.008857741639566347
0.004058149155773816
-0.008170529500388494
-0.017117152457219814
0.03263217584207406
-0.013127433586889191
0.016546133651962575
-0.017818142303535282
0.008478927059984676
0.04777155820656384
-0.008720627745168704
0.006379237876262977
0.003416442910595291
0.016827531202136627
-0.0014780862599084994
-0.003973760925171125
-0.03138890916951722
0.012217425040304673
0.0033226719417640757
-0.025155835027151074
0.009642363705776097
-0.01250111135804765
0.005765026180838772
-0.028198846531703046
0.013930902267230975
-0.011995044713537456
0.02151732379185722
0.0046975411777033654
-0.01554827955532069
0.005462851753226506
0.015835960361812302
-0.005398890437745051
0.026226508924797005
-0.011884582170906204
0.023873682183727797
0.007413361944167083
-0.025590986231059706
-0.023666286166468885
-0.010817358754539775
0.004014688445154796
0.02202595055000229
-0.003660135838998598
0.0581495457859232
0.0019329427198431194
0.015395010444961478
-0.021405988852972735
0.015117470081482495
0.0011401202809195328
0.026027273656347622
0.014742748745014229
-0.017671002801619505
0.03192534442635444
0.04772474097076953
0.008593471655492034
-0.007251109443996032
0.027464830589040486
0.0295633996284304
4.875914863333495E-4
-0.04208766412587952
0.014205299173680182
0.018267765982598997
0.0027335668524231744
0.025200268816101858
0.007964965864484672
0.09484763456123624
0.005841889928752383
0.02683070990511227
0.004273718118307634
0.01771087673083124
0.014330368936983227
-0.02997251961252277
-0.030521719898539988
0.002755417384053867
0.007084128775664303
-0.0024417640799988885
0.029164722179191728
0.003804873017555266
-0.016466803378216488
-0.0027683210358330997
0.005538729545525347
-0.030002236825990198
-0.03406806379944698
0.04562566445721263
-0.01030654357628231
0.006015037267618474
0.031627022331340536
0.007209144976337768
-0.002951687983574762
0.001104609882744296
0.017495290404257294
0.02228755869894302
0.007060016881829178
0.0057859261164801305
0.01671105183638627
-0.01504028940231228
0.006904703265042174
-0.029752242318562
-9.527884223747268E-5
-0.01126885924214978
0.0029940945425560367
-8.844019488089579E-4
0.05173623440959203
0.004383686226779049
-0.019893193474559232
-0.032546113187264844
-0.03402401057122542
0.014921844905648414
0.009844691303766672
3.949236068046553E-4
0.025804851793979924
-4.6125283731040503E-4
0.0027406332594601753
0.026172689101677752
-0.016834118969384006
-0.01917210710676025
0.010517536805637927
-0.007599337468266709
-0.029752036611041675
0.06735920706164046
0.026793367456696995
-0.010122562525404914
-0.04414538379037397
-0.006740110909245434
-0.010620094351528483
-0.0168121237230505
0.04637692669603693
0.0018464352970117123
0.027377662092880797
-0.002915580387171542
3.734853944519855E-4
-0.015140095722714813
0.007919114787160961
0.008783046079733133
-0.025384738971746566
-0.0022936793541356686
-0.0023694438468410254
0.05530694791370327
0.015642807957606305
0.029749808835548817
-0.006996299695000261
-0.04045213804185369
-0.031072499195580878
0.017086837322289536
-0.04186029997547942
-5.03871528111583E-4
-0.018253333473943874
-0.0050852289899771174
-0.0022352015619921265
-0.039026423181203064
0.01466697607466466
-0.008698511011967437
0.0033224479987354963
-0.014894754093591268
-0.016014331157347832
-0.003970481783571228
-0.0016334927657211272
-0.0032458620083302436
0.032235881230719236
-0.0026258406732381995
-0.008151372704297223
0.003368651411308572
-0.023979706093891398
-0.019887428343749916
-0.036169353112449176
-0.022921702352722503
-0.001417606456384609
-0.08903925802972656
0.0016035194158631535
-0.0047126031864072
0.041605474787922994
-0.020620935699075436
0.012844355094030448
0.03720317639966893
-0.0018779658075846924
0.013279231696240212
3.0352058735840426E-4
-0.009561664133263521
0.0010774151088967265
0.04071614232826458
0.007102774050575246
-0.008372976668162052
0.0279124461509292
-0.0016503910590654623
0.006642650707498285
0.026138569046405134
-0.013167131763649066
0.005291039275641758
-0.0013078852066583423
-0.013628547760860086
-0.03129961265474921
0.019381060428701864
-0.021259471879142417
-0.013727204793094592
-0.0031914414130762184
-0.014137090950303206
-0.007641668240327282
0.021007933278465916
0.012625402589675493
-0.003007106740747986
0.006200012071784983
0.018402722357722265
-0.009053654891775221
0.004234978415931327
0.0077876275898488695
-0.008160110343633484
-0.01623508418739776
0.003424395885388574
-0.018219188431491177
0.03299141159831609
-0.020852783400051724
-0.024440687745333135
-0.006902312293375516
-0.0266068243416428
-0.006701354111337781
-0.014459076820480421
-0.033036062616917515
-0.010645611193295497
0.025478615830570813
0.0015086855291813605
-0.007410928884245325
-0.006686387820443089
-0.01467624130091496
0.012112609181737384
-0.012018293568846272
-0.01839928240387574
-0.035141409782075576
0.007150715794800672
0.0150123621951408
0.017939335660728042
0.0050259878642662644
0.001653869449116592
0.018717226520142002
0.042850061536715646
0.003649215751522613
-0.0190465742480892
-0.0051396419063549775
0.015652240147021473
-0.024661908058891006
-0.007319428023487887
-0.010087071561252735
6.708788933665127E-5
-0.009889071247637918
0.005804335034628409
0.0019118512198416217
0.03632139744401638
-0.01975129136348022
-0.007905372007544778
-0.005242268861430096
-0.020639656519003985
0.007303005410661569
-0.011717652892173355
-0.006369636715283273
-0.058115402538662105
0.005813119011822992
0.006168927592037059
0.01254957381162523
-0.025187982650044186
-0.0020528052424924575
0.0045847337488562675
-0.016187556780105774
0.011662922904159526
-0.006539884640872924
0.01156496876403723
0.001372787473868941
0.0266559576910431
-0.00382260994862552
0.003964010804514177
0.0012131624367248807
-0.010919532948929217
0.03119599315468903
-0.014919173308329422
0.02207408155273966
-0.006327685262730024
0.02280202562011372
-0.034891630865682456
0.012659982744465195
0.02038481463009077
0.023762531406182598
0.02238020184233802
-0.016584623294724113
-0.02795800066217838
0.016484639724809336
-0.009141347740438916
-0.014161176310520595
0.003045320005460913
0.04617641001654772
-0.021650490886858904
0.004705565224341448
-0.009445171897238671
-0.012487363084182255
0.005781681740597834
-0.012639564962081006
-0.005211902014136825
0.00620089702863851
-0.007120996594402888
-0.011946847055965933
0.06625244472746887
-0.0026316370431876106
0.006505119542008126
-0.007180937730400334
-0.012599388814277437
-0.008799627833279398
0.023993532563383966
0.005767141695652285
0.05552845438313755
0.08273434098620208
0.006651623941425294
0.01053934623939654
0.0028362481979668907
0.02234603499184615
-0.006285610691270574
-0.002518511806170153
0.00209669945328356
-0.01902447310010174
-0.006923691116581544
-0.03309456022453384
0.015496271417949965
0.004376380430386052
-0.02196147084202705
0.02096315757499544
0.017031583857024378
0.011345119072113725
-0.01463236578729916
-0.006236821245400475
-0.008472222891667614
0.016269455858779168
0.012203896937818556
0.008851304211283741
-0.014803975152539386
0.012892332705170663
-0.03392618745386735
-0.0012487788573852046
0.06675118356235533
-0.029633288749453684
-0.004491893689976587
-0.002522899374002356
-0.017913530836761258
-0.018426805916259954
-0.0041909493875319295
-0.0050104753010755745
-0.007769445837103075
-0.0058782277883973125
-0.001047497670383722
-0.01980192271615658
-0.03447006562027227
-0.02632851383356462
-0.019463206681617867
-0.003837923332059208
-0.019585659171720938
0.02272291997596104
-0.0381935331945708
-0.046246279146661934
-0.008478984785742036
0.0011902710385778266
0.006306830364007749
0.0022357912773502764
0.09698922117480063
-0.00429884039699073
0.017963241799162265
-0.0028062758768738695
-0.02057837782446115
-0.028792129603562963
-0.007207666295235205
0.017000333528598074
0.004656209094961764
-0.02948995479557693
-0.01612415951936992
-0.004031989773873257
-0.008538813207801378
0.03578982931395635
0.03100214458831479
0.00851173094175402
0.011143663944967257
-0.010405603588398527
-0.007326655069019816
0.013485905725328673
0.007358697328787286
0.01138333026631238
-0.013971893881025838
0.0384844776412682
-0.005941010602859159
-0.015088290893642194
0.016643634633281786
-0.022958999301320913
0.01025232545469543
0.0044281374528319754
-0.0146160529076501
0.01139488653671286
0.0010931325958815866
0.018916551144350518
0.004586808020554278
-0.007479880977286979
-0.02367281290401215
-0.016322681620430064
-0.01616886269534364
0.007980394748064527
5.014945677225335E-4
0.006343280205322525
0.014968582019937894
0.004251244781854017
-0.016033846580515418
0.008898321832426127
-0.009959277286502111
0.006374581564762678
0.012967275189825779
-0.009719937014582389
0.08584289209343414
-0.01746125910316837
-0.002538647895610881
0.001324862617077994
-0.008674180018263498
0.002269560063461074
-0.04128570127232325
-0.014818737116681309
0.0071917258055802895
0.0014986345736417894
0.016385755666957873
-0.015555001869931211
-0.018000979205365874
0.019913624369092133
0.005261008144427966
0.012639291864272569
-0.009679762420326594
-3.679311635542557E-4
-0.01424353646147317
-0.006011689409461438
0.002444915987479558
0.008015369670166037
0.01006807728095592
0.00893230733191939
0.0161758490722612
-0.01643767750799518
-0.018131865503882613
0.01681126337825546
0.001038457566622015
-0.004660010484951
0.004588040631671044
5.474268594935798E-4
-0.00674475311121795
0.02105697146992994
0.0012812480694135396
-0.02299677176474585
0.0037047354294624164
-0.012369409530534971
0.0036943755941826638
-0.0020814707535529485
-0.008318219641526858
-0.006110564012941193
-0.005884150624780242
-6.503098312344155E-4
-0.009370558320349767
0.0053724990603955655
-0.019963490560572297
-0.008829235065009539
-0.013635612561653099
-0.0027357133742650754
0.03523295542020447
0.0034466246295042496
0.0353104899793519
-0.013580604236078568
-0.004264444522432871
0.017454369397059646
-0.013002302169631661
0.01209976087715975
0.006105052978224223
0.015597944439033442
-0.007816507945362693
-0.005477810975180863
-0.006726967800199791
-0.015146023300751172
-0.0220934876645137
-0.01594380201888258
0.004861201607181078
0.022836246684232963
-0.0120995833986307
-0.0038365426953754895
-0.020066018796433015
2.1358794981100532E-4
0.02639020326153154
-0.0162912179226679
0.05678953923478044
-0.030591108151929527
0.009555186612129602
0.030161808949460085
0.009567844746684484
0.01180791782492733
0.021639823761602225
-0.004069711254743099
0.08812982313954656
9.628005299126446E-5
0.002661876792199624
0.013807104347011566
0.009242186610845736
-0.0014962067315733342
-0.01166009086966513
-0.015477157222966638
-0.005977907904597544
-0.02476285619666384
-0.019755505427408643
-0.04980571764099185
-0.0028801133319353318
0.01333538444130504
0.003991444752092618
-0.0027302692095360244
0.010299504639968846
-0.015334024600143352
-0.003945940805226441
-0.00451176919039309
-0.0030639963435964025
0.018704678410301594
0.020312754409217877
6.442982882847391E-4
-0.007557909984742139
0.00127271303459793
-0.005468118545578144
-0.013827673294534064
0.019240377151459966
-0.01681528740689853
0.005576844091850782
-0.012649011807770765
0.018440956693727382
-0.004754350993382868
-0.004344873780885171
0.002332868869705433
0.05418881636713198
-0.0059323340461460835
0.0017759704600334187
0.02962715522078946
-0.00297914605156729
0.0016201922127013738
-0.002702234642869532
-0.029072533624061203
-0.010507771194736094
-0.004699962922133685
-0.008754870060187565
-0.014668580884366726
0.003960447399022916
0.007068231044739719
-8.502633812894119E-4
-0.005920805977900723
-0.01065399429838904
-0.009158779253851692
-0.030814275562988595
-8.08982875545181E-4
-0.007624088303953565
0.002483046606294139
0.0024476215180829763
3.146650180157616E-4
-0.009071572767473361
-0.01047037766315545
4.2303024180612114E-5
-0.04370383493964554
-0.0052403157568836805
-0.011316214281907282
0.006624260485524536
0.0048665523594633164
-0.05356794028366937
0.01735227879750356
-0.046207790431363464
-0.006320070957951785
-0.00849286251856895
0.004839630244004647
-0.005301986298522155
0.026023962124857893
0.005169394686737159
0.006591950703353091
8.289233351553579E-4
-0.011513918910781863
0.014732657524928009
-0.015503177748212584
0.0033882014684733946
0.007566853110604253
-0.004058438057235221
-0.012342914049479702
0.0018611991476620985
-1.4826299602351047E-4
-0.003194508709926563
-0.018899858732241925
0.005380538286316726
-0.00929717273200941
-0.007370803719099771
-0.009716689288899332
0.003264002333095825
-0.0036909324781408143
-0.012674911590146144
-2.3502625027691654E-4
-0.015076473118821933
-0.02029807188332281
-0.013903557410238472
-0.0056518372393506355
0.008867364389074765
0.01656672560540049
0.008195366033636823
-0.016869286861510853
0.002689467193487701
-0.03816164740391049
-0.03010920883960853
-0.010982107986075703
-0.002726559289287131
0.011778633548041977
0.008036275991027981
0.001692102461157614
4.2275178745145036E-4
0.011385838581979453
0.00587290499413263
0.004640871105887703
0.019167720174479305
-0.025361881948934694
-0.0035945444404525957
0.02075853975994752
0.009521788628715716
-0.00725291233774991
-0.005974989858645264
-0.008534432856677465
0.01292832236079677
-0.0019026403203497048
0.001880579504039895
0.0051273299005301105
-0.016107590667953173
0.0013146248722047155
0.01666957668466245
0.00522695063671791
0.005962192876100529
-3.711185908477878E-4
-0.014810934669391972
0.014386669072298814
0.035279360772965195
-0.04230718013912324
-0.0014681730919745418
0.01157525887132995
-0.008843664965256607
-0.0033600576479675664
-0.0071127353776523055
-0.005949470116666574
-0.02887635448305753
0.0033884809186926716
-0.00740743051530746
-9.625386040071082E-4
0.011897733608631155
-0.004669651775330424
-0.018259675248237215
-0.0447949821801983
-0.00400079158483984
-0.007367411384669797
0.007857976223690182
-0.007082339694349351
-0.004229604043016693
0.006749124003196282
0.007414467551574246
-0.024794977823093325
0.0011527598545443616
-0.014410359564712653
0.04008751987983044
-0.02751601685994266
0.007730313913177201
0.005391874580936646
0.005821564399888442
0.008270563397893034
-4.3725254051976204E-4
0.0014792214703776843
-0.011553446313375236
0.013591803426371393
-0.0022437015934230944
0.0035350259740325827
0.004163874699577783
0.008643106801778504
0.027912135452365112
3.3311089386161034E-4
0.0022956053200765244
0.01012538247664059
0.001102615404529399
0.01604507606038122
-0.015209777171510666
-0.029181547546717028
-0.030937876562633703
0.007499331059493823
0.0020313890107004637
0.007532108153641898
-0.010354909446583366
-0.0037456251114059225
-0.005880056970421704
-0.00479477037661024
-0.00453019847150019
0.009879449731466467
-0.04107019658354264
-0.010383528620717623
-0.030959448588877978
7.667092457604072E-4
-0.032035266726054494
0.0011085880784542017
-0.004747722603494075
-0.03621850631953555
-0.0023572664232640785
-0.010635366535657276
-0.011592679520441268
-0.02988611110597256
0.004830388622602616
0.007984456553087091
-0.004354482370236858
0.007115598756025906
0.0062885911013656
-0.0014981020035273983
-0.04433262831778566
0.013174172565431458
-0.004360404781748294
-0.010095671302037694
-0.0075463690137687126
-2.384869105908655E-4
0.008396033369882486
0.018715971995284335
0.00207748237392073
-0.032121825108480814
-0.015020773271170273
0.0050002724048472825
-0.02407155813956543
-0.0016449189013670645
0.026575999043715482
-0.002438210066164164
-0.0043873360382620874
-0.014914465097006072
-0.0062500787654856255
-0.020967505047736392
0.00941518380997831
-0.016081110339615918
-0.003280452782989164
-0.021138019986802415
0.003488157158390148
8.731412411368603E-4
-0.027011550788851566
0.03234272414021141
-0.0014305468653198563
-0.005054667039094375
-0.03205547842448855
0.001007283427598541
0.013318781757799806
-0.005752054358084314
-0.013244921726262087
-0.005930654576701724
2.8437695141888674E-4
0.002075728758567415
3.0327484979643886E-4
0.0025694145569328335
-0.030843547464831676
-0.008048966627778403
-0.005931025105874447
-0.021597066100677367
0.004394218221534792
0.013702247720433868
-0.008084050811844684
-0.003967998128204595
-0.0070072486557497425
3.9788571296703047E-4
-0.015424819657290973
-0.017781364519037612
-0.006498850568719588
-0.013936578201309714
-8.377940692288572E-4
0.0022147138875952266
-0.003140754678207058
-0.005126242583012187
-0.021941326347953576
0.030454371253596603
0.0012279743678707377
0.011810695311265188
0.0038509473624285737
0.004126697328733819
-0.02145763156811943
0.0037904566765993375
0.010458325149890159
-0.00852104760189942
