316
323
317
339
335
324
318
328
339
294
294
330
309
287
342
308
325
316
315
305
324
340
313
369
354
315
304
373
349
292
320
292
319
316
329
328
315
337
291
340
350
303
335
35
294
306
309
36
347
287
344
346
305
313
359
326
333
285
40
353
45
338
357
335
312
41
332
291
308
348
379
333
313
313
367
360
289
32
58
317
317
329
365
359
59
320
356
338
367
320
16
291
358
336
331
330
18
324
303
374
382
308
334
293
47
308
376
286
292
294
314
329
285
38
15
302
316
325
359
301
285
36
312
296
315
47
388
335
306
319
368
57
353
347
285
71
414
284
67
73
