0.922301385131733
-0.7945812280681331
0.6015538219428443
-0.9980746822047813
0.2710389793509757
-0.564036626198712
-0.2883233216650776
0.46028106399229834
0.43004279703926546
0.5402023127540608
-0.44108132378752274
-0.2868217340555689
-0.3347005744331684
0.5306855306834274
0.20518337389575586
0.6159348763108002
0.16858913167595266
-0.33146786444798093
-0.27797408742761864
0.4347437125547185
-0.4130123604540468
-0.23065278355177415
0.15375208245983635
-0.17678936773716772
0.14469026616893796
0.41973933434266014
0.2906568449899122
0.2651049258793699
-0.16748145220696692
-0.36464591570762117
-0.2818497854633
-0.4054841313363806
-0.15393666693451688
0.3012954607743141
-0.34428576139449407
0.31939210337103
0.18449065405855544
-0.1833569407393894
0.16246448953731982
-0.25645676464032835
-0.27627823522183714
0.2950853895066231
0.18484160342674047
-0.33129955426783897
-0.18280475901759713
0.22943235064720505
-0.375712542278894
-0.14248026843486689
0.35474524544381647
0.365236690881198
0.147075827698353
-0.14478518045880334
-0.3456192155330103
0.3920030779842066
-0.4163094395741227
-0.2196736089066555
0.19736947204969604
-0.10791706824587634
-0.19382299008921364
-0.10792726490735723
-0.2687237303825833
0.2511047229125636
0.08126206596782988
-0.2544170581359778
-0.25193567588508087
-0.2127300800559085
0.22469832566126827
0.20549601500585887
0.5852664835927894
0.15324293363221855
0.15548127242919446
0.3888119671660505
0.15826197128074032
-0.15795377214665218
0.238376116069181
0.1228823269080479
0.20848885820927163
-0.23245244366140463
-0.19503105232430923
0.1873475175167678
0.569479467748008
0.655780100483554
-0.2466579295481149
0.22310050897854294
0.19154182049229077
-0.6178425411634334
-0.22133040970734652
0.17737832992056043
0.6119031767960506
-0.21751312738067283
-0.3047940354438247
0.13399524895911286
0.17341682771600042
-0.2186751457964652
-0.10938163752019475
0.22051244825853722
0.17091983186639068
0.12047928003032438
0.15668087369321282
-0.3384068544994026
0.20949707918860194
-0.3622369220924251
0.18099509326245866
-0.09755139833358713
-0.10753719069685715
0.3084615222032763
-0.15929719325056993
0.42410890463395645
0.1543689505418785
0.20656255006299065
-0.08424905332050871
0.2585511770037053
0.09513285498072829
0.05188737474806858
0.09360295006320365
-0.21067765420573123
-0.09619111645938705
-0.17932315189964385
-0.27768120978085603
-0.10225096384043492
-0.0841121885724998
0.1154371952229758
0.06465023166140048
-0.10549683284596909
-0.11717814964477864
0.1859438844942386
-0.1257819637481312
0.141500868789212
0.29409013634328673
0.12403609173786737
0.12201584577618807
-0.08709771636205486
-0.2341839233181751
0.12436869662974401
0.31344648599485175
-0.12615861758203153
0.17123226684877738
-0.17442605184352072
-0.16862317587446857
-0.16143257531436123
-0.038218356494652446
0.3284787808816109
0.3295039201316932
0.0775628111941117
-0.1222875390107176
-0.11609380366268042
0.11780685293739637
0.06783438100355291
-0.1476047947712652
0.2767380515361829
-0.059799704126789796
0.19390133155979863
0.04014452237699236
0.20748594017870803
-0.1669334078373173
0.12186821919706695
-0.09006167307513042
-0.28182622777067273
0.2103357400707207
-0.05434604636506183
-0.08108004111260209
0.1399735635094358
-0.1426033888206748
-0.05363778570805517
-0.12807086653213598
-0.12153108384512873
-0.11418916301013275
-0.08587097001866842
0.06268657977159514
0.17176325524514685
0.09485182654464364
-0.17018675296375524
-0.10840396403770872
-0.3004186673250457
0.07904930422722052
0.09555780175539645
-0.16556152921125
0.3190540563658194
0.06960237236165852
0.09177205853886246
-0.22687830259472863
0.038102468847125155
-0.11289342380623353
0.17025234056464997
-0.09351568147419495
0.05837351267278736
0.19599730891826708
0.06384099795262727
0.3123126095079605
-0.0325082560704003
0.03561014716507351
-0.1768008729646739
-0.07277997497212292
0.10204315289964906
0.10134231981662055
0.1367933999793288
0.2957414625752842
-0.08133717727820614
-0.07772146372879636
0.17876460373818112
-0.1255341831609326
-0.16840704606017173
0.24807863752721562
-0.23269095196605588
0.0865940588141821
-0.0711104971252713
-0.09860820380255866
-0.059902163099972365
-0.15729358658136372
-0.015377723956743925
0.11288991492084842
-0.1483730656598441
-0.03224542199408719
-0.12300894616977259
-0.05753683355524455
-0.22871277227808534
0.04748265936659632
0.10334746694521992
0.18682314377529488
-0.20433888865389466
0.09131382217839058
-0.017217452667274275
-0.10128902958106421
0.15855083329751982
-0.05553136695269083
-0.1832503156152585
-0.15077299911836312
-0.1659670352642856
-0.08698047683743128
-0.10758293224626655
0.10772696836000416
-0.0489458355061554
0.04865097075986325
-0.16000347528283151
0.04614996717240937
0.009837568282042585
-0.08881560079741108
-0.027475946356805694
-0.04540727195427707
-0.04675400980587139
0.0179911568404288
0.09134793070084031
0.16747143784271162
0.052985429338141814
-0.03407872415832782
0.15137486096533959
0.6004268023397619
0.042076715233926434
0.03992617685020951
0.20377241621405726
-0.06348118600843078
-0.008124648896009608
-0.05582965402187751
0.15324498200186776
-0.05225318680501465
-0.07395191270006249
0.07421937703629035
-0.050202438275260004
-0.013434211565165758
0.01733806320690904
-0.030832621483258226
0.05649628437365087
0.014116802921549909
-0.07741001501671414
0.06520135125473965
-0.032554514913046874
-0.010214243918627467
-0.06149596841106938
0.036310743940571565
-0.02818087106330641
