0.19136460734368946
-0.20153246962936278
0.36712185500955896
0.2767427797312615
-0.23464955214062133
-0.2306727996638921
-0.1332778942738914
0.11750196412019498
0.3170072419324516
0.1861573876547355
0.5357412857336785
0.3194710997581033
0.1614226730166648
-0.17572354549474303
-0.10222965199182853
0.4654814149174325
0.11446678486877938
-0.1808854924369243
-0.14293708624761944
-0.3992661390931427
0.48466457564411713
-0.16768936465936257
0.10454849764551602
0.14598724216701317
0.1088691023797699
-0.16142157659870182
0.15503267830662182
0.18081951136849733
-0.09677803777078332
-0.5356685218775192
-0.4169700502630277
0.08357255454132184
-0.574061390030386
0.36482132288200825
0.08944000020134886
0.10402693292749775
0.49083889562372246
-0.14823636523773603
-0.11719490376739632
-0.09486328272748516
-0.9133987942859485
0.3612875779554707
-0.1036419728046316
-0.6333300020774261
0.8137529054449878
0.18766369319654438
-0.08289603465519162
-0.07856832702751787
-0.24122217001936216
-0.2609775988581066
-0.19736909231343178
0.7060872510338453
0.370119108429585
-0.11635625449187441
0.8159935166351007
-0.15900726276305097
0.18212181356990623
-0.1812049224995313
0.23056736834450192
-0.07025620499825158
-0.08958496968603512
0.37179102154270094
0.14826122699714103
0.30072585488769893
0.10769017050480909
-0.1995504089742012
-0.17331613290566025
0.4252013918528879
-0.18770973713346195
0.47549061575207613
0.1187623009770936
0.29303618510824264
-0.3132230676365133
-0.45523280660716536
-0.27813395515676814
0.14233345342145443
-0.30587458946185964
-0.26497524926491767
-0.479469706375302
-0.430841915257876
0.1042000993782258
0.06348481989797232
-0.382765479357103
0.06358292875172586
0.05512013330699121
0.7104062176132603
0.567346827721766
-0.16302957231638832
-0.27328003880630675
0.12207725707107832
-0.08652349447535068
0.16243623467541568
0.5459713935590925
0.11485055047339934
-0.3723065565517433
0.09134552696216247
-0.24558070504581214
-0.352039424681715
0.07545531513713105
-0.16194429709932193
-0.12759309087799175
-0.051170011384965804
0.3244559415389283
-0.5157138199728939
0.2548745494267163
-0.07684862692913187
0.716392321529606
0.09726832808388308
-0.2356686178636964
0.395842414182831
0.08454141074486872
-0.1279271905691929
-0.17621486330322134
0.07932021817092949
-0.09018706998049032
-0.05084125598946413
-0.2603505859830828
0.07018093333446598
-0.14389279973671415
-0.330618651992875
-0.581180507326442
0.29804811559916927
0.15372181621410141
-0.2465740787733933
-0.16376478547701934
0.10129766553989548
-0.15832791384077277
0.13078519818492826
-0.12160967367464644
0.11917921683821278
0.14875612315889186
0.12621167741775657
-0.21960928505876878
-0.1274720343242172
-0.3524184925820973
0.28035978595944405
0.7018034384527079
-0.20609083824481297
-0.9352113158354669
-0.06610255428223255
-0.271882378375423
-0.12802121076878506
0.18601581628095545
0.10198189820454946
0.24528811593555344
0.1380298676786971
0.4733455676995816
0.3969682282069802
-0.05191591664943835
0.3196258370520102
0.14141840484038812
0.08099223836922534
0.27053597189051765
-0.2346620453409739
0.08687387425742339
0.09861370770561792
-0.5835902710072763
-0.4875976351253097
0.09572968365436765
0.24371835593709948
-0.17979509994203918
0.23087303590174227
0.472390800832824
0.32141633653148305
-0.12093325630226053
0.14721396277426066
-0.11664299209619185
-0.13003443013930002
-0.4042665499557829
-0.4436001729981198
0.15011535546459714
0.2675581094427458
0.0816649851170322
0.13599673984395147
0.13596937326165448
-0.0995657482356792
0.32219731240363897
0.1605646942374984
0.13320439412109866
-0.18466625531660882
-0.10041186922918433
0.0822951818951647
-0.057417277451859754
0.5798282844428033
-0.4512979456755183
-0.36997500487305557
-0.1410608383858641
-0.052668047232967315
-0.517509484480569
0.3158347368564612
0.33019700974382804
0.10700715337061385
-0.39782209920323036
0.20517023417295988
0.27611968546173726
-0.06046713164339808
0.13860870186068677
-0.11889157288514161
0.38641496469930636
-0.31222331479954757
0.2665631241452042
0.061978458868223625
-0.3024803126715438
0.23114234857184365
-0.31202194936740285
-0.23209762619727195
0.3076130881669561
0.05716043894865277
-0.3023449116890319
-0.12895510015997735
-0.05388287161185596
-0.03935589445934288
-0.5090007727408283
-0.2852079473258515
1.213936013682673
-0.06671418733790489
0.10911087211265383
0.12483340364619669
0.7256032842495264
-0.4449861573821741
-0.4241395491152028
0.17139484700065252
0.4142819469440286
0.4208895739642553
0.06305605328300797
-0.16584425966232758
-0.664443057413948
0.342746563262587
-0.1693451861399937
0.28933671916452935
-0.5543595370070156
-0.20984616724195504
0.08000498307782801
-0.07361556740570634
-0.11311115158648682
-0.3395020277628986
0.13928087959960028
0.4130961900819687
0.11916789425710349
-0.2166414994825253
-0.20355467565974986
0.14286605112613526
0.04941125040703837
0.3472634636493501
-0.81386296649206
-0.12054906556296069
0.26981498449094493
0.1983897240940422
0.0718835491413195
0.8503896118267512
-0.10847697884038601
0.19546069213309183
-0.06356032373136035
0.19756744115412775
-0.06024829647863303
0.15187694865945156
0.24932340005651776
0.06865855117471549
0.10795887924220494
-0.7073808951602902
-0.09730489089311492
0.1560842297335831
-0.2031523367549146
-0.24239499457784103
-0.22035520943468176
0.2718698408083514
0.07663823504797014
-0.08248065261777425
0.3478564609788467
-0.4447452748900964
-0.1672827912009446
0.06453594417495008
-0.16538288403813042
0.3855707688198133
-0.31782745803324347
0.6342014856121914
-0.8352733363100139
-0.0987803989115906
-0.050894701707664566
0.5916793279597521
0.08230385040333345
0.21573538567285705
0.07711192417846001
-0.20942553619232657
-0.1726734098889768
-0.26583785312496
0.09424877830208736
0.2992170929094721
-0.08258219128449976
-0.3833055956357452
0.08435719143250854
-0.08422933563685676
0.0504723319485024
0.563062992966114
0.04716098721464186
-0.33639440157721473
0.08524833767954494
0.1482600693965235
0.3381756878744269
-0.1724470806990523
0.39203554606744484
0.0919976738545234
0.7281839863112505
-0.23184314203609369
0.06702001066631685
0.24643338470847556
-0.09135540190478011
0.06132911811465642
-0.033300334095413664
0.057365680830649184
0.742119999031478
-0.13002334372239
-0.21380374677122527
0.6694663089763475
0.46704561949110757
-0.3674925280765751
0.16722589602707894
-0.4455122084702459
0.39114653087420725
0.06480278381794409
-0.10183401389178087
0.04522937007280328
0.1543778209162874
-0.09080489998209762
-0.0915767744210178
0.10969003980856681
-0.31458990266176323
0.2349544031275344
-0.03391404089615473
0.18998346279447254
0.5963498734002687
0.4901218835766645
0.2551548730397617
0.13209878104854222
-0.48701318947860595
-0.3638785428709019
0.1673455963399718
0.09254728988296622
-0.10669054680518773
-0.2246247061146515
0.296383083044874
-0.2074789254818783
0.04901824605226805
-0.05115642744077352
-0.26723851507856883
-0.050949247640324095
0.5112117327209594
-0.10182303300592828
0.33815001598201977
-0.3170274272062956
-0.0354908765605491
-0.11790095232992152
0.23151427716892561
0.22951025972499434
0.10585877885345589
-0.10780821362962327
0.09392888104248742
-0.06371717619122107
0.044269201190274485
0.5654378532535335
-0.0982403400113344
0.1877747759843125
0.08325404975733147
-0.47637672674273873
0.04633903761146945
-0.029177707590986188
0.7734879315073322
0.14790940110426926
0.29494062700612034
-0.34053064310586423
-0.21403285871253247
-0.24348863028477016
0.04426981654074919
-0.42861941710063123
0.07167400708309707
0.20126880787583556
-0.13689223511205148
0.1774415478892792
0.43437582141828923
0.03433638703948357
-0.7132247939267978
0.1741240548061147
0.03360332318151704
0.2161946346291346
0.06098112567810196
0.33822096989537814
0.8755104482701995
0.13121377942878343
-0.03525178850124463
-0.179662437698197
-0.6881872613514731
0.06677883433209883
0.3187520013825713
0.17746329881140765
0.11125127031393442
-0.20930283549227827
0.20750525665858197
0.09422519295742002
0.0227990521579546
-0.7072433038850998
-0.2552652083697641
-0.018888598371588367
-0.07599140224256065
0.28919210409742313
-0.10557130484054314
-0.03795236832730604
-0.2005117952991489
-0.08744654842856875
0.11551550275449377
0.24746360812911072
-0.024016421897105452
-0.048946729857069514
0.06894424024322199
-0.1114493121388756
0.10283028453641925
-0.0372341553826426
-0.11245737330314962
-0.3637147263220523
-0.07297281528559302
-0.2534734479084922
-0.5501870933272968
0.10343292800530834
0.38138255924210124
0.13525848366236384
-0.19112436875107627
0.03150662606594177
-0.17164270948917945
-0.036471275784649385
0.10721435785585309
0.09814873840170202
0.019782130856811176
0.3277892948312167
0.047750068505734135
0.13506348434785426
-0.1908993856828687
0.37833706326569533
0.10329051443908172
-0.050442055753313855
0.10175928492090924
0.044136591461488656
-0.17688582498744654
0.2485193155121542
-0.10345459230876083
0.5938507869933028
-0.09732682386308544
0.22027684546595125
-0.0957507036234382
-0.04983401680662251
-0.05158342171210064
-0.12331379588471282
-0.10064866753615824
-0.01585772751156982
-0.1333011736328375
0.08830272755735347
-0.06527689225916092
-0.08073906548991402
-0.2547271168528442
-0.12740018094477087
0.22138790206668707
0.10150093805470062
0.1256784466953687
0.34490804729017005
-0.12773313560732183
-0.020633240157662408
0.08953712141153845
0.42813150450372306
-0.1718782901135238
0.04149803089350991
0.29817331949641473
-0.13490373129713465
0.03739923337961596
0.0626257477412641
-0.4070175759228259
-0.08066395892647907
0.0836019547330028
0.28240100914751554
-0.2536562261988115
-0.04722319358694639
-0.08118663992075266
0.20007920408448948
-0.11457003801160286
0.07756950877402234
-0.0675443723719419
-0.04223867885140116
-0.04121616967213377
-0.09259242747581334
-0.02772325100564559
0.16367062231349774
0.03576867026955956
-0.07740966224172006
-0.21815756768133027
-0.12770960811748086
-0.10498681670801407
0.09935453467359862
0.08288348153487106
0.2085381411787651
-0.5010667488931728
0.20681306270183478
0.06458816414967891
0.07509671111186081
0.24969617861723178
-0.05932572003157696
-0.03350302006878149
0.3114843765448192
-0.04188326039725201
0.22668115385545934
0.08266071856826356
-0.5279458772846629
-0.46407434594406377
0.31017930275588995
0.08651053739477105
0.2514843496888347
-0.02775225036820118
0.03452925398405871
-0.10762167096978467
-0.16078526345121918
-0.045415434646286314
0.12597573020034783
-0.23696554306301576
-0.699053981537302
-0.10969719716583431
-0.291128107525727
0.07385861690735641
0.47352625978368723
-0.03686121347299294
-0.30049725939428323
0.24411345709262022
0.06214683796242762
0.09079856155413042
-0.10305284313025537
-0.26071120986797836
-0.10882599119926493
-0.007637763151451628
-0.28724156808037915
0.13415719390507644
0.009748927248664998
0.028679578886465884
0.005188929377546721
-0.04503330587149174
-0.044504880200585975
0.012731188982195668
-0.04456296744688883
-0.024160575208093626
-0.0018242899401734924
0.07212333506518348
0.0400876778121852
0.021051690930176278
0.04525546658942129
0.015351991580349339
0.10811093513718174
