5
5
821
6
4
7
543
329
902
274
5
6
8
550
3
4
4
5
373
340
370
728
643
550
559
670
4
685
639
319
315
300
4
523
740
670
640
662
333
5
603
5
6
462
2
643
298
333
337
660
5
3
8
0
323
374
7
657
1
6
7
570
673
7
646
614
8
672
684
324
360
374
595
304
606
662
5
272
327
321
273
284
281
896
521
527
541
300
5
819
543
4
768
612
613
552
4
660
6
715
302
820
312
301
663
345
806
281
710
679
673
599
895
711
307
5
857
6
733
813
1
322
274
278
377
4
296
0
3
359
317
732
606
283
812
560
348
297
510
7
305
1
2
592
493
658
291
659
581
613
5
711
8
677
297
656
734
494
339
303
671
796
670
0
658
2
375
278
8
284
609
3
661
5
850
392
912
542
475
551
542
717
720
356
0
558
809
3
574
642
559
1
545
298
885
2
788
274
361
518
555
342
6
727
920
264
607
812
565
2
3
771
669
668
650
2
614
657
299
486
541
665
373
799
718
512
618
550
321
351
553
3
2
505
678
777
353
535
969
945
286
849
979
581
4
553
293
1045
669
345
303
589
1
647
651
598
935
4
742
536
737
790
910
797
930
646
354
1049
799
667
8
641
671
608
261
649
536
448
579
539
553
613
562
849
848
915
730
3
1
535
852
852
338
818
726
849
610
348
636
823
10
819
608
7
799
516
676
918
2
536
893
466
1
2
318
331
561
919
625
730
852
272
262
596
333
898
4
361
736
457
547
718
612
431
684
332
647
341
663
339
540
613
840
658
614
722
624
701
546
2
537
809
919
414
2
457
303
553
738
683
829
593
828
728
5
967
832
648
782
894
422
895
620
272
680
406
675
340
840
434
677
375
895
368
275
795
794
9
6
663
416
5
2
803
641
667
661
458
3
327
583
913
290
754
333
829
757
326
673
835
444
718
539
385
523
294
618
450
586
512
765
636
653
809
235
690
978
537
676
869
668
432
496
642
942
349
788
547
920
580
10
907
915
725
879
708
282
337
824
274
625
637
335
340
699
774
540
900
307
871
723
649
260
672
7
369
733
664
570
646
5
336
261
241
6
680
775
1034
706
759
1
932
343
1028
645
237
815
218
650
298
810
904
794
898
396
291
861
277
803
841
331
962
673
833
691
721
350
642
593
465
625
358
654
768
925
843
332
938
727
726
731
910
726
416
711
538
637
4
6
651
946
334
5
339
5
929
652
271
911
248
710
676
956
259
628
709
689
853
864
687
789
660
872
359
790
688
2
315
853
309
260
911
259
510
10
687
247
848
910
696
305
678
543
713
734
907
4
771
1
512
315
730
781
928
463
1
372
3
712
258
708
338
697
262
751
0
5
828
705
834
350
729
780
921
261
1
302
676
919
697
303
697
675
595
679
664
895
785
866
479
675
337
273
975
301
635
701
251
618
789
832
839
680
17
745
911
0
766
741
916
665
0
296
4
640
433
1
274
631
333
822
977
293
787
911
689
497
293
897
797
812
240
897
1035
842
927
823
833
612
770
686
6
858
698
916
730
613
886
798
792
0
239
854
596
721
2
841
466
990
748
965
473
284
657
629
797
760
960
980
714
701
948
720
847
601
725
975
339
2
778
687
1024
690
678
696
347
776
909
716
702
511
9
749
920
787
351
840
925
718
837
422
1
1
506
835
841
747
1
849
724
