-0.01901181577810019
0.020588649178218288
-0.037369016877719395
0.015969795870177703
-0.020069877289927138
0.014874510447702341
-0.013900952458614365
-0.015271018201018099
-0.014835384501761499
0.02687350636205101
-0.01427136072086674
0.022924443777236177
-0.017940214188027652
0.009824348951834037
-0.009197870160303587
0.007823710655000333
-0.016514461095368957
-0.009067274585768881
0.010021785681369409
-0.00970484823652304
0.007615210026977473
0.01148085652840429
0.007121297644345749
0.009270140103151438
0.006135060343245997
0.009675120833230457
0.015699024383526012
-0.010875295819295
0.008322094804181411
0.008598364297586146
-0.01042878222938248
0.006217634237808789
-0.006980523868553843
0.00854511162206225
0.00897851802935672
0.008673766240075126
-0.009674505138619106
0.01719583122058974
-0.007974170561566294
-0.008058740553486666
0.00690765219707191
0.006357252386832675
0.01083427786117758
-0.009532758582481855
0.00917948465008184
-0.011363475039967225
0.011470918635889754
0.012993818000058726
-0.005823896622545885
-0.008984346528912534
0.008284705485038076
-0.009186594073136163
0.011111159962942697
0.011319271673197297
-0.007322527069871138
0.0069245636040335705
-0.006439295995193542
-0.0049823013260612845
0.009430553052221416
0.0066576919800656175
-0.004011129538750038
0.009031341738805146
-0.010584914872167634
-0.004845263683333709
-0.006680855960116523
0.007944915583370382
-0.006921274689589915
-0.01128804140780789
-0.014332781240741893
0.005466675035171473
-0.007970042244673622
0.005561394780860316
0.011826605052524631
0.008846132344059222
0.00667406199846447
0.011564279725197664
-0.012758761432038872
0.00828037421548172
0.009357605578060523
-0.007320047501513919
0.008030916699138194
0.008321308949947877
-0.00766915682244115
-0.0069886215976656865
0.0059221786801567766
0.00456696443825707
-0.00785954625306332
0.004466736882034614
-0.00915066356395668
0.007012042679821241
-0.007794114769422862
-0.006575249146375298
0.0062579539993399096
-0.00867342415513787
-0.007010095653854379
0.00659800660941547
0.005448308702348601
-0.009204075208723128
-0.019988451035666568
0.007963908600673388
0.004943381259271673
-0.004207721110533715
0.004481392583722533
0.006268864487883336
-0.008486755016816897
0.008851371300856217
0.003921571400990169
0.013525435776091806
-0.0106102822461376
0.007531914607214711
-0.004469533637570901
0.008276981158728984
-0.0057846073840123885
-0.003128168458520217
0.0071877680893068525
-0.002492536663761021
-0.005976718087129708
-0.003185410000052154
0.008268438101218157
0.008279814412290776
0.0032024265104290007
0.006381926073569579
-0.007696362229009465
-0.004074474009725627
-0.0032742245172942956
-0.005972598517219489
-0.006031329488934847
-0.005155619664823021
-0.004640249290767612
0.006988146300844778
0.009321762799183082
0.003341479363134019
-0.00973889050047062
0.002383446896482261
0.004352991682596641
0.002809909484888428
-0.01038583608504608
0.003931687994659928
0.0057810768720605015
-0.003198920614250023
0.006536011292192088
0.007196713221317535
-0.007685555475377923
-0.007914336169952022
0.009517137898754286
0.0025111840862695415
-0.008190729878694392
-0.007440085076421398
0.006295030435521563
0.005597158162204686
0.005316310042951495
0.0032750486012675865
-0.004590085129278763
0.004844953154778721
0.006438924820940681
-0.005322143269350009
-0.004360653031051877
0.006326021698388996
-0.008301813431524295
0.008056681530926223
0.013288553753710906
-0.00980431256800088
-5.485803982672795E-4
0.007247691874221271
0.00700046497335279
-0.006035321341793828
-0.0053015114423506085
-0.001959159811110505
-0.00498652057385699
-0.005966574043822677
-0.006262431148159786
-0.0032253864362037274
0.005712971121220873
-0.00586004240629136
-0.002938216293431517
0.0022991572636485167
-0.0020927525328047246
0.005386826343153689
-0.00127016728030812
-0.006962962987542659
-0.007030020474947657
-0.0035068644212352504
0.004464295767426608
-0.009032226641900053
-0.005775327133105833
0.005850132459152248
-0.004309594052312619
-0.004149942050079831
-0.00972372864581105
-0.004668233296689071
0.00321661067636472
0.0030789995158358795
0.006547720486052741
0.005773079943793339
-0.0044009015951257235
0.004203264651850586
-0.003594110136014029
-0.0029265418730392663
-0.0046133135750634794
0.0066773379382959125
-0.0055127575760505485
7.825601066934194E-4
-0.0014538658924840209
0.00896706182116247
-0.002933534614821405
0.0036133818522826266
0.007696678918511589
-0.005489198066298935
0.004966157096056425
0.0025235032521029894
0.004431825693021861
-0.0036167417959284427
-0.005778633663076573
0.0029494066630273838
4.894704856643075E-4
0.0030453870173227995
-0.0034069459361346323
0.0027268726481521877
6.24530227806709E-4
0.0028424155798526104
0.006201657735265886
0.003145814372202511
-0.0035700294829707642
0.004056560948228989
-0.00566218389120912
0.00184734686503274
-0.01943181969769291
0.004721182546592563
0.006114167262944554
0.004476205850350806
-0.0024701924732330213
0.005478822817861878
0.01833816985078662
-0.0011930847801744661
-0.0036663471110370232
-0.010214240051664006
-0.003907582906361956
-0.004878485306066298
-0.003912953847844815
-0.0048062761953995585
-0.004354026126586314
-0.0031025303656225262
-0.009074423320857427
-0.005583049206476998
-0.0026443393827450144
-0.003367020882256503
0.005552983790551793
0.004358781378183118
0.0024864550277369137
0.005113929277392449
0.005538744360315236
-0.004262421022812819
0.0028224539204758786
-0.007675103075568008
0.005140124827368586
0.00549009589837304
-0.002842705427227477
0.003983531632930619
-0.0057624901675089515
0.00463629498412808
-0.014128043777605782
-0.0033371402950640797
0.005416270355945275
-0.0025257572867199863
-0.01569257063429617
-0.0043162438187736105
-0.008778504355222412
-0.002436059799670037
-0.0010316714997046443
-0.015318288829810624
8.516727491662886E-4
0.009750575178063341
-0.005360434571078385
0.0013537165513880579
0.003051112129125783
0.0038542968300184694
-0.0028973074832267798
-0.0038692909848431012
0.006873900871537186
-0.003408303714241474
-0.014476950975619752
0.0038493731446752185
0.005644123788430593
0.0025085859160908818
0.0034912115046197194
-0.003019510538922956
0.003170180387137565
-0.012026344715369407
-0.008981826680662438
0.003449798182532885
0.01358549941085559
9.088985669614834E-5
0.007859020638025791
-0.014156407761147653
-0.0058699281254280715
0.0040723789773233505
0.006209947520346474
0.002180129898779184
-0.0021755521303653113
0.005787730671798786
0.0037768702903591147
-0.014051624755061068
0.0038975645402787866
0.002851282713156823
-0.0026472180121760182
-0.0033574285877348794
-0.003675853775779441
-0.0031133392276795012
-0.005400444546316027
0.0025731890855200602
0.012841938506451135
0.007546556058289639
0.0044110000977681295
0.012534039366043475
-0.001369446821345144
0.004463625102979679
-0.006556065292991807
0.012277842662092614
0.005501269470807735
0.0027210570180561384
-0.014652788686103355
0.0016396132252978657
-0.00267195094151814
-0.002471855807142531
-0.0019670087232535284
-0.0026820089964284546
0.006297976327925242
0.011300933846097396
0.005308497549377099
-0.01149609642769752
-0.0020582482856200336
0.01128845464621757
0.0011552738503094772
-0.005136949735163429
-0.004433447997797144
-0.003512163681186024
0.003282272090586014
0.0054567625567958425
-0.004942780958445057
-0.0010400172434585817
-0.0026318607312727773
-0.002048115669664393
-0.004237482067237729
0.002278440332245389
0.005203280248085014
0.002208420260775612
0.01079452214023507
0.005339465544316972
-0.010703613310475044
0.004333980703713091
-0.0030425423187556383
-0.0012512088254907872
9.071076857131428E-4
-1.2781805182363122E-4
0.010279455694875705
0.005055469494921603
-0.002851257330377532
-0.001139088755095865
0.009659772200215532
-4.058114543840759E-4
0.009561678576501547
-0.009660255798512067
-0.0019841931596767783
-0.010098333655094362
0.002732155544089713
0.002068530290320785
-0.009754796653094715
0.002413666578884577
0.0028569753426404055
-0.001796878960868806
-0.007083714779874744
-0.009973462318359532
-0.0019390482448983302
0.00904317093822844
-0.001965774282101811
9.42546066394145E-4
-0.0012060201980914765
-0.00477220929852795
-0.004955114113964888
-0.008724613058469555
-0.004451589406927544
0.0017675220191080638
-0.003030051341350235
0.002680972686805619
-0.002266541158160364
-0.008031775227146692
-8.74031959984697E-4
0.00896530115964901
-0.001402659175461388
-0.008988792850598303
0.008531237176259409
-0.008535349274673271
-0.0034219876113878835
0.0018430058713782681
0.0033900292183632877
-0.0043990603864130775
0.004922577426395465
0.002879865732819348
-0.008299871297638262
0.0038299334407199646
-0.007943084958842484
0.008232233420511685
-8.599254414136788E-5
-0.003036888657621475
0.00850729354591482
-0.0033269026846953903
-0.005895147297081163
0.003344224917763892
0.0049075676721069255
-0.007814481365720041
-0.007722982145805487
-0.009190153796783607
0.0075032829046995375
-0.007866683544367764
1.9542034223067787E-4
-4.9294432110573E-4
-0.0011287856259999782
0.0014461166238507028
0.002247471567194863
8.817025000127624E-4
0.0014095780326467203
0.0073099240908607995
-0.0067840697644974066
-0.007503188480105301
0.002955802647310237
0.0011885274062775795
0.0028202968086770653
-0.0011289055742226735
0.002396200489510914
-0.00318964700643588
-0.004887433150312778
0.0036650942909869154
0.006138540861252446
0.0015879583298469228
-0.006864856735525894
0.007236740057926984
-0.007311392415156536
0.0019113255788119855
-0.0033812912305140985
-0.007262591952976673
-0.006807998750196201
-0.001399818047433537
-0.007469985108347037
0.006613072018098234
-0.006936172962920818
0.00709945349137528
-0.0069535112665875054
-0.004347214007203294
0.002152995828181108
-0.006606582682663909
0.006331390562140092
4.7062460505290567E-4
0.008153505048347533
0.002272522856324205
-0.0066353443477180675
0.0019634050439847157
0.005789899068924951
-6.755355371730846E-4
-0.0011559678024582816
0.001909099227926766
-0.001906545117583849
-0.0015894450792394263
0.0034504786571125648
-0.00617473227859652
0.006721523785163164
7.377654481904585E-4
-0.0011421330451549477
-0.001196137817609126
0.00645522219955002
0.0017213011990216225
-0.0016420286669877524
6.300782327739411E-5
0.005396167477658372
-0.007148657259892234
0.001886995470275116
-0.0026476924558253775
-0.001133980977454845
-0.00590504788967566
0.0020990676806313803
-0.0067152737010243635
0.002160331686229595
-8.77937752569445E-4
-0.002892350556733065
0.005113763154459024
0.007232326660432381
0.005250341191060116
0.005904311475629705
-0.004999439746718265
0.005597987100430748
-0.00541968596960663
0.00566699666705551
-0.005331553597136714
-0.005616739627930596
-0.005410219671755466
0.0014274969917884078
0.0052788483054372675
-0.008281910208362215
0.004832417599725638
-0.0018684550134089484
-0.004170334042173421
-0.0016071916554890701
8.42938430520955E-4
-0.003906723517495686
9.138235598629837E-4
-0.005189877870769198
-0.0013749290911003042
9.273385712392296E-4
0.0015028854632950955
-0.0012683244428439513
0.004590219914758619
0.0028775174856122848
0.0052623242421909
3.81236186998009E-4
-0.0018102906986508553
0.0031548605954801736
-0.004147921350604189
-0.005343205134463931
-0.0015494690004989949
2.609377190480187E-4
0.004740479259780631
-0.005511561264434089
0.0012509828711103968
-0.004828302172236735
-0.004675370403763785
8.088926242231547E-4
-0.005566922471476468
0.004202135449002878
-7.960712443806017E-4
-0.002167046802667392
0.0012432104521844392
-0.004606237537084531
-0.002271387906507405
-0.0025656993396758424
-7.740304740582749E-4
0.004659203199249793
-0.004044822864503909
-7.478577535435634E-4
-7.480867397502437E-4
-0.004635319991900769
0.004071208466637257
-0.0016192799087389011
-8.52236146004202E-4
-0.004412186396362941
-2.2379123081577636E-4
-0.0015155464017165673
-0.004329520981789157
8.497281625381195E-4
0.0012380100698089925
-0.0013651029106101773
0.00365079178907355
0.001015631542237379
9.304073490550141E-4
0.0019932284039917993
0.0018817743234252786
0.004032180122543464
-0.003931250643418018
-0.003752336298135078
0.0010715158529119588
-0.0033878671367229005
0.003693522926692341
0.0038278131844875075
0.0038216702946225543
0.0020003160585569985
5.952952757985587E-4
7.214930034445061E-4
-0.004260334763789855
4.1916311845137795E-4
0.003784547127145476
-0.0012378236941316893
-0.0032647312715100214
0.003706087855756849
-8.938137143595764E-4
0.002434689652653526
0.003410809811179438
-0.002217058914181212
-0.0035381689580358806
-0.0033456757332429245
0.0030826533974795635
-0.0034081118464985858
-0.0026922570032186857
-0.0033607222560985417
0.0035086848291397145
4.2496298131286856E-4
-0.003420153564896647
-0.0028279595214663537
5.128550704423338E-4
-0.001528631799385967
-0.002968452473871932
0.0016305171657772304
0.002205283236698446
0.0031103673668835415
-0.0031902639024572717
-0.0021929922675697523
0.0027987969210719983
8.065458439042682E-4
0.0014153104107299255
0.0031970453272275354
-0.003945977135598238
-0.0031015277881790287
0.001968260888175824
-0.002910339260515932
0.0031181365527025136
0.0027403993255943515
0.0027322519709495415
0.0028341725327607945
2.4272795404192642E-5
0.0038511669497280922
-0.0016967605527538425
-0.0013771963825013624
4.474213536298341E-4
-0.0033367384379018273
-0.0028257980132612008
-5.992832434299656E-4
0.0028289265158012214
0.0023150679441962204
-5.13411782535328E-4
-0.0034865041306088146
-0.002510418491406161
-0.0028184443498547617
0.0026983783129850922
-4.6506082095537757E-4
0.0012490249074050739
-5.134276506185542E-4
0.002794868504374632
0.00191959530859833
-0.002618873932665795
-5.429149703304536E-4
-0.0024206201428134374
0.0023887449298792304
0.0024622464722548983
-0.0013023296682065427
0.0023192931449011202
-4.004710896358392E-4
3.5982643881830786E-4
-0.001678029965850464
-0.0016327373616830635
-2.3064532526190123E-4
-0.0011929862097386104
3.0336628281161414E-4
3.567970090809241E-4
