670
611
723
666
780
671
730
668
777
774
765
676
895
667
731
670
822
709
780
675
610
825
769
676
666
768
674
675
700
679
732
673
734
727
724
708
898
671
718
773
614
779
790
663
673
729
898
670
894
746
796
710
678
718
896
723
720
669
720
719
818
776
778
893
773
680
716
726
773
722
695
795
909
679
773
780
777
915
743
824
667
775
968
665
671
613
718
728
665
826
735
753
755
894
658
722
972
719
709
909
741
892
717
742
778
907
710
678
913
732
710
664
778
683
910
790
729
726
679
973
792
769
845
784
613
715
656
713
745
675
844
910
896
779
659
677
720
828
614
918
749
611
696
755
735
783
768
931
772
673
720
743
919
611
695
562
743
722
740
664
682
757
887
685
740
702
928
787
775
905
901
614
668
757
722
731
895
684
975
608
726
973
657
791
914
762
788
649
701
774
710
890
613
671
789
719
672
729
655
614
658
766
728
781
831
787
902
775
778
888
613
985
785
975
717
818
558
775
820
697
813
786
665
612
754
645
680
977
954
776
611
685
990
780
662
672
613
832
677
677
676
739
686
707
611
712
779
727
722
757
767
762
969
727
928
656
794
731
736
763
654
930
767
762
876
736
793
736
790
964
656
869
708
724
840
756
675
828
821
691
613
764
733
929
659
666
757
895
817
721
896
669
858
765
902
904
820
982
816
848
859
699
720
783
875
749
733
783
927
721
970
773
829
711
995
782
613
764
713
774
843
644
658
871
676
788
664
718
666
912
999
655
900
782
758
737
608
814
689
777
847
977
729
614
947
838
993
710
689
732
971
684
884
908
658
681
784
714
732
678
929
965
842
781
925
674
605
976
814
728
913
744
742
886
779
707
721
868
728
791
771
762
725
730
765
717
837
917
764
668
779
961
689
900
795
843
789
785
787
856
794
607
770
659
984
660
706
815
976
673
785
986
817
867
889
954
656
888
648
776
650
798
714
957
612
780
741
731
754
769
841
905
856
874
888
718
951
907
758
780
978
822
903
956
775
681
789
868
990
862
610
952
903
684
881
912
655
730
708
831
917
899
797
763
974
887
837
527
788
782
559
606
646
886
873
733
882
906
989
988
905
702
889
897
915
697
710
817
951
940
734
719
734
658
742
604
709
707
727
822
839
777
730
921
752
891
614
909
597
955
973
875
831
678
752
903
701
838
823
658
981
930
885
748
760
791
651
780
863
846
887
659
908
881
774
855
985
721
813
969
611
944
931
727
642
553
909
698
692
866
682
672
825
985
835
906
927
882
989
713
770
753
872
894
707
647
979
911
762
836
550
734
756
737
915
690
881
787
683
885
959
906
719
916
843
696
746
966
786
839
844
668
793
860
788
724
614
832
611
926
680
683
609
557
748
715
708
685
715
840
871
756
786
885
838
767
745
962
975
652
664
861
901
946
966
752
887
641
974
990
715
983
747
719
974
959
755
986
561
982
863
968
792
867
857
832
610
842
787
905
845
945
834
763
769
971
996
600
964
936
705
908
664
865
931
841
674
767
756
598
766
885
846
762
884
938
911
663
653
918
960
875
976
725
597
824
670
969
523
815
847
782
714
956
896
767
815
768
982
874
690
764
711
733
722
872
528
688
729
709
716
835
778
953
565
847
763
911
846
681
560
316
956
948
984
950
960
919
983
369
526
784
994
966
912
821
667
950
965
834
681
880
723
873
761
870
824
738
796
752
826
764
659
595
686
563
765
952
850
916
943
842
733
962
785
850
661
843
980
722
808
901
844
660
316
776
743
816
782
979
700
974
942
594
744
871
612
712
672
821
840
536
816
735
977
897
853
876
848
736
864
882
904
669
882
679
719
612
981
976
704
878
869
812
661
764
899
760
904
849
730
940
851
813
939
852
766
561
970
606
554
905
923
919
898
569
784
761
820
744
987
663
891
786
766
820
699
603
792
770
655
871
845
653
922
786
720
974
934
772
945
969
781
991
795
798
536
562
673
957
916
848
732
977
522
873
840
887
687
754
883
659
938
607
649
599
1009
683
967
377
669
868
662
953
897
823
852
662
937
984
570
827
758
987
900
713
739
777
701
893
854
974
890
776
995
884
377
659
965
769
993
889
941
753
912
996
698
866
768
926
758
920
783
661
699
916
846
825
897
698
922
854
882
879
755
547
674
670
967
314
688
610
788
962
653
667
791
706
980
803
914
756
372
844
985
910
874
708
959
530
880
558
853
941
885
990
878
879
833
924
763
717
958
308
652
907
925
505
828
611
985
334
955
650
751
779
865
538
904
836
967
601
963
865
900
980
700
697
383
966
758
750
853
961
753
657
788
564
735
847
706
784
879
765
755
332
954
863
883
319
1421
546
598
725
794
910
747
886
331
1038
704
833
867
759
977
545
792
807
981
890
775
660
600
888
846
1000
843
705
777
669
596
368
958
708
274
841
517
654
864
656
895
884
774
951
972
686
836
705
992
705
921
331
653
789
968
966
958
358
672
550
728
602
967
950
314
968
724
538
763
982
716
536
1023
850
831
763
973
834
884
963
848
793
858
970
665
660
764
1025
878
700
601
370
796
988
849
902
657
496
903
712
609
338
988
996
929
983
862
827
918
981
702
824
935
1002
986
726
838
992
655
364
888
548
877
300
525
978
978
752
750
781
980
609
941
496
1036
292
723
852
839
376
359
957
947
950
541
310
612
275
697
658
317
845
520
708
657
837
284
544
1418
781
979
920
757
261
998
653
497
1047
975
604
665
920
925
933
606
718
857
899
860
885
807
878
946
386
540
312
335
614
979
545
315
525
978
299
507
858
830
963
936
527
739
651
610
720
367
703
909
887
995
301
760
1191
752
825
602
380
878
907
935
555
535
294
855
298
976
866
330
383
692
890
754
999
681
942
928
606
503
552
716
1015
856
830
657
935
520
496
690
301
858
934
813
649
325
892
1042
814
861
997
1044
970
553
759
893
776
274
551
887
721
551
539
837
261
745
948
892
930
316
956
794
1005
876
292
785
994
841
731
969
612
723
502
348
287
923
943
1017
1039
1001
288
994
277
826
762
263
909
965
725
542
365
336
1035
818
774
795
1038
359
829
667
612
646
603
657
883
556
973
325
671
809
717
264
899
365
816
964
503
540
626
819
534
346
916
293
531
978
381
357
954
772
842
1010
759
508
785
853
742
664
712
504
309
945
922
507
518
705
834
946
518
866
865
796
895
784
816
960
877
568
1040
881
830
666
936
647
850
786
317
883
886
883
338
518
563
990
897
1023
699
539
330
880
302
536
317
1196
981
850
497
930
844
912
972
1004
511
540
927
1023
652
866
386
965
515
715
294
721
672
654
293
668
940
1018
982
550
748
504
534
333
810
565
655
321
309
822
1036
976
374
276
1193
968
882
887
958
514
867
315
970
942
667
538
385
737
735
416
563
880
1028
717
645
918
996
854
744
872
542
914
996
779
771
927
723
773
312
293
778
1006
646
375
816
712
288
912
519
1012
851
914
702
541
558
1031
357
963
988
884
852
720
800
707
313
913
504
498
753
820
851
560
869
802
822
920
318
984
812
934
371
921
546
892
836
963
691
838
308
921
543
764
769
939
1003
890
724
922
927
551
342
969
937
506
389
949
552
913
833
334
910
380
611
932
865
535
307
911
875
913
919
347
893
964
303
333
993
537
824
528
949
921
774
722
306
498
385
968
748
794
848
544
797
1007
384
547
870
373
908
613
364
870
644
320
704
768
999
566
522
1000
522
275
845
658
318
696
550
380
316
341
1024
849
307
322
997
784
535
262
950
980
859
322
869
353
645
290
971
351
1187
412
379
285
335
332
680
931
782
1188
814
759
968
608
862
724
293
608
710
548
289
711
1001
329
954
1190
519
1420
1245
738
503
721
987
961
671
975
964
830
337
1056
904
362
535
857
910
950
876
493
906
779
294
941
718
532
929
860
695
924
526
770
286
508
841
288
559
952
262
830
772
294
373
289
564
646
947
972
333
1422
1063
371
501
885
783
976
829
710
821
290
951
783
827
864
607
417
497
834
378
318
513
888
819
283
596
823
652
796
524
384
605
716
670
1008
561
369
926
920
721
717
837
329
505
920
921
370
787
875
1000
544
698
552
1103
510
382
642
418
863
1033
668
607
917
744
826
514
945
987
910
862
300
802
498
787
789
938
704
301
361
974
416
696
1072
559
854
287
680
798
541
908
336
302
1416
542
315
967
515
898
957
514
533
791
999
920
894
613
690
992
313
807
1417
705
494
363
1001
606
313
927
734
665
504
815
966
300
547
944
852
820
870
343
284
556
1193
914
686
803
290
718
331
508
291
1204
1026
998
814
540
971
543
320
509
754
781
541
953
932
344
707
1071
853
544
732
912
534
350
291
1026
1046
891
285
663
320
599
926
943
834
818
371
964
336
916
960
313
949
317
517
861
372
761
761
872
686
370
997
509
783
983
819
979
771
656
962
613
693
944
391
726
782
532
663
519
726
1002
816
845
995
857
901
526
313
817
839
648
766
557
540
1023
706
1424
309
283
654
928
554
823
859
333
677
525
295
988
519
1011
1008
385
278
842
957
1032
815
748
796
286
825
824
648
352
989
339
1006
998
917
311
643
307
1087
330
761
286
693
897
643
412
552
323
562
853
832
801
395
876
531
382
925
932
949
1192
502
347
707
692
503
910
316
697
414
412
613
968
815
719
355
1038
714
1043
286
290
669
549
537
987
947
701
758
819
763
966
388
661
965
931
313
956
714
873
1439
311
676
643
376
1026
503
825
778
973
538
948
609
963
660
542
819
354
1007
972
296
849
361
877
932
1070
895
1005
889
848
785
752
509
594
693
991
512
401
756
969
855
915
355
924
1030
1043
718
396
831
528
537
962
854
605
521
328
859
690
320
292
921
515
541
951
329
925
939
716
919
807
330
293
329
285
286
906
499
749
728
312
831
499
710
726
335
783
389
670
1100
284
507
765
698
1202
909
304
308
298
890
760
1034
266
732
538
694
553
1080
1027
334
340
378
891
537
352
785
1001
927
282
310
938
868
932
678
709
932
516
592
684
1441
591
502
263
833
834
309
1045
614
513
840
804
968
958
760
690
340
413
1423
798
1078
649
1095
986
391
814
956
767
856
324
796
306
539
669
958
360
342
660
938
876
651
1001
515
303
504
723
977
296
791
1070
668
890
1008
1065
688
789
862
370
700
612
794
777
394
331
960
812
494
915
1411
303
650
695
1021
873
679
695
508
605
1253
825
773
642
694
567
992
793
1082
948
809
908
785
501
824
1435
1015
633
288
667
882
1027
998
1293
975
612
838
660
311
653
659
856
1004
276
682
299
1047
606
843
322
332
612
725
1334
812
898
356
986
1003
1030
863
1316
867
627
509
691
513
758
1075
1037
698
1203
306
874
507
1206
819
856
758
960
310
603
846
333
716
672
762
293
1189
820
311
954
510
904
924
292
539
963
607
1217
499
1325
676
608
1163
1426
517
1242
871
880
538
404
628
813
1012
799
919
594
777
939
500
970
1244
323
1026
941
751
984
652
1011
893
988
673
802
740
1092
1412
932
1061
672
809
760
368
1048
935
913
863
906
286
1031
762
630
1073
951
308
363
1056
319
536
724
651
531
282
751
1431
413
965
587
793
695
693
877
935
304
797
647
306
591
799
282
379
939
767
1008
338
668
725
753
892
947
813
503
288
388
792
544
952
356
423
1076
399
343
774
300
655
906
1039
837
283
591
287
1235
1166
530
604
358
342
528
1074
801
1063
681
1192
926
682
339
349
301
323
277
391
884
574
767
964
312
682
507
828
526
664
696
306
935
817
1151
867
853
692
554
1425
957
714
1329
1064
889
679
292
319
1031
940
703
923
765
647
320
284
891
336
1153
671
508
1172
835
322
544
1197
819
292
293
1003
1227
808
421
311
760
709
598
946
678
340
880
734
282
625
1192
765
662
319
696
286
758
737
741
648
767
952
747
772
745
640
284
287
1407
836
786
548
661
1027
831
675
1085
353
714
791
1234
535
678
760
657
537
753
835
915
817
321
1037
390
275
944
681
647
337
828
881
1025
654
294
806
334
706
741
800
818
353
1407
1224
939
662
888
905
536
931
334
930
1003
508
334
683
298
908
392
726
297
312
871
319
641
926
853
300
771
992
493
389
301
727
1036
947
501
1206
818
285
279
284
850
397
348
864
865
790
780
339
387
313
826
703
279
662
978
607
944
865
331
666
692
353
1086
650
684
959
768
300
425
1100
736
627
923
788
516
739
869
745
704
594
661
857
876
790
656
369
1053
713
1439
323
1443
763
1215
689
921
1061
1195
378
907
370
299
895
297
862
507
408
570
538
757
588
967
542
306
335
753
1077
868
662
873
478
1209
833
768
809
290
344
377
369
630
832
679
312
814
285
282
347
725
860
1019
601
4
677
1415
653
524
755
587
1085
717
813
955
792
546
358
619
719
351
713
357
1249
699
685
750
827
682
1074
1002
952
991
549
1045
789
517
310
795
1083
298
537
1328
765
570
850
886
851
855
298
533
879
606
1422
515
685
500
281
863
644
317
363
642
697
527
381
821
374
541
717
650
684
1220
646
733
500
960
933
281
790
894
1069
287
991
970
835
1053
905
501
1006
965
683
1087
614
806
1059
302
940
331
360
836
309
297
592
1083
867
1231
1000
704
766
703
1035
702
323
931
752
502
1230
971
362
1416
814
317
610
1026
354
1214
675
542
951
1085
288
291
1219
972
727
1233
627
310
18
565
1191
390
918
819
990
1179
1438
744
1331
622
311
917
823
1436
757
1024
647
283
1220
360
647
905
311
1032
849
381
999
779
356
898
806
711
571
706
1286
857
513
928
703
1089
414
1015
574
595
745
817
637
733
345
1229
792
875
1426
803
754
1222
600
1028
534
924
560
804
872
649
855
798
1007
302
17
766
506
967
1413
677
1012
943
778
651
1425
761
279
610
665
817
608
876
839
387
608
396
662
417
593
1375
386
917
346
931
277
874
992
1037
922
1330
881
849
495
1171
416
591
801
359
677
836
957
318
801
751
350
691
1000
534
1417
751
268
828
1102
822
584
919
1214
799
754
712
656
1005
850
702
940
780
852
1101
341
533
300
312
1008
819
1049
541
1332
542
564
1019
903
688
289
325
944
355
343
1377
793
1245
626
679
799
543
808
886
307
820
618
591
1014
652
837
1228
619
1220
838
645
628
619
960
725
979
334
307
694
498
1051
406
310
687
1056
677
1004
806
920
1418
590
624
345
1223
1134
847
340
633
775
749
856
308
678
784
947
788
704
1071
876
702
937
894
995
962
521
655
914
803
314
1000
711
790
837
352
422
362
1000
1069
757
917
811
297
291
1445
682
730
1046
634
818
606
346
978
911
1010
824
296
568
1442
686
885
825
386
1003
572
809
321
867
352
1006
1229
657
1425
1409
287
747
315
703
746
577
843
650
689
304
741
576
310
353
335
1094
925
701
998
665
503
792
851
354
330
498
826
953
1009
1007
1198
649
965
810
738
873
791
855
1064
18
654
520
1013
325
1422
605
1053
1072
647
296
633
577
798
622
826
1228
498
787
739
541
418
750
553
1086
970
698
683
571
692
341
336
946
403
341
332
945
1208
962
725
796
913
663
1085
381
797
371
280
615
624
599
761
923
820
1028
493
1025
715
918
717
954
693
821
688
324
537
668
630
631
604
496
764
676
654
390
351
963
574
739
907
815
574
828
770
891
416
748
893
706
971
859
927
1040
887
1426
652
648
1069
775
928
535
1033
1020
872
866
3
321
493
892
1122
517
878
766
263
754
911
894
655
1202
588
418
310
507
394
578
692
404
742
953
4
312
1080
508
1137
1226
1422
291
592
328
621
1283
397
801
902
894
1003
633
995
714
769
814
761
919
784
345
560
673
299
502
737
366
298
655
1034
1014
667
691
880
781
305
904
1456
1014
1076
264
1086
1146
369
943
507
547
916
916
516
750
830
688
1007
988
641
532
809
942
734
337
356
1038
1233
993
1166
802
1053
1247
1116
651
383
333
304
585
959
539
700
1016
330
1023
1223
384
621
348
709
609
608
829
868
29
796
517
637
515
775
333
902
608
617
948
872
286
1429
782
1244
281
893
367
590
975
421
914
985
675
590
660
776
693
829
650
339
297
566
530
1007
513
23
805
870
1088
795
319
340
1003
337
1029
1241
284
343
567
879
747
15
1049
499
1013
721
1195
922
736
792
573
1210
324
1197
382
496
1024
393
799
644
1200
1237
457
1042
807
847
699
595
983
1037
1141
953
740
983
888
691
376
301
17
286
567
1196
505
694
938
669
502
574
829
860
4
993
632
639
338
619
1033
1205
649
335
388
736
790
1024
991
303
305
692
585
748
370
1376
978
843
1077
1270
1411
726
610
663
644
450
1095
287
13
879
811
504
609
730
1068
339
660
572
29
720
799
556
297
745
326
674
778
293
356
1250
771
1069
631
969
897
516
288
602
746
500
285
329
327
335
303
1243
687
1029
645
1022
623
657
23
654
687
697
1020
872
586
422
568
915
578
687
304
375
1040
296
368
735
487
604
285
811
347
746
1086
738
758
641
1232
514
739
811
943
549
1017
663
527
1136
307
518
572
856
838
795
755
538
493
374
740
872
848
401
1071
573
338
696
505
1024
942
578
364
395
402
1222
985
667
632
292
412
394
821
322
1169
925
363
322
750
1050
545
1141
326
722
551
696
422
868
902
315
997
851
703
951
290
346
618
589
1423
320
337
285
414
977
578
861
996
1070
961
1005
808
702
486
1185
538
771
859
934
931
524
806
834
639
680
413
646
933
553
524
373
877
1265
693
929
711
1130
1165
335
368
561
1132
749
523
326
996
797
964
299
946
840
1202
373
384
709
1027
288
2
586
324
592
1337
808
321
898
691
620
911
319
616
586
700
694
1267
419
591
304
842
563
360
559
309
321
542
1196
598
1229
1419
303
1084
754
626
314
694
551
496
959
1204
729
889
663
622
516
514
1194
640
851
540
1021
854
789
898
952
321
494
559
635
1179
629
555
747
901
638
631
810
1415
304
374
643
652
989
577
836
415
519
866
933
512
318
946
829
715
307
509
776
932
1199
279
841
301
1224
590
578
1428
852
671
824
1189
368
2
1171
836
484
1020
833
716
813
817
513
548
1138
533
674
642
642
1134
1088
689
832
974
1002
1134
379
611
695
629
956
878
874
1057
1221
704
488
818
499
727
882
3
801
1462
1014
696
702
885
723
375
333
756
609
653
961
1203
552
1093
546
1011
800
306
496
450
936
782
802
807
835
1016
635
901
752
736
479
500
1200
858
302
826
889
532
1029
936
302
513
322
738
659
266
796
568
317
673
328
948
539
512
873
539
351
327
388
1246
641
480
511
1128
751
882
667
615
634
900
1042
456
513
530
676
350
640
420
276
806
625
593
587
1044
786
606
421
547
1016
603
519
958
633
3
542
972
1010
628
295
1199
1094
772
1319
893
1058
601
735
826
1167
811
810
500
1180
388
1018
1147
487
303
369
578
805
875
306
516
505
1094
1203
494
1071
924
914
291
545
1436
352
569
1138
1132
698
841
868
308
690
338
933
1104
588
675
546
1082
751
1207
365
1442
741
558
372
457
839
1421
366
1077
328
283
715
566
1233
450
751
340
332
631
1079
957
599
298
1330
539
935
722
518
1071
282
864
1030
1032
577
303
341
3
1093
589
1287
829
263
574
747
1004
1239
1338
369
712
786
525
303
420
926
291
561
983
996
630
1025
561
305
1041
1
747
1205
516
749
801
704
854
560
735
1030
945
1021
581
626
773
1042
452
1215
602
330
1112
1008
1413
1130
993
1
529
622
724
301
1001
509
1454
556
821
1273
1442
690
858
328
739
1009
371
486
697
877
391
440
305
631
1046
909
1241
646
358
620
941
349
631
1230
632
558
1129
949
639
1388
622
1409
855
585
497
989
534
1225
1084
354
830
424
1044
1209
593
584
737
508
757
737
14
977
858
972
625
637
808
505
651
1117
797
1252
642
795
1041
1455
640
706
637
537
299
1110
1055
844
1188
549
923
349
510
810
923
550
1065
633
1131
1415
750
588
563
506
1311
1031
323
314
759
1293
293
1092
645
265
375
926
555
793
994
1125
298
632
456
899
953
559
746
338
1254
1217
281
1010
745
569
1201
1067
973
1096
992
1264
332
739
628
554
1326
585
794
1133
910
594
506
307
301
511
424
771
573
618
833
464
1378
627
390
666
849
547
884
13
524
291
640
306
36
727
863
420
335
1210
1033
571
586
1131
713
894
1052
1199
977
589
624
1062
1041
1210
1031
329
959
540
634
368
849
928
1116
1083
865
991
743
607
988
595
738
828
793
1383
503
1078
426
1002
315
315
1189
682
327
903
793
30
929
674
288
1065
617
617
338
714
861
523
1473
1016
710
1210
762
617
415
546
1080
900
1028
1113
542
592
1053
1214
686
310
1103
1225
1070
785
955
282
1114
823
1024
1140
1139
1436
680
815
989
759
339
496
1052
1235
623
934
333
769
1247
891
283
488
621
626
716
343
703
766
693
19
1267
302
1414
1195
281
700
543
1045
1163
623
923
955
589
1018
396
840
536
407
598
1279
1191
1056
1089
1017
1216
727
628
383
331
368
577
395
332
478
609
899
458
1333
625
993
923
529
304
1440
542
974
625
607
1440
1191
459
711
946
728
0
305
1079
899
12
822
701
586
618
600
622
627
944
738
702
19
1014
535
304
950
1435
297
601
1045
536
536
911
1060
772
1082
306
37
543
527
1277
414
777
345
1205
478
872
449
586
506
275
316
1248
599
1329
541
641
526
967
509
677
734
584
12
1216
1243
293
540
338
746
822
706
662
926
979
1056
772
924
1231
1032
851
332
1022
423
802
508
1013
449
940
24
1086
980
637
1214
866
635
933
640
568
622
298
579
555
527
652
1038
860
841
402
808
624
602
1075
493
550
1240
564
522
495
638
283
543
318
690
781
506
452
692
415
847
1198
869
699
392
597
291
1108
624
1213
916
540
1470
1154
646
1095
1118
1088
1208
1037
904
519
604
945
1438
1282
1186
543
808
719
1423
532
469
855
2
351
1012
594
924
587
567
339
499
1215
635
380
318
1031
1274
602
429
311
816
843
672
354
431
685
858
405
869
1424
815
802
875
991
650
800
937
993
866
618
609
787
1189
799
348
297
485
1425
1129
266
529
505
372
709
948
1004
742
1266
1055
448
433
990
1012
582
285
627
989
1082
1262
927
1201
517
577
645
1060
22
597
1315
775
477
288
387
402
318
1203
341
1042
1229
282
363
468
821
1263
969
889
1206
633
290
531
1250
16
569
1195
579
822
558
701
1329
1232
1081
514
1075
494
903
912
494
568
1246
1047
937
342
1211
345
687
1096
261
493
487
739
1283
483
622
292
814
991
1417
625
1260
626
830
304
371
777
1384
1021
644
994
369
13
393
1066
463
1041
890
994
341
749
314
625
724
1036
10
840
957
551
1199
364
593
651
1203
735
661
1029
862
436
848
894
599
382
441
812
1006
1205
1248
345
630
640
783
1055
658
673
735
4
506
1046
844
812
9
1098
1027
1059
1035
1250
1049
500
1223
963
823
1428
327
941
805
500
595
573
529
294
327
1165
1195
620
327
60
1162
519
1035
764
1188
587
750
838
648
817
1050
1043
476
506
456
11
1382
504
1212
579
1191
805
589
572
1229
942
289
608
1226
1201
384
1406
1310
11
321
1231
19
800
1084
1150
378
550
819
649
1073
619
1041
283
1471
1309
620
1202
396
1214
742
957
886
425
1206
1216
718
709
1224
1058
202
486
563
1479
300
1081
397
907
340
9
27
990
333
1222
506
772
1045
341
1103
827
17
676
407
625
1198
833
610
267
651
879
1035
1103
1087
1038
468
701
303
2
576
870
294
1140
1177
980
294
1204
909
273
482
559
953
886
571
1079
752
493
667
835
551
2
1036
443
954
1242
245
580
639
320
496
638
697
905
1474
330
430
1301
1091
1037
755
580
498
623
835
961
962
1194
1234
1421
399
900
0
586
297
1033
1267
597
313
1106
874
862
1228
1193
30
284
1225
1222
1171
1029
685
792
484
489
549
924
420
706
1093
1286
1193
994
1030
1093
793
504
828
540
564
664
334
803
1137
405
1132
267
567
1218
743
1039
452
349
574
1177
424
496
787
486
499
373
1052
1086
825
576
1427
466
893
1114
694
1195
503
661
1077
528
1135
494
663
1394
1410
496
1052
555
484
534
1054
1103
1061
625
897
736
469
697
1057
287
1022
799
666
929
1080
419
448
695
1359
278
278
934
306
391
552
1207
839
1043
628
859
911
870
857
556
1159
1230
605
1240
308
1152
1416
1194
293
1293
1122
896
388
461
373
836
287
1004
1220
456
13
529
1176
982
871
850
1067
351
827
634
458
1281
1004
1001
698
470
1189
508
1322
713
1026
530
713
1086
287
532
1372
1022
275
934
1372
1431
239
1053
509
311
483
847
992
1309
317
502
630
1018
1064
881
1202
676
290
1178
878
463
485
588
1035
630
955
288
357
1242
973
497
319
2
1044
293
334
582
38
1079
562
1075
1139
660
1180
454
973
2
604
1227
335
277
1092
1094
420
495
502
1187
1115
530
1111
758
670
509
463
617
901
1260
1016
981
360
576
1421
646
624
1250
892
986
570
58
800
549
831
11
908
341
949
897
567
621
592
1126
1233
619
712
1208
1129
1289
1078
756
740
1483
723
287
491
331
1066
1274
307
877
18
572
1230
699
930
201
479
585
1196
288
342
336
1062
558
1095
938
1337
860
857
265
512
1213
1005
754
750
1223
471
739
368
1205
852
726
1009
672
348
666
274
903
644
625
566
919
296
818
1128
1383
1045
790
623
547
1142
1145
1434
840
458
1358
408
581
1074
308
1494
621
933
1127
597
326
1040
425
1048
372
792
438
922
491
6
1067
204
405
943
1058
729
521
1315
24
283
519
313
366
314
926
510
295
450
869
465
1180
470
505
623
961
917
349
1052
487
1434
530
488
1090
705
392
1114
656
1190
462
640
767
1242
971
474
1080
985
1372
367
553
283
1016
908
673
358
648
1168
483
1078
603
16
225
1092
497
10
766
1011
590
292
1158
1252
796
1312
405
392
1114
703
470
1132
569
485
1022
617
687
304
1022
526
642
1421
275
1336
517
227
299
1124
1128
498
557
240
743
987
1421
362
876
1011
1336
788
980
525
1219
1060
643
523
309
1188
805
556
1041
535
1429
446
683
367
1210
1194
454
424
600
273
677
909
1251
348
298
959
1469
1420
394
452
446
884
1092
559
565
1328
1383
306
494
570
920
807
615
949
748
595
1473
3
467
860
1246
294
587
332
743
465
680
714
1190
1191
937
51
961
1276
489
374
861
675
801
627
1165
1320
474
1192
250
1389
522
603
584
3
1068
907
430
557
1238
495
1281
960
1015
743
626
36
323
202
11
750
520
643
948
1285
0
527
707
1034
1101
937
421
941
835
1248
1183
1083
699
561
593
1276
602
43
261
21
28
687
386
1012
1250
801
13
607
641
757
811
563
1386
345
1219
842
322
290
1247
20
427
791
730
51
1227
1010
797
629
581
305
1438
643
492
328
569
810
399
535
14
469
29
1083
449
1
590
864
536
473
634
881
864
1199
673
1060
322
485
2
10
634
585
685
1191
299
1071
636
884
1417
446
896
57
1268
323
1204
1057
521
185
1285
25
553
389
577
524
761
1052
1024
1
688
203
898
295
491
1175
823
553
271
525
317
650
1050
465
317
811
2
1178
384
433
325
572
305
1332
976
959
1005
1125
377
907
1130
422
298
418
479
646
579
1099
1334
1270
1104
1424
708
893
1051
244
555
479
521
398
1319
606
749
498
336
707
1311
299
604
1221
820
569
521
1292
530
475
1179
728
881
624
272
588
1470
529
827
298
456
778
1423
896
488
263
459
467
527
334
501
215
1377
861
247
296
321
917
513
1220
389
910
262
729
752
664
848
437
559
664
350
557
462
418
1061
1115
928
261
932
1181
1184
548
997
168
1007
477
859
779
596
197
287
1208
635
362
237
262
548
443
1072
301
1008
555
512
603
1022
907
43
659
502
1419
455
1275
430
541
807
478
590
481
745
901
1142
842
846
1021
1016
330
1372
970
856
1015
707
890
292
1291
661
952
810
799
280
575
571
326
303
479
504
1111
1335
378
1188
403
1196
1068
0
498
1090
829
1472
704
930
1
76
493
1154
484
558
658
281
408
562
1177
928
1232
769
383
515
524
1136
342
554
1166
591
800
285
1108
23
786
337
1054
1417
221
1182
497
694
14
476
1208
1146
551
280
267
1048
1485
699
562
1051
1
568
812
1137
534
917
1199
1102
588
621
791
280
265
1062
1104
1266
925
296
860
1151
472
344
682
1036
1103
1217
1096
552
1208
439
1201
880
689
594
1028
1239
546
1280
589
297
470
700
984
24
958
1240
428
325
620
474
263
535
573
595
580
907
336
1075
264
1145
0
1125
396
298
363
266
246
15
1264
350
1140
561
1313
17
1047
463
1267
599
1241
984
806
582
1051
16
600
1207
654
1048
370
488
241
289
560
223
953
471
465
358
625
1307
1013
1093
11
264
556
530
246
339
400
332
1062
398
1149
584
425
1390
732
3
612
373
774
1017
316
292
1474
1332
1068
1331
1317
364
642
356
544
1260
1163
635
918
1074
261
514
415
518
1139
499
1184
1475
1232
295
1087
1034
605
546
576
1242
1135
1137
1011
705
1163
497
1090
1420
1144
1272
812
933
482
1209
329
477
1205
1259
573
857
1257
585
1137
154
474
1125
696
597
531
1201
1057
76
187
528
1159
1304
342
601
618
915
1232
745
1080
1226
186
436
802
1028
1317
12
956
833
1091
491
341
1200
1185
594
1043
1210
225
708
512
455
309
308
1086
330
501
1110
879
292
1018
744
294
520
1433
1381
870
580
495
637
237
560
1376
564
756
285
1424
407
626
604
457
1073
738
269
289
586
1164
35
1089
531
539
1112
963
26
443
276
1169
43
426
59
905
1212
1248
1309
1006
282
746
804
1407
827
451
1177
436
520
1041
946
1325
262
1006
515
1316
1408
1308
1033
628
942
459
1372
492
1097
1085
1249
1001
1156
1394
396
622
1244
1248
478
1124
1233
1090
469
518
1156
1252
1101
11
1032
632
300
326
489
1233
302
1190
934
261
12
906
789
813
260
1027
1324
1269
1398
759
150
1010
936
1453
1194
20
490
440
759
284
9
978
495
899
1406
244
1
629
548
1066
1318
1366
4
1228
426
467
892
76
577
972
1316
596
632
629
289
532
590
259
476
804
576
1020
640
5
549
379
482
1122
1203
471
1063
332
13
288
573
1095
691
1214
499
425
617
678
418
600
448
449
1208
1100
859
458
284
1379
874
270
460
1412
1236
633
1207
971
810
1302
329
1052
183
581
1419
875
448
1401
602
1136
1377
226
753
485
263
855
346
1263
1031
654
315
831
444
238
723
1222
1085
236
324
546
1437
833
497
320
403
7
403
581
17
770
1477
811
1477
842
483
1070
740
1288
364
451
1074
1261
790
470
741
597
32
691
289
152
761
280
1244
1221
487
1001
471
1106
553
336
462
1473
1236
483
416
1243
908
664
1124
245
1417
630
1162
471
293
1205
1254
1439
770
505
1200
1010
938
1040
883
465
532
1053
638
454
886
302
167
1030
1147
692
862
1141
1211
402
335
1065
1081
350
592
649
1285
986
318
328
31
431
454
1042
1345
299
390
703
1004
798
1053
353
370
1275
1251
166
289
375
1061
1360
1294
1105
1047
1308
224
708
355
1388
567
1099
1414
798
1376
403
268
1089
473
748
533
262
1078
988
1153
458
238
1215
1435
1032
1438
525
1451
953
387
570
554
732
1104
1307
584
529
548
466
1318
1064
681
659
861
1178
1350
623
250
1105
226
289
215
945
378
552
1313
206
397
883
1250
579
281
585
661
1429
1135
1422
451
731
1428
381
486
1134
528
498
975
1207
26
455
770
457
478
372
259
1347
1125
438
562
453
605
348
1441
582
1210
1235
585
1445
396
755
1336
1087
1034
1121
583
1300
261
354
1007
879
1088
1184
577
992
781
711
393
552
389
333
1266
952
847
1246
433
738
1410
430
472
391
670
59
938
1254
302
564
560
295
621
572
260
1100
1176
1349
869
1252
1240
1390
350
507
470
195
721
451
464
18
277
785
442
921
769
1107
583
413
1315
1463
511
583
997
903
1205
948
461
1174
1197
432
1004
305
1326
773
632
1
468
276
398
1021
296
367
805
297
44
1304
447
462
660
1335
1245
15
4
1013
1040
1212
189
1081
539
547
1289
590
11
594
432
480
999
282
521
807
214
1450
206
1203
607
410
335
460
1184
1341
830
775
1452
1209
1245
378
331
365
466
461
1144
416
1218
510
514
1413
1213
803
1133
188
432
1226
352
578
1005
445
603
295
361
1412
259
938
216
561
1224
463
42
1285
1151
1240
536
1243
1177
1245
1189
1440
11
299
269
731
1082
593
918
1471
1391
425
373
1459
235
865
1223
1049
528
1312
424
443
901
505
693
503
1459
1129
1204
985
1021
1332
631
178
217
526
661
376
268
223
287
1226
662
673
610
1008
531
571
1433
391
742
529
504
366
647
1237
993
918
388
324
261
1322
1197
1477
4
1385
1373
732
993
392
184
1055
165
1209
13
1324
576
1468
404
379
294
1268
1
1301
1355
435
1335
328
922
576
365
1273
236
275
346
704
417
355
346
1143
730
378
520
646
1182
1162
484
425
1020
896
445
1297
955
400
1154
776
962
997
740
593
468
1149
1068
1297
770
409
1121
263
1146
684
527
1260
637
386
1223
1162
476
798
815
1155
554
1230
366
581
441
631
439
1190
782
300
182
477
484
755
1255
443
395
444
477
428
566
1273
476
472
467
1088
581
751
6
1187
1253
492
463
1067
31
203
303
514
1
416
1247
549
309
285
1136
1054
1376
823
483
1192
41
648
1322
1431
460
701
1429
474
936
470
1059
1010
482
1254
426
1119
975
372
1211
954
657
1437
602
671
348
1151
327
596
14
448
1435
1063
390
636
1238
1118
277
797
272
1278
991
631
305
1302
1207
300
325
1077
1128
438
67
1426
1338
1176
1084
1069
15
570
61
432
1032
1066
476
369
1014
639
1173
403
1209
902
1072
1141
1371
635
655
827
772
1478
848
1271
381
204
1205
509
616
906
709
1246
1025
402
1333
645
1307
307
756
195
1432
689
1450
1324
158
1017
224
366
1039
451
1276
615
525
616
1048
834
526
358
367
25
429
220
60
201
1044
412
1206
1181
352
432
1220
1186
599
954
681
566
204
363
441
525
288
695
737
281
1251
419
25
421
469
353
426
372
1338
1087
1026
693
1214
420
592
777
937
311
805
1389
138
822
66
511
1012
1273
1009
1244
490
1449
1325
417
1215
1431
1181
1213
217
835
222
33
1458
1103
253
533
523
67
895
544
1034
1090
487
500
979
891
893
464
806
995
274
1100
376
383
1170
308
1105
838
281
283
12
571
1225
1213
475
12
1008
1421
344
1137
519
285
1078
638
390
583
1097
1190
286
988
283
331
1090
329
417
700
155
162
453
305
603
272
616
39
327
1129
1269
490
389
568
234
946
694
267
3
762
329
1164
517
939
1437
833
1145
1216
1236
1404
1307
1267
1037
572
898
456
499
540
1370
1218
393
479
1334
494
564
336
641
311
124
847
1260
468
1194
512
436
861
432
728
461
1277
273
277
534
1442
565
794
832
632
1224
845
385
276
1007
996
1235
597
1422
368
286
1107
658
641
747
203
560
429
483
1242
630
573
982
466
1187
822
525
448
626
196
1432
605
0
1189
296
539
5
1303
940
395
1207
1212
1315
1049
557
1
967
1
219
274
276
415
1288
549
6
346
489
394
1235
18
398
1092
1428
328
1200
447
258
1056
504
477
628
411
487
623
934
904
562
2
1083
321
647
742
596
996
216
1374
390
235
1349
1313
439
439
1276
901
1232
886
338
1021
598
1207
300
581
1349
452
12
1126
913
1365
1412
1284
1384
935
1047
441
1400
705
2
512
1483
1335
414
700
14
462
278
279
695
1226
1139
399
617
1
1294
1295
896
352
1173
950
336
913
200
582
1286
371
1154
570
979
1120
579
519
1417
1176
1048
1199
479
463
56
350
832
391
713
1499
391
402
1399
1125
1067
410
271
427
649
260
546
347
1427
494
804
1072
1171
596
837
1147
454
249
473
421
464
1270
1124
602
302
737
1019
460
169
259
1203
207
879
1098
1156
1423
1250
643
339
1406
1227
1155
593
964
406
1231
248
1468
222
1122
1194
955
1268
409
657
303
1098
1081
1374
326
678
681
1059
501
388
543
1239
415
642
273
1089
636
444
695
1074
401
902
1092
990
486
312
187
1413
314
1244
721
415
366
296
395
1042
645
1159
42
9
510
1265
228
1427
1000
1405
417
4
474
1286
1057
1020
458
409
539
371
1308
1296
456
393
588
1054
205
1461
1400
1242
746
839
19
15
1059
415
403
340
1250
1084
1391
12
741
318
1143
257
243
137
301
565
249
252
1098
257
1485
1183
149
365
240
515
1212
538
1447
1443
671
268
1096
1095
1117
360
431
324
1228
1227
477
374
406
928
490
1076
268
299
429
300
1096
366
1434
1439
1018
682
698
811
915
774
1131
528
543
522
999
1012
914
582
334
1215
289
1337
472
842
371
458
547
430
542
213
545
1257
224
282
440
756
161
1440
1201
1266
1027
1133
392
1033
604
208
473
1265
1269
1298
670
404
569
270
492
1062
809
386
635
77
462
1344
485
1279
9
517
409
1
524
196
459
1264
490
1256
537
1319
430
359
321
561
456
896
1157
1247
479
555
567
536
995
1371
1180
307
1385
1377
395
42
301
264
1331
388
1348
328
469
1392
1160
427
247
632
462
759
495
20
593
892
1242
688
275
40
410
226
956
825
1179
1112
795
748
1072
454
1164
975
419
14
291
1052
1264
401
175
185
484
12
486
1335
1256
1418
595
645
197
524
439
378
60
472
249
1160
216
818
485
1434
455
565
427
1131
1405
256
620
404
531
802
75
458
412
457
384
1278
21
1120
57
367
1206
1246
290
918
76
1114
3
1050
544
279
227
437
408
182
1334
177
484
1193
614
1088
1
194
584
1235
1279
1223
1275
601
575
429
257
669
1033
1349
227
259
387
299
457
274
1116
337
587
139
1070
309
67
1091
1241
1109
1149
519
503
1262
4
3
1071
362
902
1161
638
598
981
418
474
3
527
249
339
18
431
1347
1398
1118
418
1123
0
10
1233
1245
310
1469
468
1109
515
409
1281
375
471
441
1107
1158
243
1416
1136
306
501
1375
417
349
881
1116
1095
586
595
653
563
361
745
1036
414
374
420
237
1268
313
854
1072
861
307
248
1435
871
643
1026
565
1355
1168
1100
644
1289
1266
927
1115
1414
46
466
655
1287
26
5
1095
741
1253
765
436
854
444
1316
385
407
427
759
153
468
389
0
592
417
355
262
649
264
637
532
364
393
1247
446
933
1096
1346
1325
942
467
487
627
390
240
243
324
666
1271
413
1027
1199
209
205
1408
68
55
332
188
598
1228
469
161
1109
270
1251
967
583
605
20
1109
746
28
1221
260
1399
1310
827
698
900
493
821
1315
274
16
1174
371
417
720
1326
1285
464
0
1495
363
681
1034
447
1256
647
1156
346
1437
22
1241
648
485
10
297
472
1213
1135
1025
1212
334
455
1185
337
596
424
329
427
222
633
1238
854
592
453
1108
316
1139
1150
897
526
620
426
1155
359
258
183
1009
458
359
1232
257
1248
461
768
793
324
197
897
578
36
643
1410
827
531
545
1009
1124
1108
382
1217
584
2
405
1158
1
1121
1081
830
495
684
921
489
1193
621
533
480
497
475
1382
727
1435
936
484
908
275
849
257
502
33
414
1381
47
680
726
716
1045
1047
457
296
511
1117
2
510
285
584
188
265
1318
186
383
1219
584
1399
325
1061
487
1299
537
605
1160
877
1339
427
1379
1019
1211
1123
1029
477
21
1067
412
453
78
1
1338
76
801
634
497
1378
863
1181
513
184
1271
446
824
1332
13
1138
276
768
205
267
375
439
277
1288
331
1131
506
1468
1327
1204
809
1270
534
1145
1305
561
832
1079
361
434
1189
1324
1179
1057
883
485
1167
1093
1323
616
1256
556
1234
256
1441
1304
326
3
375
376
683
1240
19
686
357
753
941
1405
1357
245
566
259
1256
1343
1415
1493
805
1223
969
400
260
392
1
1277
987
1080
810
346
423
16
1040
1050
354
408
1459
364
452
999
1238
9
359
1377
475
464
538
662
677
1477
2
523
0
0
1410
153
1282
520
452
548
703
378
986
235
422
1261
615
873
351
469
486
1106
273
1441
452
937
551
246
789
836
111
1174
1181
548
170
699
325
330
403
1215
1433
712
1093
1097
390
289
333
1309
401
357
307
603
379
507
467
322
981
1374
30
1082
553
489
179
1213
1167
566
332
1412
5
228
989
289
1332
411
527
964
546
1151
694
1356
543
568
678
1492
1458
298
16
328
525
1084
238
1310
803
1136
40
1178
1261
411
1175
309
196
1172
1123
404
334
1403
761
1054
480
1345
1162
1313
566
1227
1115
1228
1394
1190
472
442
455
539
1322
282
1440
404
560
1140
1352
370
450
1134
239
1466
531
334
666
1294
273
1115
451
319
347
1073
462
1192
1425
247
805
471
80
162
794
1255
218
39
480
1344
509
1222
410
340
1460
1127
1147
445
41
566
566
1387
46
1388
1154
1266
805
1056
1412
1271
1075
273
447
1038
1185
272
571
1139
259
412
1292
10
349
1224
1039
392
880
92
333
809
413
421
1023
1010
1087
1261
1276
627
1324
406
1210
234
1231
1064
583
1028
114
278
1078
1343
766
74
1132
1320
1102
642
1175
258
1097
38
947
508
467
56
363
385
386
490
267
684
1400
1259
898
314
444
1020
472
1296
574
1087
428
220
258
558
1007
431
1230
1019
378
1375
1397
1329
596
749
1229
1265
394
1326
4
235
86
385
753
650
1114
422
323
360
51
874
1245
601
751
510
837
929
278
357
984
275
369
377
1174
1310
328
19
578
780
1059
1038
1137
1270
880
773
1
11
1253
935
282
1015
101
1381
488
312
240
267
21
1142
1281
1386
217
491
630
210
654
195
246
433
416
1137
1039
1121
845
359
136
1273
280
1047
1251
360
246
1171
488
297
365
1236
1227
1022
500
1273
1045
335
1230
437
79
442
533
1014
1068
1287
370
1380
1017
48
268
1388
1382
1380
399
168
1474
641
201
497
582
1397
1280
1348
637
256
1306
1394
1381
636
266
291
156
1220
1371
53
1155
469
265
326
262
864
471
1122
1291
1324
464
1077
125
811
679
476
166
146
845
389
1503
244
1482
11
1021
602
234
146
1333
892
1237
323
485
200
406
9
356
1218
1261
773
71
1388
64
307
701
1285
1109
264
361
1141
340
14
286
648
271
509
408
264
1386
1022
556
567
339
1283
511
409
266
994
1084
1188
1358
1
0
1375
423
740
82
1126
1373
338
262
556
923
1164
804
1311
342
554
41
300
1252
364
557
1091
806
271
324
1350
1183
841
346
250
1380
221
512
547
1306
363
261
379
284
1268
1289
742
49
1422
308
1187
495
77
1268
6
351
1178
311
1392
247
297
258
1329
668
1305
1298
239
1
441
588
422
78
420
1448
448
279
555
1307
380
1414
62
1277
1027
1066
430
1249
337
1100
508
230
1383
1136
365
53
1253
694
492
240
32
229
1262
1041
1196
671
579
2
952
1159
442
361
415
269
1133
164
940
1168
435
334
45
0
1103
321
1350
385
759
1357
380
1315
1
170
1237
486
243
273
1378
41
45
1152
1292
1411
464
250
1054
511
1182
393
575
1209
396
722
943
51
1387
385
864
1299
178
282
744
478
1370
989
289
499
65
327
1495
799
275
251
9
1272
397
1062
1418
1069
53
4
368
1416
31
1184
457
413
309
1251
751
826
1374
458
2
295
582
1361
483
1327
924
376
1380
1460
453
1105
831
150
1127
1345
668
1289
1149
763
576
445
1040
363
1384
431
12
583
1332
1108
427
1104
1405
123
12
113
1397
1121
413
349
1030
784
1079
1303
1117
1016
218
21
980
1032
559
229
5
276
216
1051
33
209
401
807
1333
376
345
459
1135
1
674
1404
1392
596
620
401
594
486
1352
1212
1297
995
70
584
492
405
1
834
1471
413
1172
1430
234
425
1346
411
1321
34
617
535
339
235
501
426
33
512
1045
1142
1436
62
132
1259
891
365
626
245
371
1262
280
463
94
1501
20
347
164
1368
1138
1218
701
447
438
559
1070
708
1157
265
589
547
714
844
1393
336
1068
1
370
1467
277
18
3
198
237
564
1148
348
1410
583
1123
587
414
448
556
264
624
1419
1172
1291
52
449
700
455
608
1122
1114
1209
1002
432
377
1049
606
858
982
281
593
695
367
479
1126
1345
1414
291
6
27
983
1462
823
35
1261
1257
483
1304
299
1012
237
545
810
525
295
1197
299
652
295
1326
212
987
244
372
895
1073
481
404
572
1476
638
919
1394
1498
1301
856
278
232
1259
829
736
1085
1441
399
0
1318
1278
162
914
10
363
329
903
643
1101
1307
452
1106
676
184
412
1249
4
103
1153
545
296
68
1485
360
3
414
274
3
1286
783
537
1125
1135
533
39
803
929
377
971
431
1182
328
1406
706
515
271
489
327
288
768
1099
1444
1488
386
500
644
412
337
49
803
990
740
28
1452
490
1368
229
1496
767
494
823
1255
178
518
47
226
1132
1069
1394
1099
459
545
13
105
1110
239
297
478
892
706
34
1416
882
1373
191
12
344
1410
522
1328
232
453
446
571
162
1234
207
483
1240
1091
1197
1263
1143
397
544
1423
1346
750
464
933
1329
973
601
1102
237
462
445
1368
570
997
560
1127
1274
218
1451
5
1005
1444
30
1325
1326
1408
1022
638
55
454
1206
1361
1311
434
646
1387
48
1161
593
14
350
480
1359
1018
1097
1388
581
816
813
1264
272
1123
1422
19
1411
35
3
1423
1105
1287
1275
1142
818
1141
1411
589
461
341
636
202
279
1255
490
46
1349
233
263
413
615
247
430
214
44
35
343
63
517
1054
1219
961
582
530
364
279
437
226
52
1414
1272
1252
577
702
1421
419
266
6
742
1014
8
1358
549
231
1327
1163
1091
1407
1277
1317
888
1351
465
1015
186
317
1058
1041
1346
786
1000
580
281
731
242
2
1481
487
1049
25
446
389
272
229
8
746
2
1440
1425
507
1114
323
878
1102
275
244
1240
211
216
217
188
343
226
466
67
381
567
488
518
656
40
49
218
1465
1358
711
382
853
48
697
1172
255
417
359
14
450
1148
1096
615
1063
1341
436
32
1217
146
1361
1145
299
820
1001
471
1449
237
1084
645
806
263
204
240
1336
273
203
1269
641
296
1375
415
939
443
258
269
554
251
808
45
495
1349
1087
185
396
579
600
372
1036
1422
1031
1328
379
350
1425
1046
1203
91
1031
499
1405
303
258
89
1044
1314
509
374
1427
221
674
154
386
238
197
3
316
1352
1063
148
63
446
148
1169
485
1
1326
1
936
304
242
381
1250
835
377
1407
0
699
514
466
650
1254
269
181
1071
344
3
1018
38
285
508
445
1211
949
1215
1398
244
397
377
639
522
400
419
403
46
256
575
506
380
547
731
588
1358
145
270
463
495
925
140
440
320
303
355
178
1474
350
208
595
345
425
248
453
1112
1357
738
193
1287
989
568
1093
42
1093
4
0
1010
474
1396
1013
848
1121
404
1510
451
1481
506
1492
274
394
491
306
831
347
412
245
1102
801
408
1453
70
378
438
1493
1187
0
569
279
1386
1383
494
423
1120
1265
52
1119
207
480
629
244
455
238
598
1220
1159
399
1229
510
1142
1025
480
367
934
1446
441
1149
572
232
289
333
537
782
1453
304
1486
1371
738
433
200
1319
588
3
1241
230
384
235
233
1217
73
1443
1115
873
256
17
26
1436
1366
410
383
1219
1056
570
1479
1248
638
377
1050
636
416
292
213
389
1044
1414
450
66
1341
228
423
518
1308
284
459
516
14
76
403
401
1441
198
2
591
1491
1283
671
371
1135
1455
220
236
1271
571
1373
233
397
636
83
397
13
1288
1493
44
225
1086
215
373
1131
544
1487
38
808
658
254
112
61
1459
1081
231
1116
58
1476
1212
1
629
1317
409
186
517
453
1025
1371
331
209
1133
277
1482
136
255
2
1330
1197
22
204
257
395
354
278
4
1194
388
1320
575
885
126
355
365
492
411
512
138
217
1318
380
340
1276
326
582
202
1005
1392
1155
562
248
81
1211
1043
177
401
456
440
487
436
37
433
680
115
705
0
629
1459
1403
408
939
48
86
489
244
11
235
28
410
280
949
453
1311
804
263
283
1363
32
330
50
433
274
844
1169
439
535
589
70
428
1017
2
308
1384
219
241
1356
400
1392
1146
951
443
1188
434
1296
366
1280
660
1432
1051
351
397
343
1207
376
400
352
447
809
355
498
1225
1202
278
50
401
1461
1075
1180
663
455
1183
839
1066
1126
408
585
1406
74
1193
444
569
395
6
1389
783
510
1396
480
422
4
402
251
42
316
236
1364
278
1355
278
255
1180
1067
224
1303
1430
1322
1286
437
1360
1138
270
1069
1397
847
10
580
369
179
1378
439
422
5
624
1259
236
409
137
1432
284
263
47
406
39
1491
1467
669
1161
930
434
1146
1375
1070
1350
470
361
34
294
197
1400
26
267
318
944
1077
423
1300
1050
994
386
1347
238
1142
171
1002
1013
204
1127
844
1304
40
43
172
247
451
1451
244
447
421
54
1006
1091
981
392
846
1263
20
12
245
1107
531
341
517
252
122
1316
524
220
961
495
614
590
5
1284
19
254
1182
263
203
669
484
634
271
324
502
1498
1138
1363
240
364
1119
476
869
276
25
1005
1048
1173
1397
206
1065
136
240
344
426
411
1381
264
278
191
670
1277
1163
421
479
1101
523
434
280
1252
445
1221
649
9
374
1434
1430
1
498
1043
264
403
504
730
46
1187
1051
1446
75
359
186
140
213
1463
1359
532
432
1196
889
1314
2
56
442
422
1351
1281
1365
142
735
1059
127
1028
262
1159
270
1282
400
665
1237
1313
689
550
1160
1062
1284
1301
1112
382
1098
1285
533
651
1188
203
472
887
193
289
653
238
110
323
272
194
172
481
1063
365
1209
42
1468
309
61
1231
744
1230
304
1044
1148
5
313
1306
226
769
454
180
10
1
1282
341
1293
376
1264
453
586
242
1095
553
430
855
0
1186
1262
202
639
99
456
1002
241
3
273
417
189
1487
631
393
1185
312
14
597
229
1094
38
159
1178
181
1102
402
1445
6
1370
1483
18
50
1183
789
233
5
1169
217
1165
142
216
578
37
1226
206
222
276
1168
1214
4
945
163
367
744
1215
1390
4
198
1116
523
356
585
1380
594
619
257
870
516
411
559
221
48
1184
460
779
1354
1455
569
218
53
1134
800
274
2
305
129
304
1379
255
565
966
483
1275
127
311
227
865
274
1342
506
446
225
564
217
283
483
27
589
276
1353
526
852
17
1119
347
426
1371
232
1443
444
450
9
199
1
1157
1320
1036
461
211
1023
1100
665
354
260
348
352
381
1154
115
983
805
36
189
443
958
434
491
331
27
362
214
1357
1444
1300
267
255
1201
648
373
1131
338
135
1464
1458
596
1187
605
474
1085
273
1450
956
1457
1479
5
108
201
215
1404
265
1234
536
1442
256
7
234
429
415
1244
1420
5
353
242
1053
1352
609
1057
385
189
226
4
199
1305
1220
14
889
1
52
214
454
28
362
222
260
1159
583
322
1211
161
78
90
456
529
269
400
251
1187
650
1171
601
548
393
215
201
274
200
266
477
1118
1104
1019
1234
1028
184
286
194
1455
351
300
131
77
1046
21
405
1397
235
565
360
420
638
574
1368
387
450
231
1481
416
1141
545
692
1281
166
1344
561
1474
224
491
442
225
358
580
1216
511
231
135
340
236
1118
199
11
330
1357
24
800
358
1367
444
834
809
483
733
1251
407
291
574
1144
1298
454
1111
1098
272
249
1264
376
10
664
551
497
1147
1362
1378
56
488
26
1260
1192
82
490
1241
167
1355
347
156
1341
193
1190
313
589
1428
352
29
1224
11
1423
431
316
757
1305
421
1369
211
1427
1371
1398
1011
707
1239
478
243
119
180
285
432
526
1255
244
1158
686
437
1030
808
1173
591
276
1395
40
1
234
239
364
69
1333
114
171
259
370
1287
1144
31
156
618
1444
1158
435
1291
1484
6
435
684
628
1478
1118
384
59
1104
262
295
141
1431
246
1140
1369
425
37
41
1280
187
409
915
351
669
1470
531
231
1136
26
1183
1477
812
639
1326
320
1342
555
619
229
199
817
1356
232
238
209
80
636
1201
511
1239
428
414
255
329
135
1164
628
1285
1217
551
1347
744
644
986
1369
14
1338
1163
563
233
1466
1109
795
306
804
213
433
2
804
266
1063
290
173
150
1065
0
273
205
1339
1295
202
1449
35
302
1082
1469
14
351
392
276
635
557
589
461
1236
1397
1353
1419
55
1393
341
1318
1067
205
565
543
1348
23
549
343
244
554
188
755
30
616
493
1198
176
490
1358
1196
474
1186
1312
1374
1219
69
64
521
151
50
1345
513
637
215
194
1155
202
691
249
240
337
1398
87
417
14
1279
1016
263
481
355
870
187
202
1153
225
202
294
1338
240
1144
1329
1076
532
1471
1266
1445
580
318
312
1477
27
607
1409
581
1003
1219
1133
1410
1438
558
290
391
1245
1043
71
66
442
616
39
243
420
1144
1348
72
1057
28
280
200
7
1282
1303
514
687
362
197
234
1289
1058
271
272
268
1424
12
1301
209
314
1198
20
1166
1091
352
179
1118
343
84
1120
1166
1289
602
1390
241
1238
1168
349
25
576
1360
235
78
67
1126
249
585
459
647
1387
1356
18
1119
1385
50
691
1182
355
222
1305
308
127
1172
1187
180
73
1002
1303
1484
998
185
1291
454
187
496
75
48
1222
1294
1126
601
271
1364
395
1437
55
258
200
169
1412
376
569
457
205
623
227
429
1158
1406
474
256
292
328
387
636
247
168
1290
1013
5
204
162
698
484
57
256
237
639
600
667
234
275
1446
8
465
1331
473
930
44
405
1255
200
434
15
65
229
816
369
1066
248
139
328
1225
1283
290
185
829
225
323
21
183
560
13
1270
3
203
366
476
397
285
1227
1411
264
0
284
1279
404
1157
355
1487
1443
1345
1412
432
2
385
399
591
1232
987
49
445
265
288
188
1340
1440
22
188
307
200
266
243
450
1146
628
247
316
293
1118
1214
36
1284
378
1365
828
1148
118
247
390
1365
39
1049
1251
1
21
140
1035
1357
163
212
210
223
348
204
359
352
1312
1074
248
1090
282
2
1321
317
277
1345
342
230
219
1465
1057
71
265
1323
1040
465
1433
974
216
725
146
12
397
1436
46
429
0
342
4
1160
565
1367
451
406
1149
455
343
101
1363
254
34
541
352
2
2
63
579
171
434
302
43
464
380
1387
210
56
1112
0
1079
485
1252
1381
1073
41
468
104
1202
239
1009
1076
1058
79
549
931
280
318
1428
1249
436
980
132
460
1349
1127
845
623
180
269
760
1360
1366
1
911
277
234
1143
80
22
904
375
283
167
257
260
272
709
587
444
62
1181
1108
175
1355
88
1356
6
1343
40
1314
1120
195
247
207
986
96
240
1221
1457
0
310
34
42
840
355
208
1009
1218
221
339
1407
1354
184
221
1383
24
400
14
269
593
316
462
812
29
180
2
37
1268
459
434
10
603
1353
62
362
1326
1000
1185
205
1018
1170
445
1267
1074
136
1475
1135
1407
65
252
492
1410
501
1256
1290
166
1366
77
1291
10
375
210
201
1330
149
465
504
9
190
181
579
282
435
242
188
546
138
343
359
2
1309
1415
1448
343
1286
262
262
1466
1265
1363
1504
206
433
713
53
47
388
463
1138
245
192
627
23
1105
249
480
161
1208
199
195
182
1439
1124
184
1152
161
256
219
48
1103
1336
167
1429
15
1493
1323
113
1291
47
319
461
257
168
208
1137
154
399
417
358
64
1415
296
176
206
315
1192
224
347
332
1319
492
103
292
262
640
272
1119
1344
22
521
410
1385
192
93
1266
1019
160
360
481
235
1279
432
703
239
99
52
2
321
298
13
247
271
327
224
1183
1390
1344
1447
236
256
86
1327
455
1389
36
1347
320
152
1365
393
1288
710
942
95
252
551
1117
402
430
268
277
1055
347
1311
130
480
27
1065
1260
27
1075
185
287
158
413
12
279
396
0
309
562
514
4
906
241
307
3
216
54
129
259
271
286
1380
1457
433
182
207
31
395
28
0
1430
269
984
1064
1225
88
1076
1283
1508
227
1341
207
146
277
27
1447
58
261
12
348
1218
1494
463
207
1440
274
199
450
183
845
1124
803
170
1358
358
1235
411
210
253
1433
5
1226
298
244
522
230
107
42
440
11
1484
13
1323
192
137
32
429
45
250
710
62
290
18
49
9
1393
177
1426
1094
270
63
1140
1478
1006
1364
279
505
40
242
22
708
43
168
233
962
1322
196
255
182
291
1072
473
345
459
951
240
1486
1258
337
179
1378
230
620
124
594
164
26
481
442
217
4
1298
29
1456
203
1058
166
54
1166
1253
140
262
272
871
1290
82
12
379
388
357
19
567
62
46
521
181
252
850
17
1372
275
16
360
1262
222
45
453
198
522
641
639
74
862
384
482
734
314
1186
1472
323
136
682
1390
1198
1195
1337
542
1374
4
459
1119
264
1497
457
3
826
428
1384
1341
330
1015
49
260
199
238
473
133
1243
456
136
1161
1236
1226
177
1138
1331
490
5
1068
75
0
799
1281
194
391
29
141
331
492
54
1315
161
183
169
228
312
217
1323
270
353
394
1312
41
1243
1
126
39
430
41
41
16
1418
392
502
1378
1139
476
20
705
380
253
475
482
95
1355
1158
533
532
997
701
1398
656
221
1068
1366
45
416
19
305
985
69
545
183
1369
491
66
402
754
1073
1155
187
164
225
1444
50
75
1336
217
43
173
220
33
979
1150
261
319
89
1376
999
249
37
279
242
33
177
47
239
229
1323
236
134
1263
71
179
70
1388
291
1336
282
1390
201
480
86
168
228
353
234
1288
1259
166
376
55
257
214
423
16
32
269
20
61
398
144
1491
40
1219
1432
117
1342
1195
356
44
182
475
310
1445
390
1373
1077
1225
29
194
212
1255
16
435
251
59
128
141
1267
1164
554
1455
1375
1156
1323
1206
63
1249
69
537
61
1011
265
599
493
1150
510
179
1328
1257
20
557
80
255
248
771
21
97
707
68
60
7
841
303
246
1227
1237
222
459
1468
246
292
1306
438
117
239
1153
747
564
276
955
1317
1167
1301
260
1404
270
40
1106
413
160
324
284
381
238
257
185
1132
46
1484
1271
165
8
367
177
111
438
32
654
436
1402
8
7
1063
200
1132
235
86
607
31
43
176
100
169
1076
223
327
1183
208
1367
135
652
187
233
134
1243
795
549
1198
160
182
41
40
308
216
362
174
69
208
1342
1456
154
1274
54
73
1193
689
1366
1061
965
408
415
156
1052
622
76
173
265
566
1413
174
225
165
1264
578
515
866
85
227
302
11
97
626
314
616
463
171
484
1082
7
169
1144
1314
254
3
1216
379
1329
1304
157
1325
77
1120
932
1386
1270
423
260
1477
1299
216
1376
84
187
13
636
1079
280
267
456
85
440
384
629
231
62
405
541
237
268
1394
391
1478
489
562
1062
579
68
213
2
128
58
33
1238
167
1364
1346
206
176
357
1030
108
181
173
260
1464
243
562
163
107
1367
581
495
1445
1017
13
203
1130
375
397
302
26
170
