2846.5991245425735
2852.3552975937096
4154.97587236513
2659.6051426574622
2666.466450971096
2658.289598016783
4037.004138969273
2663.709038072052
3325.2785106078577
6269.2745623896435
2848.658235425076
2311.1814888303243
2837.2317749416343
3302.986434117173
2671.2554574538367
6258.404610776096
3322.683433912224
5387.227070260492
4818.96778615342
2673.226549302931
2850.6961325466114
4459.605087456443
4242.24114337384
5672.374275974111
2291.0650279669153
4157.782667978648
5181.82942932113
3411.1326459126008
2842.4125723247107
4034.3397224487094
770.8129428625108
4819.642450945806
2233.45484593156
5602.95992418319
5137.4242320613375
1440.829811909989
775.6329228537231
2668.1917604899886
2584.7827291458575
3417.998478911704
943.4578512681056
5059.605063797287
2848.684746852344
2322.8392006253684
5658.175878988116
5389.028380717547
2693.6617496282074
5737.424216859073
929.862208740964
4435.133984126576
3637.2409322816834
4521.638929039979
1448.488386495778
6124.2760683167035
5830.829707694651
5658.4046352354535
2558.557793302827
5586.903658970975
3536.3065045949716
6126.404748692749
2850.5257810004014
5064.744447696788
2324.9473160169346
4238.966914936425
3295.8480197141034
2664.7445259990695
4520.554688019086
2480.2024455751716
5278.222305357652
5612.884056010422
2661.315670323697
3428.954659882107
2839.2785760542743
2566.373953763893
5725.278440822907
4086.303734603976
3624.8368304505107
850.8097057199234
5414.807923332008
4140.53064040433
2560.3411654521424
6113.812010935806
2841.3336160887875
3039.611381929063
2281.3189219430915
3822.0720265394175
4457.89391617687
2312.9417984665083
5475.923249588113
1524.2031430508878
5984.917946544406
4817.12659552064
4031.2601240162185
2321.077510317379
2478.2377855518253
5706.256036113793
4160.617425762956
1131.4716674648587
3801.3765196213353
2665.5595242100057
3300.687575036158
1627.6892611648134
5550.515869845372
5471.19497958705
15597.146812881334
4610.941080951972
2595.3283663051766
5661.151229751845
1308.590959179481
6501.5099192306025
5073.932160548905
946.6709675335367
1898.7366123894578
2278.1360084951352
4644.225125441705
5271.152153485664
2568.3321162621323
1292.2549649635976
1999.4192713936138
2326.3270866448565
1160.9926463842858
1036.1571687211626
2689.6347382519343
4955.302345288029
1021.1222442151354
2844.9426894054664
2170.305792176294
5479.205931842126
2503.2534654777173
1991.0420108062522
6006.07137171534
2688.876653279264
3083.775845535134
5472.866166543804
3864.744489650856
4950.515890497646
1886.5314284909914
5305.702285467282
2328.528013620549
2449.9249413026664
6208.0335527010575
2489.417745396409
5615.328011142432
2287.7812008629853
3318.4965084674473
3969.7601118727057
773.2698378429822
745.4822536619163
1901.1887195102995
2472.2133197845665
2318.1603417202687
1439.2938287225393
5670.713067735792
1624.0142870638122
5524.2760882915945
4841.2654664070205
4030.650229230686
3321.6389548646075
2894.3328573645667
5324.233518159758
2730.6033276883
5231.260095264838
5231.875757981225
1070.8125162281046
4887.289058814025
4437.945540152751
5392.7526359529675
2481.7661927706918
4818.866093478525
2884.527215545534
3236.5498343291933
4044.2251453554086
6131.6961771049155
6637.910527783463
6516.474625737327
5388.300484565806
5814.327571706471
4631.875771839933
3271.255443565145
2987.2337654502408
3264.744499359718
860.7441411985233
1908.7920100908584
2285.734072245694
6001.990321576947
5177.747846517165
3275.250683125836
5543.088473557091
5714.958843622188
2694.0534069029854
3452.715515112468
4006.5319278877973
5530.6946113840295
4043.362721523078
6738.997767675836
5390.862259238959
2309.4127004511756
2887.781188426368
5322.30772029949
4841.829813342877
2314.0102818172577
2177.780788333121
5667.5320278994095
3237.945568608523
3984.8411903815672
3819.538259803918
3266.4664239753756
1446.9676280264518
6011.009309210869
5308.217679192498
3925.278494049158
4422.882618374875
5061.315591555073
4003.933585844743
747.7652217274797
5548.70644330704
5716.647490724651
4163.478382580038
6274.555590015436
5302.8124554680535
5063.027465489081
1851.4260339458167
3902.6340010029066
5815.887290301322
2821.845690432539
6447.030871717587
2661.88011197553
5638.887229844135
2321.579136760556
1523.2018072481612
3037.2409721967524
2294.3328684601734
5818.467232905411
4794.214951466845
3318.1422405902163
4269.597999402118
1057.9649585137988
2881.318908309833
3812.857987836714
2287.2128708504047
4784.045451587769
2684.14728009057
1443.8221884799277
2667.4316441771034
2305.864207624078
1525.1992660236485
5709.48031607628
3267.431628392164
5952.928254898253
2570.2853379209428
2591.041985925592
4371.958429180609
4525.278472768538
2723.534703194712
6378.336121272973
3890.372294244618
3450.525775267899
5119.469390052711
5610.441669034031
5719.469374582147
5470.035470554449
3240.677107130119
2174.4413796072627
5425.26921532525
3166.3739464472214
5660.244876273288
2786.8183007848083
1276.639270034409
1633.0281754214857
5609.9734999986595
4149.462588184937
2295.3445533240015
4537.424243480729
5329.907964052315
768.2160535659302
5809.514203840979
2089.944463859025
4786.949135481279
2326.4552635357227
4859.954823885086
5422.36637019425
3022.205379401181
5605.498746990465
6423.832919926553
5087.325065893814
5702.921308674511
5707.015785106541
3817.980687197437
4442.011027127041
5656.050321850584
829.9493432144855
2737.424292080643
1158.2115847060893
5407.786597549723
2319.8757072508974
6132.639597078789
5276.4047964058755
2173.249426718591
5394.729082261037
4941.099852009425
2760.9250408164357
4031.8757864238955
3809.87483132192
4466.466397088998
4232.606035835172
1267.3880194755095
3832.251532890112
3391.548430826027
5384.0454277688195
1896.27903536234
2003.5822244313226
3537.8903916075897
2997.2136171096267
5617.254972839697
3019.976210480588
2000.8171569794583
3820.7145107723572
6133.66324935592
2273.384644654507
1876.6392370261703
1442.3676434083682
5132.3872920818885
6031.617619759037
3434.616791198974
741.489140714793
832.5413827066349
1286.038196234862
2992.300834604069
2271.4681801592924
3355.9438811743353
6119.158528191737
947.7848721511958
4755.855726741646
1993.75097847964
4945.432319318215
3089.1766794224313
3878.8067394259747
2780.699814740538
2732.4833982980263
1855.3312564435328
1906.551816337818
6635.683586941146
856.4998820091693
6004.237565370488
4417.816074650795
3425.139813006379
1623.8042770292566
5389.628503259834
4250.894046907158
5450.8962816080775
2718.142279969228
3576.728435708789
6654.145694686259
2834.6168116814815
2826.8502971748017
5381.756345071712
5083.899170912757
3622.2053408580623
4874.268577505113
5009.973518264303
759.5137195860101
4658.995807176785
2155.9439432045347
4155.747534143284
4047.159639229286
4979.72448168515
4732.485714945439
5607.432995037728
2593.721293553369
4268.248952207213
2170.792840689731
5662.269587021692
5002.228625540784
5891.225549196877
3261.3156445536756
6664.3571348885325
2004.9492371020347
2487.185987472675
7007.885391997406
5585.1954247089025
4096.988996429698
6075.3264783740415
1441.2284389151466
3597.4283000956634
5575.1907274943205
5661.315583056972
5251.468837561583
3414.584586354597
3770.9967339777195
4008.019984714955
3023.0480132202256
3050.4416690813487
5059.216375693539
4948.706463729348
1445.098636651202
16818.87003574417
3018.4200007125737
3008.8939375364926
923.9412126765487
3243.3263448399584
1027.6070623799826
4875.484443852458
3314.32844187467
5503.378311791846
4792.775068506352
3800.619653380762
2830.7681442804137
1067.47298441639
5876.530601750998
5060.791184361424
4235.141360583384
5879.983624557409
5239.668057063062
5269.455849566623
2845.4816333797626
5309.49173838589
3261.880093326584
2987.0923783731405
5404.280059869277
4787.148719080852
5704.600399827058
5278.994497413781
4175.902813687651
4433.701072117233
2304.091830970777
6484.144086327703
5540.218922927475
5966.1789843725865
3068.903085092454
777.9414049557895
2660.073668736086
4043.1090583586756
4272.80947482189
3090.198734460493
1431.8510960453712
1127.6763719075257
5243.362686509068
1126.1659595053386
1633.3840161606147
5513.940505954253
1855.4323794231507
4226.747239630464
1838.9974700034018
6212.884051405012
5504.194345826422
4123.005896281108
997.9540342990906
3954.6779663573957
1004.9636549160575
5394.41074018185
5882.573497252623
2601.831086970938
2150.3455340811815
1870.5214791374494
5605.136082117635
4840.780473075517
1845.1117809459665
1435.06358596552
1873.202190066458
2566.737097838834
5134.563581391507
4038.1258063032083
3263.0275178471707
5552.355367853064
4436.54980455123
3948.448341446262
835.0715665338556
2698.4880462693454
1726.3270989464854
5244.22510931492
2598.5545481256577
2714.3284833824678
4394.11181380009
2820.8629416502245
762.528605915419
2156.545188818503
2259.4996326640144
1992.3197507588525
5235.307189152124
3002.2579491136376
4986.903677496384
5284.08059937958
5532.855989612637
5846.499418383577
5847.03091559893
3320.5547201916265
2755.947481572384
4791.150946483809
5431.402656398564
6159.404428017454
4834.575334220413
5955.74750080578
2319.721621117734
5719.491406676131
1521.1832141186665
3966.8542048037557
1133.0705873381507
1897.7095875766659
3674.7520132738755
3639.6113420886936
5272.869142600918
3229.305905937234
1437.7608916064655
2822.8356340918654
2231.8488931312086
1064.1375127519523
3528.2456643187106
6202.959921559603
2301.2919015539787
5835.90066889599
4039.1115585102057
1881.7662160067373
3448.6847405066364
1325.2185530493425
3958.1976408074074
3668.2489677718113
3294.05338625242
4615.440291309482
2307.3235335086865
1719.3114162767297
4133.968437238258
3744.0276024156874
5669.2745857359905
6166.583859569739
14884.046677224676
5701.242267619111
1685.9109624433734
2600.1845293078572
5607.985340267707
17066.828949809045
5122.683402543491
6009.423583220542
2755.8011412776095
1793.7840564875612
4465.128272251735
4915.3334277558
6299.519146453888
6128.825022679049
4766.179066227742
5990.920421822906
4952.355388639932
1887.1860123065458
3090.369765549821
2169.716030882056
2174.6599273943657
859.3842825624762
15211.84651746482
5985.429540225513
4090.9916489601146
4825.269241860327
3250.441090007528
3524.7029731338907
1618.314798644756
6002.406382092159
1869.8642041268502
5797.8323291744755
2852.7155377164363
5879.307209760567
1903.253485976768
2821.4835313105214
5828.588040589355
2934.8503781975796
4608.019964602038
14788.850216475063
2758.444187942945
5015.328026932858
1678.2742361073433
3386.7467083257147
6579.893072199649
4686.192166949449
2725.278556415278
1248.6417142761836
5805.602804811546
1792.7759740089953
2317.205445304926
2475.8781905467913
2693.018797832657
4788.982185409146
4872.36971556172
4985.1954407027
5063.8508467181555
1030.8589248583985
3974.11247972353
4418.599742267103
1146.4459663435725
3397.8621589042864
4913.8120566712005
5608.033600622172
1630.7681676802213
3530.121211633149
4660.161339555248
2176.0468111595287
5070.713077715727
3552.201533985599
2803.9336189340315
4790.066438852074
2825.839505119757
6004.2800408030525
3039.7933437731513
3951.760918549524
2535.53318124375
2082.433547862689
7028.587945009162
3247.2148917677646
1151.5829597013083
4417.980673894205
2122.683481394607
3289.6347165810766
2230.76815773518
5201.66062835562
2738.0014209279675
2825.1398475227716
4955.88925744802
2455.3312144445367
3785.239550557454
3842.0110438762526
833.1316853413053
853.6336853218768
4720.466455714706
3799.8744943753045
3424.6199769113764
3045.111720153638
6215.328006107982
1443.90451263906
5964.155340127414
5944.347587563088
3402.397920465055
3946.9572416260557
3445.4816322405686
2132.483446820995
4726.475187919112
5554.23354456317
3963.753360246607
5184.841148346447
5239.8574729880065
4789.0284093641185
1319.1404667976642
2471.0238100672636
2760.7567414597524
5608.920322216787
1381.8510096990892
4378.013972650713
3019.8841667118463
1674.4696047805924
3269.32776308495
5065.304725375811
6446.499405255137
3415.3805998301536
3446.8254887003277
5938.890917768749
1128.8401071995193
3981.8294535677464
5868.723291718032
3671.825525294717
2743.7827327254276
4890.878681293717
5542.9536874494515
2819.88814749228
1012.7871096894766
3443.3992401575633
3404.454484356954
944.6259475619802
2317.5444162983363
2303.287892461153
3220.7145294114075
949.8722103852759
2705.206658076023
5285.794353439866
1167.1629429199477
5526.404768772379
5439.580402106001
4522.074615162514
2680.8479108198567
1745.5759094914863
5390.920446794239
5255.770546507834
5416.381339173284
753.5600575987215
5148.769961265568
2206.0468947791383
1572.5556548125471
3823.574958486926
1388.901208093459
4581.8294497860525
1633.2948125661144
4136.306492093951
1995.1762078455479
4820.000515580729
938.5830389935204
5419.1542040016675
2109.2762029686883
4468.1917071763
1620.2859232244184
5056.05035228354
2840.2842015727597
1956.7837720437717
5688.790282708747
5880.44131358691
5482.958378211271
1958.5578636438117
5141.322895496964
1159.5967872880105
2391.316461199681
2824.620001719832
2197.509319998557
4954.233565386383
6298.884004118497
4672.8691625785295
5279.307220904182
1724.5906444408486
3843.129592697788
2064.7445674686883
5708.2233725826345
2474.2532807467583
5935.24398649988
3016.8503538474833
1512.3090187363466
1771.8305716830473
3972.565420425461
4097.188302895635
8104.329710679143
2307.6388997460595
3805.3241508922724
1996.5969864506148
5139.318070416456
1001.7931025249928
5325.159597405585
7373.183006178582
1202.8650408385445
993.7058681503372
3546.4452900003594
5401.50308022952
4742.00131655868
1995.328378699407
4515.420764710743
2824.8333219696688
3886.231272557633
2204.505907366326
2110.3697821020523
4544.253237012244
5063.872615569398
3919.2081639398634
5266.885899557865
4643.109037969479
4729.726011952708
4983.512731648531
3021.0080707695015
4956.09598228179
3369.4295289634906
3592.300811221613
4631.2601099496305
5279.983677697109
5121.638915209267
5311.442148049134
3836.549822107115
4828.508533291573
5810.977591538021
1570.7928608312752
1014.425962903206
5417.126562118268
4788.43178056798
3008.49392343241
2990.5522828805324
6145.472060809214
4802.406413598857
6488.795351357498
2387.432902709834
4151.771693281396
1614.2907706394117
2096.1272735388166
4998.0676012617705
5596.958652018148
4086.979212278138
3840.6770983240626
3403.9336031587486
2322.081799317864
8147.657296318673
5645.878684049438
4130.204979311664
4609.270616430215
845.0986420356355
4809.431188359764
4660.3927890487375
4099.244541438858
4793.518980392719
1875.3817780833087
2191.238264712486
4995.418065267045
2990.302022739295
2324.3147889484844
3258.2895776607725
2732.0257840659588
4058.9958160891074
1998.5545611520818
2828.9546933615065
1330.181326197228
3868.1917240024177
3667.165197335061
5421.688734387029
2488.435786810058
13777.380163719228
4610.850107509434
2461.4832937373135
1672.836351039029
1130.363063367157
4790.920464400954
1887.6119451480356
2809.4915665253156
4519.469404501989
4635.3525178292875
2752.491982161688
5406.07139115682
2092.7268298284994
4356.496906866659
5797.709019519168
3818.59975650942
5528.5434144214005
1219.9693839184758
3308.4289979600094
771.6488382399389
6104.623329688945
2485.780441843233
3552.741899058605
2028.3659245933218
4079.4016774146635
4152.201490234761
1163.910827377812
6107.9446512065415
1236.8591174389205
4127.900431434598
5203.933553954161
1871.1789367801186
2709.019665053234
4590.762950746924
2480.345333506105
5803.871634337943
2596.9369764271037
2675.2506950192546
3319.469447926815
6584.917938401703
949.8375598695097
1152.8889005992035
4470.357141155735
1153.7442144794718
4081.961945406811
5120.274127819957
3690.8787208117888
2784.841225098809
4467.293587493073
1574.6599422472118
3797.959559080945
5320.46642962448
1576.0903867841084
3526.4434940639712
4083.5321607157916
4955.021436138309
5109.48033514658
5409.431181019604
2766.582314473163
3346.5144903569453
2926.4435010812304
5394.214924142938
4733.19181389234
2104.170469294073
2228.475224562871
3888.3264184197083
1154.2091817176356
1717.5444280587328
3521.3336751922507
1308.7920328068622
1923.2201920270847
5218.467255256585
5152.5817276681155
3590.001583576394
3041.829886918901
2000.1845426286852
4689.735870336841
5754.686203859412
5994.410722963409
943.4447136682368
1721.579209540709
3635.7272987758593
2160.925051970412
5180.622560492066
15662.739489065152
2451.6012198943995
1510.4803697174057
5429.983702481238
3871.997687706489
1098.4167038708742
4727.4182990077725
4879.622616272793
3971.0040216442744
4089.0772968203205
5863.385954284765
2230.8588990562444
5748.448279034553
1614.858515557069
2245.4816556413925
5205.740193156604
4787.889471311415
2934.088059462458
2928.2456703883745
2079.9370276630784
5068.015307342062
4811.009335729507
4678.222326483591
4115.777640744864
4160.799014676966
4978.595226514512
3833.701090075855
4388.11147517376
1631.3838304108997
1633.8522360362292
3736.5089833840557
4159.671631411538
4620.07468037628
4124.232368544215
1569.716062698063
4804.280071420419
4451.417554253973
4286.949707767568
3178.828068334199
4818.907350406644
2434.5776757082035
5382.050985356368
6260.244869667381
841.2284445523908
2180.528484172255
1165.4037809709266
4390.775011128781
1326.336717300424
942.2324145789954
2319.311404399828
4723.953401640545
6210.441664897258
1998.0107183769267
2923.88235393213
4429.3058703566485
4373.785510496187
4903.190924770657
4617.085385139153
2432.0340526251643
1441.276523155456
1271.1789429766538
5720.55465846388
2247.5969351683125
1791.7635728350351
3782.318973499067
1687.78122697751
5023.903593680225
3089.3944169484016
5882.296859166777
863.6663421032831
4781.756375598918
3504.4090649053433
3639.432217410761
4671.152172950892
2620.32170785969
2612.2506230168356
2968.881500827548
3438.1258215020157
2850.858801970502
2930.121216660408
5417.860014053561
3918.496489243953
3877.376539575372
1630.3358526580696
4789.440610279925
4032.592281616989
1061.1384066773542
2808.0200166715595
1362.3326498156302
4123.318059497745
5209.270594071812
3338.001401288932
2468.7737842963625
3494.1259273607066
2657.89397136953
4516.704900875784
1160.464935063614
1033.85225288393
4989.618016313169
5475.860673683642
1026.1519411978306
3809.269203150712
4726.2649553311585
2921.3336847303567
1313.793843848849
1248.9826074598288
3701.920466238631
4592.486622331262
5666.466365807627
1863.4736688239468
1722.0818055839054
5482.902336329413
5827.547531762272
4306.896366680593
3048.6416192277156
3576.6853167154945
5904.918194522857
3006.4915070401144
4181.404418299709
2687.9704311414116
1085.4522145504645
1526.1893341893112
1023.8786427579357
4606.531907731144
5012.884071728736
6272.374263465801
1892.2549401384854
1009.7186650997297
2144.4889447363284
6140.945587239468
5864.225430000133
4870.0354930973945
2827.8398147412636
3019.0079889954422
3082.162197242098
12457.619916069998
2271.215048046478
3254.6651860793118
2267.704198270337
5088.790283992285
834.5696678167127
5119.538159621566
2432.687477901812
1960.2920920363977
2439.793362784957
987.3768837614516
1676.1134875904704
4876.987328579939
2454.6678900359107
3859.6051069224336
2749.0597726963274
1633.0426122376082
2233.8522269734904
1031.317472275721
3605.80132597521
6476.927125751814
3741.099868833172
1631.8489035974897
5266.1579666051975
1027.6892763434494
5722.683389173236
4662.046653690429
3784.1848568021774
3817.8160865723853
1009.4999953481793
4660.250343466707
4009.4915367036333
717.8651061938326
4660.446678570138
1022.7997395539703
2834.4206902686287
2725.330661685119
5766.582221490693
3018.937944721304
5406.774498965322
3446.599098187219
5144.253206780328
4463.027489286371
3495.6349938775465
2067.4316840266947
2810.941128811286
5227.834253078342
1724.3147958241711
1770.710409680031
2637.945593131804
4315.978255253272
3197.9766608082236
4514.204952015248
4975.186465702807
5853.66826520053
4800.897468804537
4188.291946884944
3256.149692209012
4706.955752406328
3384.8412090782163
2554.3798416955815
2882.473015367717
3843.3263383893627
2801.669500430258
5635.20886331081
1065.8774390305423
802.4299749691438
2748.2999389619818
3043.293823264745
3959.9853012230146
3450.8587885904726
1293.8251797530993
1684.997749962905
2788.467945188393
840.8298236764159
2098.1697793764247
5019.937369334905
5459.954808444584
2813.191176030888
5517.482827454379
5519.864342075186
3205.156409411758
4682.800250666308
3372.732187148692
2892.3518167266684
7588.810201693085
2726.180031901985
2924.7029810290387
4752.928339763657
4312.2701025331335
4381.934949173334
1016.563298502166
836.231749696227
1193.122606940137
5148.448298206632
2596.6097548648413
2747.506049522169
3466.4494131091315
2705.442907893862
2898.4186141408763
1156.8567573094772
5151.322592670261
2745.293689910358
926.1893502616551
2102.986479747231
7556.724716614879
3017.3750243757904
3409.4915418916166
5383.489390537898
1626.1519265507204
1837.3852514592136
5062.269616598688
4789.887803798196
5256.85039613491
1399.4765869644589
5688.016932501288
5990.862251555073
3253.8394619365363
1348.190154097282
5077.097776085242
3304.9815592262803
4995.788275937887
3348.4483590887244
5935.501766214416
907.7319884554829
2390.552291333196
2299.3040653679586
6319.469372912563
5120.195917396551
5002.81287985274
842.746964293794
4999.767297170022
1830.7669703195245
5729.1059681422985
4994.043059666476
1025.1170045367653
5473.546855033955
2955.15076374822
5612.294803254698
5261.066311490651
2066.4664933098406
4296.432215603165
999.0325366521544
3672.8094916430573
3319.4914744031025
2771.0926679263525
4627.834275358739
1047.9866357008912
5857.868535670938
2672.4557795705623
4993.086479020564
2849.6697663336054
2432.6490964367367
1996.609778441195
885.3281289819222
3220.3216962018787
2220.8629568487618
4189.08461825989
3337.4127915372264
4719.075946981467
1493.200854553807
3311.6941140600447
1008.1805196959493
921.1832332490404
1145.173674502317
2983.935266610867
981.0137969744976
4731.498230814517
2636.7407588343463
4660.515108752744
3374.1124866143487
2962.1526403439316
2938.2231587141796
3457.8968310967316
1092.6506372348629
3032.6490674627944
2389.999295170005
6722.810526748751
1357.758613298846
2470.12640679328
3396.5340122403218
1799.909808628112
1874.2533006490853
2061.315710147601
2478.617623530324
2199.1877840768416
3239.3220966709287
4638.98554924534
5119.491421770197
1908.5909411411378
4467.834305360578
1746.4074292626115
4161.2012698254
904.5441941605216
4053.338027733769
2677.3317172602824
3875.125625489587
5308.851884944257
1885.780449950453
3635.1413775186284
1789.999311230824
1013.5731694658596
4661.066330590459
1629.7726118481492
2252.355346617111
4662.904806982284
4080.0710310713907
940.1789950435926
1192.2467857882696
5885.794343553126
4237.344162006501
722.8577574689256
4783.612853475879
3101.92048721901
2277.315063173493
5867.941904475314
4732.60868311472
3278.8697204831838
2422.2054091332375
5058.1759091816475
2414.4844426146046
2869.422008998629
4733.643208810954
5602.812862679931
1630.8589100963457
3813.1373766244665
5821.6907693710145
2746.726703695689
4157.752422536055
3961.5464219705696
4152.741891873749
3870.357160142089
4727.945714134642
1869.2105015799805
6380.673568634788
13457.336156216614
5252.378276952381
4958.559211555071
4620.017727873891
5000.457768627451
1403.547739866979
4285.104329562311
941.0011229403506
4990.770417653438
2815.295484260401
2727.0459607157936
1384.2921273404827
4611.480317002226
3770.285326486764
3965.7037378263917
3461.151650576427
2941.865715697216
8828.907204507988
1060.879622375049
5813.121632665315
4386.90368430778
5115.711360579715
5058.404650195633
5415.048835059874
1083.7662321101084
4825.373462332452
5427.441071230078
3627.7589745132827
3076.2585032578054
3293.661740480234
925.1992829630307
3874.6407426093965
2565.8934515764895
5276.530608524229
4128.415165171402
5548.930043848985
1004.4619206637642
1635.2670956384522
2115.972882132513
2243.8682841661953
3072.2133065283915
2748.239841884093
3589.8459613065334
1628.5217745182197
3858.70175231906
5819.697253829462
4623.177357269588
4062.046669049299
2448.256516725248
3434.4206732396287
6301.2422591544155
5099.519171714738
2723.6834721216687
2186.7368343357157
6436.239981500687
4287.491714799525
4086.4601024306003
1205.1544053988666
1396.5969935362082
3378.7585418855415
3447.1596535081476
5866.077990683641
5002.5776514683
4176.509115215774
4520.833406512142
2269.576423755422
1510.197766268941
3017.894945371391
4270.035513607988
1765.7631191495743
4134.664741995134
2706.9151088997537
1613.1206330057014
1051.4454229252822
3481.8219631356346
5587.5616598027445
13452.856953534367
3768.3321041902127
5340.7156632543265
4719.537213267144
936.6100666232143
9698.49524195308
2567.81364805058
3016.560096877144
728.5414183405018
3023.1752828290178
1870.1264161513789
1000.3609057539009
3884.492102974464
906.732480137685
4790.862287382722
2224.8333360225297
2520.8495010452443
4987.561713180552
5385.671056549331
3866.4043452871424
4518.49646642654
838.5879747497896
1031.848919473156
797.8947059780135
4466.843400168186
4660.48559192939
2750.239319441528
2020.724630849419
4664.065398572411
2285.044990265678
3017.659471727514
4782.454963919549
4128.468117534612
2010.3674499126444
2077.4889722070902
5483.13042135671
1868.9719749813567
2872.544855109538
3587.0923649926713
1071.9108179603463
3492.3518058290424
941.068289552565
1301.1887311917917
4817.251426610924
1474.1747000956123
1237.3852666075231
3756.772076062484
931.6295315825959
3879.644176761523
3785.1742896869337
4919.158570955904
2843.3992413635647
2419.884169961879
1433.2151320270605
3059.954895694697
6166.312607650441
4376.942000292597
5387.148700943212
988.1062110195711
2148.299941972215
773.357973905492
1187.241176523831
4396.039175962262
2023.77291727434
4520.890585007425
2460.8977193958635
4237.732548563345
5884.080589869182
1346.3685391846063
1769.0784945396638
5057.893892547665
3345.2936762896675
2996.4918938451224
4947.52546804379
5856.377744239166
4109.606899748642
2268.406851269376
2581.2700873899535
843.822193849592
4717.1534749618895
1968.998805459846
2203.9336305695283
1705.2968055984559
5721.638900923896
2275.3327504493077
3174.494304216739
926.3343191274248
1671.2150496078714
4796.267073295096
4932.856005632406
1709.412763347562
1833.3231658985749
4787.747363483185
1194.0604314578643
2846.8254957567387
6132.8559693642255
1439.9127515594294
1636.0209156064268
5745.2936021744335
3360.708896938081
4901.9204361323555
17347.84425362566
3872.597937313115
6431.88000223332
1791.3164786539653
3260.073649190762
3004.997217950496
4450.851764339356
1082.7966801744888
2811.132684057537
4627.80875102288
1446.8020937964557
1200.6997637976003
4242.33369371325
3236.7407477759652
2242.4126241793747
2269.624315839681
1716.4329680228104
2179.5128647265424
1479.6937782646453
1981.2700900948325
4375.350139178455
2441.8299026991635
3372.565428452702
4378.5606925936345
3712.4444357481507
4977.462958700617
1626.1061133918015
1849.3477260401178
3964.6763215358164
2843.109087039783
1408.651117888665
1800.908401768806
3268.1917331916347
3152.510704328626
4118.4973001178605
5531.958407212113
4735.498723284841
4945.432660415758
2640.6771312233445
3858.9103318213342
3073.253750564303
3203.212966691721
5044.142630250268
1653.982070831151
3213.1373806042066
2695.8480632950973
3583.9352582198458
1872.5193971366623
473.77113560856304
4039.668101536683
1079.8858026645657
5122.691583275572
1081.3038435584738
5426.893921728323
3745.7515527252203
4850.8940463478575
932.4725099842412
4840.099450542492
3486.3037603544235
5085.827605626066
3515.1994034815416
5400.050122688595
1672.8455263346293
2455.432376359408
2125.27856457847
1788.7067280720894
1506.0797422759165
3921.368453822458
5583.512718203204
3977.215101475781
5126.277808083619
1832.034062525535
1637.773905891232
4390.968374002703
5038.88724081804
2292.3518253760394
3792.472459953428
5947.184326594457
1573.2494405181055
4880.947405181179
4129.975305625847
3463.9111637776614
6302.921299906375
2935.876860885525
765.4504416736713
3007.0567425147574
1927.7687451367044
2233.3840066513762
2418.159963693983
3838.822950922832
2917.8952457738114
1378.4205501187344
5877.845805774601
924.2031607301057
3878.555963566941
3743.705738147698
1521.3379958577839
1556.5451999845718
5504.27710411418
875.9625061266871
832.1728367070033
2455.175841235223
1190.130040421197
4660.274144886834
5065.5458504488015
2656.14969474356
3961.0024804758523
3212.8117318381674
3173.237986891149
5001.5264104242315
4940.218952240013
1171.5166963895622
2991.875742124757
1843.8122374714926
3599.473183892059
4867.808954394079
1125.041646091402
3855.8221127274014
5410.026820770402
854.9910607637373
966.4881783828849
4714.969919690595
1684.5272560159538
3734.764769079465
5607.913960640247
2196.5875811674646
5008.033637204499
4903.22318398351
3542.0013488520017
974.7633644713826
905.969143229727
5153.8340564814835
2227.9890662045414
5674.555612442837
1789.351890535384
1128.2369823155525
1406.5726695342012
2254.837121554252
1016.5899653101166
2888.60858254465
3575.288207180456
2890.61751591112
5498.336524427491
4669.455870297927
4035.3072108227193
1934.0533985536006
877.2563338334724
1082.0390306304419
2877.8240691348133
5267.234006023924
4632.592280423287
2058.2896445670276
1627.9890788918476
5342.001298749523
2243.399266167577
3483.1447721417767
4919.864362147814
4624.681159938291
5835.307166725367
2398.8457480968427
4234.641025460449
1060.3728054766086
4802.312734478453
4338.202459409051
1063.4982960292687
834.8982492966975
3013.4019071238677
3937.424253270163
3645.4752747060415
4877.525907193932
1452.4323813713
1015.0686327483467
4071.655360416579
3576.585367723479
1603.9336337498282
4696.951367419265
2234.022948365771
3608.458970729308
2798.849165184046
560.9926677352796
901.2326723558102
3812.9468992380757
1742.7763149483276
831.8511043419586
3780.1329317780924
5089.45023568545
3254.986886588604
839.912757473003
1715.7780885235716
1332.734749653032
3272.4557720293587
2572.6415718450694
5000.453220623095
2698.3014225636803
667.3880368030824
4976.326987679426
1171.2681272683542
5576.326982733502
1268.8036635282735
2875.9040443749004
5822.963998142817
1136.2586431759576
911.4413592192565
769.6402901022894
5495.289323421264
5866.885892428157
3020.4972931633692
5664.744440062626
3959.3304395504747
471.91083076416305
1711.1815541238286
4311.407753953083
5043.438086055531
4897.190780589083
2094.0534567133177
879.5687945180498
4618.467274641103
5230.829728236532
1793.179837528306
4410.968879915078
2245.745011372656
1429.9493386466345
2239.880255348128
4385.429796213495
2751.9684199789012
4627.067565651117
3273.2265363840193
1306.5518390922812
976.7120937588115
3048.4577000587324
2990.6564475015493
6635.1509898986005
5077.482684187819
2898.322988277503
736.5377355348797
1191.7635892892256
4130.121207593868
1681.1660547693714
3369.715987800167
4527.481794217406
5438.334826206206
2568.998803474556
3006.5308898035455
2438.857831050714
5998.226751808914
3235.134015205167
2189.443152037868
4605.740214248211
5479.626927339282
4566.854192298349
1366.7371195492065
1498.2376926581949
858.9686309066244
719.140482853516
3861.558630759314
3805.1016587486665
4016.989371476486
2629.3059299649826
3879.167104811986
3058.1249240668867
1691.065052715634
4668.332849656578
846.9676383256174
2746.284040923782
3023.5556839974765
2844.225174029865
3837.9455574979497
3430.821885681618
1841.8299090713288
3632.3667529218606
2433.067023343389
1166.3540088429236
5377.927330530073
6472.545392046418
1029.197253243915
1824.8564587069595
1836.3451730488964
5499.627434194651
1621.7406734293947
4196.9707488867
3813.3801664879074
5989.028372726891
4187.148746936311
2812.6609767791206
2498.8514672468373
1996.936989149664
1033.0426291125789
1555.9439716884606
2299.728428328829
5600.457751362856
1119.3723866314772
917.1845006952925
4294.349065964567
2562.383141856851
1571.86369455328
3428.6402843514757
5388.291901380312
2975.8330106338876
922.8444311170657
4383.512733454183
1144.1882639874364
5121.463191267159
2123.5347471269524
2167.4037301079343
3498.4186135011714
1775.9437143549749
1862.1294432712402
3332.4833937488934
5805.7401698958965
2433.933073791893
2973.173236008816
1414.6246824457978
4353.49936998445
1520.5547760394456
4430.78611322539
1334.0534196715355
3333.4545314303964
1966.3739859391767
5415.990082507327
1697.321653085587
4895.875735883961
1673.3846483484429
5933.419454487473
1350.8950574154528
1249.8939965839047
842.3676548793487
1464.628441330292
4621.6242381241855
3885.301792247551
2084.4498131835144
4466.042784710146
3145.8508797188024
4718.6561637262075
2563.7828666726127
3090.878742213503
2267.1834785547135
4140.088511525024
4580.293521539812
2391.875750341935
7015.571796242212
4943.315332397493
2422.5450486416194
1254.566594058843
2806.531961913809
5383.210756596399
1007.20636362463
4898.020055944375
475.50664038034404
5185.633671878429
3262.44012147675
3074.2532677928916
3212.9469106884935
4156.97693911094
5330.572987691924
1760.1431018815451
874.9664332735356
2462.7933528956037
2991.312531318901
1862.7933776310883
2509.3043273580274
2092.155441632759
3483.5860355536656
2082.8462585068023
2891.065016192861
4245.310603568927
1103.8763836196035
4026.0836161707552
2284.2928155323502
2512.444472652733
3475.9040341552122
3168.332109518914
1519.5858854016456
1882.1622459760672
1621.480072171546
6811.754376300214
1641.9194738860715
5417.160315092353
3501.388676113759
5066.583220065036
1354.9539521548131
3680.2024344376164
2956.0453005975223
1069.4144473779052
1115.0810285832001
2863.0868736419047
1634.801806961337
2121.6390036076004
1327.5310437594894
1011.2372336183536
1416.9258968455492
3551.7717030373583
6215.607106882443
1640.2092035243536
1011.3742814749563
1685.7340834044778
5007.43301184696
6219.2142272116935
3646.1564132091053
2250.85881327739
3892.270024115528
1560.7568127052762
5047.387904338005
3741.613042334044
1742.7517665592231
1707.3235435453214
5002.959939119872
2424.8368984925846
5111.231804794802
2226.85031062504
4052.458799442723
1251.4260460879716
4088.3181612127223
3874.7031142396277
5003.61683102821
2002.2050162732517
4086.3215189503703
3142.203672131526
4629.165499622886
1750.9892312626419
1933.157103175649
2962.9895265022337
1501.7991180874283
247.0691589069374
2713.730858541758
3223.2821897896793
2095.848070025487
3136.557018778551
1699.9352294072842
4239.971474488792
1425.026062217264
4783.210777809454
2867.2128989102994
1669.6080032122445
5146.152920705954
2064.848028913826
1188.0658269153319
2630.78617210446
2421.4465728362684
2299.7211919933916
2417.894972452382
2710.38217986045
2305.2967946333238
1058.7861954880564
3525.131691320515
218.00854695769505
1858.124964311191
2110.4803664583296
1568.956934985432
1679.453622228685
2248.790078682575
5068.19168283045
1069.2545491963936
910.8602575670235
4871.19500359792
5539.526422040289
4603.871671212499
1271.8438328998402
2053.384903045075
1243.2939195923132
2389.3518753234466
5326.678200341328
4511.990342922429
4125.559869678827
5337.186636385864
2232.708088834362
2087.233711745421
5065.9665279608525
3780.370657608763
1628.6110289508392
2937.4783559711923
2482.162207163897
3435.1576940992036
1413.057512732559
2269.5776987915315
5858.706441676509
2301.388691309599
1127.1900105077973
5861.818490016642
1020.2719498781025
3356.256639572476
1724.94738881651
1034.20215133611
4383.112254098914
724.8146683761762
2993.179821846118
1546.9393164522367
1639.525752826176
3259.605117378954
2745.962455508836
4814.807956736645
3751.786520273156
5809.2705702580515
1239.7934417090596
1031.383845754442
841.276530709248
5431.010381337765
477.18848612287434
2490.369778137826
4875.950567118431
2251.808240841598
1955.4344486463556
5987.2270619678475
3947.699769546695
3641.8298653566785
1506.4242256276311
1623.7088014140775
1478.6115257705537
4845.5813651572225
2147.5060524659666
2799.1877758556693
5484.440380504013
3196.4100192491996
3339.096925424886
1553.748861060359
488.55725038539106
1935.5809151583612
4189.814415890452
4241.839381430117
3047.577306007992
3628.2615256026925
2462.1294186785094
1505.9531461186061
3825.355682481574
2724.7932398144226
1043.7203088115075
4461.315615263822
4440.989500798622
4903.378326957192
1781.1737247159697
3320.83343642453
5005.498762248246
833.215139951137
1527.1715023073225
6128.543394259972
2282.2309445316455
3373.0170073878257
3682.162196700041
1417.4815775365125
2453.2897122473987
1838.8578377907447
3574.7001234236777
5851.468811414068
4831.682539096777
1730.5511803129164
3889.450561744436
5839.668027451005
3945.9836674920234
1590.0477353940682
2818.407279252639
4978.859138219891
4728.571762722837
2642.0110752853143
2397.428372227818
2419.007992054638
2703.6262010551595
3661.016290418141
829.0667518512743
1436.231737747021
3021.525428685398
5788.162282396712
3096.037622649716
7949.645798613192
2668.0613396293834
2490.8787591008454
1442.191845945201
1934.7808594697215
2989.174044047146
2001.831100570899
5244.467947538047
1875.8782136162781
751.9707268821177
1442.2249075266159
5046.579790218761
1134.061950797611
3377.0629382311995
2137.2856967556286
2063.027584718147
511.6528537516256
431.3838545321566
2960.14309117715
4659.069841800931
1788.0658160544428
2353.958277412355
516.0858469868
1866.5305213741149
1096.4702852686837
2278.752944850507
1943.7126305832521
3013.905282894002
2087.4462378717913
2769.8896342789835
1270.5214871159117
2709.5916047517226
1584.8412398052715
1445.1776205400708
2812.217253379394
1009.3834803049551
1255.4323940319348
1510.3697846571715
1281.7662288075205
3618.8567410146
1591.066080373678
2166.0990369517117
3106.441901294849
3729.129648904254
1801.1596202371427
2073.2265830868087
4270.790834530731
4676.4048172169605
513.6605134366256
3489.6526972453394
1480.0584676090266
3910.966071995168
6383.037887880812
1347.7764892355838
2866.4494276138635
1421.8534063791953
3749.7275477071116
2745.2165746898854
1272.5193995119575
1624.208678827612
4696.857255102609
4275.860717879613
2188.9576611568646
1939.1473827438406
2106.9151167107675
5328.170554231229
2085.9174333408596
4687.946977030188
1400.817167514785
278.5135761086844
3879.756294835704
2892.860933564896
1106.3937564028538
2298.4186180737547
2229.1972288004536
1739.717516821503
412.7871282279839
1273.8968432387624
4614.327614366665
2636.549858945787
4615.675135166737
1798.8457500029306
1443.1675936853972
2070.3450453729997
2042.1679428325326
4804.9460700572245
2819.766533860361
4718.148298695575
4996.590083920404
1487.4071851240722
834.7040964037403
3336.0966698737566
2603.497071641727
3534.664772415256
246.14538090214137
4659.078690096604
483.7662323761201
2942.0013619684105
2394.7027690210825
2372.67543913558
2630.2121338312886
5525.743021248966
1935.4441085395076
1147.7078325704927
4789.628513518422
5869.854377873568
2079.114570339629
3322.6916298161973
2237.2318067872525
5856.853342954994
1837.212762864126
4023.152653185014
433.38404145449624
3617.012124408345
1095.5190745582725
2172.2844257375527
516.9466304564639
4372.253015491867
2797.240384797779
1438.5879684890317
400.60853949455344
13792.91156901153
1458.5203391480638
4841.83935149745
3170.2853317938952
6194.2812360071985
2723.873966512534
5076.694971260532
1268.9719889989863
2635.134039856375
1495.876720227854
845.4387342009437
836.4840390707219
713.3164511787594
1505.7057587019397
5085.026679231717
3635.454007551846
5531.439204444617
2807.8233110648857
2274.4696043577947
2143.782735671739
3623.9334529798366
4219.642492849666
1717.8952529248618
2184.8412366302846
1783.9352777954466
2875.282755164841
1455.7754179599228
3040.081685359983
2481.1925727884354
1085.9109738769125
1495.4845729983626
1252.6698816952146
4311.891750191372
1015.1837824641203
4094.2248540756073
4035.891446290459
2037.9592072527394
1508.802965387008
2939.5670994545976
7344.415561900548
1450.9123385820922
2257.923246384214
2187.0710069988304
4199.444324861561
2122.0620916517164
2312.5573722977642
2089.6347879419013
2155.94749429489
2248.6847981502315
4199.814714219223
1600.563788065944
2265.959461681964
4657.868539598443
2543.6157702260825
3363.753377987811
5732.211111154135
1021.4800889046319
1078.549070226452
2389.5070456401118
1800.1336305193204
1639.1265471587565
1681.2168866947675
4118.645584882553
3538.2231532057704
1691.146630876361
3919.491458018276
3604.254303583166
3732.9498283848625
1968.332153255465
2561.466237027037
511.15689640037954
4872.866195603181
2417.3425190576086
5088.016944566446
497.79939639385015
1433.6806766396576
2855.4435008864884
2252.7155943658995
4838.390828498014
2973.9749866329657
3411.842928962463
4100.155191751685
3038.1158713596365
1443.3595703933338
2084.1473295220094
4513.061174961839
3680.1574036981483
828.9985962067466
6214.434676692857
4618.513345262825
2654.665194249954
3234.6019572955292
5255.6056731178105
1901.9205108074125
226.67699183913035
1678.1360383476188
1002.4918292024772
2555.4344473370693
4792.752663626402
2711.6941560714017
1912.445976906363
2867.3745619270676
2786.24840263477
3421.4834958197666
1078.415204866967
1868.803651836348
175.6670851208694
5858.423120421773
2648.146423569725
5520.5672398150955
5937.186635516791
771.124891162394
2714.893648200359
3346.085563856989
16116.634924619524
1815.0489550250777
1872.21333452849
2823.831826077825
1557.4603987021974
335.3018366696149
2263.234543687248
4087.7972821923477
3856.9066750884713
3476.5270429639327
5263.046534949875
1630.4777443308221
4994.250281304136
2876.5270581700606
2440.0816861512135
4619.958560338815
3427.8398003410907
4876.498740414843
3574.90405257866
922.1952150298933
4519.53818154331
5121.469427745685
4796.095653951269
1391.0420254075545
3585.671105412226
2778.0158892536156
2094.6499001636066
1173.9191649233621
1688.432373132945
1655.2370882999278
480.4743299321996
1073.8792609430352
3410.941105226484
3369.76013418205
3060.231799730541
3505.8642002309325
3665.804038945122
3449.6697505547486
2358.6292964302056
2934.705798676112
3231.5981657759066
3787.674905417618
1189.2354066940263
4215.872204421351
2334.7112673674214
3024.836868737192
1791.875759593012
4663.046555125932
3169.2177348673035
3162.3831254825186
2989.999287716615
4518.0512345029
3135.5331805360315
1429.4007448486418
2392.3008847861956
3920.1959626666658
839.2938406730443
2108.802962606518
2988.7067056794845
3044.961154761251
874.3808876580845
2921.45532927186
4155.078543743879
4719.938551070608
4729.461088921067
2286.1696643335144
4382.268358462702
7907.336801710463
2708.429023943987
2278.8515776733566
1027.989089462257
1924.398953352707
1810.5047907336134
5214.327594356787
1888.4358068011074
2092.3140319567806
1700.0302326947428
5424.085289178605
2796.534022144092
3439.2785747150638
5429.635218569579
4791.33918268805
1798.997170029046
1595.5012697840932
3153.9499168538273
1028.5217877985144
2839.525750802342
1607.9785543574333
1390.7167060531578
3230.786147803287
2899.4030596622774
2715.997855323534
2180.6998191657826
6234.3439552654545
929.2706364163944
2955.868264572482
5532.63961736983
5136.4121346475895
1078.2742429051657
3727.3553188116034
2378.444522282499
3146.9252272617264
1033.3840331255838
5847.286382155793
2814.8929539354044
2507.128747110107
3645.31061093001
1274.607345550328
1829.9838226284319
3232.251548249057
1075.397143543589
5323.613391051864
4070.0712801332115
3004.2025702151423
1034.0229737228756
3363.3919642706587
5714.990193117789
1323.2202227050034
842.7891899553
4515.282555265404
3205.101662286486
3530.2049905340605
1677.3045547441513
2725.520571308906
3466.1831402049943
1008.6454657739556
3143.397925283541
416.14104146202004
4245.5936720542895
1009.0549659122661
4917.482840267105
4223.933448073432
2379.8036373648692
1506.7317891109726
1034.2552705742448
2030.212138691917
2402.257996962234
829.9054896341061
4392.482939119909
634.0419391232105
4612.436317847513
2971.2631082777893
3674.998025844715
870.8882752083931
2828.640307514647
2239.2786056396753
4621.937838597393
3831.6089503007474
1432.6847232282846
2415.817706924972
4514.16075578924
4029.8321234495065
2207.2823300669875
5219.697263490268
3632.606051193495
2078.113890133192
2979.8826056484977
1459.5249704476946
3204.007324566895
3892.915319429151
234.89826230985616
290.8598157993451
2437.385244681886
4245.93981494288
1435.0715647410284
1070.1168887520066
3501.643158954293
3875.546864969077
3881.1302234526097
1679.9397452683143
2316.3700402857808
3782.685215114103
3209.8748582122334
3627.679214641507
2750.77164589169
873.4393925147336
3919.5382064725386
2716.7440909303336
1683.1468227917278
2229.77260020259
5426.017555660578
1192.7759901969002
2169.889640412262
1018.3148019102182
833.1742708245619
4353.551946192486
3529.0369727942184
3977.0165527716913
2696.4237024354334
3138.492065986345
2271.9838559657715
3786.0879213713442
555.0670343319001
2409.8340871993123
1501.5501450593415
3573.6091971310957
498.7956273685311
4126.443488544361
2072.702004416178
2321.33776760532
2706.348052863786
1681.3189505914092
1253.6081877358124
2535.4441074162705
3741.5525975523346
3605.0735274782423
4410.624190509212
1437.1927564152545
1069.9914877512826
3367.8563978036327
3484.29279859115
3838.636196140982
1084.9977581158482
2202.1723135192456
2714.855637254404
550.9555044840176
2847.159666275459
2633.7011290355267
2934.7112607242875
828.1072237403952
2054.6651989481343
658.1250155692801
3252.697544177755
1785.4905783165086
2937.8904099209053
2532.1059555226325
3062.1294158098262
1699.3040788945264
2844.8267975799963
5488.898502315751
4680.071016324718
4267.808976191523
3777.9446415099073
1734.7112704437684
5729.574659004455
4660.10501661311
5277.756444970286
4220.000543808421
12469.73916782249
1859.9549179241542
2590.7915712945023
647.1775967733454
1173.0197315637754
5337.418053777178
6272.670126652352
2430.0739726212587
4799.308185536344
1796.909970754487
2807.2823267085505
3074.7520244357243
1298.7366255833324
1414.5623592814675
1698.4186195606835
4489.460781730481
4112.740611691466
5304.121580650613
2884.941074540192
5304.447277457742
4274.998023186853
726.3367227788887
1871.8438285775132
2940.9993125921133
3359.3674262445143
2193.3303510529545
1429.0773404263284
3248.1464193198385
4724.939074039129
4124.9390879506
1919.590299532693
3230.2121275598033
1794.2150419071108
2118.9126884615202
2356.7747571524737
1521.6390124854875
215.52261474809535
2707.9225352241037
1003.7968562564802
1377.7370128678085
3375.666127017807
2491.061745987685
5108.407702859076
1150.6491389533976
3369.7247929959044
4866.738734245591
5486.494416556517
6378.012976368873
6143.4243597691175
279.51729888087544
2811.501511797065
4736.608850885574
5120.765768606023
512.9092522960424
3731.1025889275115
2067.163831182376
3365.6606393345114
1851.6012402636957
5320.43935408303
2118.0878979368335
843.1676018323103
4369.50359539421
427.98909882728947
2065.0206432677182
5114.958856814865
5258.995787889125
3212.8580049499865
4519.452085181091
1611.1148376514489
4463.663661445944
4771.919715536325
18701.272754543854
2438.938786536323
1482.3991346150833
1477.2563316557048
1586.7368620011325
4975.344232933335
1133.364248935306
4268.906554921213
871.061200431656
2419.8443067328285
3202.592460565771
2154.765106477596
5599.261766325524
864.1050222444353
3812.387355086032
1719.8757796078041
2223.8318404430242
1018.055789077868
3888.8814257490244
1129.4506971865694
4473.932194182734
4967.417169878665
426.34353933649726
986.4361763129956
1230.11943608728
7028.311876513544
5996.468004088627
2393.7016220338223
3410.8501206066385
2278.4151851210922
2216.55576856079
2122.501391468933
537.0342910493034
1479.524010264843
1807.6529826278932
3355.6661858461075
3414.0038364678885
4054.267234618854
4293.014516768777
3020.6785321625207
492.65065983640073
4799.0674184982145
5853.9656358699785
2722.102729072503
5902.812402888685
3867.2936025772997
3560.143083370288
2083.9968493431043
3962.764136824021
1439.5955067484808
1396.0794113754193
2719.962707601399
330.8008382901876
3871.420984661111
2971.590532905525
4275.484467239867
2489.1766940366424
2211.5015186833216
3920.8330104553684
212.514510253433
3015.8177046532824
2710.4410446706324
2233.64669089566
216.27991835391984
286.9456281179908
1746.3635962630979
977.5290439601436
1231.414382227273
1019.3445873275932
5528.8250245366835
865.3678858600873
2073.8088982827226
1659.417476131782
1014.8585206156115
3561.2012813790284
2408.4939463986957
2901.388685775692
2098.301428275267
3735.6797267700217
3003.4147004286865
886.4114720251622
1437.2554266375507
401.7931142203213
718.3925177304837
3181.2700856538936
1428.3659389715808
4900.439662969393
3290.3723175837536
2430.532726963433
1713.3280673672753
3461.3421091842824
1088.4323810734538
1927.3068402808774
1594.5082451684018
5121.746991951253
3185.1976378995228
4799.819746759888
1669.5764261975678
2372.69930735559
2429.9838164327493
4214.75544913679
3963.640297444985
482.09015208881385
2323.4963892644796
1786.6123119547406
1790.6564713676582
2501.512131592957
1436.023645892009
4873.008302779083
2659.058460905705
3702.7622380538346
4875.923271584254
1633.454884170699
1714.067486220544
3886.1243885090516
1880.3453413230468
1962.1267658577135
4234.643826054081
1902.6248557949664
1667.37238155928
3352.574753536667
1030.9057141138553
1432.2765580183875
3302.6340262214517
2246.599178768046
4470.713115706784
798.9362399483258
5430.346991750853
1311.5681463474505
3681.9534308293664
4445.531533834816
1088.5572466853478
2149.1082762037718
3168.998803459475
1890.878765605677
2137.070654444578
1777.9274369108227
2431.4143635451874
2371.5905476679945
631.7827166648486
5524.21898407924
2127.040983800316
3380.1309981785116
1348.8278525793685
1554.2787086393896
3475.777309417378
464.9912409476998
4216.489966781529
197.66803104715237
4531.916379503043
1716.3700416278155
2367.3021221684007
179.44323895814915
5185.780435110762
4020.8673695771718
3478.6607874291312
837.7609036201432
2227.8398262368332
2715.920798904316
2063.709081061539
6218.8318099604085
1627.8365240819387
1849.9249612659319
1628.47522775416
4177.113314405235
221.77454724336994
3243.1296011693285
2845.8817696418528
913.9863343962431
1799.5144871374205
2719.268936451388
3581.1736548216318
2700.6876175261314
3802.2107512671364
218.914054093641
5070.287067609237
2207.358050965136
1738.2231675514272
2811.3346976070598
4194.203310243758
4402.228639837063
526.1659963220774
3479.0144940052032
251.9672006613868
15256.66668625944
4098.22899619256
5427.834368325549
4445.12771484973
3649.068018038646
455.813635421572
1077.0362327708485
224.75146742138062
2749.653169449507
3506.4443303339167
4899.180423331405
2797.8621695002116
2855.2370852690347
1440.3240610463708
2919.1420313612753
1136.4561722201865
3375.853632054513
3418.4072737474185
2105.7435357514796
3444.5173569076965
5143.671488598411
2976.4026998402946
831.7030755659355
4246.825933464733
2253.318451435971
2234.2021268365934
341.00113182998246
3944.2532434451314
5611.197798318711
2493.6541188245665
6661.169503693957
3271.859068984467
1126.873142456334
2439.580772224742
1408.9850167558127
3281.230294764917
3072.954311169934
1675.9040581894756
3918.6550897465177
1790.5523020296873
1545.2937044849584
3076.7671875895585
2376.7284681912815
3009.3258505436247
2087.970475556232
4121.2832351863735
5075.2819450315865
542.0265766778509
3605.1517650634873
3598.699652924691
2190.7396896188006
3575.835857844431
2189.8400133983955
2145.2937008084505
2534.0533718865195
786.2030315979873
184.01691021801915
2249.6697742556344
1423.1979791561628
2698.169777298041
1087.0403477442155
3446.475064651578
3986.002434350142
2834.6004131189297
4912.065462675704
2601.591075062844
4066.073395007143
2566.949462960699
2419.461640085836
1777.551760035945
436.1572000425159
613.8163608163218
4913.105187148417
4734.345994751606
2791.238252020854
2901.643171552331
2075.818973810571
3983.9229999005893
2716.66382177074
538.4984124392587
7547.657329192984
5257.036012166174
2639.322121014005
9369.684562564913
4146.034897361888
2118.1423232594757
3194.1118292630276
3161.2895474819725
3674.215579666582
4190.606476938824
2302.3333834819355
1567.8596473385783
3707.4792108752376
1551.6716695088546
4593.735919701018
2039.7169561017054
3425.8302019338335
2406.4915280319624
5007.985355748914
1678.4151943371646
2357.148123914697
5871.346574294238
6556.490197528578
1509.276211421979
4018.732983266842
2925.9234426078788
2427.4721292739805
4502.620575475077
2936.36156614212
835.4526098678951
3014.7416644860627
2720.5547630344895
3880.9195161930966
1172.136509291446
7077.868619003347
4852.934554551037
1276.3799277962344
5120.833385770215
1082.1894389485756
1664.1808453199142
3591.498314088948
5663.02745741253
5265.102505073242
5212.082928667759
4312.131586730281
4273.546899576642
4800.920461181044
2714.166372533274
2695.8864348701045
3302.5538024141447
1120.9717038887347
5356.471813066306
5329.639661775016
2519.590298856803
1926.4390266501969
2945.112940721251
1512.6899548043136
4156.572973153532
3555.0785466916523
4783.489404246306
3576.839309585463
1546.2840718017922
1831.2262674709414
1752.7162073941558
4183.489432783334
1676.3457109503079
2068.06134249977
3363.4511020786076
5484.5803516547385
1502.6936226577036
2084.6208904597693
424.289862778534
750.8950639292848
3324.845247944981
2212.1855651049395
1576.0468318441492
3617.6760944181874
786.8269588825701
1616.618847373501
2069.0689517365827
12783.8719837521
2095.584227667582
2250.525831207032
397.9793689503556
211.80878081378546
1433.6277672749727
902.4265715800641
1663.090027981252
1398.0107266359307
1970.285379519992
5876.622199588671
4272.73374461763
1835.7681742717484
1563.521323091323
835.9757349193409
1970.0668786041842
3242.2010643307717
1503.3946448549834
7307.336841784731
1499.8697983656355
5117.5255620113485
2147.4553987282416
719.8589343195509
3865.9665533376606
1871.0238291682401
2693.0299489874214
3487.3897823861125
5515.333406639575
4352.355404115461
1878.2378152051626
2123.112878734729
827.2266991492697
6469.2973151222295
1772.3312851059661
13458.084305143584
14447.089989369324
3677.5941572976167
4240.099480943455
566.8153542269754
2605.1564230956774
3057.279833998925
834.0311121959182
798.4001030026983
1351.5212273747768
1816.8503862937107
156.49475352787297
1458.161739072888
2088.876702371837
2145.2165776141883
5295.663339225526
4737.262595053079
791.0207242997827
866.9777664129897
668.8036747158951
4279.205973367893
3630.004058896222
1600.260120649714
3047.8900294084215
1187.4329257488616
2309.883175947585
5988.300459330956
4466.9347397516
395.59840906621343
5818.030546186876
2866.3623488397325
353.58038494723246
3258.9103367303237
4941.6704429895435
381.4889526006097
3063.4444641584
2320.567518409031
2317.895250937175
2487.475024688549
1080.2356799894412
3660.5740495952655
2428.6009590332214
4500.6385337148
773.0166980809915
3434.055707286251
2886.9746318281736
4381.572325683251
3879.96945846765
631.860930745334
2239.5257519577203
1191.4043805682475
921.9376787769897
865.4978774332375
3830.2106451528157
3023.6022346997493
4491.649105908269
2224.2793899580797
1020.2859404135546
1080.5862208819015
6476.998842259756
5676.6949660436385
290.9486331407667
3741.8858762773216
1656.5195449624575
2020.3217136636852
2069.141705858854
5231.880024892532
3062.793350563607
1386.6248700580072
2359.283133873184
1179.5889536463433
1434.5775907373304
2496.2412784990215
1761.574541400125
2024.7229694091181
4811.153564878916
1682.189431107159
840.1212118464906
6466.963890174187
1722.839212711684
1800.3311695962532
3360.6884309307757
613.3343917628689
1539.6816873392745
2880.6968239769944
253.7813621074863
7833.273678927534
5513.812029765876
1068.826773520546
4651.468865524876
1874.2686641342932
6145.515102374649
4379.846311039265
3874.013609973681
2036.7407642820422
668.9720001669764
1083.1468307751966
3265.999513623586
3249.288408772403
4850.896300263742
4069.4558759633596
5412.5316951766035
4567.2722043782005
2370.9202261022024
1800.701249949972
838.0987207269062
2250.696188539147
1721.2778417920406
1742.0316001162664
4397.114837896199
1189.9993221462678
3505.0031238637393
1053.1584527954296
4754.859294145595
654.5665940661867
2239.764056234442
287.9034227707247
2747.844439939149
2316.4328975454378
3673.231145254108
3236.8452752643802
3681.378014649955
1709.8831793468366
638.9974918060765
885.6736195072396
866.5079415511564
4010.8501193849343
4088.9554048208547
4942.9537064093
2209.0427313858336
3131.1025938894395
1269.8642137835611
3984.7559638277435
4055.1146889355077
4336.880882736922
1855.175853850591
3579.889421437634
3702.802271273218
2172.555634532618
5717.8614046622
6534.976612565626
4796.468048598598
3587.148751211377
4802.284626335659
5145.293618833948
3291.375566249771
5401.99033567463
5075.988678420351
2753.1104661526338
3371.0040308103244
3360.0197211417762
1711.1993583774986
3434.198838516278
4928.5434287571325
2421.560174333643
2275.904054716162
4636.350059129944
2019.146947747758
570.5826814012592
5066.693181528358
1132.9451891572858
1730.1810483171237
2923.5057649078176
3284.875978891067
2687.8895464072816
411.0443585690745
3209.6910726420624
2646.83572050267
1447.1850485368468
3629.983780316652
4799.712776746561
2732.6347521826574
3560.0671095306147
1183.5635469555334
3704.6595381925167
2532.6995765543475
2974.7001283198097
2970.616018731053
3322.0746437241237
1879.9206823067407
2668.0893649145364
3592.5051770361265
3704.4920043200655
2092.7626350683363
1848.6416794507684
933.3829668284014
2152.5427107177898
3857.4806765294197
1880.202479875206
2935.8151212640073
7453.488791097821
2561.9627703501437
2887.760057590428
1758.5839629562672
5940.649389099782
1433.6302191870407
2520.708620925075
2045.4711957610048
1912.4444791341464
2950.6750291289327
4278.567213548055
2496.0376289476685
1111.096578136303
5413.949272576987
284.87091050100037
553.8234356877701
3510.7809901010432
6137.369817679955
3431.7136658802647
4389.538515969645
2495.7711434363164
565.5735186355852
3432.965327838519
3093.0992279355787
3953.6933718343744
1286.5314481227
2109.0460667842244
4232.064409613938
8048.839480258906
2128.982880900075
647.477036588714
2720.5953128573938
3697.6770962221194
5246.499445163142
2881.6000493144734
1666.8504381847765
2703.1114040871616
4697.831791828388
2702.9864761324343
1175.9084030893118
3054.06255948339
4131.258662766478
550.274253009823
336.81793933173657
1819.9762365540494
3883.0623384189257
2287.4426741044194
3709.1132037490597
3001.8618423363146
2340.9993160638055
3038.469415609487
3450.6928778590363
2578.7285691755337
4093.328117805164
1433.5753641204183
4242.074123211811
4128.245659502431
957.425204848977
584.9229538351409
933.3759731452984
4373.123259072274
3682.544229417567
5675.281940326581
5277.8458239148395
3807.5559049921335
4270.665490755187
3956.197032099477
2653.8117538154743
2693.888371757684
1003.1400962181028
845.1776246100385
2900.4769927723596
2288.5642890176823
4122.702126481772
2118.5931475143393
4312.651424537289
7042.485151766055
181.91102087712972
535.7885573735497
5829.759915041008
4800.730452341791
5074.984973674667
872.1106566169198
2287.760060852497
2174.3064921352116
2991.316454499494
1570.3058079502132
2334.229585928823
2200.563786522811
1592.1218322531045
3102.3364442978195
2364.097049151623
2286.974635191063
4794.461628681513
2629.9341441413762
250.98813310090088
