4157.782667978648
4037.004138969273
1886.5314284909914
3624.8368304505107
2760.7567414597524
3037.2409721967524
3434.616791198974
2680.8479108198567
5141.322895496964
4828.508533291573
2294.3328684601734
4034.3397224487094
3022.205379401181
3784.1848568021774
2287.7812008629853
3325.2785106078577
3417.998478911704
3449.6697505547486
3424.6199769113764
2109.2762029686883
4086.303734603976
3552.741899058605
3205.156409411758
1897.7095875766659
3785.1742896869337
4435.133984126576
3890.372294244618
3411.1326459126008
3874.6407426093965
3668.2489677718113
2291.0650279669153
2596.6097548648413
3782.318973499067
4417.816074650795
3820.7145107723572
3870.357160142089
5070.713077715727
5658.4046352354535
5057.893892547665
1446.8020937964557
4676.4048172169605
3427.8398003410907
3247.2148917677646
2848.684746852344
5387.227070260492
5656.050321850584
4620.017727873891
3521.3336751922507
4468.1917071763
3536.3065045949716
4766.179066227742
3261.3156445536756
2891.065016192861
3318.4965084674473
2478.617623530324
1435.06358596552
2155.9439432045347
4941.099852009425
5605.498746990465
6269.2745623896435
2584.7827291458575
3018.937944721304
5952.928254898253
2846.5991245425735
6447.030871717587
3587.0923649926713
5552.355367853064
3262.44012147675
7373.183006178582
3801.3765196213353
3240.677107130119
2820.8629416502245
5407.786597549723
5835.90066889599
3537.8903916075897
2169.889640412262
4232.606035835172
6274.555590015436
4525.278472768538
2199.1877840768416
3629.983780316652
4371.958429180609
3450.8587885904726
2123.112878734729
4029.8321234495065
5278.222305357652
4031.8757864238955
3302.986434117173
5851.468811414068
4840.780473075517
2846.8254957567387
4457.89391617687
3237.945568608523
2881.318908309833
5258.995787889125
3021.0080707695015
5119.469390052711
5707.015785106541
4269.597999402118
4163.478382580038
4417.980673894205
3068.903085092454
2491.061745987685
1824.8564587069595
4112.740611691466
1202.8650408385445
5879.307209760567
5608.033600622172
2798.849165184046
2454.6678900359107
4437.945540152751
5554.23354456317
5085.026679231717
5805.7401698958965
2825.839505119757
5526.404768772379
4459.605087456443
5063.027465489081
3672.8094916430573
3322.683433912224
1510.197766268941
5863.385954284765
2572.6415718450694
5530.6946113840295
2664.7445259990695
4819.642450945806
6031.617619759037
5658.175878988116
2659.6051426574622
2206.0468947791383
3809.87483132192
4136.306492093951
2204.505907366326
2848.658235425076
4717.1534749618895
2493.6541188245665
7949.645798613192
4789.0284093641185
1381.8510096990892
1892.2549401384854
5424.085289178605
1319.1404667976642
1388.901208093459
4660.48559192939
5134.563581391507
5459.954808444584
5415.990082507327
3954.6779663573957
4790.862287382722
2563.7828666726127
4671.152172950892
3818.59975650942
3178.828068334199
5120.274127819957
2316.4328975454378
7588.810201693085
6131.6961771049155
4058.9958160891074
5058.404650195633
2847.159666275459
3858.70175231906
3822.0720265394175
2661.315670323697
2850.6961325466114
4994.043059666476
3855.8221127274014
3019.8841667118463
4123.005896281108
4537.424243480729
3819.538259803918
6124.2760683167035
1167.1629429199477
2825.1398475227716
4811.009335729507
4792.775068506352
3212.8580049499865
3258.2895776607725
2937.4783559711923
3785.239550557454
1674.4696047805924
5062.269616598688
1474.1747000956123
3450.525775267899
5617.254972839697
2743.7827327254276
1679.453622228685
5276.530608524229
5065.304725375811
6004.237565370488
2001.831100570899
3741.099868833172
4781.756375598918
4987.561713180552
1506.0797422759165
4954.233565386383
2451.6012198943995
4268.248952207213
2422.2054091332375
3744.0276024156874
5702.921308674511
