19391.38814466227
9114.2572145817
6461.667167094384
7061.666134910019
54243.634612111826
62790.08682609487
10292.227544921901
6122.575951295194
17742.01332378711
52443.65406776321
34168.4832972509
39560.36588003616
10059.486232606225
61340.19241411078
7118.876884352094
8927.760821976202
24826.202382797375
13600.54984846084
61940.18838654029
5895.675075583919
10693.30010224807
9188.371928203755
9692.22900274339
18305.17149948503
7887.042150033623
22628.77070896701
3278.0179232925807
52089.543284515225
38960.371291370866
25272.538112904193
31665.89805468745
30235.278278835656
14716.930058390179
67389.85500899315
26235.664440336976
96322.260485631
14116.932088907428
6922.7420617435555
43976.4089120001
81135.96589196051
5287.956172275316
74928.33474685712
31782.37582692496
24226.206106301364
7916.832571725201
20674.780886125784
2750.6034213685653
19503.974329004686
24672.541603796497
6087.0454872725895
4887.047855854084
15254.698329895877
10141.155963744277
45769.130335129856
34861.59596845403
23074.77054466727
10687.349685277444
7287.042817872464
13516.93419818407
14307.417055569134
72549.21841300625
9714.25612180298
5684.726841566824
3706.3203064637537
17775.08842593595
54489.52106791769
17772.68735735197
63990.07564272303
51780.928605099165
36645.34166209687
30237.20758823269
81553.71763997077
70749.23782154884
65006.18220130663
22317.323361490493
3943.3306577848134
109299.17701081253
8597.915818213387
18461.921863930736
75528.32714197059
4089.8200052942175
87260.44689361575
19706.218868984684
19991.38515077859
42776.41648266997
53889.526508379924
18293.621472338775
13924.4819946996
28960.62251264803
12226.085890428352
3582.6280910207756
29265.909625232274
68589.84418166165
12251.09377238639
37663.7517218027
4052.0805496479416
27108.950789170216
17203.269738938816
13707.418267101044
67967.56186903072
24435.673106854054
9106.027398402784
40672.24905758861
11287.34814409147
3554.6468074216714
12916.935904853523
25635.667728826607
29121.09800487307
31308.866697037858
6343.327203531749
3913.4797024249633
13107.420045496481
8475.565305772141
6518.878100546583
73749.21251111905
30232.768035460806
8626.100196458636
3766.8549788216687
31908.86434284882
19042.85673584447
8443.534831686979
17473.49977787914
52980.91853754089
34522.50421796239
15916.928092025008
15168.070065162088
8111.355400726599
51489.546927079435
11164.155222829551
38360.37615714282
