678
663
717
912
667
913
679
896
668
6
670
780
673
4
4
822
894
669
849
3
3
613
7
892
715
612
2
895
902
661
647
818
716
893
911
918
6
1
3
897
5
916
3
4
2
6
1
898
672
670
819
731
665
806
664
3
7
2
662
743
613
646
733
711
904
793
730
3
850
734
905
643
817
720
962
5
893
914
917
663
826
658
798
2
915
732
790
711
907
777
665
813
729
852
2
678
718
612
723
674
3
667
896
1
671
1
878
1
1
1028
2
730
0
612
882
661
2
894
9
609
2
4
795
903
2
799
946
613
0
5
8
679
794
1040
727
1034
685
857
718
6
680
5
650
662
650
723
862
771
731
718
771
959
919
644
726
662
0
672
788
774
856
959
672
3
666
2
781
792
651
732
810
823
4
726
1
935
869
640
910
651
647
868
858
599
725
945
651
1
825
960
875
0
0
830
920
871
652
659
898
988
811
4
5
613
7
550
699
990
910
785
0
519
787
3
828
1
981
721
860
8
7
898
5
608
713
726
782
614
10
5
779
792
9
4
10
6
797
2
598
0
2
614
677
717
785
963
821
667
677
5
967
666
727
523
6
6
8
674
518
758
993
1023
7
659
762
1035
785
916
10
1041
2
737
530
6
7
559
807
304
597
1190
4
840
1
1
766
714
510
9
861
9
777
10
1
910
0
321
6
891
879
1020
0
859
796
675
960
2
653
558
779
816
671
711
656
552
8
1048
850
570
9
8
607
676
552
930
1
692
969
9
550
920
928
4
662
4
911
829
739
7
994
958
723
748
860
834
965
300
7
1
708
811
9
938
793
1
1
696
944
857
274
916
5
895
2
921
1024
716
349
657
881
538
301
1131
678
295
536
539
293
337
1
764
2
777
673
701
680
726
1230
779
829
8
768
642
331
723
844
884
10
678
690
298
720
519
845
4
708
722
0
719
692
516
810
725
834
859
789
276
725
811
743
547
555
910
761
908
655
887
868
1124
897
759
0
783
800
980
968
3
668
294
979
811
556
959
549
552
748
679
713
706
931
3
4
537
892
804
1297
788
832
316
831
4
675
778
4
725
770
333
648
754
955
713
300
278
733
505
886
518
686
540
696
0
791
866
658
659
867
775
4
898
757
347
946
722
0
794
806
0
945
729
717
726
646
4
1
723
539
730
889
674
920
775
786
796
782
539
885
2
832
798
641
904
505
799
677
957
819
263
1
1027
16
911
536
350
680
691
612
766
322
976
919
710
1
678
930
937
287
977
5
725
1
1007
804
4
277
1294
1038
884
556
851
654
1026
8
6
297
602
748
720
702
889
4
864
920
679
670
610
304
6
940
780
880
864
657
763
895
645
675
719
812
302
1050
754
841
2
848
762
710
5
566
916
677
549
915
788
765
642
6
1188
4
332
1188
872
827
1
657
798
545
1
840
319
306
724
943
598
1009
3
719
698
16
1082
978
0
846
4
6
1015
782
717
0
676
1081
572
307
848
553
809
822
872
1
534
333
778
758
4
639
641
4
903
697
896
672
5
991
880
333
911
659
729
848
832
335
683
866
299
8
566
681
692
618
1
763
965
725
795
789
297
797
860
3
691
911
646
835
812
921
5
603
783
552
542
580
882
952
834
197
790
1045
879
886
765
331
893
792
660
605
11
878
810
997
847
787
5
3
807
993
721
599
654
546
541
981
935
352
974
755
4
755
910
328
1006
0
7
819
936
707
820
6
937
697
758
944
833
955
0
6
8
307
0
6
7
304
808
1264
843
600
827
9
3
731
603
742
949
722
5
1049
676
581
0
825
828
358
649
302
298
871
977
645
1045
5
784
919
707
315
1086
749
819
836
3
730
898
650
788
315
686
3
1388
591
2
605
349
4
1036
2
694
294
728
274
869
782
712
303
638
991
4
564
901
6
678
0
671
349
652
947
10
882
550
542
1
968
1
762
15
614
317
262
927
871
2
531
673
736
5
1032
818
340
1
2
783
641
293
814
603
1001
542
0
885
3
728
832
1036
931
5
906
877
509
856
366
551
581
962
775
911
786
837
983
1266
1044
497
625
722
5
5
921
608
776
669
624
11
651
773
920
650
526
335
961
896
336
721
1
571
513
855
715
298
307
908
776
694
791
299
697
196
493
624
836
1142
572
656
625
999
545
688
833
738
0
594
2
658
786
809
290
529
620
1389
764
889
661
337
929
604
1002
348
584
1042
625
597
3
900
824
1235
916
606
676
682
1
632
1216
511
749
752
261
655
831
564
466
317
272
1
926
905
613
1
965
1
499
4
933
1033
865
772
758
300
878
773
1184
621
673
698
2
339
891
301
808
940
373
574
907
894
0
876
659
784
740
7
927
1
870
371
1195
703
957
374
629
1
898
712
858
554
5
4
318
911
769
695
942
779
3
316
5
1
706
928
864
1120
842
660
710
1024
573
0
815
1084
275
956
0
784
271
0
942
652
17
683
816
1041
5
706
1259
332
890
1023
336
521
689
1140
334
932
642
302
615
7
317
830
1014
3
702
870
322
925
942
791
297
6
753
303
337
300
335
1
581
0
353
957
565
876
592
6
8
11
560
5
1267
1047
875
334
929
291
496
788
558
946
341
849
878
4
9
883
315
372
826
669
889
624
710
914
350
668
8
784
370
975
668
6
301
520
938
927
799
845
792
1
551
295
1064
277
520
506
324
826
641
959
1035
8
894
606
1125
434
1195
339
898
326
776
976
900
11
850
822
901
1
303
337
950
888
701
347
962
874
684
1
597
851
540
770
500
571
919
781
1116
293
341
950
333
731
272
831
806
351
672
746
1202
845
724
962
303
672
629
684
4
665
545
279
832
693
744
843
333
812
543
380
808
0
1131
340
553
722
930
767
785
302
611
540
312
868
958
667
537
881
371
629
338
884
855
544
897
592
356
370
512
977
596
351
986
785
516
794
262
367
632
843
10
342
1216
787
497
835
912
882
852
832
988
708
10
5
862
828
799
839
902
317
1280
750
6
6
264
900
1
2
852
887
847
263
681
283
195
525
375
1352
263
1277
914
947
571
606
6
756
705
342
1008
967
833
732
16
263
2
605
278
853
871
1298
373
8
5
548
693
2
742
731
913
291
322
331
600
270
1291
313
1037
803
304
15
766
625
746
1
781
581
1118
296
704
915
563
672
272
1010
335
2
4
6
921
687
273
311
543
10
579
593
970
1
301
873
916
0
494
751
881
338
318
263
945
2
1104
338
575
653
702
628
727
373
1192
319
692
327
277
391
692
1046
580
592
627
1010
734
615
309
298
1142
1042
1231
992
1038
248
303
914
996
912
780
830
331
634
670
304
936
1020
919
924
2
1
614
772
16
270
3
336
278
680
336
332
865
637
226
664
825
357
691
521
602
262
749
1
537
274
720
218
3
688
633
289
356
664
911
897
602
826
859
1353
488
1040
297
941
3
1
795
786
14
896
2
714
303
318
1039
631
919
1093
956
846
4
559
662
807
963
512
551
1243
352
360
922
1040
340
741
320
665
0
641
376
918
874
288
861
947
610
279
8
730
939
841
787
650
1037
649
933
258
757
264
675
901
10
1235
713
350
814
371
217
746
0
754
274
843
697
827
849
728
958
920
359
756
724
362
583
639
327
533
365
11
784
595
700
1
1043
634
1110
512
341
1002
1265
4
1258
1274
872
1047
365
866
689
607
331
966
751
821
838
8
496
11
849
0
663
635
0
768
657
583
806
477
377
261
938
1190
1143
7
0
2
842
15
994
623
858
1036
748
692
790
1254
299
709
286
1008
994
745
940
546
345
1108
584
835
912
569
1294
337
265
383
301
1072
746
342
683
1262
435
740
1026
1016
658
548
348
338
796
737
1047
738
965
915
593
1104
780
306
547
535
2
961
298
805
849
846
610
1191
859
861
247
294
572
591
903
900
928
332
1145
7
763
785
984
866
737
343
951
284
784
1146
1273
548
283
555
275
636
333
354
645
914
574
0
273
904
240
391
4
1260
3
313
1
770
237
615
573
853
688
587
808
743
610
809
2
510
952
0
840
997
869
655
273
682
815
587
316
249
844
990
601
9
810
609
948
415
560
865
1
293
287
820
639
371
1167
852
777
1046
317
234
335
623
498
907
288
535
554
8
895
296
316
800
873
854
749
332
1272
596
291
545
883
849
643
1352
368
3
260
240
15
1
697
526
314
179
1109
1205
717
7
946
498
706
640
650
486
928
603
778
637
1025
580
915
1102
275
945
372
514
571
429
668
943
369
858
860
944
1019
606
869
355
1196
895
10
961
352
879
840
348
8
870
301
594
384
877
827
434
836
488
1097
276
745
467
297
847
262
755
313
322
1004
1256
642
1040
640
1041
1000
694
595
329
821
277
643
964
9
216
917
323
714
4
928
307
1126
1242
870
638
499
937
842
909
1142
942
561
334
2
1031
807
340
595
3
498
681
872
1073
719
11
553
491
557
1302
1299
923
359
1038
420
553
872
1039
291
1064
246
784
876
976
935
2
509
354
1350
985
378
374
894
215
741
979
667
432
543
927
0
299
975
592
1364
658
1297
639
607
224
681
414
5
557
287
1129
973
380
928
373
1047
841
709
245
611
514
319
315
877
622
16
324
739
292
13
1197
372
489
909
915
887
687
504
951
984
649
805
942
835
666
1046
530
834
1000
626
642
353
1
305
673
321
682
1016
1
19
2
901
991
473
667
250
337
653
675
862
721
1269
7
778
540
1085
889
0
945
235
968
529
276
1192
961
751
439
1023
979
919
600
1
1109
667
868
828
374
317
372
803
676
472
299
930
635
1025
943
947
540
368
636
239
0
8
538
327
832
216
767
963
913
798
593
260
929
547
261
821
478
15
371
636
281
771
769
657
531
214
1024
988
652
1027
313
567
801
652
736
714
895
1142
281
637
826
811
416
568
421
909
507
286
562
318
282
328
376
647
337
918
353
350
259
364
1031
756
468
1050
877
952
878
1238
648
277
383
282
1085
1039
925
594
738
908
585
780
599
649
319
366
744
801
260
527
729
304
462
586
257
6
604
7
952
764
661
966
1200
517
585
805
304
880
503
279
498
178
375
387
1154
318
660
836
223
528
1203
1200
1
506
286
939
651
1037
8
939
750
1191
730
758
663
675
966
622
680
17
992
880
333
528
1009
831
9
646
993
1118
771
681
922
363
663
353
1081
724
291
756
490
951
499
841
1230
927
1139
225
389
4
777
312
768
486
419
580
914
280
1201
961
2
604
734
2
618
505
946
754
310
587
330
934
238
897
1197
325
681
1024
621
733
940
689
589
648
289
1026
1236
635
683
954
373
3
261
328
324
823
547
573
906
822
393
485
749
686
340
891
815
519
1278
694
526
439
926
361
582
329
816
1
890
695
281
641
518
803
236
313
944
302
782
929
750
509
0
452
360
440
9
2
237
1100
793
431
665
854
940
418
331
505
318
274
791
465
7
19
761
510
620
238
586
268
1194
1088
609
789
953
3
1358
985
964
676
412
596
904
5
1147
9
374
629
1
789
1145
555
269
593
457
373
949
1026
740
875
1030
424
1
474
8
572
657
347
863
274
508
618
896
982
955
609
615
388
283
721
638
589
361
693
553
25
859
5
671
898
364
750
4
626
1052
980
361
1150
259
518
364
850
987
537
1290
1019
921
515
300
316
239
748
512
289
334
10
646
689
288
876
925
499
970
387
390
266
309
222
610
2
20
8
688
1209
1072
260
257
367
954
80
964
670
624
590
892
946
294
853
693
707
1124
269
280
1187
375
734
844
306
708
537
112
215
1038
1275
55
498
813
7
301
569
956
863
749
339
375
665
275
2
725
926
659
264
875
734
653
1027
1360
850
532
833
599
386
508
616
230
502
973
251
161
698
1277
919
320
469
925
396
732
862
620
6
873
3
796
659
424
760
386
986
558
938
14
330
577
1300
546
862
910
381
643
42
307
259
275
457
541
501
748
330
690
1017
981
819
825
818
364
677
1070
699
1115
1044
720
537
548
1080
271
993
758
712
926
362
732
293
5
306
339
1332
6
682
823
465
466
994
507
840
1140
493
11
1313
782
299
583
727
24
302
781
1
817
14
4
535
565
486
312
433
944
54
273
1028
264
1099
1187
395
611
524
563
890
73
1036
624
934
543
899
1053
698
363
8
889
993
512
484
2
867
16
643
162
797
590
465
7
294
5
354
531
326
769
607
3
7
1182
541
298
882
346
757
516
388
275
378
671
34
909
321
306
620
259
969
0
975
836
334
444
404
367
1347
556
1229
371
392
308
911
432
14
261
886
1010
984
513
738
617
323
327
2
721
578
330
598
296
341
284
955
728
89
770
988
1119
427
797
430
415
12
70
462
646
12
331
502
859
387
26
320
4
541
2
477
418
1370
596
313
864
505
1251
1169
12
285
848
710
536
82
854
792
389
72
363
650
712
523
779
652
930
33
511
272
974
4
842
953
387
1232
590
840
311
372
1083
951
417
1048
291
651
884
1073
969
747
568
339
839
947
711
58
308
766
1052
413
442
1127
602
217
460
1127
227
19
496
567
9
421
6
349
11
283
935
412
703
476
539
790
296
1270
843
687
1245
675
1146
750
520
895
1010
308
259
1238
983
701
432
845
738
264
6
62
631
309
507
1226
559
293
54
268
255
870
402
391
297
257
815
1087
400
797
790
504
879
339
272
178
367
370
248
1314
761
16
1260
479
713
5
861
811
1154
715
1143
434
1292
396
531
749
631
420
729
247
1005
690
316
236
736
508
606
821
467
804
279
873
315
83
635
688
583
271
1
428
1132
924
353
1162
878
385
55
677
922
965
310
1152
527
487
9
903
379
701
3
260
879
1233
1088
533
351
891
845
33
557
590
582
640
102
473
1064
1262
389
1113
756
32
346
299
944
474
826
40
387
891
487
56
597
1000
47
281
405
40
370
9
1218
607
482
1063
63
280
393
647
513
667
1
529
235
18
358
104
2
362
346
277
948
673
1007
39
263
1011
270
923
431
286
296
2
1153
337
1137
586
625
304
63
370
1011
8
516
249
13
678
288
262
231
532
246
256
258
594
794
470
851
500
1292
74
751
100
443
1121
966
970
17
0
913
59
8
972
262
281
1039
9
380
341
855
829
588
617
664
1357
236
1196
536
20
743
471
407
620
763
778
15
528
1100
6
383
964
3
1101
1262
281
13
28
1
936
579
954
32
730
7
281
319
561
259
218
94
542
1015
648
11
17
98
463
933
876
266
1103
0
306
3
840
939
878
657
293
324
312
296
315
0
41
648
924
957
866
1193
596
377
990
662
0
375
532
390
830
514
698
799
757
3
361
291
517
1013
844
645
1035
721
285
633
228
347
743
449
287
217
669
430
836
964
39
517
3
740
296
1042
1036
56
764
554
771
311
890
645
405
244
265
458
645
286
20
684
1
1327
355
1050
1349
510
319
19
846
258
410
1334
470
487
229
344
360
328
271
472
1114
1199
217
13
60
570
263
1073
991
1028
13
888
856
781
515
1165
756
238
63
849
990
340
112
404
6
661
1223
993
33
379
264
1202
1289
777
737
631
205
8
266
765
8
292
41
560
764
1103
215
1369
709
13
460
670
593
1051
325
338
733
615
354
1007
214
661
310
990
114
1366
1154
361
847
38
912
286
14
162
265
1238
18
914
770
220
810
286
320
438
814
268
736
644
417
686
757
562
66
380
841
419
32
46
657
933
65
278
321
880
2
681
343
829
378
298
893
786
958
1146
628
20
55
375
401
250
363
186
39
542
276
821
553
139
2
828
906
651
317
33
455
352
21
889
264
19
294
910
238
179
1310
718
377
373
1194
294
1041
401
887
319
295
562
0
319
35
1365
550
739
32
132
328
822
290
857
642
793
682
61
1293
241
856
401
101
845
16
10
303
2
1339
329
850
938
978
29
1188
11
538
1118
802
4
815
777
2
1043
279
216
951
531
1320
511
493
503
76
626
163
385
240
476
450
475
918
543
10
387
922
384
79
902
1052
502
577
272
357
1291
583
417
595
446
1002
301
341
567
1219
545
498
267
568
12
932
968
326
437
595
13
484
268
605
533
414
27
726
1136
384
1066
524
437
1269
1008
393
426
542
151
696
1049
330
741
238
1054
48
259
34
1014
919
1191
47
296
64
1288
271
374
307
276
831
1362
744
1052
302
746
703
982
358
839
1243
1019
372
16
1251
65
605
433
34
348
491
298
686
699
782
47
417
982
955
325
281
1233
476
318
1097
930
390
1360
0
384
496
1042
252
154
461
115
410
1204
354
305
234
323
216
756
617
382
221
318
444
802
551
960
588
406
40
601
420
379
376
733
1341
4
81
784
744
259
450
940
61
1236
648
1097
1002
858
315
297
235
798
897
278
1013
214
384
462
540
338
254
293
447
854
32
799
314
534
471
409
730
471
831
950
23
433
837
31
1369
340
829
949
425
311
457
999
62
236
818
12
155
848
1144
62
170
343
1001
867
69
513
424
422
401
507
86
92
390
112
1144
256
640
1183
434
909
55
9
46
886
735
10
22
855
468
37
321
834
1006
419
161
640
269
1075
373
416
298
801
636
3
28
63
160
998
18
1216
223
434
589
1084
58
314
376
619
825
63
682
952
404
933
336
60
436
389
501
941
805
310
829
260
899
261
305
1358
614
865
1248
26
752
145
855
185
944
1029
263
483
345
284
876
67
794
993
84
214
27
102
12
456
492
1201
742
610
852
1241
397
428
414
873
1098
33
953
484
1230
1031
549
240
3
331
947
1147
19
1123
7
581
252
3
323
452
958
965
431
318
1005
1234
583
908
1260
402
1115
956
905
106
113
218
307
40
1163
1258
599
295
49
987
1355
1301
215
3
473
7
859
813
432
15
390
521
248
656
669
1235
865
617
466
1276
354
312
1296
27
281
508
1316
716
321
482
215
0
623
556
1242
132
741
349
4
301
43
569
176
1264
79
14
1053
851
1002
709
71
860
254
260
977
1231
1037
992
1317
11
1040
1110
324
398
126
441
862
1198
1206
406
161
1230
1098
290
854
16
1338
1258
28
49
431
887
536
850
1099
952
107
161
817
1317
1276
1022
30
586
814
541
34
1233
1326
926
313
354
1029
950
348
986
21
226
924
234
63
110
688
1209
344
417
411
1309
846
834
348
963
394
239
1135
89
965
20
546
795
360
253
478
300
224
812
831
78
1360
1348
326
768
385
429
55
927
647
1369
334
40
1275
855
642
1237
554
412
56
185
10
917
981
1358
673
227
184
440
125
1218
536
314
218
428
39
460
39
588
1
414
1193
54
595
806
856
389
1228
111
984
48
527
1249
854
926
394
1003
7
281
526
246
68
1017
12
251
11
1023
664
803
275
343
250
171
1225
182
309
809
31
386
941
5
267
359
237
488
351
1013
61
866
1307
470
386
355
980
47
943
1027
1122
1
690
636
253
14
23
934
1159
416
258
1183
630
824
57
15
837
322
662
2
72
12
555
513
363
1336
415
462
104
735
41
932
1227
53
961
249
11
137
697
1092
1005
1053
1305
913
842
858
449
1132
693
778
502
291
388
972
422
407
1185
12
353
917
544
0
994
1028
101
363
91
5
1161
246
1327
385
1114
1351
128
323
381
2
12
835
40
1256
335
27
818
1107
262
492
433
291
6
1247
852
71
657
1305
38
883
510
546
28
922
883
0
689
872
1054
25
91
137
671
620
284
206
263
233
593
1122
703
433
71
89
623
79
114
99
1249
785
423
527
283
290
568
39
333
1068
363
1089
137
924
1034
921
601
656
46
234
763
1039
555
622
54
12
248
19
759
233
311
168
506
283
812
661
509
450
983
285
1095
1220
301
348
84
50
326
868
284
1054
973
1302
1051
1011
160
6
16
73
1076
188
79
741
166
251
607
152
833
1140
405
126
1057
1063
98
86
881
353
292
789
73
218
665
211
12
760
8
90
362
213
1016
824
479
1115
1204
240
35
205
0
3
47
1229
557
26
495
7
225
339
1078
317
29
875
1307
1082
468
985
369
9
250
226
408
765
488
300
423
66
448
587
47
311
4
391
303
88
1215
1143
1
110
1117
957
628
1022
525
0
346
72
238
855
377
1167
307
318
1014
950
1221
259
184
720
12
742
217
814
279
891
139
774
62
392
361
297
339
1026
102
830
151
442
794
50
982
941
415
851
1293
3
864
1177
346
459
289
843
429
1003
745
45
31
1183
79
456
1231
1232
547
345
46
73
1309
32
153
681
1366
362
8
53
1177
49
894
738
1061
0
422
47
39
726
572
441
611
837
33
1050
643
287
365
70
3
26
276
1
1
820
372
1053
492
432
41
594
338
511
6
1055
108
680
262
231
938
27
1150
7
695
819
317
154
1024
947
286
438
26
873
310
1140
369
135
1233
365
622
63
35
992
897
594
1027
106
40
535
132
83
1287
474
1
1049
44
1094
475
71
91
1017
1029
906
148
589
495
4
75
435
56
13
995
285
703
136
956
913
411
212
1325
884
321
432
1273
71
697
162
702
41
887
183
988
159
486
1382
351
992
1224
1153
36
463
278
250
40
11
125
943
414
916
397
21
275
947
628
67
66
852
309
1362
342
1146
404
623
76
550
430
238
1021
780
81
67
403
671
1350
458
82
34
701
997
372
1060
540
1007
530
608
3
347
409
566
749
28
760
237
1330
1107
526
857
543
1050
990
757
1229
283
278
912
559
38
0
368
857
1051
218
4
1162
968
1231
1361
1102
33
584
277
981
247
19
1175
1211
244
60
350
314
1203
807
264
342
412
108
479
305
324
1002
562
346
36
72
70
107
64
249
484
62
863
853
237
1133
408
535
323
955
24
312
34
458
619
397
827
320
904
288
48
6
975
609
617
1280
428
848
1257
249
937
1121
320
109
8
637
249
0
387
374
856
394
261
871
36
927
760
688
932
542
650
169
242
326
1013
728
1303
353
995
25
273
1159
794
392
25
518
1067
9
779
302
970
663
28
35
470
621
847
1029
580
57
1020
1247
689
253
56
971
1280
396
931
791
813
557
977
257
95
1296
773
432
1161
925
61
699
0
923
20
1223
514
1035
93
870
165
865
70
277
1004
1089
412
1081
448
817
932
824
728
11
1255
26
488
968
698
49
739
1340
1321
48
60
1148
1142
286
325
52
1236
1077
579
416
753
7
769
145
973
1080
761
235
169
24
691
463
451
504
219
987
683
1072
472
990
1217
34
243
57
351
170
394
407
201
236
899
1200
60
874
227
1185
1250
1276
539
187
297
187
0
358
747
795
752
974
742
559
173
32
793
852
39
688
535
1281
335
13
1032
99
1085
579
1046
9
752
2
592
949
330
38
873
396
27
9
477
511
342
102
9
393
269
197
19
1072
995
279
1
146
344
269
66
21
1263
1208
1058
315
869
371
298
839
386
1367
36
94
1372
971
43
1092
823
537
168
184
149
314
926
468
324
156
1017
1289
874
1087
260
892
354
1032
372
532
368
1135
840
978
1056
1216
997
294
109
226
385
16
506
211
939
69
535
333
21
364
1015
1281
422
1001
392
1012
134
838
715
938
347
349
1034
37
1098
933
154
510
837
168
1250
1287
7
403
23
524
811
4
750
546
999
1076
773
92
812
1054
106
1197
322
187
257
267
1055
41
300
273
381
249
762
1048
766
841
1240
14
1284
1126
595
388
1309
31
1071
1039
1252
1021
1155
554
337
731
914
247
89
314
195
24
596
1191
860
244
34
383
333
969
635
85
1276
8
955
78
303
1192
542
1138
861
90
818
1104
48
14
1007
1121
560
443
214
956
386
243
922
390
316
99
854
896
875
708
687
361
633
730
3
758
1014
837
350
565
318
245
1357
1213
45
799
1154
535
794
70
1123
8
1256
3
513
264
1107
22
867
1023
170
429
436
816
364
63
918
1357
1317
1365
41
937
319
119
168
340
196
1228
1307
527
451
519
1002
1005
320
1069
618
