-0.03999975367274151
0.014498118656571428
0.011855607495327
-0.013141058103922338
-0.0372073047764682
0.008699081556332394
-0.008361595145960798
0.010818560879126757
0.014879724092466672
0.016742686650193066
0.025655007248547336
0.020788408910730576
0.0231403699603813
0.015612728435176193
0.016190692111917815
0.01892956287079884
0.005874305375652107
0.01933719123999566
-0.02762952300037823
-0.009260859187622063
-0.0066867283269724425
-0.017261454968192456
0.018482189954146862
0.01468263560385508
0.006727075909489892
-0.004351305876507517
0.01658602182810617
0.029488542723558147
0.011326760846706604
-0.02006206938928748
0.035872626824126265
-0.014244486717293232
0.02586866594538177
0.022973014230864546
0.018315991052497323
0.01636950355611367
-0.022678302692603403
0.016044218438715712
-0.01613884102536827
0.01489902381265334
0.005192823566432974
-0.044887902298718814
-0.02455472037573141
-0.019074128309397722
-0.01227098039276893
-0.023801195903700445
-0.005181890399097729
0.02083191788528955
0.014191963209099032
0.015275777232763146
0.010955597225727223
-0.025543180017889126
-0.024764991431525867
-0.029051608332742333
0.013282571572248505
-0.00612268573828131
-0.021152503741613225
0.016401290976659228
0.01599169388727521
0.01845478247459215
0.003890074946020115
-0.01728576275911474
-0.028828692154374155
-0.024221969314224143
0.01130849399288112
0.012864675898977468
-0.024110697763270586
0.012852621906434759
-0.020266450308918074
0.019064164442079624
-0.017952072341556154
0.009218848364262457
-0.019582028826198764
0.004056750023756777
-0.0042061624324673625
-0.0088425650629434
0.027155106090432916
-0.02233061111055802
-0.013402172693960355
-0.007156775368738865
-0.016985496746312997
0.022244138577883887
-0.013706057195774531
-0.023879095812750543
0.016976632266028135
0.00795306874256014
-0.0023903620194161593
-0.009439303212721314
0.005004109942419981
0.012170651447283415
-0.01335619054408238
0.01579545064648505
-0.014906823713400588
-0.017550196446378345
-0.040688008263635375
0.011881678012147621
-0.008107755712606286
0.012722067165508312
-0.006109417939834897
0.012581073472965075
-0.004212793774247502
0.012006143488435176
0.007868656880070737
0.01526216588016835
0.010977728721758779
0.004007859231463408
-0.015048244438103146
0.0059072325232360735
0.004810781506201203
0.0181737101344911
0.016890391425699956
0.010150434573510586
0.012795584651472649
0.014030085817079294
0.013867761581276882
0.008711842386169212
0.020403030153910054
0.008826815731189349
0.006304149263594485
0.024550638979143096
0.009303112657818448
-0.02260025640930923
-0.018893862137065415
0.011287810392486199
0.013706158951228752
-0.012519668988425194
-0.029050568386739233
-0.011802247409925299
-0.015710089323971926
-0.004007445953311017
0.011991747837249673
-0.011831506731377358
-0.00561918218201883
0.02007895915206499
-0.009341409886813989
-0.014713525204414667
0.002549256069573008
0.005187321750078594
-0.01525677205463384
-0.01610715506163383
0.02776977855904509
0.0176788158605273
0.0084746059286747
0.01094663146026572
-0.011793724150036768
0.015899121082614903
-0.0026249566550488115
0.009350554046083188
0.043441948924716096
-0.013176865142736123
-0.008332161125961109
0.023895444288154547
0.012227467598993763
0.004326741590208592
-0.009242072078602049
0.01188417433866589
-0.00586324585393282
0.006122162294676695
0.011204870149797862
-0.015906263868834966
0.03146579092369674
0.016113384832058396
0.008139265462797808
-0.017872471389267584
-0.014404655141815267
-0.020913975095271514
-0.018462887282826055
-0.007332073390447735
-0.012253557311347573
-0.007632427867225934
0.010513142392819887
0.014648369119647762
0.013412749559192007
-0.014483272878173782
0.003813885882201641
-0.014077481334379235
0.017084358612604343
-0.017419456140281463
0.007473200509663567
0.004698868403985123
-0.0077560187339877
0.008886553813647122
0.00938249029826303
0.005537563266391336
0.0036284155244588577
0.006983674932800444
0.008099342007156386
-0.023783022102545744
0.008459433368762662
0.009300365948624437
0.002401651134718503
-0.01235396055161413
-0.017773745337216186
0.004211991811929715
0.017845344040861234
-0.008582846010944646
0.003994317265267648
-0.00914711165064106
-0.0021259877669204987
0.020874860862623038
0.004037986758384133
-0.020283136701684593
0.010498795812355919
0.019353605569670324
-0.009695184815584087
-0.015140115109506106
0.0020035828494116034
0.01034001709036594
-0.004134067503171625
0.01672221636925273
-0.006725666580790599
0.0024945386182347877
-0.015021012234401287
0.007464939592627581
-0.009569173363138454
-0.014567229081904547
-0.019781923909279773
-0.013954463703972443
-0.007522571886567844
0.0076879178306200405
-0.014472701297187085
-0.005555020123990352
0.004467146923948728
-0.01085619458325326
0.007215058486039635
-0.017235177761343316
-0.0026834082880692924
-0.004838412968588523
0.0037253840391811618
-0.006593194854448435
0.010103428732888792
-0.00679207292832279
0.004459886060584307
-0.010664301897193505
-0.009454847001791474
-0.005410486967775073
-0.009717534786480039
-0.01682696495048394
-0.011882266568745919
-0.01229128059130194
-0.03180323085943832
0.0023508801362651516
0.014173303070316808
0.005687520252500738
0.012890705516360512
-0.01539691831642775
0.015071125738842402
-0.010114788538160877
-0.004330041640949948
-0.0071282643490113776
-0.007916608513202363
-0.012013904867160216
-0.0429796032099135
-0.012620981082312431
0.005709459032704642
-0.0026519608461673142
-0.007043230934014035
-0.004030260329177083
0.00722612559112372
3.662392787950274E-4
-0.011798671432134948
0.004081637176503204
-0.0032113865780427657
0.0028691282168745317
0.004511130185774721
-0.009623585170304722
-0.01056544782114233
0.00950502546725627
0.010230150659965825
-0.021531044504582847
0.003342033037093866
-0.002678601488234474
0.015240705622622704
-0.003820141408102604
-0.01916701091771815
-0.015810076162999114
0.009044088942304906
0.008859527000285923
-8.11171573213135E-4
-0.011683351183100434
0.008144007194281915
-0.007336820685537312
-0.006106421040624706
0.0018126243454459677
-0.010958275751835058
-0.001368884779698833
0.007588963629032391
-0.005742154569090434
-0.03411897372342703
0.013479955435567221
-0.00936506575226825
-0.004928459720520848
0.008376042675123686
0.025530342126331207
-0.03168213192290185
0.005355707151227918
0.0017207496079171992
-0.00983693938436595
-0.004820413772280741
0.006412815028254864
-0.016175565673548213
-0.018644350476026694
0.012597238057382382
0.009018292404945043
-0.005075210138237612
-0.04771731373211975
-0.0037867142647854814
-0.0026498728564459217
0.0026639500071817352
0.00884772215832026
0.008546572313715401
-0.0031675566646042546
-0.028263585340453437
-0.0014518169536261317
0.006213945531646408
0.0019113025676604047
-6.888481620464733E-4
-0.007627445255140885
-4.534300140150855E-4
-0.00670838250563293
0.0016409159436052963
0.011911761191465822
0.007897714475353288
-0.01511839632751396
-0.0035577202714752345
-0.007541847874559619
-0.037135933941192016
-0.022504777984918387
-0.01664296324863768
0.00880027475755773
0.004808568767496922
0.003416741621218522
0.005092847134086233
-0.012022058812172992
-0.002043981203984642
-0.010113199173260031
0.014066914933288363
-0.00310739676274054
-0.003604979232538308
-0.0032375075242499565
-0.02806945052210689
0.005742016303135729
0.00596267952916332
-5.634113195708514E-4
0.002518789398353924
-0.010831456696837894
-0.0038264669296304973
-0.0035476758594500135
-0.004052810147621327
0.0020130201504155397
-0.005129991915540583
-0.0012291118884234127
-0.011470469837718352
0.0016991068376998348
0.009372121849850782
0.0017639436113157034
-0.019622156410072346
-0.01982460155201228
0.019681574292481047
-0.007068120661875157
-0.055112440984925196
-6.011120750607679E-5
-0.017483310520281462
-0.007510120435072599
-0.04957698703539828
0.004533726589945887
0.02148863564673584
-0.0019291942749074902
-0.01399861867133842
-0.002534946820853709
-0.0015995216159375091
0.003435891701313214
-0.0027844185463045505
-0.0019899347209167886
-0.008826092271733203
0.0017736455695951175
0.0012784437453928544
0.0016926501213818926
0.001695877202549077
-0.007287328842710656
0.0019049925945507195
0.004666686042558718
7.519225325889092E-4
0.007097070281345694
-7.203313165030918E-4
0.0040396925888184125
-0.0031860958383722626
-0.031672303533096115
-0.007923501814039984
0.002816872852561454
-0.005716093020664727
-0.0028399968071295715
0.004186429206105285
-0.01356785543406862
-0.0015135345811265926
-0.029420156793943105
-0.0323430441844026
0.004620538303802343
-0.011193936301247868
-0.00360414967690462
