0.019573598249605157
0.028146519457446985
0.0017814357862820554
-0.00640316023132049
-0.0019872472320492576
0.0211817574774409
-0.013932319477330698
0.010571228886877648
0.004591265447049477
-0.002964678949999427
-0.015458977245556199
-0.002101135250503593
0.01217581110881985
-0.011630395532747815
-0.020443651811046504
-0.011639586116380461
0.0019148630732611681
4.922790580779866E-4
0.009001126205545393
0.001477376471787299
0.007735803259141654
-0.0027789760760174045
-0.00189351275491805
0.01448366584988051
-0.006702659254318977
0.010460839561248422
-0.0017135606708905996
0.007462058268392584
-0.002502671666580851
0.017039781888689695
0.0024949439940765523
0.0021524577420718462
0.004439613641189559
0.002439902612787258
0.009131148738453651
-5.1130053806144714E-5
0.01601553278623798
0.001176273975468905
0.011351128560488085
0.010467915780462104
0.007082232275595244
-0.02552522554083094
0.011014838357098471
-0.0015824316751235157
0.006134952305356691
-0.01571757370763697
-0.009356919424471215
-0.0020566261256954477
0.0010545737412457473
0.0016679093597518958
0.00854660234029811
-0.013255968337238204
0.0063047509707650886
0.004129607688740472
-0.0017440173400957188
-0.020636065318155986
0.011878319618396147
-0.0015329771980898174
-0.0014453818552232255
0.0029366925839766547
0.010713454720821991
9.614178113236372E-4
0.001672476209383372
0.010242892464772795
0.005117320899546819
0.010491444422198952
-0.013120387999582598
0.0058374690177191305
-0.0011384920321377656
-0.0020091101304430146
-9.454754283306193E-4
0.003772713092170051
-8.652201838614958E-4
-0.015630032925087422
0.001425434648395948
-0.004730361016129107
-0.0040543458371496265
0.006264853764782316
-0.0025477978033078682
0.005859850785381954
0.005428937885002946
0.006596665147637281
-0.00554661629047408
0.0016945788164316512
0.004934793504195526
0.0023174797450252024
0.0010906892819423251
0.010775133464735616
0.0012569075660503308
0.005768076711947001
0.0017641697891495403
0.008867284131253816
-8.422016085770366E-4
0.008372296328418297
-0.008463492576207411
0.0012379977211661375
5.302576011962047E-4
0.003960648190030215
-2.4283524108171804E-6
0.00960611751656868
-0.00180353775017181
0.0014116509447289116
0.0023175816547680674
0.01021256213515526
0.002019559668272541
-8.398556553703526E-4
0.0055141131134882684
0.00777660447193431
-0.0014077703511982164
-0.011062503628571673
-0.0011213260391851622
0.01264497098034054
4.756862265041393E-4
0.004602624272318778
-0.0011868095072323464
0.00906485012912393
0.007963478977876342
0.0042946056458743435
-0.011680259728531373
0.009983874760704763
-0.008307449459127467
0.013679932977573398
0.0019703524765557457
0.001033835090696338
5.75152174779007E-5
0.004276715371110182
-0.0024390625206087185
-0.0020019863886477657
3.93033577138192E-4
-0.0015411359486042996
-0.018798601717194805
0.0023595851235734345
0.0020353249470557305
0.007792900137017944
-0.0056603908863889765
8.546246864671689E-4
-2.2912912333714427E-4
0.010293781164683564
-0.008633638481880158
-3.5908084240977E-4
-0.010114194001212828
0.0019974095421155824
0.001233615866324695
-3.473780736716383E-4
-0.004809280103421123
0.010013457653725142
0.0011636396424279242
-0.00416992637091441
-0.007365034824250446
0.011244187408351553
1.8561288400978176E-5
3.2563818580623894E-4
0.020213672659270137
-9.992880790570511E-4
0.004855613617719507
0.0023380192128235754
-0.010092874913429622
0.004739078634752464
0.006716244633307587
7.031609235142488E-4
-0.001914552374013337
0.00447951711451841
0.004488570426356082
0.006864325703216391
-0.010781292294001805
0.0013573332049909724
0.006849436568326182
0.0022228680954782505
0.0015188042001712013
-0.005237146472415617
0.0019798239081233937
0.004831740834609631
0.002501613190927514
-0.0022915951194856865
0.0017262198697402381
0.011875775474552465
0.0016935921018192144
0.005426689123803518
0.012036735987902857
-0.0016961243764115582
-2.525815659596718E-4
4.1234972217547204E-4
-0.0031530337314164287
0.002861577258483949
0.019881967781429314
0.003702465035556906
6.084859085596459E-4
0.008730156128942707
-0.00258667124745482
0.0021431961332975453
0.003149564813512897
-0.007685807650200208
-4.517663008978848E-4
-0.003955534870424866
8.670320394807302E-4
0.001064706635292199
-0.0031156443565572662
-0.0010500015233083691
-1.9648284974413974E-4
0.009514213118190893
0.01268118716488828
-0.006477815659827699
-0.007138253754277713
-0.013668520178750343
0.007702173457282964
0.001574536379722628
4.883838329124158E-4
-0.0011462941728774935
0.0016610615974132115
0.004358913150951759
0.003260751625404124
0.005838530405756152
0.003867615656812186
-0.0015393945545702091
-0.011230035590782153
0.001990147158651708
-0.003359428128097617
0.0015802736108704312
-1.2562057080802168E-4
-0.002822497697856175
0.0022912618209720505
0.004049431032081846
0.0016955205503504556
-0.0028797086292743886
-0.003925350766014927
0.0031899151467564726
0.0029347524966405743
0.005089065885011351
-0.008668142910692121
0.0010555243051475333
0.008940972288300233
0.0018990625874771322
0.009256140222084142
0.012540175262513251
-0.0016331600000116773
-0.009442043540117923
0.002408559539189509
0.006068764699374633
-0.009346397523859708
0.003920355949616901
-0.0010403332458496998
0.002579749672387721
0.0029520276744916824
0.010060336468038484
-0.0010422461502216176
0.009429132687525552
-0.006175307955086036
-0.0037749015362690706
0.00284144542213448
9.192573434265049E-4
-0.008489341838738897
0.007270999021415006
-0.006205211007310761
0.004535444458180069
0.009272799485592263
0.010397645557475816
0.0028728179169068033
0.004420138896584995
-0.008011819536580991
9.415890165434224E-4
0.0010749618490396705
0.0032244252646234845
-0.0018194713046842603
-0.0014524191457780736
-0.004230629704739128
-0.0019021576265476324
4.958142570649489E-4
-0.0013661888655961975
-8.15009771510361E-4
0.003004539164283254
0.003728011425436064
-0.005889108650101606
2.8296187942883675E-4
0.003064441107552431
0.005732378838187113
-0.0023259908159157074
0.002305419259285391
0.00609293976401714
-0.005587788155043026
-0.005688490903980505
0.009780241366142178
-2.95078465213665E-4
0.007194958805456575
-0.00737041061018933
0.007989702998587011
0.002117568799386579
0.007233174282461287
-0.0033868293476304588
-0.003911726773231976
0.006443424435180143
0.0029096654094015076
-0.015373028838055098
0.0032801348481968427
0.002967852143560601
0.005110714265180898
3.7336237240339054E-4
0.006307048580211557
0.009316045514933136
0.0019073636395332706
-0.013875744598073626
-0.00409521991344075
-0.00134196893126193
0.0017442599021190764
-6.523296679246326E-4
-0.006199543089248518
-8.805213309516627E-4
0.002826968516190631
0.00432555843930944
0.001362224702857925
-0.005291476002631482
-0.006652214648554887
-0.0030072680583800235
0.006773660978355953
0.005782019598540145
0.005767799070009676
-8.059817875799739E-4
-1.8256354438408435E-5
-0.024105280504951636
0.03325106712970888
0.004456594008470163
7.38947561266839E-4
-0.0055360301449187245
0.002347862266961445
0.008176520126861642
0.006536516960454514
9.344819536341596E-4
-0.017584097073264516
0.002416454677431119
-0.0013537898159087644
-0.0037184972153342885
-0.003648088959839225
-0.003433650632751813
0.0037477612959765103
-0.01354624889935739
-0.007007251085068125
0.0014630746101067821
0.0022051679987913375
0.0018917074138788382
0.004514130747026666
0.003990253979831162
-5.016816037106233E-6
-0.0013073168640421178
-0.0013193020469828179
-0.005744419556300482
-6.393357219555948E-4
-0.0015519433495963448
0.0014409859179678412
-0.003907736649386097
-0.004243019328379732
0.00814048632178642
-0.002985203806576603
0.003400329482008317
-0.005638402883736659
8.219738204977795E-4
0.0023524513700670458
-0.0042251862586148116
0.0027343962686356064
-0.010910724901331678
-5.913445543077708E-4
-0.0029149809080798016
-2.685059637967175E-4
0.0035544058537149894
4.3081731226136364E-4
-0.006120245261736682
0.0020889414855116625
-0.0039863083330775
0.0010040188855670624
0.012186482617424266
-0.007855132405900014
-0.012866289096935381
-5.740523122830296E-4
-0.0016973717452223166
-0.0038548519880945787
-0.008393051498466085
0.005228702726188849
0.00941465562859479
5.812380699490384E-4
0.00967801555620123
-0.00798144888359095
-0.003961547426982094
0.008199767279241361
-0.0017672385915804341
3.278464550805477E-4
-0.004044513638057363
0.004833467953228238
0.0020132424207695673
0.001478161805388305
-0.002918158051597218
-0.003041706491425919
4.898280317273503E-4
0.0020588244491934987
-0.011830376470146632
0.013664844449918561
-0.0071196639813198796
-0.008341507290671046
-2.892721461134982E-4
-3.5579152005863737E-4
0.002864025125187278
-1.393611317432398E-4
-0.0030322589429338746
-0.0036794445246277102
0.0018670404361646896
0.007280858338390246
-3.554243762979351E-4
-0.0022088558180657
0.0011560197349233898
-7.45261227655714E-5
0.0010855178548061482
0.001963805835906715
-6.178252660751934E-4
0.0016633292678054057
-4.724168748614049E-4
0.003429708816540076
-0.0015533717971110412
0.0032100534815394516
-3.636575303487985E-4
0.0011901687078992133
0.0018744732457078256
0.0025982500406440366
-9.599035767429557E-4
8.528076593420503E-4
-0.01274855318762909
0.0026850934958216654
0.006723791929637304
8.411325076680873E-4
0.005966918101592752
-0.002469857097762992
0.001055917338415931
-5.167620772011033E-4
0.0013364059309290105
-1.1416383586664803E-4
0.003369815235155229
-0.00612646721688023
0.017408993044446062
0.0019794885372748203
-0.0035506520900747233
-0.00924938940262708
0.002718907359487453
-0.017115804286207133
0.015346198780694535
-0.018037400291801453
-0.006195447267958038
-1.6883548372139022E-4
-0.003941172284539599
0.0026607512745062956
0.005912026074964866
0.002333492564506593
0.002610211213907069
-0.0035021988321817083
0.0018092392537803375
5.416428522119515E-5
0.006976763313533071
-0.0013413854500879889
0.0010768830502782124
-0.005611075435459658
-0.0015311132384333084
-0.0043675333510061354
5.340106262716458E-4
-0.021020800515283287
-0.0017750615541741145
0.0029063569566745873
0.013338347220401925
-0.007271047478581541
0.0019470734467500273
0.006307501186679559
-0.004990236357704343
-0.0038932511433792533
-0.0011056570683029127
0.004854952398285419
6.225981680860171E-5
-0.0011932289530121147
0.0017970187740267221
-0.0032682886831393314
0.0038866380855742803
-0.006404388379529051
-0.0016562261023285092
-0.01751271056921961
-5.97627343277389E-4
-0.006911860112280581
-0.001016884968604074
-0.015510287386905462
-0.008962831395870435
7.438827629965034E-4
0.008689997876242648
-0.0015082975104664961
-7.81812994992886E-4
0.0037223965895684897
0.006568232528994817
-6.777390391220663E-4
5.832687368319334E-5
0.002431595520386306
0.010957744569170761
0.0053184309642075244
0.0024424671407834615
0.0014643017070825014
-0.004576988958270798
-0.0010858988495559348
-0.003393640984192677
-0.004722323136171006
-0.004210316671623264
0.0013560143473465775
-0.013435804855978273
0.002311278430280593
0.0033093719225308453
3.639264184561316E-5
-0.0029078916788488718
0.002854106387111136
0.0029818147673403026
0.004174648059533251
0.00926515649623952
0.0026639916122252892
-0.002787029842647755
-0.0011445748114222453
-0.005745071066578108
-0.0015983491038797889
0.002619379002905659
0.0038281390438225206
-6.604476056615315E-4
0.008730702471056754
-0.006555593460269037
-0.0021787842658907135
-0.004125967796594868
0.0012326278278870513
-0.0056157064845054495
0.007521610954028302
0.017006424031209843
-0.003860326820444737
-0.004314236919429634
-0.004515026893127131
0.00870752032150044
0.009802338913882757
0.0020583298439091355
-0.0017349330289580284
-9.248472995128718E-4
0.00438824375842489
-0.006067788967345908
0.0010382510127463285
8.025814694744588E-4
-0.0066374189656854465
0.0017633576862686965
8.580590079332158E-4
-0.008299434203368946
-0.008559470950357374
0.002643240565643296
-0.001323299288649884
3.0167086462213526E-4
0.005511086214085157
-0.015396150100596266
2.8371599142410864E-4
0.0018962938610424815
-0.004249654606210771
-0.0019123497229720633
0.0017415399018453615
0.0046853885294619495
0.0079805147654466
-2.833227857897791E-4
-0.004627544250082002
0.003119414105127843
7.528061634196975E-4
-8.289407863795681E-4
-0.005077783037222228
-0.008678304350800364
0.005604420135905353
0.002355193094843582
-0.0028906736386731732
0.01239368638278986
-0.004891101379239359
0.01031754863744695
-0.0016816041715476857
-8.062050282649215E-5
0.006511192416788871
-0.006073374131695436
-0.013144233272741735
-0.002424912553202464
-0.005880992922133684
-0.001212621275178892
0.0012486770688628708
0.0010377712288204442
-3.1937090504509017E-4
-0.00312066132286643
0.004103575496929138
0.005594639449088481
-0.0023441560683309377
0.006024240905006833
0.013922040435299744
0.003440642336299257
8.937234433061808E-4
0.009362992386785663
-0.01252303513646613
0.012944313066438487
-0.001006376141515577
0.005252378990344902
-6.775538660516335E-4
-0.005518850396993507
0.003759555981153361
-0.001344091345484214
-0.008375386383962843
-0.004861734290093308
9.22467422395374E-4
0.001971710253582702
0.0033688728932650598
0.006751219316924183
-0.005431131700532152
0.012185889624734526
-0.004827201028907124
-0.0032224747710990586
0.007236983516562195
0.0025061760670205763
0.0031417013785671522
-0.007533136749004242
-2.1699377497734948E-4
2.0094260954020758E-4
-8.695102126026313E-4
0.0023505351423571963
-0.0015750324291999456
0.011199859811774788
0.008038634475029683
-4.966223027558383E-4
-0.004377531992274325
0.013300658518778445
-0.0020124366124148357
-0.009075792838853632
-0.008324677552756834
0.01240828215390714
0.008589031556641
0.005073773075709692
-0.009670505294793033
0.009050176267496305
-0.012013983852079515
-0.009477181421382822
0.002166824724268776
0.002278972094036209
-0.011937629640114439
0.003965186432311318
3.9464657211030457E-4
6.103281921081375E-5
0.0032373293574221597
-1.3043809874388904E-4
-0.0017835814488735397
5.120026733124853E-4
-7.783091929309393E-4
3.209469489612258E-4
-0.008288135988132977
-0.0019814023262926662
-0.01332598255312515
-0.015958244718317513
0.006549924775691354
4.6836480029392453E-4
-0.008429641347412352
-6.05232406303203E-4
-6.095150974647057E-4
0.004064287010008251
0.0018751446346377443
0.0011255191530287118
0.009114566970198818
-0.004632517325040884
-0.011105956494970095
-0.003779374219327715
0.004063532742884918
-0.012346957631083566
-0.005993223239011164
-0.0013000152827812106
-0.007977167338310293
-0.013117702254017106
-0.00187514328160001
-8.859257078899093E-4
-0.0021909337841838337
5.259697869695611E-4
-0.0021448399089503837
0.01063192746137644
0.0016173633885708503
5.318266013865966E-4
-0.0015859272877513028
0.0012716550936628093
-7.915527315164286E-4
-0.005040134544949759
-0.015920136506820406
-0.008591539531753399
-0.0010669327282624567
-0.012672546172886677
-6.343193415218731E-4
-0.0022509042341006336
1.7728300350449173E-4
0.007678628693314269
-0.005017709915337253
-0.014148465087527092
0.012040216682102731
0.004161528030502089
-0.005169123582170904
0.0017342610154997618
-0.006620786414790149
-0.009012244552556987
-0.00995098213243347
-0.007655787871363137
-0.0012891046796955777
0.002143447098098872
-0.009008755841185868
0.0015362896845054288
-0.010051511175719665
-3.5504360597611947E-4
-0.005799160101808467
-0.002824717686671712
-0.0019995962081538034
7.281591559213231E-4
0.006163980137729312
0.007962597462451943
-0.003971837499253886
0.009392243466191523
-0.011781888287267926
0.0010207396206636456
-0.0029879812884904345
0.009123700054165991
0.015776146049477312
-0.0038174907978537204
0.00886188686941691
0.009309902630385334
3.3348585775204665E-4
0.00629248908790108
-0.003766015840980655
-0.00458431316483894
0.011287722878778566
-0.01001256695765583
0.011864355902391845
-0.007013023190838255
-0.0010388094362515793
0.01081830846462762
4.703539849054846E-4
-0.007986761657849808
0.0033396875577491113
4.99710457692552E-4
-0.008332407566601118
-0.010389195705997613
0.00873479496050156
-8.053308558057822E-4
-0.00738319295590926
9.401089075878466E-4
-0.0061715777796219826
-0.00965151036432073
0.0023652571093624878
-0.009717081092649295
0.0015183301055976066
0.006873688698047334
0.010020195681986616
-0.009912197440616412
-0.010221171169656587
0.0011893675976427489
0.006786320111734043
0.004813217898349053
-0.0032221021948359418
-0.002069625957513314
-0.004776805177394342
0.006044852395816036
0.003293811845758915
0.004461292316454217
0.0032283877395592312
-6.026131446877912E-4
0.0031139212596332246
0.002487581538488519
9.471269829843371E-4
0.008471717909990593
-0.009257078340378042
0.0010729348672317103
0.0036718029879556496
0.006326397574703824
-0.010682351382645566
-0.0016072744922346115
0.003312105922453127
-0.002439704064857713
-0.007451196390566311
-0.00589342864379155
-0.001313714852319791
0.005204378057933031
0.008895232282040534
0.0018399310232456994
-0.005964522416122597
-0.0016083441682938479
0.006313199799972104
0.004780788895182372
-3.529163048804709E-4
-0.009853575512590468
-0.00647823434964935
-0.004331284563369406
0.004626186961176161
-0.0026563770186857384
-0.009316792710005859
-0.0071516167030532644
-0.002393259603444189
0.00825742202242209
-4.680342694761557E-5
0.0021511695797086752
-0.0035112708875507824
-0.004291921406971336
-0.004526148421445691
0.0020003979109945625
-0.0015809920030165933
0.0025081565876166707
0.00825030416383755
-0.001348100305234466
-0.007485061039542702
-0.009336832836998874
0.009143039705852838
0.006418239706238311
0.002171064759536501
-5.15865809043953E-4
0.0010160935380979258
-0.006294159240055225
-0.005816308944206072
-1.767374887827258E-4
0.0020887264614578584
-0.0023240046804487375
0.007904652745918252
0.004380071116900189
0.0023513356301365844
0.00890381455172934
-0.008503612333324835
0.008015535151786006
0.006296289901793966
-0.0027946186029586977
-0.006884974372913207
0.006193028634359921
0.007892122289957218
-0.002166849739248674
0.005198659778904262
-0.008113560873356462
-0.001227541489256192
-0.008347933074335167
0.007784743299192249
-7.666691241290872E-6
-0.0015299952754092413
-0.007325390321748912
0.008161055385678646
4.7284284960270217E-4
4.7338546252798325E-5
-0.008125911363568704
-0.006268406840564636
-0.008750700681364595
-0.003281692790424453
0.003071393866186148
-0.00821348244540306
-0.016513972376368695
-0.0012267550078702274
-0.0035407609425349333
-0.002335333982601714
-0.008887659005949384
-3.4556649597702004E-5
0.006257011518155222
0.00661200655397123
0.00613160753130722
-0.007173711462304422
-0.01135446090201219
-0.008621460777089812
0.006098889226362997
-0.0027608160211760207
3.864797567854065E-4
0.004063999696696668
0.004282039286586908
0.0014131626560845289
0.010222162046843123
-0.0035381747268925395
-0.008594721267318433
0.008924152375853438
-0.007994103300530412
8.010223694701745E-4
0.0070042999426424895
-0.0015313715933417513
6.668508365829377E-4
-0.006647305640242694
0.007242189582432907
-0.00792304230814704
-0.007392843051573929
0.002361409830290639
0.0011169159331916208
0.002757769253307278
-0.0036589093099403513
-0.004149398180951094
0.009292620487781695
0.009497215733598517
0.007515553606620052
0.0053893173139663965
5.05028264942454E-4
-0.004799850729186115
-0.007560814498309436
7.67205480465697E-4
0.0048027676581495005
-0.00591992064808502
-0.0066574482484854465
-0.007668423726705594
-5.128097304436758E-4
-3.9821143953666877E-4
-0.0024361057486708662
0.0056912726642733
2.4846039743056094E-4
0.005889601727067884
-0.008780518494689384
-0.0020939390725170036
0.009928884014577167
0.0038668615107800364
0.0058642347716488935
-0.0042246709423624336
0.006176744770685475
0.0053439238944245696
-0.0025772695009336696
-0.0011661526320202328
-0.008583744894944333
-0.00689036789774173
-0.0029317565948117547
3.1740920434962007E-4
-0.0017520975807289543
-0.007459552048004324
0.002302705156021269
0.001174115265031243
0.007995467948084596
-0.0013404515919174377
-0.006702544708869693
-0.0019222410350377217
-9.550167158397563E-4
-0.004433473947749283
2.117173375298087E-4
-0.006437158492499379
-0.007300932245914881
0.007406975066656119
0.008492392599082792
-6.153604243969419E-5
0.005784193887940198
0.003323690539264709
0.0024447819262296638
-0.004448214093458819
-0.009148182927091282
-0.004226338033667106
-0.006924120885571369
-0.00107667209916038
0.005561646606349053
0.00416545412222356
0.004205342554810233
-0.007288246266875272
0.008535374678475673
0.0013608270119181251
0.006089651748275451
-0.006227880230161908
-0.009081660047206657
-0.0018013159784374235
-0.007964497008555145
-2.8240214905902674E-4
-0.00599937876548206
0.0018805478708272315
0.00854021196517603
-0.001985374339227988
-0.003823744755842119
-0.006617153223570855
0.005765299160130471
0.011618942842716777
-0.007557471420367054
0.005142704346799671
-0.005645155100733211
-0.005333557806179
0.00731617753999212
-3.683810705957438E-4
0.007346242488651749
-0.005847036007900856
0.004478689828228701
4.993646167906028E-4
-2.736119146091914E-4
-0.009116794870599323
-0.003838825387942496
0.0013210386665148965
0.0013950512692101648
-0.00946427196062881
0.002458283965657101
0.007945288395221661
-0.006836328888860042
-0.001748278955671975
-7.841910369537205E-4
0.002730209251846776
0.00518559263762767
0.0032058354454644273
0.004746451048322623
0.0021792053434941147
-0.004945866994598188
-0.007081829715905327
-0.0047668664038023984
0.006411850603808366
0.008674749449136737
-0.007245840127264222
-0.00426922993426304
-0.006245730638555158
0.008535776592053651
0.0023649996947694403
0.006008414478465149
-0.008477452704086818
-0.005811358824936031
0.008867805756699564
-7.33382805716365E-4
-0.0027450878935518204
-0.007212875754647335
0.002423817803154739
-0.006880162328926497
0.014236974358065792
-0.007618882380726411
0.002697372041334896
0.00911500824729874
0.006787444614346578
-0.00948162767032581
-0.004055955915607483
0.006122415928324702
0.0045162524177245235
-0.005776139607699296
0.008276493026232673
0.005819396927219338
0.004866495035427422
-0.004685919426587435
-8.060560235842401E-5
2.0560288438035987E-4
-0.003781251410951677
-1.6926669202471748E-4
-0.005279044202483816
-0.006609140732525834
0.003280787408673188
-0.005907767096929003
7.010070680945813E-4
0.005347069301226758
-2.947558919938051E-4
-0.0018686808962427104
-0.010806108835306485
-0.005626924374622953
-0.005135727458320709
0.005541493545755879
-0.005802564056819782
1.1826165816421867E-4
1.966794157138117E-4
-0.006809926028333467
0.004113677417747432
0.0022620005491115628
0.003064834291815986
-0.006794146736455176
0.0036649274969133084
7.076424344784021E-4
0.0041547919683498115
0.0056496118948515745
0.006706363241199181
-0.006330564513400885
-0.006480397104904266
-0.006642044338067337
-0.005988722536943703
-0.003694598063098604
0.00518055387853445
2.50681547255814E-4
-0.005856202840005877
-0.003141042442694001
0.007061438822813734
-0.01039436264854432
-0.003199199947251271
-0.002308872345796171
0.004508170570308289
0.006035577424361292
0.004045894725257719
-0.004555644371653574
-0.006029398833598513
-4.7835824678469236E-5
-2.9528230847691205E-4
0.006513146584605659
0.004988351750616029
0.0010316260775038648
-0.005581376697728903
0.004366449637029661
-0.0019455328711452623
-0.005449751546135111
0.003353459684091777
-0.004592715190517612
-0.001482744921988948
0.0014330322961698958
-0.0025544461587755233
0.003159763357584477
-0.008257913920859375
-0.0036784012641748564
-0.0011037429258778837
-0.0049663890002336775
-0.00518774055297451
7.008841756826269E-4
9.893613113685893E-4
0.003167767401009014
0.004319923878338806
-0.0045413300276602505
0.00665562280356082
-3.5252935625179344E-4
0.005115307000715746
0.0070578921752730865
0.005022713499506382
-0.0014114840299256687
0.003058818200478445
-0.003323203782001666
-7.257558861139596E-4
-0.004208235774067073
-0.004707362436128149
0.006494753196050884
-0.0059294418104678835
9.632190777646027E-4
0.00495718548447599
0.0015985148545951447
0.0072973074333947605
0.005997834961248222
-0.006816257293924347
-0.007554242131732545
0.0011147947324267363
-9.278845603403527E-4
-5.797245836532422E-4
-0.0058298619795683
0.0023324514725373935
0.00842258208910912
0.0013467823254273864
-8.481240758919231E-4
-0.00548864877752957
0.003838970220529852
-5.718060682534583E-4
-0.007999222378193735
-0.0021988327556996643
-0.0059183565940106875
0.0035631261060403313
-0.005175740725273379
-0.006033322928545082
-0.0017269762366797395
0.005939007634825376
0.004737864659081851
0.0026021172602913637
0.006866670086469139
0.0014851271489581953
-0.012669315905497584
-0.004958355089940294
0.0035844533804421067
-0.004784046438030789
0.0015215876155636092
-0.0024310764426535873
-5.142385149333699E-4
0.0032255031369534926
0.00617454056160526
0.006311441570474756
6.534433274894262E-4
-0.0041309085985592195
0.004084016869594654
1.09290916820863E-4
-9.180164156251912E-4
6.305149885041431E-4
5.840570997729879E-4
0.0010040700299002601
-6.045982058356525E-4
0.0018624931514145044
0.006102253064913711
-0.006074882810734089
-0.0045653462026104714
0.004337564518043964
0.0050114964645637874
-0.005306752297791845
-0.008510290494848124
0.0016677336931034297
-0.002251436388342405
-0.004454114941537219
0.003638460820484187
-0.002908262705995428
0.007414080127219266
0.0013512753225303766
-0.0018056467708931628
0.006909693437961202
0.005016275516276319
-0.010970313778842876
6.768232303707609E-5
-0.004177848020595605
-0.0019360387732268972
-0.005037243265496588
0.004520825829842903
-0.004449339612908293
0.0026474037244787144
-0.0043075593242308825
-0.004661646044556994
-0.0026719204863484827
-0.004713112844326397
-2.037496791055657E-4
0.005190138358606525
0.003267900011656461
-0.005016138426305374
0.0032656680353801257
-0.004200308945976328
0.0031006964513722803
0.001291608732515558
-0.004099377117327611
-0.0027509535786118117
0.0017909730571273195
-0.002044674557431031
-0.006982769199038626
6.924956433046238E-4
-0.002140624563388145
0.002052175593359407
-0.0030015458742763245
5.360979066291818E-4
0.0057131238672476405
0.0035538960163689023
-0.0029892698983691192
0.005030543807248226
0.002023530543549035
3.882218398075234E-4
-0.00853092117193799
-0.005968005545256772
