5384.973893679063
5194.202756188864
4033.8244515501888
2743.9164317618843
4219.5228867214555
4441.421435735937
1142.5198924027413
3041.5038785263
3419.8552592018646
1139.1579711937256
5176.901949483329
5640.83839470033
4086.626095867465
4332.846868963863
1928.3461628830698
4893.602478808531
3434.731916682487
1906.017783569306
4594.202807031939
3015.742445509983
4034.731843434292
2748.6828455461305
4633.824398943621
4223.23804061877
4634.73179042436
4925.946537271848
3685.6736932314307
3057.160574349726
5638.932272245949
3030.390833865045
4316.438192918927
4634.216649444024
3875.0810544711703
5363.955550915343
1837.555706749882
3019.5229500371574
4633.516125820267
5642.768558209657
4034.2167024705795
4755.306111888471
5056.4101220676075
3348.6828047953572
4035.4010450840465
3646.0952194832175
3683.917305429376
4036.2450080614085
3732.846921868545
3788.9898856624186
1676.1805296914738
4635.400992457992
4879.440434180603
4341.690036001664
4871.594149326208
2102.3616389908075
4438.932321616314
1944.4498967948682
863.1768690224096
3694.456104802116
4292.787773692902
5384.1364672398195
2948.002684665707
2393.4157661387326
4277.433771459605
870.2870627755606
4374.261127282637
3275.0810686843365
1921.3176751163348
4440.838441939539
1385.9313757556656
5652.892707115291
4636.244956101916
854.2911640565274
1674.9852526858165
3026.85732934243
4454.121096946926
2862.864414050715
2074.9892250507173
4033.5161775198007
3721.317579713004
3433.824524722596
3525.9622192353663
2532.8469916711438
2104.8369445835974
4085.0709201357313
5649.442580849634
3267.9648290448463
4899.277555081875
3435.4011176585236
5376.008596894592
3403.4125496597767
5049.442611900755
3998.0232349440553
5595.820816630337
4877.658256154564
4721.74444578916
3776.557228444582
4267.359199718585
4315.26065876951
2253.8114710016685
1571.4369693393162
3626.857310320052
2965.483361740884
4230.390782954673
1673.1712450595405
3436.24507959841
1387.2431229879326
3844.7210606863946
3578.399386779663
3571.7340789939085
5250.480218054051
4321.317519523644
4454.641320810618
4295.877077528299
4740.49510483119
3863.6315554737207
3780.5307525504363
2665.8163564681777
3682.1825989768595
2718.855337685315
4295.381427936408
4015.0051945151768
4446.69199807607
5430.390712763019
1071.9222260958143
877.5458215535285
3686.5154245965723
4719.432706621251
4283.729671886089
4932.846818416746
5599.766203068631
3852.8928254037623
4714.432852188257
4762.0254026526445
2080.174419910357
4754.593882634106
5608.773331941793
4097.951760390994
5495.877052397483
3559.6433787082246
4437.049909037364
1228.9454729551655
5372.141215263221
3569.6995440124842
3851.1611069061405
3995.624305789045
3685.575176958983
2721.5973022999788
4773.742392731436
4169.13598706172
1746.0736636653346
4264.181146889022
4057.827097870751
3623.238077895763
5502.216534467972
2262.996651724659
872.6070063197686
4275.318511994428
4309.277877621524
860.3663063437197
3774.15395307582
4286.515412065414
5651.16098776202
3849.4427005971866
4872.9216070726025
4476.938509775444
3808.433882038748
1512.6921201872785
5622.142213477577
5838.9228591969495
5646.691958002343
5233.516072854936
4886.5154065853785
3782.8587013481747
4912.6531908535735
963.690147577861
1832.5791429219885
4776.008628889596
4176.422504019881
4166.619720975105
1515.94098733723
5612.835404912811
4312.653238172216
4341.448357820011
1382.928670399138
3677.0485692620205
2072.6069680125706
3724.391661270938
1793.4158022843453
4459.121370148758
4924.391578827471
1652.5471799332079
1938.7603395062567
5037.04988468551
4652.547063598982
4720.780368111892
3421.0784960444516
3019.4034435089584
3993.4407117011115
5678.397389224232
2541.806952125663
1374.9472075498131
3400.636073348774
3842.7686453815786
5052.89273774661
5794.202745725986
1683.1369560799621
2262.38253475633
4322.80168898955
5489.748686759557
1272.2998526702886
3687.454737567233
3630.3908176882655
4741.805839507342
3697.272167626961
2959.643403715135
5382.462570825604
4576.901995802109
2664.4603994647996
1840.0304500455425
2262.0329708587765
2446.0953059225926
1235.2017517294162
5397.30129787583
1739.1579534083185
3032.801648009511
1665.213493670628
3197.2105248930584
1812.4222103557534
5392.556300648136
3615.7424177745133
5051.16101860897
6115.26051597856
1650.4804731316729
4922.801650927776
2867.74127549388
2888.387634894889
2937.7464283796794
2261.798287624838
3800.9601008554964
3391.4316622826295
3878.009383861179
2946.969470698101
2892.250166758591
3053.8836508518098
3032.626932236187
1270.2530927912226
4383.35920382225
1617.6078659208142
4027.0437509537905
4280.463805703003
1677.9143083186457
2669.298688134773
4763.955582124666
3995.046110112165
4434.487613484494
5492.787745903785
3039.957198957516
4720.107013661714
3727.201654506884
5637.0498576978025
5656.410091933382
2943.9064542383703
4530.697424305472
4598.0232283010355
4178.399365919495
3030.0042151659886
1734.0410240257165
4897.272072161924
4293.602530117062
1105.0371476915543
3561.6029456342144
5039.872268007245
790.9200725819118
2673.6750386273557
3691.451630647261
851.4393452410989
3869.298637525786
2261.0329828713398
4176.008654452854
5532.846766057989
4823.238021042426
4880.463798557529
4052.547093452909
4756.136142228283
4297.272122164516
4160.370436509913
3921.999005815347
3502.050058807521
5644.720977272633
3444.694115817248
4154.593915746492
4100.589111000965
4541.55442262773
3269.665103947617
4324.391616423336
2704.8369294911636
3870.933411747344
6637.348172626691
4534.783136217543
3619.522925172567
1146.0736835764712
3974.491866808474
1259.2704451827422
1932.1970553635915
1263.8803695547397
3492.9639699732506
4171.330567440822
1560.6949276602002
4889.7487081151585
1235.0511340229432
5215.005116099062
3395.6243199793084
1467.9941134052533
4722.783977946497
5766.266269729282
3873.6749916081467
2544.4498874443216
4716.006178571811
3524.9732765662147
4282.182585668803
3641.5038358826105
5604.540690971597
2667.9648551243936
4717.486959758819
3035.196738119208
4260.799371380091
4537.690586434001
4206.982512041558
5318.011138069307
5527.201491433654
4662.864374239886
3687.0295265513564
4771.734016646155
3747.2119027203753
3571.330593807945
4766.619692236982
1266.0609858394232
769.212849665867
3785.6023493045122
4273.131695551281
1195.3371754294067
2661.454910765027
2964.201788593792
4910.157568158802
3268.4077754736513
3121.0896626552103
4874.38517158625
3837.0499547655004
1732.610476636875
3098.421505965143
1742.5198734333296
4784.973928183904
4279.735227193102
1380.0562951338325
3680.4638191633303
2077.5457797329595
1563.669713626927
3990.2944179493575
3856.410207701639
1657.8271730923316
3270.93342539071
3682.535322301636
3256.410235604107
1241.8708497716148
4117.924974276913
5317.314186941071
4784.136502166722
4715.93814685002
3991.4316485375216
4529.388193919082
4103.21866061369
3846.6920374867427
1256.9055638113462
4044.69405422143
2665.150110324175
4879.735221183016
1750.0591717317143
3657.160543273088
3427.043819456997
1638.9231620842374
3244.7210809539292
2337.746481609293
3321.999021701312
3762.702992041038
2961.6029700320355
2726.9130879604577
4758.014204815764
1502.3616513860782
4451.161054896549
4548.682752763334
4886.732564064746
1735.891913203878
1561.2035960393312
4781.620525384029
3758.909067731715
1239.9248996617973
3242.7686666340255
2877.614377716033
777.3406498981193
4065.753278596498
4539.730391831158
5252.547026894391
4159.64332779896
4272.966110959352
1240.9372124671881
3519.382254466069
5046.691981612938
2332.610471160089
3125.9466576089635
3567.6536575335617
2969.1058471673723
3716.4382588917592
3046.095260049979
1023.7340909212704
3766.9866781468263
3374.8639405916283
2926.3346449729197
2672.606959306631
2035.000413766765
3115.2607726142296
1240.4221189397063
1254.6225394787373
5541.689935899893
2347.7872013292936
5234.216597755224
2340.9920154718975
19419.829100911
2534.6953616607825
1664.0822061980311
2339.157937405967
1914.1930334833662
1735.1934999897994
4327.474485874536
1120.9345775238444
2877.759488725664
3249.442729265796
3024.6355048783366
3943.9163546610544
3765.03529416382
6141.448224014084
3579.3870975020873
1101.0323108693601
4537.459078238827
2942.8968302525027
2962.644129259597
3773.1865149105925
1998.0241411814845
2938.974675794995
2664.9997699950472
1268.1820032137834
5375.029643792067
4761.602868815043
4232.38670066866
21167.30155920293
2724.283221632426
3804.283423135304
5102.551709642443
3238.290432321432
3263.6315816016004
2457.160623191537
3994.2028506185025
1611.88192657052
4763.593596582202
6116.4380742870935
2335.891902166582
1421.0498197728257
1252.4222320812705
3710.036146567121
3517.9249867893086
6317.493531251067
4059.5258199169625
3270.7882892041193
1572.941190251265
4547.022926276746
2977.6124618938024
4069.9592489094553
1818.945613292717
2493.8236938919986
4000.6360588893285
3121.481471961573
4785.866453221593
1132.610491142896
2252.5471569815595
1039.0541723426297
5483.727584087345
4358.90905987033
1099.3505392864924
969.383309017601
4442.76860317002
3073.38446418707
2397.317959847955
2360.03356536166
3109.254195841251
3030.9670316757915
2838.923119997756
3109.7706881766526
2666.0601182792475
4286.732574909586
4291.451616059606
4381.888710506578
1135.891929547022
5024.963359649759
5406.771669186639
4741.417360955666
5380.771003865959
2944.920892628197
2926.5099878005567
2951.1189433484988
2646.577062601503
4759.64329954123
1673.9433525279064
2961.787527819298
4277.048555367008
4395.4836152526395
4758.437096353112
2521.317655604303
1377.7584144568934
4432.42907512082
3452.547120477691
3997.1203468066733
1644.6942071713318
2885.214131472083
2341.7868997423598
985.8148383814819
3097.347837324297
4428.419273987117
5381.6204891181615
5670.511289759643
5657.776233442069
1784.1730750220004
1835.0511203328372
2257.091985413771
4102.897402887336
5257.8270395089685
1557.7309570501523
3022.837625968951
2944.4528289193145
1863.162417161866
1419.3575455875853
4325.946574417327
1605.792236481498
4875.9677274402375
1777.0726890193462
2675.081100111349
2399.3085624948185
2264.0205479310307
3133.0998644498354
2865.007156784507
3244.908450815678
5104.622512922116
4830.390766845125
4882.182578203136
3573.4968999955045
2889.710592667469
1815.6809745185515
3983.4298149237097
5311.783283682353
54104.442051679245
1077.6681884150091
2872.5074354852068
1597.9692166721322
6019.768743475171
3026.2242336199806
2925.7154842060827
4892.787766806449
4454.8440611719925
4271.709370419951
5483.729637324089
2080.7733154942084
4382.990454481658
6078.604304483721
3127.4745693666223
4310.157618133348
1133.752473422091
2942.5198487494085
5402.0555671202255
1035.211919483374
1662.9541326428823
5799.478500562149
4404.283408816428
4911.283574487629
5591.975008723895
3119.496018090431
3523.803968776877
4177.612410350553
3769.985775360359
1915.5553467583882
4331.912112570457
1774.7696133780885
2657.4033127757643
1463.1768503465262
5850.480187032103
4275.338060886794
5722.922076596532
5834.216567548877
17526.390937360582
5641.607595729247
2341.888745948077
1076.180566861649
2259.4827041012923
3760.958538221414
5038.932298712486
5551.4771064838105
2397.2673606158673
5453.756313208883
1623.734082742859
4745.514960009612
1778.8377212188357
3275.8333545636838
1044.694238974665
5313.425618452354
4171.73403574101
3842.4330376134676
3380.552201121787
4815.742355289824
5547.864043742091
1677.1284237300995
4657.827072312605
2169.3832835098206
2342.155089982444
1073.1712820216046
2938.665052810453
5367.6535624235485
1932.8470132853574
2943.3100886837296
4181.620544436641
1082.306277527611
3987.2733686025376
3278.009393312707
4627.043694878896
3760.472880302705
4371.8618980186975
5455.036360769019
5114.38602394997
2877.128384200893
6666.9262185266925
5125.53160785758
2347.9970900209537
3730.223044734218
2880.9689636701605
3124.3916991123097
3330.9300926908895
4689.898561041613
1602.6917674379124
5967.019502873008
1545.2303903292081
3514.1888222824828
2048.933422925743
4921.317465174117
2926.6793907526644
4875.338054985987
3133.606673297389
2009.570963657543
3797.0355027842606
4215.922410415021
3745.190381581964
5078.0093395071735
2963.452604423241
2171.436958343372
1920.0594008247524
1797.3179961360281
2060.3662845665795
4299.025899874496
3505.8467897478304
2095.0369383205816
4475.46870449777
1504.8369557929957
6127.201461572586
68057.9646058832
1830.7534757166782
1680.1874103465275
3757.159833592632
4277.426888853439
2951.3701363999294
4215.742378217926
1022.3651863632871
5161.205880879199
2969.1360392622346
3495.1633678628127
2876.3973281277513
1740.9920321293823
4120.009897782475
6583.287622504333
4957.467498480599
1074.9852889184851
3573.7424519419146
3254.641400855972
18179.626872113025
1189.068039764144
1450.6127593311696
4121.744468527153
5100.589827860064
6917.493512420704
2914.3448167994425
5654.791535612329
5714.386013176837
4168.016000508166
2938.8158265090756
5233.12065119967
2354.653735522674
3386.580843197123
2940.877165798707
5418.8677708129435
1086.232867888059
2339.105978051733
1618.0327084560413
1930.960874006181
5238.922893719492
6110.157497002934
2945.580059327693
7552.305748176498
5497.215919718921
852.9014060638264
2926.089441122859
2876.848326111697
3398.0232493139633
1014.0168898804044
1800.8715145220347
6883.228186102222
2227.0438994350634
1077.9655095849173
2063.176841475342
4529.4087411634955
4302.2165537251585
3750.1696801040503
3045.46156715932
2379.3871405871455
1686.232819330983
5131.475578469298
2334.095668980746
3729.2886964266254
4867.739630507567
2844.694162274182
4477.919516204694
3028.9572610618457
5116.007615041886
1614.8097268418228
994.6088655730402
4887.454716409508
7055.4447777371315
5510.1575238190035
2372.26471694656
4788.933801138516
3136.521781301361
1101.4042212848653
1860.90191704549
4633.12070620698
2040.0863987849896
5342.031002647624
3921.308444359301
5340.7215901244
4395.0869534480025
1227.0522559371534
5760.624697319112
4357.343595081429
6298.32432182678
1222.2128390728067
1742.155108168382
68657.9645838323
5975.0313171760745
4294.456096657472
4297.444361099647
3189.951301421864
2879.6128866860618
6025.7171953637635
4303.392777566873
2051.02074912171
1108.670263207215
5776.901932669104
4854.295129626
5371.733991580645
2287.3630100716236
3906.8529691038234
2053.0550919371512
5305.676104112736
7080.282349196849
1711.0423679147086
3377.6533787812223
4537.839877872794
2424.635522333749
1224.9295630317245
3388.871859613639
4055.234515423158
2262.552611939072
987.909593157901
1848.9198050235557
1144.0279455515577
3137.605848593359
5454.741426159403
6112.653123383122
3876.2085746259413
1240.0304665846122
1771.5884601622722
5027.395077069366
1657.7112066659643
3016.0453684150907
1909.39004376281
5336.491758952267
3273.6750062954443
3231.9424991744654
3238.694082914974
5121.998953388581
1385.0205790343628
4085.5500605313655
3318.512646351462
4116.196295380443
4275.967751643602
868.9226774717763
2968.0160780965116
2495.545818754517
6898.324305891171
5364.839138699974
1548.6616706448524
1073.7890519825462
4367.2944912861985
3676.343535166841
1998.8164443195196
4289.265176123965
2939.1579323320525
5023.755813847244
2658.0705939992413
5367.518940501566
1226.365736414556
4327.201597824348
4713.651360722815
2780.597011264054
3710.1576872044793
2867.9420095912324
1240.0460723912045
3757.5356173684586
1912.0256143700897
5056.997190946206
1226.1400805302874
5608.716613862913
3680.5350439114072
2066.3470226281
5833.516041307342
3212.6719831861005
4941.689987998092
2932.6104651749592
2869.81352122442
786.4691802997568
2851.7342448872982
2716.0553444898064
1855.2743095646952
1086.33474225889
5160.874425275349
5099.25721802777
1383.1625138599736
1452.1682987760805
2947.7871725562068
3486.6261215431923
5494.977525637579
1620.9447151862669
1077.459207263504
5380.3953684197895
3632.3867152826165
5522.801629935602
4184.136524269558
3506.8520475626024
1261.6176299475915
6048.60788054052
3511.9746418154896
2401.3302005218484
2840.6058383607215
1740.0760299241792
3874.8266651608806
1239.1966569492963
4139.081205202028
2795.6243400748604
1836.8547502562283
5353.956706103934
2346.073639229768
1614.8071337618721
4717.381933592481
1236.8547573589376
5026.17784903938
3433.120829609545
3552.1625469139476
3918.51262627918
2257.894170383474
4719.919611083253
2289.7106211519526
5392.750985013482
3295.823333529293
3121.733729550652
1654.0023079220011
2335.1934918479997
769.7072974586363
1236.129261068359
2759.58610725513
3725.946619618186
1737.144091622466
5098.753129494662
2939.855705686817
1909.9208074662752
4515.502171496401
3130.1460779314784
2938.3262266784805
3501.373596830574
2490.348994928379
1015.6062556891648
4868.93871197444
5374.058064313956
5716.068037009525
4295.906670201399
4085.324138707069
4493.536160581102
2384.3780283622646
1773.4764582759349
2978.399410888804
2180.597017705048
1704.4217285175832
2065.1501267193325
5588.205616341627
5120.823940498401
4691.429322215703
2338.665074587564
1519.1916811262201
5503.549010001553
2480.794847525357
2878.2675296680923
4565.327312673229
5582.826110516772
1190.241073766618
2538.7603323732255
3127.2016977463672
1222.8091007496384
3695.906685400156
1798.6767069103694
3921.0752785291374
4074.143155945781
6563.589402743092
1422.6395219231954
4773.496870771085
3042.357129521452
3807.738985656054
1316.4383551028934
1090.675045453625
3911.2393895752725
3518.3066908690625
4376.790997643388
3728.292698507768
5532.471345799702
1727.1045938239886
4544.248836328281
4038.923005182353
3145.2301989043845
2984.6406287884915
4207.983268099223
2335.37551426517
1561.2148748287748
4241.503823585426
1799.308598878301
4880.112349975522
4477.660799386775
4772.141246723386
1769.1058661462237
4476.579669612011
4227.689819751018
3272.2165617981236
3478.533514082038
3388.0753247691073
4124.974898875162
6643.110791194592
5620.886211613094
2067.9940987864043
8824.346406699513
3872.2165479501205
3653.8836164828617
4275.370346426188
1713.7187648536992
3514.344782037401
6084.03159945935
42256.42010912699
4713.827504985545
2070.287026436779
5963.436724697943
6905.18188984357
6023.190169969134
1819.3947024024872
2737.6393027997033
5122.922084977674
1083.1370012430482
4714.586157821392
2971.73409980454
1052.5472067170786
3499.3401520790876
5836.244879631171
1750.2233525591294
2364.336714378248
2666.0436786679707
2911.974657772873
4282.535309199402
5527.474427749482
3253.4015102244025
3132.846960847359
4175.029701501676
4111.524040507149
3383.536357420896
1188.0086118433924
2937.505080268344
4118.011176001045
5524.391557670918
4591.431641427445
4278.604326397333
2946.690691323644
7429.771216566669
3085.2803174004443
5361.602840353794
1864.2179099029406
2972.310729024762
31985.521971305432
2230.73633913531
4877.048549005377
2360.2510241775058
4191.682339485449
4127.114396361775
3105.021982264139
2074.036321817361
1902.2286620069274
2069.811832243465
4393.873690906819
1757.9466391940225
1684.680755535523
2161.2035898487493
1204.9604570702127
5271.562153831657
867.99413289475
2431.727537619202
2304.9845158261073
6080.112331790781
4709.559156479034
2836.245139580411
3870.788273639545
4538.516766110544
4122.116459510086
6900.042861095389
5523.518228762047
1176.2207390048989
967.8640570887112
4288.472220996317
3819.1376988194747
3450.480383638184
4782.462606636977
2118.8553595784647
2461.6795537780713
4785.49701999835
5394.29779273199
5635.928507824637
2811.832897696831
5309.924666782654
2346.6907194153578
5728.047127453204
7373.263533168068
5523.908764531094
3577.597159490783
3023.2380998298518
4916.438144636488
3265.8163320885174
3001.917514841654
4412.8242562482865
5525.792146088135
1908.2837074195884
3378.2374875474425
4878.604321401661
2058.8951182591522
2469.8818131017283
2343.3101143965114
1657.6927205852355
939.83946577941
5721.352728928904
4360.4728740808
4341.09138202777
2264.743323127106
6376.901931851285
1739.8280470545862
5763.319857782497
3237.049978705243
4703.21865442488
3344.9901455930144
2391.302864301211
26047.385479001456
3256.7370248563257
2552.3723445293895
3795.4836402050455
1403.8226752330095
4952.564642632289
3854.1211230655454
1850.8834904090138
5421.479804436652
3001.151041652462
1132.5036833177646
26647.385452082173
4305.921595650209
1941.8069605229584
2056.997043553206
4617.0983530645735
3516.9747521889167
3457.8271196801043
3760.372137231315
3851.699021158759
2069.684046770374
2611.9173623160445
5394.92981404016
5070.511308908279
4751.351273032355
3514.1625147150626
4330.223040529188
1334.695392452248
4279.35889149714
22642.59409252458
4644.69399938114
2721.203063308786
2903.218686840668
4713.522403716877
3520.4677348978316
2071.884302803051
959.455696720248
4890.624020713904
3943.6068711153944
3583.999479901498
5443.975634566739
1689.2349654789805
845.1404659780096
4853.756331667785
3921.766731211281
5042.7685833898995
2662.0949611967203
2071.7116097269577
922.6037490123983
4477.303905789532
788.7046232144176
1381.2027677594504
4613.2944654414005
4196.531142614191
2051.071232378697
4753.95671966718
4476.208559688032
1674.724884023583
3841.449596365494
3948.6827642813187
379.61207741993246
1223.2544269087568
3300.517191281223
5174.491773773233
2464.058615440829
2834.7319742758714
5316.073758030471
3473.345572120637
7367.138299428997
2426.6072218096174
4117.215077126112
5521.672355288706
1082.2833922314742
2073.6750496342993
13225.858474930508
4274.385196933635
4400.960086552479
4899.025897151825
3703.3927908029204
2350.2593893189655
3584.9739610354077
2897.9517920993108
2403.377562755734
4075.6566904983983
4995.820871191705
2842.3570554398566
4384.085045974773
3247.9745787271754
1646.9965500177295
5227.043641115281
2344.920943905111
2265.4557323234967
5964.926445651787
2984.8382559242227
1125.906602156665
3584.838250685803
2345.6931577979763
4116.073777135046
3521.5661976662504
6654.174297290316
4473.674989634656
13646.487272003409
1177.1034637283715
2891.029210404515
5373.742368475844
2367.5587821355152
5160.415661983814
2087.7908578555257
3693.602575373105
4566.266295999418
2336.3479414454855
1131.2593778460816
1826.140074891263
1661.2016353407603
1997.4931715944015
6084.035715873209
2803.412567984784
1418.4198094026551
1237.5557218894355
3277.6608251598745
5454.295110154562
3583.170396751909
3200.9601282260387
3682.5314474650713
5580.110806918974
4308.659885229849
974.3394418094532
20648.12922935322
4467.964800639893
1738.6650879609813
5426.642419651357
7382.409622810065
3840.838485416465
5187.776088880795
2342.8968822780344
4638.651395249479
6111.28350534129
4507.223763394583
41656.42012537344
3862.5093453031313
1764.5315256074148
3695.381473268528
2655.3843447934696
1822.4907092341525
2293.261520480164
6094.129182765088
5239.402996888973
2519.4960505240983
1417.549484442189
4891.051787746431
4143.069090273949
3846.0628525505213
4465.816304178079
1390.6988548125796
2612.4732238061742
4768.4256620584
3681.6422794700543
2934.0409998952587
4694.36611240441
1797.2673827178244
3026.6201043135993
12875.248050510865
5499.4363406832845
2053.4015421989902
5121.352736924099
4290.624023660937
4032.495229106346
5314.117026087922
3485.0709451497037
1768.023240713935
3677.4337843708868
5529.47844823162
1840.046070883701
5124.5687818706665
1072.507495450632
5097.478620385561
3302.6190072070235
2670.287017723008
4769.699478546405
4743.069069862734
3345.99223012995
1843.1374508512265
953.3914812816272
2349.1337732944294
1011.8650123673925
6002.0555617692235
5760.425805001903
3877.303921742506
3771.2083300620143
3242.433080731865
1601.0396232799428
6082.839241880331
3022.038491467357
2900.5891399234374
3756.884270278096
6588.085640789012
4419.137676627411
4760.681182395924
1094.7335936196712
3024.7113397409166
4036.3492428313157
1906.5202529367396
4769.10007777797
3023.960813171652
848.2075545153219
1633.1209218447652
1465.1501476511648
3489.898571234957
3499.8510740031047
1480.7733368928023
3540.978948748946
1739.735514500784
4063.869530942854
3765.078010380073
3238.932389354248
3540.042730275875
4844.716107229071
4152.162511930366
4881.528540087865
2838.8310155950144
1454.6107633550387
3860.021905818997
24168.680702169782
3672.966135630607
5362.025400800756
4468.705500677505
3023.9130148651557
4194.368161117197
2674.826687516765
4800.365080927832
3628.9572453056335
5522.372185588993
4532.2256353163
4246.095210292422
1866.3849058864612
3299.4755041616627
5471.355516073977
3592.9766939083424
3531.5260045495306
2888.2988473658247
4214.320225645468
3905.787170482647
2821.078531016787
2441.503920600022
6190.820142114675
1607.478441849935
4956.226767169898
1078.7894336669308
5445.064004489373
4102.050028320903
5525.434717643846
3276.9385356081375
3516.3778428099695
5357.42884652238
2288.2988753856666
3481.390733881019
1425.6090269052797
4173.496873340926
13608.962579348397
1118.0204483444577
76614.44583859056
3992.813071480688
2793.4407465389554
5163.319878617603
2272.5074569664052
1846.0953747636954
1099.8007769749465
2492.1170093037026
1118.9578042050944
2295.992220947599
1605.0768131397374
11268.429718738249
2378.2990325639717
5493.437465935174
1913.1115646068536
54704.44203237349
5972.122217373282
4083.348093324156
4492.393208729272
3302.0442581123452
5488.881782670738
32789.091268555225
2477.1099942785527
1666.9955805617926
3670.2842890681895
4804.340493303325
1609.316771301977
1546.9427617013375
5650.805478395155
5973.00140212817
3131.6121613832784
1608.0765475286444
5204.631986180851
2159.586117642862
2389.0108978596227
29128.627863461403
4539.23932941288
2669.6651144529897
4172.310698589993
2233.1209077725093
5121.537562103691
1474.0363414304122
1858.8346388921948
3705.0219677345394
1861.587445748573
2487.085542076867
2462.8735112336253
3731.0961989479156
2800.636092153355
1728.7791708371913
4140.172492342827
3025.6238851522558
3576.422524023049
2233.8245889721966
1632.3103041333195
5756.3602540771235
3377.3844400328303
4404.433575762055
2386.9787126631077
4461.1782211293275
5166.266289953182
1840.4221184205212
2400.575774044415
5447.458333622522
3301.5666500149655
5419.522811543999
1454.8413429701193
5028.608745559193
1284.6032425035658
1086.5532263111108
1033.0004554206678
2628.548182739012
3830.4076992730825
5317.215038079866
5913.655596625369
5485.398797965362
3529.666159276674
1327.2017782581906
4151.50738462366
2365.6134442280304
1898.7425516951157
5514.549424023184
3670.3125596605764
2964.621540666764
3738.6329820797805
29728.627849850793
2300.047891422351
5776.892686798788
3601.9174967874046
5107.223754247844
1541.538673001042
4034.414978846406
2296.802224333566
2238.923145693328
1454.566005908548
5002.455877436513
5526.2084559164605
2783.4982821565077
34369.73713030971
1678.6991731664948
3656.262844236006
4284.245832424535
2865.7683169692004
4512.163601436139
5518.056024908662
4247.008168048166
5142.927460324226
14492.781437982629
2085.4744181038523
2965.6134328436883
2660.792876420836
3903.6725975389427
2286.7989849364094
3021.856256058497
4205.60575494142
1793.2543493066864
986.8302429163166
5146.548154169873
1073.943388494041
2570.0737206346535
751.4630977394829
1287.3323326514076
1580.5970235898048
1098.2359467096883
4170.264423301296
6146.68517233758
2285.214158555731
1778.2023207615912
1455.1465694654219
4226.857274287038
16764.622325924793
2630.612147510176
2148.682911765408
2063.984838643239
1729.2414796278356
4930.35360135328
4619.904044232661
1617.472311387172
2542.8508480534456
2233.516307932963
5530.139138811028
111073.39822773938
1449.0667097342455
3311.23941161203
2258.692535619451
3688.6167444302937
3513.6513837501834
14480.606775847933
52304.4421236651
2777.6534004208606
1552.9483915346054
5566.0844152604495
2678.009401013185
2852.5471303728796
70457.96455276808
3307.9284081107535
2183.4982889280222
3757.3436045530457
1919.0161742104992
2075.0811098418585
2364.621559807749
5119.169199972366
17448.84625096649
4106.852018580204
1961.4623133006335
5365.726785674998
5725.531600884842
1103.287380569257
5316.9931198403165
4878.018553787297
2665.709456170516
4653.719094395658
4941.448307623417
5992.556294967203
4474.364432155446
5605.863697315396
21767.301544787522
6889.632815674089
1627.673242042079
4113.651375224469
5530.322757598705
914.629389049827
1756.890417153189
16927.079631471806
1232.579155254447
3285.9859027381203
4416.373604861827
3868.407762007016
1763.4137118307983
2528.3461628156015
1668.70691504139
1762.7627262052445
2421.898577288551
46603.60202636986
1142.7212743713037
5704.3224247695425
1224.231618954026
61436.93777121613
3533.6017842193855
3246.6920567229386
7442.734237721901
2340.877218429084
5423.190179808382
3268.521084976886
4402.620295846748
5472.729607468656
5608.707507460706
2538.4830782715294
3330.7999195589396
3828.4192920078954
4386.253164145576
3584.640617754333
3679.3589169555753
828.9685985421935
4057.279470909758
1455.345596454785
3810.585535482819
1458.496315842009
1972.7202058077328
18954.936479815744
2978.299014562129
3766.351540885019
1582.3100085874876
6573.694202512717
2003.1756717067944
1920.552743095778
3179.85452343773
1261.5874511739344
1008.032185761969
5075.833303240526
2929.975030762268
5468.89854667257
3261.178237367102
1731.5624436311944
5211.604339635315
2038.4102630113405
1574.2432837136462
5303.21860189618
13599.795130321565
5516.286872792831
4198.731948524127
5789.2837694145655
3830.95450841105
5383.300306035904
5834.73171025173
1645.9456125911809
1834.7198094817973
4280.112355880069
3110.0361624660786
1606.8325787711783
2743.8307379114335
3564.3366869291035
2950.0796259479116
4951.37490546327
24774.493874487154
4418.059206898796
770.358461268794
1828.9454691584237
1777.59951101
4882.839262317203
4461.84638993355
18354.936497870694
3529.9750302148427
3748.0539717769293
2535.5056493219636
941.9853778249824
1760.0335800483103
912.8090847248407
1662.3293869417514
6635.1642674447585
4220.019321483026
4765.726816783742
849.4731580839224
3067.7913743194745
1466.0601563982339
4476.653944158168
1009.0096790513763
910.5312556374537
2427.338396372151
4281.528547000129
2609.570961744403
2972.7440318693907
3677.8160778799347
1761.646335880632
1758.936447630582
16779.859882850433
2600.5456315856227
3589.5673394820988
2654.6414154749764
71829.10149271322
1177.346152457411
1627.862608142012
1027.0439379482955
925.8086360497413
3103.3928051171665
1029.730299067986
2876.979762003752
1301.4005200949803
4028.888535978303
4715.893001713528
919.1916823950336
4166.369319365709
2546.205712209662
4683.468381685532
2862.671974046161
1197.3180028356528
4828.142136956628
3090.0189365288793
5522.934490852654
4478.009367688887
1784.8382909480015
2403.0367752759685
5650.25957426834
2973.742471984448
1893.8040896345155
6625.184898508302
4600.636052570363
4521.308423379221
7414.738631522046
1524.6026481159495
4893.145808920326
2940.260427997919
1856.495750828944
5159.350134220849
1813.1632425461119
2914.18883815754
1862.5342543959712
4847.008154241063
1036.9903008281647
4451.312958131105
5406.759101912047
5750.7902770206765
2277.665115625747
2346.8504581939187
2335.670889481696
4438.029685645866
4698.421118102619
16164.622336206688
379.80191483833863
1380.466547510948
2093.2834777179755
1065.2135284363196
2363.5937067640943
4062.864395776112
67457.96463063906
5003.771867577544
5395.923148111004
1609.8901341316407
77814.44579577475
5852.54702300571
4223.180679463785
2833.1208830931655
12502.165594614224
44417.19859324951
5711.954738557603
2653.401523319759
4891.873472071057
4893.877709095713
5930.215433801107
5757.5397345159445
4113.11027399051
5578.768515323215
7252.59073417897
2267.9420118937214
3630.9363401897917
6562.308454526663
2380.328085437476
4208.987506627595
5533.2047588063515
1384.3576071747275
1056.9360865829565
6287.001260373261
4760.131086151145
2954.5939509521063
2345.9418974310197
2267.7412986336208
3584.0134963245364
460.76340687291525
1401.8232825867142
1769.75755736693
5164.808108165782
2442.3571441602544
958.6538909873015
924.6026496627107
3578.147699955356
4714.0741289085445
321.83780471966423
3743.9634713722826
2365.8750014145476
4032.011108787265
1648.8994004814504
5029.809868156262
2282.697630235316
1006.8325859141206
5515.260549763262
6952.322103066538
3883.9671175001536
1459.1953130221445
2363.4137080778796
2400.603606859703
1770.5481614061202
5929.053751279443
2073.2183110115984
3091.451648715477
4179.910892509728
913.6274465277955
2659.1952805236197
4765.466839318795
3540.1725030896037
1134.0410497632952
1033.8245687887384
1564.764372945583
2006.581820377061
2837.0220468831776
1050.4805055658326
1860.3833343557505
3837.264712108106
1727.7084317305669
3868.552346390564
5738.384753888316
3383.4982716952522
2361.646332862385
6081.409056714293
3082.53533817904
4385.171989204726
2001.092449991862
363.6901599367819
7728.464830660809
2371.2621606043067
771.2725518529799
5978.320278203232
5184.38400423077
3197.497118859217
3921.5376121625777
4702.050023632836
4287.454724493947
4163.190077792347
2367.6536903250653
3519.094019434407
2298.4240822725446
6182.826110412772
2848.1960048206997
5048.5994642961805
2624.1711660607198
4437.264691503615
982.3100095744005
3644.537578061858
5008.773385143112
4074.2469032445288
4446.062832346879
2083.088909363426
4091.4293272242794
3080.463845159863
2264.3690347690676
1782.6122401099767
925.8097933262441
3143.8253391874846
5194.812401606467
4768.015964253728
27373.527898690958
2441.1634856373053
6488.976801497653
5319.5444506841695
762.133198567852
2413.7095899643823
4853.398493167909
395.2083746419643
2880.292293777105
3681.0324442661727
2482.709832458148
1651.0821695319696
2677.545771637319
5022.142256638899
5060.021883197248
2971.11266250002
3708.9389139263385
1328.3461804801968
4550.406988202007
3309.0164245751125
6566.503096109223
6370.907043086316
5496.280917566299
2880.3300703875457
5714.459416291961
3677.426914068115
1789.0109092470498
2347.448033207848
4189.01555706423
1030.1929277442202
2519.016169619153
10727.171117748845
3675.37035916267
3616.0453521009085
3584.649404694398
2664.854723814323
1470.2870432569557
2337.001174279161
5478.018549524566
3106.87661263396
1187.0219553285028
62636.93771992605
4521.0752585390055
6151.477102693449
3251.8435435541014
43817.19861393834
1924.8803577385756
3131.9121329986406
1258.8157864198374
7898.982848407736
1192.9473702815433
2587.894195054826
1300.622108136246
2765.490697581583
843.7708132378858
5984.011415309654
1764.3367393952215
1714.029846838649
3477.9822916301887
1778.2990540342462
4504.421773901632
6293.92330253468
3259.195262146785
1174.7696287054885
3105.921624421494
3764.2495016467196
7988.693100693425
846.5234838633979
2568.1710284917854
4929.286932404348
1302.1929167657827
5529.983439887593
3041.1451050316778
1455.122683771717
4114.130141979376
5141.27042127788
1630.988842146831
1856.8230057371156
380.61195641674436
4960.472872911793
5386.61246197921
4480.642124296452
3976.902042230631
2190.643951561774
758.8351561253961
2957.946616812922
6615.824857799146
6205.863692421139
3027.940360197442
4173.74241021949
4884.031620827966
20019.829081973206
3706.876597703368
3139.743242078088
4481.9957583917085
3702.21657659181
961.2148794751837
54033.66736876093
2041.7453760734654
4165.6133622782445
5658.413995116881
1556.7204589221224
877.4576232717361
4615.520833480472
3678.1079440603303
3517.486982658218
1509.0573499321652
4114.117065695196
1915.270148792035
4125.6064313695015
2902.050080607824
2311.5240987093885
3516.800011084863
1738.6733431685
5528.521659513677
4202.0555886027605
3262.33685256403
4200.974775376707
5005.713963818124
2234.7319899652944
2077.262079962293
3526.1623122435553
4701.71578954295
6959.941224118582
6021.479794397697
4692.805481952488
783.4165258684269
2360.37053519627
974.2432841416864
4764.839169846559
4783.300341398337
2638.932398716413
3686.346816373205
2229.1468329306736
1719.3688424633804
2270.662743821901
3761.6683406266693
7230.043413596392
5411.539643798527
43217.19863101143
5161.139545301081
5235.400943036628
3569.136013014075
17968.925513140945
5309.55913141778
4709.741184395979
5276.119831606968
1740.87723621715
5306.851998778308
1468.877613717616
2675.4776481285094
2535.4284764094878
7078.639953276059
6092.997353346303
2927.104573847407
3126.1211753034304
1506.1724787407488
941.5386742809109
5199.47851820842
6982.091343543827
2735.812446710777
1907.1593684900795
22196.637106277496
4766.863200974852
5418.305347004888
1662.8644604048668
1104.3992269408411
3073.024513171133
2334.0410176899827
1735.375531942541
40278.70305237921
1706.4789554286383
2941.917275130575
6090.998038999974
1465.7094768481682
2770.229910017145
3678.754609689437
2888.06976740113
3539.1124284520965
2794.283812588794
30565.253281420813
1468.922666245999
4224.308742219733
15307.370769483061
830.6449213882598
5036.778825368123
5530.339427659084
4460.3215983226955
3269.2986535513714
1752.1625887189446
4875.745126212574
5653.898319514431
3032.3867441063626
1611.3347166603658
2646.692062126288
2857.8271249377644
6020.724552237583
2896.963708130261
2011.91739031992
4892.734923755621
32527.043502395165
4472.24562459936
2333.895136560653
3659.350598868682
2421.7131110815412
2400.871513508685
1006.6729662559636
2348.707549427571
2338.8158795844847
2879.9520809720298
4541.270427767876
2234.216845261768
4383.804890227522
3765.820039536569
3250.936823305845
2069.298702839916
4292.956534596263
35702.76622608825
2075.5847336486213
4088.373999874382
4832.386698606263
2946.3037429864976
1187.028272966796
5121.07523162623
39500.16939535641
3131.096212939334
1169.1058815960141
1998.0472245009637
2343.349855386808
2081.086308429473
2316.350690003639
10186.385941555101
2276.8483527379462
749.1968083335188
4192.55631515688
3814.027909906478
39070.646189015686
1860.8654586523567
7357.292879923949
43456.42007569892
4855.137591374563
13880.606792189456
2509.2542286296234
2873.922021945068
13451.961062897664
4523.604157491983
7363.43949610118
5426.857202333677
1754.3948216385695
4456.99719680425
3809.7090920365677
4068.4965951410045
3264.8547025027137
1332.8470432569804
2946.9951645553083
2654.912331190468
2292.2501960179775
3043.4195420303395
4206.771693443916
2554.663161264865
811.9316485575828
1484.7494906254974
2886.919377972546
2296.5792288043745
6971.045665964768
5490.238852332876
5379.910838463919
3104.1802860990306
2232.3703853600955
83944.19656256963
4784.620589798287
3338.1223436485407
5149.976661326677
3585.9224883722263
1475.4776851428762
1114.0298476382527
1906.372202786731
1784.3780418493263
4854.741446217842
4166.863220237559
2597.4971418333735
1316.5355390315754
2289.158762868322
2991.3028528504587
5992.750966863262
2297.888625775973
3564.621518266451
4229.670658803032
3095.906704316467
4894.977543705846
3834.487630889404
3238.7313515455317
7010.071036446203
18615.73694565161
87769.43335541805
2072.9818765811765
6387.776069797992
3007.903136797264
2428.9572831826576
960.3097585268108
725.6129465871942
4462.509334836777
7005.3569776530785
2917.925018211248
4958.909059423906
1863.5597628320545
3592.627974322869
5173.052077837869
3755.5105741632497
2749.065684117695
5642.387367737335
2347.332905739046
6878.371689141599
6133.160439506018
2873.899335842069
38699.83537046118
2935.405957155354
4172.1412735738595
3909.0164046929735
3089.2652129475705
929.5500071725845
2891.324499648154
1857.1606840958402
3066.2840981185072
2705.274845974486
6090.575074999819
1849.8437523406587
2058.753988738427
2068.7148312914005
2273.1115251932565
5153.242086643633
1141.4043836251615
1456.8993633226207
672.299869727532
5073.1869253398045
66857.96465590838
3265.1501043956478
1717.046883080781
2333.6735689693733
19737.088804096096
7889.721619605345
1772.310768269458
2435.0511066280146
1627.0439106982767
4849.978898028679
4855.036381003325
2150.8342495527513
9371.04562700268
8257.412324026587
1237.4934711873937
1145.4248419752525
3989.064130719907
6959.20470613222
1767.8024656699906
3496.746400377471
2336.518362838449
4884.895153382586
3902.862541169823
13232.261264179353
20299.841083498806
6786.449382800095
1032.0309055205728
1747.7872260111687
1540.9311925389115
2413.419917513409
5371.197741770659
4931.787161769836
3521.744476318548
3876.938525529478
1779.3871711119398
2106.419115160979
2266.157850347598
2001.8024334151273
5427.259054166133
1772.2647311116364
3876.5796849701765
1726.435004115988
3527.3867674703397
3380.5970010755177
637.2459742486506
5344.300934204658
984.8522457654977
52161.354443544486
2802.0931139698246
6569.253652645805
5156.360258443998
5581.473559610701
8211.582410471048
2637.0499889817124
1997.9454912747287
1944.5037350185996
2026.9815334445107
6394.202744592216
2064.999800152681
3886.1806581751202
2403.3095951831247
4125.411194473054
5021.057055704994
3838.932366265444
4101.437596668901
3241.421462719754
2663.1768330234563
2401.9175327708776
3515.968856139368
2997.2673501626473
4516.439728585712
1106.8326487837237
4038.5201436039492
4128.037496732497
842.4179791073525
64436.93766017151
1803.5035345892304
2072.2456871158893
1697.854212924743
3683.637289629934
2275.7997611609435
2275.541816051954
6928.826424609095
2680.773300429977
124784.72782811573
265.0487246098826
5982.341616523585
33127.043496427854
2279.503032189302
2676.2085907607525
2352.9456397228623
4574.491820647186
4121.272032525049
14884.408400701617
2066.0601371147136
53433.6673862919
3216.660103627772
5455.13757133999
797.0293882998466
3226.917339751516
4410.975365787064
3031.156668325466
2121.5973233564505
4716.377821051751
4242.516367939006
827.7102032132989
1734.1331297934437
6082.550837552711
4894.456091768799
3574.3828793567764
1824.0223976631157
3376.784155377548
2002.5422555585392
3586.1003204394133
2479.8105027946813
4432.667360306583
1583.49829495343
5161.037461282249
1117.5382467499194
867.6439397925177
4449.42144235647
3930.930074093113
4678.157427415024
1593.8318581609321
4293.804056945538
2478.7399985159723
1672.5074773241395
2280.9689878934155
1241.4228461464832
947.0183655482879
1783.3387773719612
3902.6189937855465
2276.9797818938896
910.8131843469336
3822.1422827748434
2451.287798813491
5594.527431172699
2271.345767994414
6389.370226067423
2769.1735522670497
3497.951786700064
13008.962587260805
1106.5404238587855
2295.637364956106
6623.719345214417
7656.568593736885
10953.07193629637
4954.992572141209
5603.7718132231
2597.945479587567
1108.7296883027923
2018.798555929899
5243.2725525436
2478.4731062333612
2665.5302989512265
2952.1625711393003
11399.323614152763
2449.1615508969726
4470.167341302101
1067.3364102475414
3835.537535207594
1718.8829527526048
4140.734365562051
6142.309655890563
2979.3871210312755
2892.250884842255
3875.833344295287
5408.302098606401
6305.181907081184
2521.089695191093
1387.563307984558
1187.2101182334357
7420.904812899401
1424.1484636226514
4378.54977780503
1673.4752146980022
54459.71741927078
3585.3193804022685
6679.198498651427
4108.864307333894
3495.4505455300937
786.4428397176113
11765.6367563881
1892.0466855318066
2369.6995750574365
2850.480425954005
9056.25810212247
1910.9349617000514
1285.9325938668478
15473.519936108174
5005.737255349566
1875.6907420576244
2056.7459804980276
962.1688295108293
4521.115251309229
3989.0983481467188
3358.807827148983
4927.474449202682
3321.0752941752758
3527.8130673782725
5368.425630921419
3966.2663202224276
4849.512202052441
3865.816305517834
2299.3401753571397
3528.6542306260862
645.2874265081003
3950.872616638815
4771.197773123986
2417.301354736092
5160.624716173362
1034.6522807497383
3527.4235365606655
4005.01440266269
4787.676014521285
5777.747404845176
4140.495123357989
3473.378082218632
4188.103876381713
34779.93967309245
3582.88595605203
2264.6897150942164
3480.907896279696
1513.627444760576
1669.4776328745988
3572.1412862568955
3930.79989996705
2277.6143984333
2364.8819280364833
2303.218713160718
2398.450244896187
3484.7338416908374
4025.710624889724
3169.985808051388
3082.1826245614134
5316.785497913243
222.53423976731537
3819.6606496553177
2645.613139529826
1384.997471588272
3088.4892641124875
1457.7504702052368
3124.950704478071
11715.366751655478
3575.291695057073
2579.014533791687
1133.4605564808353
295.15168326316723
1929.711758910333
3141.4484721302238
1471.7116295720405
906.4191343553887
2909.5578541021764
30287.03176067917
2941.8886936016333
1135.1884706961891
5060.321580338267
1918.2477456228146
2919.9196308588607
2306.652475066858
2638.4768615133867
7034.462880591259
1315.2608455472919
812.0419649951779
2623.1923146351683
3278.369172922838
2282.1878596904758
4206.603467614189
2676.9385422623504
2674.0363115127407
1616.8603979995553
5423.23796701648
3108.9389294604866
4934.37014161699
4081.390705708712
12241.795204648803
5909.924663048694
3205.9101933090415
27793.72542476572
1557.9046221373378
79943.09224694774
1619.306105030614
3219.839179284272
2918.011187324461
2224.60087796205
6212.674506576568
3473.9687473554845
2667.159896698455
4777.757485684043
1080.7454144057315
6146.240840280213
4455.567920588267
1610.6656212977402
15754.63179851591
1401.9088907237876
2850.1852479230465
3572.552734465132
4767.51897160653
738.8119838368889
4253.883613540728
1766.2089286387813
4999.766257728076
8039.276935914826
1307.6036105619567
2393.254211075124
6576.082233351876
13628.367091469532
3707.079118278015
3973.010786352499
2524.391707142654
1783.9700658587583
3859.1952275808176
3014.516518121424
2886.8953087118994
6593.681843178585
1103.9633206043197
3197.1798152560837
2856.2648777151767
4589.308996756786
2371.5884577904358
4438.081757034158
1030.54641592649
2640.962956047985
1125.4600736150692
1873.1389270376144
5368.890866584858
2344.12835684184
3564.731335788323
377.605146772519
36004.49314888544
3645.4615568496874
4496.747356713652
2735.516877180456
2279.4247121624317
2430.936378539576
1904.6463853648108
4044.3776737034805
1071.3319656003848
837.7970812944832
1260.717717307483
1141.417513811661
5093.376966416994
2000.3514686820185
1089.2349717912552
1474.9892457751453
284.8952695468204
3518.4051116455944
9952.757670182451
3653.2615593595488
2638.0396266642924
4676.96441624079
1285.7554344334478
4780.771040582487
123584.72787000444
53859.71744212378
2279.612909636302
3274.826679713236
3678.81476505196
530.0420142433312
2475.193246027565
1909.4098879159546
3119.0161622783535
2149.065687880788
1754.6537517192958
9052.590695290797
1104.2746375178301
1865.6508895430536
3652.064408183488
3643.4195288820897
6934.164569824962
3252.892853902925
7679.658031144911
2979.904507568766
1903.0808259778994
898.9338695219798
39899.83534601846
562.8227482401061
4906.520215674386
2941.6291517847144
56259.71738964511
4745.100265538583
7130.91255156983
4304.180258128938
2143.916494910692
2061.0762517434905
3121.5045711449625
2786.1659163222757
232.33316591736562
1106.7718819964878
5076.208532653662
5464.776375735147
3455.2345498999375
6324.055166048056
2709.5791788021606
2170.2299164990363
1653.0428005216133
2667.994090147833
2137.639307326112
3086.515439275633
3572.2852077729476
4510.403309656871
2506.5202485540794
6424.346477025074
6890.443589553415
2875.9135261754313
3458.2922164823563
5408.913094559744
2657.882063420684
2411.5634660594683
4277.590064579841
1858.8157848270912
3944.9901298271443
1725.0705359826707
1603.0633246675643
4246.389527767687
3571.3921873389527
3552.108239506765
4705.676133133465
2953.4553668561657
5200.89052367629
1729.206362743238
174.28960140583945
1624.0832964508222
2382.7381434443987
2520.277793114635
4593.440704648771
3689.2651891686132
2286.3961643533194
2437.555693057526
7138.6651124488835
1204.614301290212
3443.063302040037
2263.2936301913846
2036.715361426545
64314.741159177465
3583.1984004468645
4529.349802041233
1137.8892718972643
3858.7641960853425
3533.401405642327
2862.382522459155
2472.858689568667
6319.799813483138
1705.8252563861122
1676.8454870860478
2427.5577482627214
3134.325431461096
2702.169352194638
2541.8234869205044
3375.285230340921
2775.285259253168
1105.6471948057706
3678.443440557422
4991.323155208709
4528.305542965758
4435.312627322941
1941.479949223327
1011.4865090087893
3267.159884603906
1184.17308892279
4716.073776350041
2552.5381790417564
4850.143688441897
1199.3086040872133
7712.911619559334
3849.4214646460355
3510.15356629853
5786.318259401841
2187.0602742159776
2415.3937591783806
1805.7817491675135
1666.1150236376527
1822.2128334316765
4179.904501302759
1095.167643046642
4503.43603474763
5201.676248892124
7290.70787797201
482.3062857722987
2661.094956300882
4493.376974151146
4595.624298895801
4463.631554355246
1650.0807244162572
2656.7459578594453
2797.549781811453
4522.626418348362
1602.1118134341757
913.5433338061177
1160.2510566102014
3160.958569714493
3801.341616877396
6210.110147193517
4640.76283084862
27709.067233416168
760.3354672016357
5934.77847173271
2135.8124541776356
1208.9713722745412
4144.300960840076
3235.3548168908615
4987.3020219528025
317.499630455792
4278.754596030872
993.8318600046312
1387.7244926062247
3462.8644128839246
2963.4136911714263
5341.153557032863
971.4369842831986
4543.916340562686
5095.675623200103
13128.330891778764
10976.05585665466
1076.303670166957
4892.151675327465
2468.7279808869434
884.7494929954854
2773.90806329092
1138.6083545484278
4638.922949179372
2533.2117433653043
2892.670600768194
2700.537903836268
6993.421996549424
17180.307749525477
5346.157887550622
4467.333760548267
3487.6866866635473
2360.094054151432
1919.0394236615227
1571.2652567874288
3522.680851566074
1613.1716780028898
2291.0292393173904
5253.719083289219
2866.3378872744106
1638.5526909353941
2727.8078226407683
1111.7720569619166
4448.765995826824
2031.6408219197801
14453.087660905212
7984.06085768984
3133.2117403094603
2456.571596475116
2843.6070429873016
2469.7007657155723
2301.9955973930178
2571.0052652001295
2095.3314758044394
2266.398889669954
206.27832397734207
1191.0372651826933
2766.138751594619
1263.8731756958305
2514.983351679468
4852.578417319398
5739.374780997023
2743.394390172002
4081.3184121930385
2326.334666113661
3639.117872701683
5415.947596712445
1728.144844580004
1744.9209585650306
5443.1108307865
6976.416026736765
5437.348212704457
4717.215063529553
2278.933163580846
1130.049221298954
4163.955611238471
6060.0405198897115
3671.7093971805316
3415.89377965358
2548.426457790849
4098.115863728343
4329.288693338754
4893.183479525052
1741.2645012126595
5501.535908702068
2750.4070187732445
1032.18161925912
2702.3757847398574
5959.642886753934
819.0288710880288
2281.083764829534
2597.663219741722
3574.2269119710454
2090.043402362521
4679.965506752494
4459.8223144206
1067.947877333
3137.4917832941537
2259.930222263132
416.2209881168365
6695.469841809774
548.7770822897878
658.3721658611632
6895.473417548766
2786.187731407069
2938.9595722179483
16030.602459726784
1778.3994649755552
2781.2133452347607
2729.3498338166837
5033.33253744494
2440.801269914329
2622.254928236871
292.391876036895
3748.382781492861
1283.3194743759764
4521.537590314118
817.0787238832962
1596.4500226234347
5164.875144866629
3390.2944399427593
1636.253268236551
4779.910875616501
851.6555974892642
3817.5065776034835
4066.6127113860844
4204.4320915860935
1178.2023304996524
3613.2579569206437
5425.717202712986
1152.1625967222708
5345.316638608231
4117.62083708857
1132.642318363807
3440.6360702546913
3571.1978138873747
1787.989499085451
4561.037479386945
1249.0535053275203
785.8394574011419
1068.6887819820608
1953.9365500915
1729.7613392730766
2326.679407872027
2533.1008633003416
2430.004231787759
2525.9466652942388
3264.2692822607487
5446.66744645747
3869.665090428785
4618.54916914146
935.1733876569097
5726.2810344731115
3400.0445971355343
2092.2404012417455
3973.4304273022894
7193.740352663632
5911.783279241687
1566.4052683339855
4371.827880598457
818.9300283568448
1008.0765509606291
3166.3515515105014
354.3968936566598
13144.432401413416
3944.2488950916813
4089.8985652943534
3774.261144736516
6576.164798585193
1289.5332394970335
201.51085795580087
272.42537805987797
2608.8200386782946
1723.4274299687388
4180.771058558009
13046.487286394562
2967.65367984514
2668.9253626703553
2285.8412338489975
4092.9639673974066
1398.816464244779
2336.667851608213
3034.595697664253
2600.883835106961
2891.7406423220973
3276.2140906836535
3571.2621204532056
4393.861315598917
3686.822481045405
3165.4176817931793
4753.275859025332
3132.167132651949
2891.1753526804755
2838.0274698699236
2606.581816568892
1566.3845124688203
1997.5871908134282
19918.578468332533
6301.024486584771
3829.9037727765344
1889.4147918885067
4775.029675644455
14557.1719097142
1184.293605727137
5033.234907216861
2341.4224432293227
5519.852452867512
2262.5836475670317
5248.871999631621
5051.698980365083
1453.1641157106974
7190.73836086069
2295.7926660660187
2456.354462561598
7018.331184447758
2458.793716118419
5475.632309959559
3789.9512654650143
13924.187913947371
2622.91019629374
4846.389513739937
5711.560797711852
2313.952553170732
1200.8715208338829
279.27596693027243
2365.4834005831976
5373.094861033612
4683.155324074293
1262.7262239116642
3888.995470645926
13678.763236512523
1130.945358422222
289.4241131962881
20518.578462193185
3812.824270290776
2485.9425184202964
2242.3304434284264
3826.4599300464547
1173.4764727574643
2925.962252846938
2057.680768694105
2971.486847578285
4331.794541561498
8265.238213765893
1076.3202292704239
14515.176815906309
7206.978727139805
2276.103119028227
761.7489614301244
2937.78449292763
5962.025393509779
764.211498287528
3886.8752813871106
4895.36953350434
5097.061093439852
1001.0396258976892
2502.007840478088
2256.2142252927306
5637.75201862069
816.1600984336123
1290.4359694614368
2369.105864872811
3515.9439133346004
3871.7115695841976
51033.66744735368
26593.72545976782
4897.612183623033
4560.874448643747
4503.891109742688
3318.7117869235713
2668.521093756992
3650.3229296963054
46791.09487986722
1144.4528907927656
5122.2682029465
5481.0806120275565
4231.107971466382
4035.041339455239
3984.9963172386497
2373.339289891606
3142.8508308823616
5639.59443483036
4369.847519694231
3096.145463482453
1450.7623737505119
12862.216375978935
6869.386048405809
4455.090035753339
6121.317378791796
1593.0496670396792
3719.0161529505076
2654.1179260262816
4878.754589254226
1713.8589672694616
3101.055422426333
3518.2734322286005
5126.742705707551
1187.274707030032
6475.368923586202
3581.6205496002685
2459.1574682711885
4184.640606954572
1445.8027917108366
2721.999029229028
325.8143498624596
1230.7534821708714
2939.8280092110517
1424.996213561526
4521.978247034839
1803.8460957320622
3588.9114656542597
4990.888964016746
1562.1688255814827
3544.362395172889
70029.10155218822
4172.182902407038
1371.812584354253
2439.9572120347807
956.7204595879316
2400.326623970534
1231.0693884152515
5320.780367150301
11616.66820211209
1114.7253148815655
1581.7280186693274
3588.512477804631
35439.9638114561
1541.2704713361315
4978.176761143882
17131.35935971976
2303.335649160506
3146.583994748193
28309.067208051605
2288.845949176808
8921.602466544335
4434.265923040614
3086.066820526946
5509.277780416532
4483.897479574509
2890.927079437251
5078.369119639175
1341.806993077763
864.5509997305793
2509.77072154569
5320.1070129505015
65657.9646993205
13110.703360609246
3558.456328659916
1177.5995226990963
1648.2246158704002
171.2725619146964
2188.280525955613
2755.673161393537
255.76782036362297
3304.728003845703
2656.23388303891
3033.8720671922015
5409.807751936426
3706.5202302700527
12747.599671659162
5069.866027703571
1233.2746157481129
1209.9111396700534
5936.842843999385
4441.44957826107
3152.2605050201687
2905.3921898607637
4953.3762351205405
1546.634315996956
2861.043538129343
1186.0850240306427
6743.81388736452
2595.3805568718026
3585.6394665328053
1610.1918999228785
1192.5667588755841
22176.311546091845
7401.716795364259
5318.785503426345
2348.0027345326703
1527.9127943030585
5620.335579069263
2446.8305177418897
3543.1248489111867
847.2757460589106
4895.843218525472
1928.1748466579252
3383.429833315388
3867.159871133444
55659.717390544116
2537.897041098656
2301.775864909504
7566.741212592576
13269.013058104027
2497.3478707679888
2486.5350341795674
3765.982445673239
6832.883258847002
3838.029705011298
3031.1208029139184
1243.1374572106752
6794.107040385563
2414.516536895736
4806.150279923646
4199.676345557408
2318.2840413485055
1784.6406678802316
508.67027033297165
5462.974309376682
1163.4137273537065
3030.9363541571042
1138.6651090195846
2750.0153018014817
8017.974248511916
2189.474302257832
482.28340178988486
1558.6538847879779
775.7074029665328
729.4064816404418
2068.5786535157695
1559.455690928874
4252.715754092749
2819.0443117111936
1398.6375466688276
2425.0282670679258
3681.168281403387
2663.3202803665995
3504.3557451985703
4742.961952747239
1753.4491713801674
1307.1594009458524
35102.766235518866
3907.928389349111
1626.8267242719778
819.7645517355854
2509.2780268247616
1237.2459593798048
5445.868969477782
7091.440480321117
15635.317998423208
1279.1231754837038
2210.967649108054
3104.222635933523
3369.658850734428
1653.0962549960382
3513.1793632768868
592.4751367019163
2788.0753540347955
2288.8093721791356
2373.912091247866
63714.74118650194
2455.6022012890335
2329.520832586853
7720.417116106932
2902.2201736625525
5234.335590318068
3980.5969893093948
3555.114204578156
5297.95169759598
14051.96104679691
4511.479988792966
527.8251494802672
6306.147839667337
2693.7437591322755
7416.365821147969
2561.767013137495
8248.506291412572
4491.250035416516
4895.381377288575
2665.8465569776754
2258.353184956413
1728.1709215311507
3831.7046729272147
3757.2948739350504
2786.8379688808955
6495.158045941944
7925.188918074081
4856.571559718713
5355.088374451398
1463.8295972150966
4279.847212133906
5053.401462910589
2566.0289291658855
654.2004618844943
5047.788581271713
1657.8941963325933
3409.45916447226
5748.170964466303
5407.700656032777
3958.807815867223
2416.045389556121
54633.66735366923
2622.717527948615
6628.004426990609
2598.9837440246606
2993.6279869349696
2945.9418465825584
1361.4623161151387
325.29380034200665
2325.460060655091
4406.246013044935
4936.8573659261965
3295.38661295476
4409.062254961779
1681.6467726993508
5049.421425727005
6147.553419253672
2623.678576583412
2595.4793724212695
2730.798850807834
3880.8257912573026
1992.1056374510615
8900.778584701351
3051.8638642581413
1566.672756431594
5236.244908003446
4499.059250407626
8587.15001439031
3253.294664698317
1602.8071715040508
2461.535345859213
499.3505482613167
4249.512214165455
3241.449612876402
2277.759516604736
2319.3688399899343
2839.7703573482595
4926.764434473423
13666.972161431238
2621.7278313985844
2637.3765050212633
5638.670985227832
4452.8927734153785
96879.97110983728
1653.8114970027575
1899.628852978958
2533.099893015253
2070.785390773594
7112.9116240064795
589.0680506083178
2305.825245878399
3820.923322340357
2940.9789490335233
12841.795201553447
476.3036815555463
3313.093515244558
9251.191547763352
11285.429336736253
1294.0076456928984
15069.475788130212
2000.5610495632186
7899.675470813791
3895.017636982546
2435.9818607023844
1264.5327607964539
3259.6161516771467
829.9280301078526
798.0472312487988
2703.3213680054614
1493.6380742972146
3270.3714484314783
3869.2148026389405
4222.0512237702915
1129.1096651210544
1731.6454719483472
4853.913882851382
3251.699033224811
6457.412370208346
3898.141165108806
798.6375482849909
2889.750427591906
3527.252767756198
55059.71740108011
4119.432730717462
40700.16937604732
2589.9513273195844
5241.274424889054
2710.566701627536
1049.683959762131
7552.322092824359
5889.067102340397
6885.413153630673
17476.739745938714
3872.8674613005755
6093.602464423329
7256.258135285858
5020.116042287352
2983.7689103117627
1435.0174220062806
1062.8644828036502
5501.637312715791
2919.1644355181597
1281.618722706189
17731.08135678331
2550.4798035733515
5043.837685452006
50433.667453067115
1997.7938372999656
15803.783839971513
3430.502864652194
1052.9977245169111
9011.250769238692
3533.8363621577323
6085.537142614981
7623.483549426453
3491.3939138874402
9475.368869562784
1244.0224649686356
4771.330565194683
1984.0151202595828
4729.087575463081
390.1369302258069
4471.711557616103
450.48051864622386
3693.8040665797057
2013.4123495736624
5545.530173870684
5524.351901511235
2183.704240013033
29904.7413345579
3933.8150233066
2300.8678775776043
2608.2702799234985
1570.2299224816547
3587.523964644045
13930.326217547154
3934.7831959713867
6221.3241197877005
15583.693141782087
5754.81761150742
1743.9065214314412
2541.7485278080326
4161.833183367091
2659.4763493925057
6412.452488736142
3072.8039061212307
1851.2877997808512
1051.6515020123047
3594.0949152970184
3590.62444031075
1652.0695263579373
1998.1741947297253
1385.695374183508
385.81485116728186
5076.579642261513
2532.407981771527
2743.815833689139
4988.205117690373
5005.646721139863
5492.734914774253
3250.0530398699248
3108.873671067738
3588.9477184737684
506.9808725430743
1748.7075522922567
5761.139525994031
1732.5373779465815
9983.212107223984
4203.2664922029335
2445.461594417124
3812.214677709988
3433.35671573992
957.9046286240717
5118.39587153283
1098.7091263437114
654.1052989804149
4297.612192612598
741.566874632023
1739.105993536936
1306.5202557686112
3397.9926205271745
5359.64327055895
1241.018609256653
5302.050008334596
3930.6974850050947
5531.674799054229
3289.972770482725
1175.0186618066616
436.2497799630485
3250.573692457921
3752.2604559942015
1453.734766212529
4041.9256573317048
1281.1719625560972
2079.01964581156
2359.132824307506
5763.009751637732
3275.17976005929
12217.528132852161
1971.8125817259288
3808.406416036618
2071.0823538956315
4369.896191284448
7384.060863077421
3276.7497724669665
2395.027690467352
2430.2248887002443
1613.1083815335999
13305.564017362982
15024.620826572174
5757.869630282198
6541.820952620828
2596.690749869623
2354.248203252656
9148.04387734609
94479.97124219434
3393.440725673445
1170.5481645685134
2918.3067040612636
3174.658230308098
2386.6980663256472
651.4898574916563
3096.6250286582676
2254.0769804265706
3133.1008564393915
17605.909613949232
996.9080384375019
2957.2132927812763
1454.2911510862486
2066.0437090917935
5789.370232501688
6492.504132417035
2665.332184400646
1617.1130386118184
3269.3836975939803
3112.550909424011
6621.082973369527
2339.8280320140216
800.0233472310333
1076.1436761451216
1189.7310033490496
5263.305275997978
1104.496004836335
2890.6023766294734
5751.659404392059
2913.179367980156
664.9138696904947
1745.9419111650313
4677.17012162027
3023.7871822722896
5572.189449530745
5977.268525905761
844.5752547603815
2881.7750408407
5316.37779554882
1723.167767842306
4167.653611360513
2620.5707851479992
1150.2969479424812
1932.2460666984102
7961.02378686088
6124.646569629597
2533.606703724186
2632.3346119296643
5163.009756637668
4579.816171413181
5376.584176266639
624.2316316659183
110164.44592495005
1784.786735155722
927.7951733474396
5059.822307351833
2052.0345916590163
1450.1200481001974
3116.4372324517785
7225.568127263037
170.35847788087668
2784.87161811506
3815.7954937269383
112873.39818440669
3095.381502480804
502.71877103195527
3212.8242784091017
3051.1419467170517
4073.9687472688265
2261.343887604916
1550.4070307333623
1570.4872120064865
12503.11034870119
1101.8500760717068
5104.150773291604
2567.0843928961776
516.3051825517207
4161.602895719152
2254.6464936236475
4899.63341689088
2697.628366104739
4428.198798160996
1119.4726867564482
2744.7775445828033
3576.31081093226
2237.4868273565894
1747.8317027226965
1398.047227749013
3389.706229231793
2671.711590859721
45729.402391205505
5578.176745599422
4039.0423357562267
1273.138932662736
1071.8859734645814
2621.8051924875754
2462.9279396368293
1609.284074174167
2150.407025137294
4901.553062632102
1660.0534656377188
3368.344502083759
1056.9288057345648
12226.864746317864
1139.7355195366335
4794.297809220321
1636.8128691851769
2325.715507452187
823.500602354684
6123.989430702396
2922.527921929014
4197.791400069091
3023.048709374153
2638.7313717646844
1156.8904216123997
1256.5716010983979
4114.43287685129
216.9239395984013
2316.0738326400424
11705.70635355236
4084.4014506429367
3068.397827485214
1414.5105221455397
4560.624732479011
3899.6542614702726
3960.263547415822
1664.0205710128862
12207.015276810187
1177.8080429275656
1031.013001135183
5657.680466611305
5151.629643207544
3548.7740859411447
4505.720244053337
194.2552304123983
9144.36446683391
1104.4217347760946
3366.165073406932
1468.31125492924
1332.109424320525
3707.8838832632496
1743.141365895328
1460.0219730074346
2563.3728655812292
1726.0774942876951
3753.735452595222
2237.0497725832765
3849.7045000956423
3112.075617806558
1203.5674804682699
5526.679433985245
88969.43331773952
2891.0436360071703
17017.500891107975
4504.066818962439
2463.568744844933
2660.3662760668135
3677.574220555743
821.5338847761552
2644.7210873838817
1743.3101340404608
590.2410872335549
3556.3384964039515
3180.5307776681148
5053.400312198478
7559.941213389331
458.2724397630176
1092.2581381274952
3860.3216208812114
5313.928434079037
10965.841983350254
3207.7389942093328
4786.92032233083
3035.981836615848
1161.6463411604784
260.36633777464243
3277.303931640696
2599.5264116737076
2297.6594200089958
3494.0629025559715
780.3837721920895
928.527397962552
4194.598889007708
1632.795271149438
6593.50937563645
1616.1899528372176
1741.7869163656856
12484.438745019212
1503.916047881953
3193.4348042950396
3443.054067101283
2221.334377791149
780.1143372443069
6066.926244768758
11689.865660622116
4879.88932367649
1768.8036652779635
5315.393500286544
973.959518384262
2288.069769629938
4167.101072455823
4609.836390736455
409.0096898029766
2541.768584272251
1492.8811911545279
2430.558111835518
1103.3924737452937
3060.542372236643
4677.082620635334
2209.0310059944654
3078.3973598123785
1664.9921841976059
3568.425705802684
5348.6903506921335
1106.7192269260688
3560.2510081606583
2718.5126647491707
2597.7294384661213
1090.3895071606548
3321.308460118705
3042.6807461468097
2641.715788701349
422.0427319887469
2880.756374880927
4348.1612986597265
4552.705925224319
671.3009136614442
1136.3479748827674
2939.112431751005
1401.2037138398864
3939.7304530737006
870.3714978064974
2401.1510572953443
2644.908481064954
8285.123406671042
12436.470151426902
2598.656008053242
15287.575724184742
7890.707856357901
3120.2777595068624
2224.576133157971
2416.651097179309
4684.199606032646
3810.9753764411416
1715.0646992000331
1702.6015486147317
6168.104819078222
4306.520222015472
19318.578473551555
31855.563737794135
36604.493134591576
1814.3436907185398
5103.81224127471
1358.8541304469688
9201.494230554628
1084.68775033926
4700.192942617318
1715.2711882977185
1657.0920115105932
3399.117344165652
1452.0816629910278
2486.0668538093073
2678.7208900408036
2073.2697155603246
4078.533512517025
4843.371959379143
12530.668249921704
4171.197800326155
3987.1022577148738
12408.96260606848
4415.21233109715
975.0764654279478
7325.1889240989885
1918.4664345037913
2839.8569259188907
2184.7677134621276
7888.410494257348
3484.5315272722305
2936.681852209974
2675.833360100262
5322.783976327323
5130.307017996924
7763.892959050185
5341.805831842235
2383.3387758329113
2498.4215395001697
812.6382654848221
5063.715427115894
8233.196147297287
821.0258141108575
3513.660421459
2405.674248103084
2524.506531398495
5653.037754544416
966.8310926000211
4165.726845708946
1734.5107880727787
2985.7320582478255
3479.5802281094457
2657.6807602819968
3525.9514689839034
5872.628389407145
13181.71143711734
1998.983752157506
1405.8201515266205
3111.2837511815187
3206.517442412306
1784.7928043457835
736.0678592903965
2936.3479216931696
5749.918804060201
83344.19657765742
2361.787562006055
5198.001657027243
3196.3690829840302
1454.4113919869671
2916.1963395009625
2493.804085580456
489.268426719843
1168.023255382135
5414.554205753792
3765.2777600970885
1225.654486785026
599.0374305174216
3560.3704868680798
2597.117364082895
5347.000347353175
3242.919769339467
3578.2022779962535
11875.941404741952
4689.413024667242
1149.9192358473767
9466.897054734218
1062.954167744796
12814.091298502539
24453.78454655976
5413.087815490646
4005.8588063169723
2880.386689494182
2259.9402026997095
2443.4195671215466
4686.849663818301
2121.203074429933
2512.653383411314
9177.283952507709
1958.0762095543882
1254.120075864387
4079.5802263802666
4514.598829306516
1097.956109054604
1602.2331655506075
1983.500051548961
819.3932062906882
981.3996085392378
508.82585625900225
1009.7830716342452
55304.44202322076
2913.0096993444245
2620.9577270333957
1729.5576853536013
1644.8672978261063
93879.9712693059
6367.400268218931
9235.811171030233
192.46932671634107
1997.8637405280117
4713.425639489527
602.3790531442606
189.8147819846343
3109.2780082239906
3612.2916006169507
2403.846086993736
4192.078169622898
10644.071893009004
2935.1934730848043
5335.563716607802
2333.831878803828
2603.1756660477436
9662.306370879238
943.9717624056271
2731.181706118687
4077.9822901562234
637.4934729754824
908.0864405937185
2181.994986486857
6146.89521648737
4692.963961697309
2545.2302265771405
11299.970196761755
3814.623207753968
8273.014995402198
4486.48559762413
1734.7983965983728
1788.4075728201651
29527.04354729024
3202.455936827718
2455.1854737231984
5787.776076252818
2335.211534810518
3879.2218948305826
13917.028706011713
3000.193047329128
859.1953172880053
1493.2834811156938
2906.7686709928794
3273.1847366354837
2383.5580018202527
3500.589136543086
54007.50987839191
3135.4284702962113
3103.793002801951
2113.30738663905
4895.347504759043
2928.981169140537
4061.6894300354625
2342.5198529478657
1840.7839775944697
1620.4738951193463
2926.162317681289
5075.819802284791
1733.268807439115
2299.372592105547
2834.607885551012
2678.1977651860975
4664.404489541286
3077.4338022107586
5347.844931800125
3392.836009061467
2638.694104535312
9156.196915288068
3053.2005830407875
4447.0303196576115
1838.6304309633394
1744.109918103204
1637.2573153623628
1915.2824113459085
1294.8287180774803
937.5132944566077
3514.1170740993357
5227.01037309334
2346.9695210786317
6221.5773544777
1293.804092237772
3634.4964119380343
825.3497004351296
2428.4331209120355
2601.2037078044546
817.84149969848
76014.44587038059
3230.1821787890917
3237.2647252789984
2070.7883366286796
2611.26411723189
2667.4793679594386
1906.2613198741303
2515.2608000718583
3111.5514757345727
818.6033446972823
2933.6018140183432
2061.7392432759098
3540.7343763210406
1111.6779529511516
31165.25327903188
5316.9726602032515
1614.2364009205367
5316.949788548352
2598.2475479742066
2676.5797013793886
4034.201420756509
12457.349254439445
877.3538473764839
3880.0219055658404
2670.9334351374314
14101.305014382895
1184.1785770487784
2326.510007154107
3578.270295464947
1938.8436492980738
3821.738779645642
4292.534196472317
466.50668596306576
3674.6631761351387
2040.5681983949103
2070.3714700874343
2441.680208005393
6202.443196866102
7021.024870426632
3451.2472315992113
847.9106179984382
470.9455829105297
1528.0494773402174
558.2955293077829
3221.210917221917
2963.802788059108
2416.517366441062
41056.42013796152
5056.286231770841
3783.8831391063027
5470.672532409686
5004.540728020118
2514.272570471773
3094.4561168378395
3556.965262959767
3274.036309526351
173.59430650462696
3282.966370646575
507.8003043450849
1719.805179924284
3675.0765839768633
2912.9618888646523
2323.427427200869
5152.946793048514
668.9965507469276
2890.7378790164794
3594.9475886990817
578.2028620512997
1251.6422959688439
6095.381362358163
5118.10277071031
4193.254248706597
3219.1377031233715
1760.251041629638
1859.7930719034441
1496.5721101110873
3350.4070090047708
925.7910989075972
4586.10823580064
9367.827556688993
1507.2238034650727
1733.0494021457246
2334.7983761967903
4475.415116978691
362.974175101088
5584.174122044453
4382.816931511012
2329.784348037333
411.7557390490379
2949.404914928303
5317.486949559723
1932.1094208003944
85369.4334640609
6026.642416933939
1493.3770070115936
3746.6072648838604
814.0783911649293
1572.0433264488574
2565.146217248845
2527.4340162239273
4852.064388868652
912.4104883978475
2277.694787095998
4087.9451363622493
3835.9348694421237
7134.628966443727
18557.410160494892
855.1226875803936
2429.339447311959
2466.9205232119866
85969.43344255253
3555.2498506907355
4688.3739964389715
3600.440004719792
1397.8637476036297
2180.7713211480054
2605.6867449883443
4896.381616858259
2534.32543603452
3204.28345088296
6585.53577332393
2964.0484727423523
872.191533572567
2293.3871208757487
3176.5572559668776
2709.676178775572
4679.366946223364
554.4009211324613
5972.273585557958
8266.897062885704
7745.490597611229
713.1499589647299
1756.4014113609342
4115.938161314253
2364.201825911683
3126.7363467884097
3162.70302724122
3682.277995590039
8212.452445052202
4072.968914251229
2449.0038374226656
3684.245832506541
2326.0894635645404
2593.1488704361354
3748.698052355771
8529.968126654165
2730.9301138414057
1964.3260979587133
3010.483933196919
2321.2136942215056
7852.590719229614
4765.613338338801
3118.517951853009
1434.3189887080366
4068.9898013943994
1804.032006446758
3816.373624339808
6019.522811041141
7559.204693910406
3910.1200321303113
3155.510618492238
5717.493550185702
3130.2230587107956
2883.5456490991123
4706.852015187415
1171.5884659196695
2840.633970421767
4477.165030587997
3209.0622705284945
2221.4388777768604
2899.5247802419526
5322.116433896012
23242.594070514675
466.268121787115
2394.079270204995
7685.123412331236
1199.2774500613843
2957.849222440534
2182.429966684665
1431.6408259246143
1927.2017484118
2927.252801057777
4521.058310740886
3566.8632326220004
40874.320400715354
1439.8561845546474
4183.300362528318
4068.997782067206
28528.627891135202
26086.87335605456
2059.3057606150182
544.3410477660404
7133.944083489142
3502.8735372922174
3712.3965811380717
5177.998535168085
4291.873474621911
3857.508324352788
3673.1317219577763
800.0886103776758
2457.738710952284
980.9364830634398
3343.6068889401636
4468.006322281842
4667.15292777839
2931.8844913241796
1584.9952990688407
11350.65250606538
6054.174317712037
1856.5715997445725
1748.0883745506528
1978.59167791927
15003.519047201406
5235.996721016513
401.50074716521436
3147.211954512748
3212.0909157724573
2364.0196334525576
4718.785528068881
889.7585398632489
2005.5026771696523
1223.5191466217589
39678.70306034912
3134.618987947844
5377.538130218528
4385.150865693013
1768.016105378624
182.5629019879366
2347.165367925498
924.188088334256
4294.193894413047
1614.6222127593649
1918.165497185454
4531.369525561165
7543.140015290328
2458.3332932581034
2056.0436853460533
2012.4732519989304
10127.171127402595
2993.997353756091
2950.9153373142376
2095.4074596471637
3059.15743864162
817.6616705670936
4826.911979683034
1719.143407948947
2171.4950691268214
717.2221450643842
3675.9280236148556
3796.905356352716
1455.9740713638373
4478.369147772562
1262.401970739902
2499.8949560933934
1576.1157514011134
95079.97120992554
5963.986006796454
18718.578476634215
4361.838136060413
1581.9949922187645
4186.28555719038
4071.8879263084336
4687.101596206341
4898.067947206648
16085.135667243703
5553.376233617268
21596.637131703133
3584.8377112743824
2394.018826101153
5671.193493673782
1246.568318015031
541.6423544446284
1476.214101836302
5129.349793479816
3815.212349009396
2494.5383586047183
6056.8203633737985
100235.88635015908
3188.9899021730453
1928.4516058704348
3085.673717917071
35404.493162444116
1108.373585463396
3667.3592233309932
2428.945458469282
3586.2569320881344
3089.8871971351396
3838.6191384521635
2906.852069375694
12766.788046374022
1734.5589877387313
4895.295657714593
2434.573957920792
481.0103867883481
3024.7694110765415
2441.189070476191
2937.43662541759
308.88865660514165
3123.3897563549685
1178.837735454072
2020.0659836181042
4280.535043460828
542.4629373159536
2173.9080963165434
4195.00126778707
3079.7352571446763
3855.073879036814
1728.8603605809612
4882.890972787327
1667.8594901108163
4301.55306415048
2395.0464687413996
1389.0042254387824
5673.186905569915
7260.049714051704
2964.881889866904
3137.7710492106216
1640.0335104361764
65514.74110015391
1391.6702549249396
485.40702494157495
17697.210074077553
5119.620866985697
627.0522723210736
11357.272537943463
1734.9725275017008
3160.9132351235035
3274.585651159172
1841.5039885743538
5015.120498877852
4662.793005719542
1851.9633575969208
3283.4641234650894
14256.635218377338
4682.1909450639
4188.960485225477
274.9892937731551
5039.072748330662
3106.5202407347415
6995.800683749005
110764.44592272556
5021.2490789735075
2973.4969293270524
4140.978947205311
4987.880417767091
1743.0077669064976
4178.412856413413
2303.375798649308
2798.023268720152
5034.281964116875
9501.087443547738
2424.2710908387785
5532.363912807146
9430.720674227618
3614.516500576865
2075.178108672945
1492.1193685828584
9219.393158544583
13246.099395390476
1897.844327241206
3579.910895283521
4587.776095621926
7361.096435295706
3901.1384487722617
38261.009464713075
3565.613409805696
4557.539767838391
1093.6510331967481
2336.33058813231
1572.7387852289828
1368.8865872414972
9943.210287342637
1107.3911239331003
4090.8132751800053
2566.9246717516767
3904.0283072386032
4012.0097294109287
401.9477998878052
12061.135913292444
2540.7936306267766
3339.764870616504
11313.470518774417
2760.2635823793157
25212.57532876459
402.51438706794687
813.3542401707585
3434.443461722642
1292.3676857441496
1679.6658710235502
1140.9920505633472
2488.7483571316793
2836.6434618510716
59273.50374134926
17693.98395121294
4190.9605296352465
1285.1429257560121
3767.3497889520568
2878.933141285258
2521.2050366844105
1259.793074755225
1566.1650952611985
3138.6329890452434
6728.651800033355
4964.072575492637
95679.97117522101
1457.9921143179793
4742.060056313895
2314.029845469639
3079.929580084063
1998.4250029562133
6798.113734238479
8248.018252923921
2481.1244967092175
51459.7175145362
2721.0752987293363
4130.279439673171
1769.4399793172972
4230.736343082621
51633.66743657896
15871.408970086304
5144.96172000404
2382.371306603672
1129.241491741351
1656.928799714525
4933.3323678210145
2672.216570832146
2950.4534142082503
3649.5122223591948
3388.2031365281523
5337.839896655543
2965.050005863985
98079.97106754108
377.9374610604406
3523.944940675033
3124.4660799264593
1415.6344883622246
829.4800600509843
1670.3576832308863
2061.636090413223
5936.250998840107
12625.858485819545
1634.0289380246425
2465.2361414579836
1661.7983120456079
4168.425690272235
17170.936336350045
2401.545335414487
3379.816179224788
13099.259419491622
1823.0295697312324
902.6677100089496
2599.5490754511166
14258.955888634928
5469.709442293086
1566.9547758592796
3037.7168547725114
5515.33267468044
360.34624199090155
1718.1372231903617
2780.5522221547044
1203.2224501418461
3143.963476742301
1461.5546268216253
4366.966503367303
1430.434725458662
3467.3438814185497
3659.1574328736656
14593.76609529011
5314.88518662969
14859.066533831477
1564.47399332704
4844.33934191303
5462.680455421823
1802.0118752095584
67401.28471198
2541.2536283919217
4003.412535195771
3271.1194023348653
3430.916705510382
2745.9922553951346
990.1417052224846
4640.337442496893
5512.653149654386
4848.256146677398
203.82683065411868
2894.0314018707345
1461.0762567493541
2704.8928985044827
12241.17521809099
5121.308395789707
2567.237468221284
4701.437584305658
8223.483543152432
80944.19669106776
1079.6658748083298
2379.607255683776
559.8704651935718
974.995482531684
9679.211680093915
3174.1539853380973
3263.6903606558026
1863.8731666796575
5237.943483508212
4034.919002123819
21248.129205818892
13221.494793676156
2942.8537997700596
2722.2571540140275
1138.7359421332028
1073.1580290815943
263.17690056929194
25417.333013883745
801.1879215723869
1529.3498441897216
3136.396555818864
2465.6508859656424
2499.658168548277
1265.6508914596639
1380.114335176547
1157.9466547275565
1746.5866974434753
1458.8951313208147
52904.44210261635
2263.645518042306
9196.577174610124
1416.1600981658382
552.1626007158402
4778.298978879046
7368.369085371393
13537.182503800352
4243.795817048434
2521.4815029774923
4072.399631319824
4034.545920977566
3573.605673797821
1707.5546824139612
1088.8200544412296
3344.3462442401324
3157.4770136293178
4766.601451401897
3412.6600914528826
968.9794752109024
1050.7836507076995
1621.3676062787185
1678.7893937440817
2505.723192835664
5633.332525282165
1803.37759939199
3033.571514556078
2819.8552941595335
967.6403956109815
2527.474576606152
342.8192516764897
3514.130143996947
2579.0770776615263
3900.5171797081484
4843.795816885316
3426.5886178199025
12461.702199583688
1064.0822411366596
1092.393476255721
4934.309423398858
1403.9337005325176
1275.5516976717215
200.81886749725044
766.649292139151
663.6855689393983
1397.220464702429
5530.981767167356
3646.830481687959
5933.929108651857
937.3866914163434
386.9113184507307
1223.771983174626
5724.047386293399
4396.236019308257
3757.012673123139
3251.389880360945
4458.420619008049
1729.8539197233663
1067.185417063546
1769.3218028529827
3104.9085329904037
3878.36916380864
2672.245674854461
3749.440662385816
1841.163487045823
883.7021000769851
1859.3374780022493
2872.9696031105386
2321.4466346111303
8551.314513399608
6152.684388880526
929.3575188873971
2866.1273534392953
219.38585808419208
552.4502764961456
2063.8980270267175
4894.657664074534
2426.2242608499396
1177.861587329268
290.3698631534366
4927.201545001659
3397.9381506131326
3678.9300098324325
2864.49868439458
5233.824346459517
5419.768753669156
2892.062183302747
1189.39704938074
8471.193710413962
5446.7138251582155
2329.7613365233037
