37
294
42
39
37
319
293
377
539
36
330
334
299
517
340
668
383
304
295
283
304
547
339
519
346
36
347
56
295
509
332
303
70
284
61
65
12
334
30
416
527
304
331
316
537
384
335
359
291
320
386
539
538
672
334
374
341
66
51
325
564
540
310
574
516
298
20
301
329
557
516
333
716
382
718
295
298
356
315
693
14
76
310
542
79
308
334
300
347
331
17
304
40
36
378
712
419
322
281
315
662
316
326
61
697
307
360
342
572
571
381
681
518
305
356
417
414
375
390
365
281
43
562
301
326
332
310
67
363
557
787
299
368
290
728
420
32
289
708
543
15
24
341
66
310
337
512
768
300
30
388
10
684
390
388
385
30
385
330
290
27
284
256
393
355
558
361
52
60
29
750
723
389
285
9
35
331
391
317
460
732
512
563
362
302
34
506
319
313
345
696
344
284
9
694
705
547
76
314
68
313
286
508
390
717
385
421
465
524
386
422
674
731
519
666
291
549
55
24
418
289
665
552
482
708
38
658
293
725
511
71
365
390
61
15
756
343
309
505
288
21
760
398
394
518
304
419
507
779
81
323
281
730
56
613
64
455
62
54
587
549
353
345
522
423
560
416
314
51
39
521
530
934
523
520
507
510
22
562
393
61
526
256
323
394
489
730
561
778
41
286
508
399
507
484
850
729
488
33
617
735
483
560
660
364
768
62
462
492
699
333
11
705
287
464
508
779
559
10
382
515
491
325
71
286
62
26
527
501
40
