0.10169874771478611
0.08674279316010602
0.06891376646685224
0.07322983756067286
-0.05300164076550457
-0.07074829103270563
-0.04850746951370019
-0.04869135644135626
-0.058670135432590614
-0.09474112597471546
-0.03913707441070691
-0.046655073824213626
-0.07578865944375467
0.10275342576567018
0.03765772302102597
0.049886076020464395
0.035697481783561386
0.03166671464703089
-0.03277413542146998
0.040476660804073264
-0.03954791107533631
0.04487636187166983
-0.06433171019544362
0.059835624563989845
-0.05970547739912589
0.043971537508165535
-0.04865865208578494
-0.04929402956855248
-0.04640450907348695
0.04223469208678721
-0.04822901268127299
0.05059756895415841
0.04609999859934155
0.06023110403285265
0.035599436790666045
-0.06679753458790968
0.0619565210228538
-0.07495051002804425
0.03730243848868816
0.051401584624271884
0.0447567507592984
0.02682243638324375
0.02311476742212878
-0.0538168138820942
-0.05195900808589333
-0.023546178641566856
0.043801815534742536
0.04397010397212352
0.041170648039063396
-0.05687721524970345
0.04836708146309561
-0.02638690716944319
0.031136194828188458
0.027332642141465135
-0.050272339477511654
-0.05598404762270631
-0.05146364879100982
0.029241495361030417
0.08136761481660355
-0.042939747871862756
0.06654637871905024
0.06895611396872661
0.058859188804254836
0.027667588955890228
0.03705801305139567
-0.029963238655836406
-0.0572191875795297
-0.057237908918324976
-0.03847626853991893
0.04488579266595442
-0.05113931679788084
-0.041058611775704384
-0.06090234839508385
0.04682058951727385
0.08223127846504061
-0.02464611391732357
-0.04026807457401379
-0.07258822616805721
-0.028258799686391115
-0.07641170897378567
-0.024960655328426187
-0.04548033575984175
0.0373248625700483
-0.02740104050205398
0.040001295818765416
-0.019367349175005703
0.07833653902520794
0.05601733007581051
0.02268040991567287
-0.028683070673673452
0.03973833058067597
0.039392650793864684
-0.043061848628111445
0.029370074965192814
-0.023375194303345826
0.04644721883863344
0.057281083151490955
0.020101680683843895
0.024976652829742686
0.04198092692012435
-0.05424612322332285
0.028137949252727737
0.02749173756590526
-0.07107540735764525
-0.04319278759769876
-0.01979127849376406
0.059084714915002765
0.033489301653351525
-0.014219583003471913
0.047210245215434106
-0.020313277152293092
-0.05111020337874152
-0.05848167116553718
-0.01985496516185252
-0.021999250033578232
-0.021855560829441043
0.04713283762778087
-0.025183331581702176
0.03460143830672493
0.03141970926561072
-0.028441812064240984
0.024543358966167196
-0.029905217181748343
-0.01935431429974549
0.03519115396747446
-0.019727248036220016
0.01410460634672398
-0.025192948237524958
0.018709397179485318
0.01828918105208035
0.024982320148573774
-0.036686742077795334
-0.03042571417780947
0.015188797764696308
-0.051194240515295364
-0.016520630713004126
0.01931897272361413
-0.014752933003535267
0.028307053651937416
-0.017460693611319276
-0.04123060892908487
0.04418565324413027
0.015823622848478516
0.024851680253684613
-0.01767108273463822
-0.026675755556883275
-0.018093565374640533
-0.011041803936637246
0.04558194570782071
0.02805412632954845
0.04067616226772704
0.01737325742417651
-0.0512571375841131
-0.00953398847918877
-0.034341057893501614
-0.014104424831783282
0.04933356041390177
0.03981232377633786
0.023365036404327917
-0.028542088515217844
0.021789982807434348
-0.05305931113402705
0.01935407641538328
-0.02468027299758095
0.0374237033533519
0.01816456644034683
0.02989228412359166
0.02997782737836695
0.016843150972550194
-0.016485454124432662
0.018009514457338914
-0.03438066985097879
-0.02462167129168059
-0.06016521723858017
-0.05118268574447659
-0.03504729546982534
-0.018305429078719092
0.008012165530252236
0.03368293668404389
0.0736095092284653
0.06788542867293137
0.02178030277983711
-0.0264678468864334
-0.020460218886556476
0.014078249504990635
-0.02330397261747963
0.018312944831023113
-0.014570152119962708
0.021380730226777906
0.036283083048834645
0.03170538848008241
-0.018664237194803514
0.019699791078008063
0.04613089416919949
0.02269081226074585
0.027965159595684155
-0.014687582555263977
0.014470331887288449
0.009564926530954261
0.016081645997236712
-0.011090468215294125
-0.011175704928624276
0.029576270066102712
0.015198210034664698
0.02027343172827513
0.027895793668141582
-0.010657531845095599
0.01739659075246951
0.012165619774306094
-0.04157757910144419
-0.035394426737351554
0.020781817535475165
-0.035195777490153374
-0.025211365084293436
0.022840154150007477
-0.028257465566645934
-0.04241457444242286
0.024260585076542985
0.049936601054099534
-0.011802554331530745
-0.03473365135982948
0.039303472290898055
-0.02841679587967964
-0.05562415233621635
-0.01531613571603097
0.040693447672639216
-0.021048892820923565
0.013041677002636752
-0.011982928951836091
0.020425300902971403
0.04676630979745179
-0.015669999632501493
0.02842358854701787
-0.016902562823401888
-0.016132311125492047
0.014681895320710531
0.06709828619524213
-0.03632599574501563
0.031111014295054015
0.010248880223072052
-0.011343403413755478
-0.04040735244825684
0.012600954991476192
-0.04918006381402064
0.014787475173973618
-0.09690926881200378
-0.009613112461447108
0.026528755099614006
0.01633511332088281
-0.025074291907530438
0.02693661305719066
-0.016226184414733624
-0.007134352490797708
-0.020172754313849392
-0.02603174679659476
-0.04110940575760624
-0.013641968960808772
-0.013740808207895376
-0.017294131979649394
-0.027885299954162602
0.055665392493338406
-0.03453729414378336
-0.02152958945854568
-0.013265777535089965
-0.051214734930248196
0.0195232071486386
-0.01832850139417368
-0.023286598405159446
-0.024840960290317966
0.014335199022958232
-0.08904329422652595
0.044308050642804714
0.012223305697380882
0.006749158590785367
0.04898775944212391
0.0325705488175505
-0.013565052816770689
0.014271369371960684
-0.018216070472888993
0.023053908290362208
-0.01484955014683221
-0.0353217670490225
-0.021287012821928655
-0.03590990792902345
-0.011240840881376259
-0.013183281138850231
-0.006796258537568118
0.015299140307272573
0.0177295730439842
-0.012686178160412532
-0.022671994816218
-0.052613288583964704
0.028075438368918397
-0.05107106210427405
-0.022551694241716592
0.027008075842231964
0.008032532150566127
-0.00987618628492772
0.02129674982737636
0.008339317201980629
0.017719471290138154
0.059662288737378326
-0.01696353441596023
0.041932156331570686
-0.017750305845241773
0.025483686771768658
-0.00655613718682116
-0.029362716996674042
0.007126142055477575
0.0264236435955318
0.007966532130980074
0.05551065106007718
0.009179606531686408
-0.033453318762982756
0.0452970959115348
-0.011103090372243945
0.03859062232782735
-0.05588410590848259
-0.031483491992400824
0.08261626669643099
0.031531809276423815
0.10016494344102718
0.008618001458992185
0.022192683417553247
-0.028948797337438846
-0.01752270812351542
-0.015547881342769014
-0.01982828997122064
0.027632188825604885
-0.012236451147308322
0.011442966384648633
0.008365424884360017
-0.033976036253373136
0.055826023738825815
0.008325424908091668
0.010464251291909112
-0.02749702176119453
-0.009230034978757472
0.030813029938177344
-0.013201205525643694
0.011173738674181994
0.01952321996815597
-0.018057324269103545
-0.03368388836822725
0.032080517935450074
0.013439993600635419
0.00893034903489081
-0.04625816148929195
0.009320858118548974
-0.006740719846660795
-0.0414719936954283
-0.019574871376978043
0.00544089244030037
0.013076284614055883
0.038451153169686045
-0.023806545012129917
0.04224993266007872
0.02571336020298531
-0.015505546808929804
-0.027170884771644043
0.022701863799110097
0.01627953204695834
-0.029647448686261287
0.01496589243989526
-0.018784655804484282
-0.03573090789356096
0.005048629929820707
-0.008808950306001994
-0.030197890640840257
0.026663838534977752
0.01997035449754782
-0.04522940437020447
0.00892143220985589
0.013764778832039151
-0.030297446453965395
-0.018590904882569537
0.019076579570928624
-0.006411414309308131
0.009763212131142366
0.008223900822793334
0.016212277017209696
0.011192572264324371
-0.008235230487810162
-0.009852268866402987
-0.023490256621252825
-0.07313554865406172
0.04078150227659584
-0.014501265812034194
0.025574761709675504
-0.03231105338553745
0.02062331338595485
-0.019338619480011268
0.013935922476456888
-0.02803335187199252
0.012813965072680226
-0.03080496751482878
0.0072029568697545175
0.029600977938126497
0.007649251167735977
-0.0235703334882291
-0.006244946403746671
-0.02641628916877153
0.013860100521480252
-0.0410297142105957
0.07917842018924366
0.009557487739286507
-0.04155572270347493
0.026360829602217136
0.02818619509219323
-0.010789067123132934
-0.03052240417659439
0.05426374891443962
-0.03843928727279792
0.03801003135046176
-0.0038769722856729404
0.00622519406254554
-0.030926170247725412
0.014424292222047198
0.0553608250102202
0.00887796575033978
0.003385024217081295
0.03600337724062213
0.011251529730396524
-0.02182231204040598
-0.03186182241129741
0.013906388093826412
0.029073108284647802
-0.008483974491659683
0.021620206514089486
0.017388439617070754
0.016866695879268468
0.019246406981624446
0.03034454132860055
0.007998175827472122
-0.019468956767794438
-0.011482305586342082
0.008820522140697503
0.01599657271668993
-0.008078880575228447
-0.022025475147095037
0.012484323061112353
0.006339573384505994
0.00807394417057199
-0.015325645812656904
0.010653217377177424
0.015981732785577067
0.009396807343067129
-0.05363651727697706
0.010225326668926272
0.005433961923303206
-0.0470625500433609
-0.015039056486778925
0.032417804733771434
0.028186037439924733
-0.016724775494235785
-0.010572188318845672
-0.011489648190855557
-0.011185422319154628
-0.016572458808622067
-0.01009973726368355
0.03813101709615141
0.0462502817252741
0.012754861605205017
-0.0225602536444476
-0.04402686687788204
-0.025627378860654568
-0.0079473832952548
-0.04816945403212116
-0.005157682257782869
0.006363040462661519
0.005658826127068292
-0.016023437891737765
-0.012939882535941093
0.00659001978729472
0.04504169188604733
0.016825099736753873
0.056267508949559814
-0.042986467799665244
-0.014264250180907195
-0.010030315567805894
0.04066169509468593
-0.03330165247051217
0.014623384418849597
0.0068529252710934786
-0.01841303230591429
0.008999941926363757
0.028222535600148778
0.015863497946445804
-0.02071697813013591
0.012263530303420405
0.018419450400676916
-0.009039616312615023
0.037341456325380024
-0.04453362736072904
-0.03697978005950888
0.0025802627984299713
-0.024235120922563674
-0.004346911233903065
-0.02043741335670373
0.01568279465114144
-0.021508530972300325
0.015590949581042431
-0.046437422364904835
-0.023073208591856922
-0.00813866338623949
0.024275996905528556
-0.0072786516919450565
-0.0044505466297848646
-0.01405046059633022
-0.006114273378547133
0.005431025877445727
-0.03962376181386735
0.0051294526632351765
0.006292917680658093
0.04332225944831426
0.07291846156459032
-0.007593986702163452
0.005197754905371737
0.0747746889919353
0.05648812723382898
0.019128251901475022
-0.01192490561792251
-0.01646520387263628
-0.025971133830425774
-0.005714955830717763
0.014719801299000055
-0.032988182774634264
-0.004499233714335976
0.006213023699256048
-0.04025532771031246
0.006136149912731931
0.012452237202630709
-0.04147435767032615
0.00792826404446646
-0.05386627188255442
-0.020974238954665755
0.012532570569222518
0.01634116059748935
0.025174501169711063
0.008574968062304747
-0.0077247021243348046
0.008187719856503371
-0.003808026819353867
0.0997075796106732
-0.006688877672479032
-0.02668438744004858
0.004617125461222893
0.001422590450155593
0.0041082142589812555
0.027077214611477936
0.011960157761625555
-0.0393040629219134
-0.009763263954083806
-9.918237347123361E-5
-0.030683640633235157
-0.008437612602266713
0.00815909464008982
-0.004166951016635987
0.003404634205646767
-0.01038422244278513
0.037972161299122544
-0.03316513120136292
0.028781552571336404
0.005681431919871192
0.026330826185914806
0.020039649593591065
0.013077047859767377
0.04732703987062617
-0.029400604697530086
0.006327498226975278
-0.014691383682885065
0.06689006373658407
-0.005527630359264653
0.01292825468155678
-0.007042307581524194
-0.0036248865051158805
-0.004898520945183134
0.0023435375648671953
-0.0026002544261124294
-0.01880189839018845
-0.006876842904798168
0.01620127714264047
-0.015085047280576573
0.01687088222780666
-0.014694604951967382
-0.019228512690407217
0.014906091535649677
0.025823488113815726
-0.02312753466161125
-0.018770883222389168
0.04689804703484216
-0.016366366069187482
-0.007239913754297244
-0.015574570582144795
0.05934242039783259
0.043577339437322365
0.0254766049825487
0.0071249896394340335
0.004044055512900981
-0.00928235871064555
-0.02761759549061119
-0.01978410998904123
0.005145564645301596
0.008292270530795627
-0.008187648897028752
0.012948797845245202
-0.006607234870558428
0.005198927878894284
-0.043492316598767206
-0.005027207753190142
-0.011472099586784678
0.018249103521434513
0.057124146479521624
0.011805154466940075
0.013911227029719612
-0.042953095595767134
0.05225621381502716
0.006687552581213481
-0.005278904678926824
0.0577457951236403
-0.032009307524104004
0.003167820715219755
-0.008969053904941116
-0.0062706892728107
0.009610247252973183
-0.0035245655358516377
-0.12819638858035756
0.03408742428829703
0.01750803866143297
0.0036395983646964683
-0.006085136778511269
-0.005615597588382147
0.003284747189185753
-0.0018763981956893346
-0.00224513928639843
-0.0058068180994870515
0.05313861449287753
0.034355805613896166
-0.011801064260007274
0.0060162037379749254
-0.003795266721508383
0.025075547553526402
-0.00818825407811136
-0.02446119259933412
0.016085042071390148
0.008236701895163612
-8.578831796168219E-4
0.028210883432765354
-0.011436191744769517
-0.004707076401088299
0.020217933741780693
-0.005879087622137212
-0.0054407600822792565
0.04649391209308694
-0.023841006812463976
0.02910094162751022
-0.006657632803228826
-0.04023045950466788
-0.02265953156431322
-0.008583007996472382
0.0024880395341933697
0.01679957676420602
-0.013529678358209092
-0.0064363080335403085
0.009844544440841754
-0.01906130817370338
-0.01613363060796
0.006208110646546552
-0.01899379513152915
0.0041200312890382245
0.006813575118951011
0.02453262299937566
-0.0469402608375798
0.023773690399148895
0.007484003161888898
0.02472530524057436
0.0011701433889900672
0.04782811090401477
-0.04231206476620987
0.0133581787961795
-0.02675422634245639
-0.005394899929048546
-0.007772557297598645
0.0054225520105916115
-0.004448763598442459
0.005326424048923995
0.01758119294336566
-0.03691360075470865
0.010913876177174972
-0.0071802962839796446
-0.06091339669834495
-0.0019104146938956049
0.012925497469956623
0.025300288174724676
-0.029557338193125404
-0.0019342646727645602
0.042987281722602966
0.017632908483534267
0.02303089745760802
0.0028030336027264954
0.018290802826269874
0.008939226021057114
-0.012398071018905173
0.041732382561750735
0.006857497243964944
0.026221264224006755
0.013244311586612403
0.0024935458953829937
0.04544949412488766
-7.656013128785952E-4
-0.009753619910704347
0.014188969242253071
0.017289958631496405
0.03898968580712589
-0.0011663341525917075
-0.006518892672910349
-0.005872061817224234
0.030207532188459764
-0.017608668256324615
-0.004138587588707543
0.0204091082020779
0.008496132848824079
0.028733848618247154
-0.02325708027135305
-0.0025553839409234768
-0.0012222848422907288
-0.007600538690495447
-0.013612441134666194
-0.019416585791486092
-0.01705188358866186
0.023872193108923283
0.0031389336139238805
-0.0139433402095767
0.00650005253377879
0.0034150507279350887
0.03880086307892806
-0.009871788436731749
-0.00785903757051975
0.014232953343189202
-0.003964186625409565
0.004194095489499249
-0.01166337420599136
-0.04234818362370541
0.03598446429792493
0.03048061424687208
0.007999826053268292
-0.006529002998105062
-0.048607078854503785
-0.019079149862750378
0.014646670561692686
0.018503922632717464
0.011684315763230849
-0.0046949125116451116
0.044211819908549846
0.010588102670695333
-0.01427133069976001
-0.0022529770576565225
0.034365450370502516
-0.012392757222018358
-0.025921157328460395
0.016023195603270812
-0.029573152435237112
0.03328877162532024
0.05825921149934651
-0.002964730724699531
-0.04220464232966605
-0.00825971472778769
-0.025283492177049574
-0.02178115406614185
-0.004125073471615893
0.005389899522580047
0.0680785915359942
0.019289401846308677
0.019456639365796148
-0.03270720006627955
0.004526299395260981
-0.053129543037219236
0.035493904007672036
0.012328356418666933
-0.0030896118411860426
0.005703651690733713
0.055398194982075426
-0.006750492147271152
-0.013074399479448986
-0.041431689570357706
0.016057010254782244
-0.008774507997734328
-0.005347068128923368
-0.005171775456740912
0.0100475578168508
-0.009961893133044849
0.02359415950633116
0.0049546782075135555
0.018839609026394134
-0.00626710292354823
-0.016732831900346416
-0.06692196855999817
0.045294474019969985
-0.009837089602455565
0.011645550469798543
-0.016588533095274728
-0.035418642049191595
0.037731294060861204
-6.614450497146878E-4
0.0423509561970326
0.0038942223008168473
-0.009562298072464179
-0.004069290305853799
0.01602007205706983
-0.009016440400979016
0.0032040530346552063
-0.02233312106543249
0.0025640517882329233
0.03216365671370063
0.014857187585634526
0.034452969747201564
0.012491098121815683
-0.005957257534634791
-0.002120227631367802
-0.013922547298708945
0.019904149853213666
-0.012731002243867433
-0.0016051676083377695
0.003650956688799565
-0.0025275051885829502
0.007338803165873962
-0.014316188714866823
-0.012585713002212623
0.0631616923165665
0.014937642829949162
-0.010668462548485193
-0.008166229553088537
-0.032956893085321605
0.0038071354857211895
-0.010059246581240713
-0.023403611957893353
0.012351797711287839
0.004137864257842313
0.03401871487511503
-0.019403045152003508
-0.0021986973597194898
-0.002958098592347606
-0.0034458928238751295
-0.015332157169241765
0.021205513961845918
0.009659122382873702
0.004665699675558652
0.022883503260702705
-0.0020199771384800526
0.02249396302059172
2.52373934012916E-4
-0.007496476305841141
0.01466087602964163
0.0032498654177933145
-0.003456333798534312
0.008644705635291242
0.016234883462546982
-0.0014806886262149267
0.027696430708560274
0.027967382924830954
0.012366071205296938
0.02877826444445675
0.0016400883312339258
-0.021627486291918872
0.016046436395920977
-0.0044751270870925465
-0.015196997032026514
-0.0018055378511155525
0.030905883770906997
-0.006083517639258018
0.012388360481705595
7.460439859987446E-4
-0.03240699355231564
0.007623715581029308
0.006397617423870339
-0.005631123542922339
0.004678350423453169
-6.240863759776011E-4
0.02423210952457474
0.00158907337789981
-0.005996744612213916
-0.012662642036802807
0.001238080828884869
0.008182420408147695
-0.002122419472444044
-0.0017098523144746692
0.0035962682141152547
0.0020683309278825314
0.009937708592203758
-0.015503518885484216
-0.0042795533801862915
6.431869427807007E-4
-5.782056318688066E-4
-0.01643268585983764
-8.568886765723141E-4
0.011786803074558582
1.7906923452982272E-4
-0.0028282299184196683
-0.0039923609499565756
5.57533942723026E-4
0.012288822149482891
0.002899276276502302
-0.05490866176137294
-6.123286391070597E-4
0.009824436129250862
-0.007074222593619108
0.016122471187524162
0.004195085145666151
0.0017364919078467368
-0.004714342389085487
-0.005249109769516202
-0.010607755104142155
0.0037976859005866195
1.1054180148126132E-4
-7.800628176922312E-4
0.0020144695712791764
-6.635260571060648E-4
0.005460623309104653
0.006376369140294979
-0.001609760273751258
-0.0028306876890764263
-0.002559392424908849
-0.0015776673434191558
0.007338057108285133
-0.0030565188437286354
0.01138150960594546
0.0039689680950484255
0.007677716626070972
5.290569366248454E-4
0.0018162050251380494
-0.004454747431116642
-0.0038773633677743084
0.008046664480732197
0.00499866767018709
-7.922323644371992E-4
0.012961296363278951
-0.001917466308626339
0.0032460512242030214
0.0027765345044981397
0.005844122811989102
