21841.364172498226
23230.780286557052
35737.06476920737
18908.20507243132
15510.001714234608
6759.507528495437
13048.45645264992
20265.1138877513
29801.89222812067
17982.147871544013
7069.034596053074
17446.134420472798
39471.95400404571
11875.304159720816
17697.422576722776
36337.06379885986
45202.896148823005
15364.166956185281
13710.026737608543
23092.19787485816
10581.844329101765
7669.034315768566
16759.53709805867
40071.95300238567
17359.536387970198
7394.561089117964
4577.627084561041
10842.372012204256
10844.354734908427
10495.486564480903
9702.103089465989
15426.632452343534
4769.707609581538
14127.628899300757
16860.02945593604
20593.583047238673
12035.67022560182
13755.844484093548
9747.9339008645
4566.870811123987
3328.978268786165
20802.744878260535
9011.478222936375
25601.8636570317
6204.625762880693
45340.92684950524
5667.484286504614
6054.1723907043115
19993.58390189188
8500.200743721269
8432.497296552066
13808.7133703565
5745.561365541774
12645.117769392878
31895.9763267395
27165.91863538262
26663.770678818797
28327.544360918604
5109.7216400694015
8632.150815427392
4229.786958609648
35137.06594909264
25387.61750314145
7359.507317239036
18448.335598234808
7674.962885419578
46685.37583232849
20806.66666390213
31160.572860209315
58505.479163173695
12082.83620738054
37607.60122872072
61423.230708661715
13021.596677048477
51117.89090208278
28350.754921374
5423.020524483448
46540.9253362472
11737.24439339468
17204.455663749417
15233.296309290545
16604.45640688992
12295.38227819786
15632.395284125982
32425.086730064435
5369.707512425679
3788.7713110742866
41143.79826732791
13373.178446788055
11851.137454479827
25383.587004319954
3526.033205827053
30560.57373986099
14493.870600110444
5234.743495403187
3544.048872605716
2515.3773410787667
3625.3090884099165
13185.469303198865
5021.98602623824
13673.83924478116
15030.413520503644
2170.072439697793
3481.366114767955
11797.512551785872
11481.555784134649
28937.764902751533
3802.9080376975353
10495.968202896325
20552.675589566865
40912.36468767261
2527.8812683185674
2170.635710026931
11512.856469908389
33600.38867392669
9439.37903449852
18562.325987069085
3956.313755912004
70521.96811358965
27263.769414556573
60223.23192978851
3941.1964984077745
14021.44769521035
10347.933597504161
17858.933472944256
5514.848554410499
25001.86483362986
23106.926185198365
25330.512288265483
3878.664727275389
37344.08670977897
22454.41428780208
3352.9157512400716
8220.318474625687
44740.927857422634
10297.463865452784
42609.306337673836
8122.709701697312
2732.273629102429
8608.249986857909
14430.41399896534
3873.270944773686
3966.8709128407672
5030.672061729849
3960.088460321689
66323.21399542331
8023.476876262991
16094.254507247531
12305.83864632252
27073.442043862426
9855.607209799768
4732.448677121156
4776.55142344079
5431.95868633037
32495.97551923423
10897.463464232178
6003.927793024542
6804.625615999422
13035.466167647211
6189.080897800671
2203.8868194840857
68121.97040426795
19606.667878872857
17504.60361760381
8811.233017671717
4462.842164642709
20206.66721980149
15030.399137375709
3116.838351608005
4724.892078667234
6020.981515891347
6386.474560152128
11174.348553357877
16099.706853685095
6048.063949240833
18148.69867540292
51257.941150482795
69921.96866879048
6317.11021745401
41743.79730758281
2172.751323062682
6773.370970558997
63707.954431393904
50099.883948055816
4528.978044333432
4580.566866227068
78432.60407740842
3612.821669022387
17543.288099240992
9998.594128105422
4989.692655139284
27750.75540212489
2209.537233356543
13889.111528065025
50654.52526624611
3260.531096991491
7481.68822569597
3569.7078212881274
5022.498042975831
2978.948515478985
11768.443139090241
9499.124879292673
8491.483151202854
5865.326541134174
33000.389585821475
62023.230315079854
13994.413687624809
33025.08589699997
33012.82255544325
2714.1585328176625
17523.559941768366
18212.417322120462
9811.68389546192
4853.2579043831765
4134.174036127087
59023.233026395166
14644.083626979385
10711.156599104466
2176.7291214369634
17897.393645915443
3603.5533379279595
13740.304749099252
5340.434417947009
78407.8288404595
5624.673946591907
3132.7935281246946
5472.864385652872
14540.692303611131
14390.505587297042
41409.30724840422
31825.088003956083
6957.583855475711
8188.730142952696
13384.959455021884
11311.156433841314
11304.336357637378
13007.15564791482
2521.907356055704
2219.0754907491787
3444.373776104643
4550.190639905444
3309.721965995983
77832.60439143614
9135.672197764472
15413.448587988934
4921.127241339967
3281.321297938658
75432.60555543132
2166.12437766978
2516.838408878831
4212.8214567739005
4516.331805408117
5169.058491730309
7061.638986847732
24992.6474679507
49499.88425383512
6895.793637120415
17181.911594917085
7189.475245514384
1935.511611817368
3479.9967887975163
6486.640322441105
9611.478010468603
4812.779033091359
13699.05408505702
3732.23326107981
37944.08595649195
3371.365679705298
4526.8302981769075
13338.296253180348
45940.9258807298
12179.150670904826
9615.472289765145
7253.112356960926
8268.529765147034
3571.611347774293
10253.32840435235
7696.4940712924545
60402.12991676666
77207.82973641435
4969.708301465304
3865.0696466918967
7310.568764404811
4509.721724239862
3802.3836536037365
53057.93928636363
8366.072973370303
14582.388556728767
16581.911834572296
71121.9677361403
46085.37653678596
4996.527385693854
5177.627029034629
5622.563570678677
7244.683473384813
12473.64735666964
8432.142157461707
13639.921210016842
39744.08421454774
8167.448822361093
77807.82933820282
21241.365215404974
17962.32636365211
17853.99504787631
3197.257013670563
6696.322356536125
41512.36375906738
7187.847174835655
1950.597634514196
3972.0971572354665
20865.113393701522
3351.251024902421
50517.89144763347
2809.537185635483
11448.14153417908
3145.463028951268
4736.515023008994
19319.05374165399
12420.46106693027
9672.640205016336
32900.0464300776
2439.7488131470673
3950.1908941141774
1350.59771954936
61782.8528795155
2497.8979356531117
19791.014205934796
10512.234357563277
3534.1855005161697
15032.396013360276
4125.294904631645
2772.7512943489105
38871.955027959244
22785.20998094858
19508.204124857824
1915.377438443721
38332.23122099281
84535.94517874104
17689.466731393295
7985.258286422229
11166.341457588389
3980.566963445708
59105.478636538006
63936.882073644956
11904.336096129384
7382.371397521897
7269.878210278232
6898.119749866695
3206.3984914706666
64182.85153793892
6573.418603321351
5150.190505079815
41820.89332736513
3404.9246532758234
5632.269996767702
3435.877968287167
10111.156884646483
11491.78255983741
3288.342141253652
3328.1099936549736
3574.410194170419
3872.2925948101233
4555.41918265825
51299.88323108524
6620.981446549135
12589.08574622424
6927.351689818213
53099.882504080466
6053.631554095
5174.9043528151815
119566.44971814782
6845.953980520847
7251.646247506694
23054.41395687285
3374.1302197438654
13190.50646157981
79032.60380037871
17362.326699509053
12672.743240700018
8050.545143706588
26583.586083110655
52457.93954821478
29201.893529348188
4789.649992070816
8290.238811966292
14611.493287544386
59802.13040659818
26536.259467588687
10834.618686062275
7038.773799894661
6923.734461343927
13673.014184212054
49586.40608884012
3317.961659886023
15012.557651231147
30339.39648902832
6660.017643642732
3261.0151133844256
3257.2948612700643
5126.830150423828
31760.57262146369
3006.8017992801833
6924.013043347997
6949.35877368936
3273.271096160241
5287.807729755912
8139.356973731568
86335.94421330167
3860.5309692075775
25936.25980930711
80232.60343564909
3463.6181420344424
69321.96930823682
3594.2638324949107
47786.406651605015
4295.378453291965
1327.266398038624
2776.729096225933
7088.008438927314
25592.647309672524
11583.383287633618
6517.953802553633
14090.097840636035
3312.072524024568
21685.505270194768
3327.3373547340398
7952.424970314757
33612.82225789975
42420.89285315029
33500.046073499
5142.418286934378
51804.93806571363
5041.31461352401
5129.866039347463
5021.285464500761
7249.400757445613
1927.2185248013363
17063.815083822403
5407.971091363568
7266.890114953699
118966.45001514466
26739.39747916526
4719.3338732188195
5138.860337360718
3595.570020449805
7011.772949623337
4611.790140387819
38417.686222301454
4059.53944976685
7181.350182428702
3745.462986332705
3515.007484268089
7188.469664434861
7372.370538089878
106070.21043493223
37084.32483593839
9077.769698576336
18375.171508370946
13806.435771055683
66336.88099127423
7062.01639447513
52499.88265027631
6148.987413888718
8364.323978342118
20519.053172043277
4260.662668120373
13607.155404168221
7690.229739795541
5966.85871333251
5034.852771987434
5626.928615820536
10173.75339224959
10380.011797818686
8581.467413499027
1538.6011936461384
16230.413009258067
5304.391640646659
3505.2524663215363
12550.8081064775
3261.849596361252
86265.76016924367
5934.173609944699
71721.9675984478
16868.69952471635
24022.50033306607
49917.89186836341
26422.498779744066
13104.335814893999
1927.8813585016671
2993.449326948393
118366.45028766202
8133.095961663172
5487.297885016118
3548.0486396228403
59202.13112433937
6915.31452144707
1538.6701083115609
5425.308877937849
71063.1181099848
8456.949586690705
6058.678399268722
3640.9394876184742
248.70141189300367
74622.10410591948
18946.608922971962
37817.68639071441
615.2645675474357
12691.827513528115
4004.924624425238
26192.64725325536
4647.264205045138
23706.925557647482
6613.3338172251615
344.6232988634931
117766.45051524953
63582.851717905934
8210.868622693662
35631.11570026705
3513.9262424085255
7119.479909612826
23692.197412068486
3124.671534938168
16110.001653931693
3926.830530233477
308.9059561367028
45805.50566627969
15398.874128721398
13861.702114317924
582.4352453471639
82735.94660768748
29426.82127036667
9470.83700368869
14486.426871093612
7290.688500922792
71663.11779005772
212.54940194638178
1948.1558835258177
14125.815922764783
53699.882484412876
1306.4415544055062
222.02136029029717
50496.65022385142
42312.412497670186
3697.836805959091
2496.2985261302324
2568.897974355723
12268.53690927859
6587.540131378268
267.7854497510193
6788.591213873381
8650.66122890502
2693.7300657915616
30544.85179471896
22324.675176744262
18068.699257088996
21065.010121393967
68721.96992214285
1921.907450259044
8529.276875139654
6583.847001290075
