611
723
762
613
710
668
777
755
668
780
756
722
768
657
660
892
710
610
671
727
610
612
658
769
764
682
776
668
676
718
679
782
680
893
317
664
722
826
739
750
671
708
671
311
665
724
736
714
774
729
675
663
898
752
778
712
319
657
738
340
729
818
893
777
656
774
728
718
614
318
355
825
318
766
383
656
344
666
904
381
667
690
764
894
321
382
842
673
758
757
729
773
316
762
659
658
720
364
721
337
642
775
652
716
710
320
899
518
721
754
330
671
645
763
789
670
677
376
655
561
699
720
669
786
314
309
307
503
732
380
715
665
652
779
654
898
662
300
714
739
370
735
648
720
827
735
896
309
777
334
603
312
320
333
669
734
717
533
727
730
673
665
742
374
679
313
790
332
781
700
306
778
557
607
308
684
353
670
674
288
644
663
782
294
779
515
613
736
653
315
775
897
678
765
315
678
775
306
775
841
661
660
613
509
680
685
310
701
329
817
323
605
731
897
552
351
661
679
607
733
733
299
647
782
702
719
382
788
756
316
771
723
780
553
708
330
535
314
722
334
905
667
776
707
762
337
741
526
691
535
743
918
355
366
543
603
568
538
550
931
314
686
283
785
613
312
362
776
778
339
763
542
913
848
333
960
823
412
720
718
506
320
683
296
354
685
321
673
928
552
820
536
795
698
789
847
610
562
913
914
357
740
309
752
527
709
659
352
358
608
358
755
306
345
670
336
881
730
321
526
514
695
767
965
287
947
773
668
747
656
331
793
903
683
791
894
333
735
837
342
538
517
664
261
788
817
686
605
749
726
614
824
919
763
663
284
838
347
794
839
731
596
514
779
350
986
814
672
777
796
318
728
680
353
790
338
788
906
971
331
331
752
663
793
317
931
734
920
912
748
358
340
545
276
690
292
819
300
908
368
724
695
666
353
721
883
732
614
779
530
528
772
781
758
977
783
656
361
923
773
384
882
349
612
742
554
892
954
795
784
345
506
371
989
516
912
785
779
866
326
905
304
783
703
843
675
512
696
723
297
793
901
785
688
867
601
612
732
915
900
771
325
536
773
657
517
724
547
505
720
313
829
303
985
955
652
343
669
987
920
758
886
901
711
611
909
925
504
534
524
831
541
835
930
747
966
688
796
393
319
274
865
887
310
561
708
703
909
375
283
834
787
848
731
290
762
883
956
706
737
325
545
916
788
874
790
774
777
655
839
614
519
744
549
783
844
970
902
317
979
284
514
550
689
771
565
551
566
697
539
879
341
706
682
597
691
972
848
283
956
554
714
847
769
927
715
841
905
928
310
830
658
865
334
841
786
311
567
784
762
819
501
778
614
705
606
858
959
611
741
372
964
867
702
507
723
966
777
886
844
