294
288
1
337
1
3
352
289
315
2
23
2
3
350
314
337
316
4
317
302
287
64
23
316
35
314
59
318
290
1
18
32
11
34
29
312
4
349
291
51
329
0
1
10
0
66
24
30
300
0
10
347
309
1
2
52
316
303
302
4
1
29
3
0
307
320
331
17
329
301
348
309
4
325
298
10
290
323
295
40
4
47
76
315
319
318
304
314
1
0
67
36
317
23
45
43
346
29
2
374
314
19
34
31
526
39
320
44
10
376
316
296
43
347
40
0
381
15
352
3
332
375
2
0
30
324
9
0
336
1
4
49
28
2
306
318
719
316
31
11
334
286
391
10
32
348
294
305
298
1
32
346
4
2
315
320
351
315
11
32
311
309
299
315
41
54
1
23
295
313
40
329
383
38
37
31
527
351
319
288
294
2
317
24
29
348
328
8
50
391
60
347
29
290
4
339
304
334
8
82
378
548
18
289
297
2
48
301
275
1
349
15
344
301
288
340
293
314
321
43
1
301
359
1
338
1
282
329
67
39
320
277
21
289
334
336
301
62
46
274
40
80
721
20
560
354
262
272
66
389
55
0
1
19
26
338
26
58
274
774
84
71
10
13
50
47
335
283
45
372
290
335
276
33
304
555
542
350
11
374
47
304
240
544
300
49
54
261
349
34
76
57
536
295
3
339
284
333
240
239
28
5
538
1
721
387
75
28
16
55
39
373
1
41
318
813
225
275
38
261
234
245
4
262
246
330
816
50
237
67
384
1
262
239
7
54
49
285
39
11
339
228
236
365
756
388
74
716
261
31
336
250
235
258
217
234
2
0
274
275
554
218
38
18
518
28
42
273
239
38
332
312
35
284
56
261
9
48
375
557
1
0
2
278
67
314
68
542
31
767
218
27
25
55
1
4
23
243
68
249
305
275
552
81
272
263
387
259
233
248
247
256
236
417
389
227
259
1
52
757
249
277
217
29
257
283
35
53
50
283
786
346
227
226
770
23
339
263
390
42
277
25
340
261
260
774
238
342
5
313
