0
0
0
2
0
1
0
4
1
3
1
1
3
3
4
2
10
11
4
4
0
0
1
1
9
2
1
8
4
2
1
1
2
9
11
373
5
3
8
2
0
1
4
6
2
1
1
0
2
40
4
1
4
1
6
11
349
11
2
15
3
1
10
3
1
9
12
3
10
17
11
4
3
6
2
8
18
0
260
8
2
1
5
333
260
12
504
4
3
2
1
2
348
353
4
7
7
3
14
12
20
350
5
3
15
312
337
3
334
16
1
0
319
5
9
260
0
18
371
1
8
3
315
2
0
374
5
2
4
1
305
21
16
11
0
2
4
4
372
0
1
14
7
1
0
14
5
46
0
11
331
40
334
5
333
349
10
2
3
9
3
336
2
305
6
1
293
3
10
13
19
3
0
332
12
3
320
29
0
1
5
348
48
327
10
3
9
307
11
2
0
9
8
13
2
291
26
5
355
387
36
0
289
335
322
0
553
333
6
333
313
37
1
7
308
315
2
340
2
2
7
7
0
375
7
541
537
383
10
510
290
1
368
314
351
29
1
7
49
1
0
10
3
54
1
259
5
2
21
363
20
13
0
23
332
11
541
20
2
7
27
37
341
7
540
259
321
292
0
28
41
33
33
9
17
313
4
2
369
0
0
0
1
53
345
4
387
8
320
373
6
7
1
346
29
16
21
288
337
0
331
3
523
31
295
350
3
309
6
1
2
8
43
2
63
5
318
559
7
559
42
2
17
4
5
22
2
323
54
52
4
1
294
0
39
369
319
314
24
338
52
316
38
505
1
2
7
539
62
26
375
1
316
36
4
550
0
356
33
315
58
356
38
1
25
56
2
8
12
506
360
315
9
4
364
30
328
0
218
24
20
306
23
3
309
21
15
14
357
2
1
389
393
23
23
338
5
315
311
370
316
365
0
5
261
1
286
10
0
526
350
1
10
316
216
12
0
1
1
218
378
53
24
2
4
1
0
0
19
49
387
293
1
0
5
218
20
286
61
323
19
330
0
218
1
9
4
53
8
5
55
392
34
312
294
503
13
332
3
291
391
1
36
44
30
63
9
325
391
6
312
0
5
27
0
50
215
540
46
0
312
318
353
26
66
7
317
319
43
39
304
385
354
26
311
9
347
342
2
0
17
5
9
1
359
544
386
23
2
349
70
0
351
18
320
11
386
3
2
1
350
2
32
68
42
317
51
10
375
260
318
2
41
348
8
23
504
196
356
351
512
5
295
46
1
4
520
335
26
374
524
382
0
355
390
35
388
62
40
306
506
4
3
317
326
64
390
76
538
234
27
4
50
1
4
295
43
33
43
385
5
37
507
11
261
502
316
389
557
3
58
311
510
11
43
214
17
239
3
14
6
14
374
292
507
349
53
3
28
10
5
319
25
261
236
40
238
542
312
16
55
54
0
335
360
20
539
44
3
306
62
306
305
261
68
3
311
310
351
47
320
75
386
501
259
3
6
367
213
553
217
4
306
299
520
378
13
510
317
289
369
30
341
10
387
12
7
25
350
359
3
11
47
535
353
46
302
396
318
26
7
388
25
508
381
535
37
339
347
3
374
60
274
0
293
527
60
291
312
43
291
289
397
196
69
331
234
48
395
260
72
12
0
3
505
1
236
55
1
71
335
67
366
46
41
53
546
329
539
6
46
32
233
27
391
1
254
39
54
22
337
287
535
52
61
21
344
13
288
322
4
563
549
287
287
5
3
336
71
321
542
316
234
523
315
196
4
216
2
509
452
377
213
197
506
412
537
332
21
0
1
284
238
389
345
9
553
66
312
389
71
6
10
504
300
14
327
615
437
216
328
393
376
15
4
373
217
530
423
307
504
259
434
290
520
49
330
217
214
57
3
240
352
333
239
568
39
76
55
28
509
4
47
18
0
511
0
197
528
195
379
353
310
7
1
332
315
386
6
9
539
355
505
42
233
501
392
57
2
3
32
373
507
323
177
236
293
393
292
500
394
579
195
62
453
146
68
362
382
3
