2827.3913999389574
3422.1348932569886
4016.774192767533
4096.808915062595
2247.779674319076
2533.340203138377
3728.142682266365
5159.251664496462
2521.647796727933
3829.3049818907075
3920.9484990187793
2462.6979454207794
3329.6538578220425
1662.132946048218
3815.1177408138697
5158.142352951185
3403.141189150567
83471.1325953253
5511.266038265585
2794.2407609493134
3496.808940586529
4510.983038536228
3482.712637723723
6018.572640340983
4821.761932252659
4104.990374556431
1352.0922864198476
4429.956490060575
2729.653870856596
5556.249655997838
3071.5874733129713
1940.1081537295465
3823.234450788652
3975.873288893421
3064.813527108521
3987.4259043014167
3672.1493720196713
5656.860278349475
5110.983029359447
3815.0871781419987
2796.4811414276073
2882.71264836981
1696.374918666344
1962.0518609533588
3112.563704517567
5877.193692384232
5662.732051277356
3731.1349571390465
1889.9816477721636
1347.0964079501034
4826.110001230924
3884.484024141807
3955.2659510373037
4589.77627907917
3411.4738549179337
3539.9491610860036
3259.3098643454027
4328.142665427008
4217.298343646118
3917.0951331124797
3088.1022110729336
5375.012452725151
3880.666923905527
82871.13263164408
2819.4249203680006
5881.150385740092
4226.482793063451
4240.434100106876
3986.296432290399
2827.129174515742
3215.1229863271024
3761.633098736114
2262.132929258127
4202.441415900126
5897.116243675452
5893.788385594031
1333.3402454917466
2775.8733142574292
1655.8172141506868
4244.291278808742
1387.9732928870008
3819.2290588739315
1652.9216692685002
797.6874106956931
5368.024142762201
2610.835527456571
2163.2328046971634
3982.8675311889833
4817.298330577681
2643.274997923948
1415.087202776
1419.8903420060026
2854.9362372899254
5250.087346977797
3696.7484133521034
3830.296310720963
4056.974699868897
5558.057777644186
2487.670017760625
4096.267156152593
4429.939403925905
5660.5202435566
1691.0983883029814
3860.5202612988437
84071.13256922869
5860.664855796527
2809.37299894574
2494.971930930152
4430.188320903842
3812.5793190064164
3801.4878760701868
4398.9548914698
1685.3731530922744
619.9133019908354
2545.964850498612
3908.1903185537217
3866.6516179388636
3066.146335372462
5097.21155410899
2678.5939201896203
3449.782654183636
2582.975132052156
1115.7735184264307
1945.9648680825017
3599.4756837365317
1868.554729796589
4622.134875543552
4774.43970382898
4247.135895387097
2595.9020495718373
888.7119424851761
1879.1451557840364
4100.64328676038
2177.256098285777
4415.117732331367
4616.774190238382
3726.820906882256
1651.8237138654683
3328.695749280787
2844.2299589131567
5646.345725928005
1963.2926819154561
3641.3925102262942
5693.684702012696
1689.0588221532828
4707.130889568497
2086.4260052979294
4022.1348785210334
3215.087190908072
4709.240595963242
3304.9457079343674
4463.782739873174
5063.782734086142
5022.519430516544
4460.520254153431
4397.789535079721
5165.333702430423
4108.95935190908
4111.03834527365
2840.754561092877
3701.8490075190566
1325.2867846556273
1312.5637851280705
3831.0145289434104
5056.876342485425
1456.4037141843974
3602.939915179922
2092.7262469213697
4252.122980189336
4561.806004017074
2512.865746123978
3289.2740336448574
3159.4518185700344
5182.867516801106
1197.9357647099512
5393.438872215919
1209.693299881662
3911.627055636705
2581.6402261649027
6618.572623613043
4555.630045753154
3753.189992718181
5281.164135898053
1241.473320528236
870.895661340846
3225.302619676406
2240.209859061271
3074.5636046872614
3194.4487838928603
1728.7539839194662
3277.4806465212496
3823.2924785764058
1857.66750920782
3269.52245765153
2173.6474839612347
1871.5875237493487
4482.850687034888
2867.4208811858493
2451.8942464093243
3821.268545027671
2196.481167954908
2283.3169836821903
4089.9450181723482
2445.043134393969
1132.0539026642723
2584.771270068315
3587.1888370923502
2786.306888403348
3596.5366296306074
2626.071556542586
2117.427256401382
4575.642836387615
6462.00868594737
3974.307158860019
2468.8684628831065
3585.338925053918
2240.7545857597675
4243.555137067063
1113.6747070919434
4379.194784209617
3991.0335822362176
6434.710667571693
1427.384315994225
1784.418767458715
639.5524850925224
3906.5706814615187
1216.9214594948453
1346.7104940808283
5110.746824409218
4714.007584672288
3952.8031896969183
1854.6820916126228
6109.2631271475075
6176.805407056508
1258.4734607411324
1211.9781951236832
5029.164427808216
1199.6539712046465
2633.490406535759
6534.779090687877
3895.216829521928
6454.238551833838
2013.2457813731723
4761.450680390058
1744.9791664104368
6434.764949989796
4859.094542535679
2329.1299423252312
3223.2924938567094
3229.3049965971013
2202.207230549964
5208.198218927318
1716.8893017644325
1186.1155857689312
5266.524803792158
5110.445499035139
5284.623605975633
3140.893602553317
1862.6979694868357
1047.8258102976336
3817.1767934300397
5065.798372749619
1164.707364792815
782.8557107900166
2074.5186559134536
1791.430359070907
3017.743521135055
4042.992444309129
2285.022949227821
4788.6438210221395
3829.9565083677417
4137.8459548031515
3170.376754602442
3863.782747652924
2134.8470392337276
3910.7762364622995
1967.573499994988
1413.245782993559
1819.7616457455367
4074.834457565485
2457.6517392498577
4902.817848258551
5253.755924219213
3291.146655665135
5166.279261631746
2852.3978696537024
3796.1090362432196
1513.14671064031
3059.5927339468217
5264.181794526621
3204.7291272249436
3896.323227878787
2922.187509469305
1794.9951397396553
4284.1629426047175
2687.3872221501415
4200.7769511493
4032.984401915386
4781.776034505596
2399.4757000508293
1183.164961828874
4557.865436352117
2731.329871120116
4751.246341862948
4057.7165395970746
2833.9134565901563
5020.6263544844805
3634.1167765340247
4259.823583038884
5052.950075054489
4559.251686759949
5426.1099920348215
2914.1541180080103
2496.058639127103
2437.867167477042
2791.579816627567
2015.5467998342158
2499.3952452938793
992.6847304945363
4560.134790844974
3513.125876942177
3848.252231617326
2268.9445920487196
2241.2608776565994
1281.6555564854295
3821.749389963513
3583.248184748445
4602.761476541051
2845.081021443537
1430.1347660158297
4257.587900382966
3152.371574675709
4556.741560147697
5208.724419036076
2826.2289465409626
6246.345713155993
4098.286987041876
1371.1351592070587
1360.11867350136
2508.0102462915925
3148.837637429282
1860.812941110032
1391.0630388504742
3043.894590371766
1406.4301502857525
2862.9907088297127
3819.17428134574
3612.759085579626
3999.3088501722596
6181.556654958717
2389.5542694149017
3606.794093832029
4641.341900529287
1017.7475158849948
1422.4894113988437
4812.102903398635
5879.203221433988
2442.0801636392994
1899.8646199313916
3217.176809243631
5637.973436271045
4423.292471666209
5419.175093981367
2730.95741531147
1497.8151853137167
3334.681324803516
4288.478845395491
1794.3424697950343
6112.745199934555
4543.9270795217
3212.5793320204302
5168.220217104777
4996.825821536486
4538.072341134895
4336.014134841486
2050.074143359134
4896.8109150655655
2189.8244129621403
2281.77040692538
2081.2190360633235
3319.9877264351658
2506.3861976633507
5460.689581190284
2925.454082867032
4060.984383458073
5558.403562861806
4205.374711162663
2628.0345727278723
3627.548662474868
3667.4526500286356
4639.543536671634
1329.851786032276
3707.0362851091477
4894.990998474176
5072.69703603533
5138.072339583149
1118.7178354955133
3619.5365779722215
2930.9562350480287
2746.9963164712644
5838.43304371181
4900.784588173683
2508.3154175861146
4810.890031014865
2705.3898348781136
6470.6226716563815
3441.872466411046
5576.330343270839
3345.925490345875
5430.840808773611
3322.043213498036
3358.7049251789454
6404.108745752167
5035.298553801729
4438.114011807141
1474.5186564877652
4819.175097189684
5337.684926027467
5458.786274218834
3022.0316832045482
4476.373660945533
2568.6491420328084
3329.6653058253924
5506.774467912424
5303.059776748296
5531.579940415011
6284.2557974162
4863.957244262119
4639.862673056193
5171.624448790255
2136.0674674414513
5576.783117654224
2667.2572065167337
5831.798815671085
4956.249669097345
1992.6069256669712
4564.262727320412
5572.390471585182
4842.987522275966
1356.1249566940428
5841.341866772978
1535.4760761520927
1533.1750170773744
5280.358884121596
4114.794793559043
3332.532630986081
5865.262118414484
3448.8516457842766
5349.5194120480055
2501.583183745727
3652.1229853652635
2637.635967958021
1241.241636707733
4603.872407990125
5839.862663812093
3455.3912603318204
5795.8070773155005
4249.643885884944
3260.520271814067
2918.519159559472
5013.071125345935
4664.181798706278
3169.8985751955724
5292.5892543036825
3338.167733031343
3922.8345056688668
2789.824411086723
3027.5486691032293
6145.729644526328
2087.387233237934
6549.1478855939395
2370.8539583834477
2587.792510185772
1331.1238136793402
4525.197609775
1766.1494964390681
5169.2280494863535
3603.0079411108695
791.1633229035715
4986.9148063098755
5268.795083882949
1523.255003849909
4765.0682968891315
4956.467635595368
3439.232090438812
6447.144279769541
5415.657765644314
5281.150397452426
5427.626498968185
2382.7905743881347
3412.937312806037
2723.7123700848456
983.1381501423489
5413.860979395473
2069.8788487385605
6555.57464235
4911.697300418676
4102.940340409913
2070.933512468379
3830.969228670495
2385.3029298166175
2525.5218204746548
2857.3551658252904
2281.0894226901596
4340.29559581984
3012.1674315487116
6272.364880295166
4785.5821118011845
2010.8355314482112
4339.867542856922
4455.510772239786
1782.9132167816372
1039.8369114798672
1846.3718210120028
3528.152306340233
1574.9375452235238
2666.703130482169
1419.4368199792968
1577.628241088667
3537.73168130731
