-0.005986633498222828
0.005879069285588671
-0.003787825626023257
-0.0035013024360381817
0.004448570381749939
0.008114839795500197
0.003912231988965792
-0.005259660615595989
-0.008716339981806645
-0.015093816711250867
0.005092096697521375
-0.0096019674427611
-0.010269353578103987
-0.004076368344325028
-0.0035651122803855265
0.013249224410606286
-0.011070837627074814
-0.011765698339334057
0.007803008199345508
-0.016746800637221577
-0.013745392464076463
0.013275715695789657
-0.013376972907978108
0.009730379408457075
0.01152285839224266
-0.010745103074165083
-0.01309842430681638
-0.011588356299496083
0.007136728169260815
0.005453528465396393
0.013376750751674956
-0.009493622803500964
-0.0029904236222299363
-0.011956069807154336
0.002182234489981451
0.011354919891428476
-0.011336850800722463
0.007341700846527691
0.003970231399129253
0.007732078132481069
0.010275814716152427
-0.004701088146540024
0.004086972720456369
0.008795763418441727
0.005709938508934978
-0.006979107792963419
0.0072391678327288714
-0.007187518373492524
-0.009680660346156375
0.00965140177256899
0.0050186002380380465
0.0038637523796189394
-0.014107355941149934
-0.008146865874290483
0.005647099183560799
0.008211629731684607
-0.0035725314128693523
0.009001314333157966
0.0032197602088716235
0.005294205498717944
-0.006671831923529411
0.012025650567759557
-0.002951395850591156
0.0032080552011373394
0.00795561255806866
-0.0033870295364533637
-0.002911518740106413
0.005056487546817677
0.0038965898582838934
0.0028105454962490603
0.0018523992502940876
-0.011373782188390266
-0.008376882594270956
0.006435349813991332
0.006081827328866504
0.0069208235774922975
0.0060752537455876455
0.006845813408101334
0.004303446314984426
-0.008581120289736495
0.0058363110203430895
0.00857848412310098
-0.011560916731850413
-0.004517981691965501
-0.004403927574806576
0.00546482405940605
0.00791195716841418
-0.0035072836620479064
0.0071086481876465836
0.007285454423690055
-0.005641629857939592
-0.006417155122719707
0.007590072793645132
0.005143224087495601
0.0018713024841334948
-0.0036340275831768477
-0.008468582924460444
-0.009784711000908783
0.0059163593510965585
-0.0073243801206537935
0.008498685258429506
0.0019985447325827728
0.006302399520580248
-0.006968490717043554
-0.005891682807272975
-0.006446227006538814
0.0037084974173378685
-0.009279952487105983
-0.009130772045799764
0.0075955683593597135
0.00420760635218048
-0.0040920197781311365
-0.006573468982320128
0.004990593895056591
0.007353679048030243
0.004743605258416474
0.005286916948972101
-0.012692550775472017
-0.00837486935100888
-0.008803317326555522
-0.003964114750811459
-0.0040736502890936005
-0.005237436926836293
-0.002618790447147056
0.005412940747380844
-0.0021839983220399615
0.005059682112402342
0.003073595136411785
0.006649889849809597
0.007865173062811799
-0.007009780900887037
-0.0012187660381752737
-0.005241229243895676
-0.008346006915557914
0.0036244270102219226
-0.002752678632701642
-0.005218845401755561
0.004642010086918512
0.00726230015673081
-0.0072503358077198364
-0.0023759819775347715
-0.011196948998940054
-0.0038417122957981535
0.003963374890446751
-0.008967008734477623
0.004694260566434048
0.006183814786576889
-0.0029807092090755323
-0.00498894561699992
0.0024431127254949552
0.004816801343904785
-0.002935120691636449
-0.0016704671324287515
0.02009409982701126
-0.00466741051704897
0.0017858283770329543
0.004927669098935047
0.005157726411013987
-0.019597947250462957
0.018731007706010525
0.0026590448492768027
0.0058566722422918474
0.002903979787295528
-0.007003838626836541
0.004197584669394119
-0.006972180631603101
0.005312259682405805
0.0031551678256609484
0.018917451985557884
0.006340066109667965
0.007923544450215503
0.004620352676239008
0.004789057780396408
0.0011122153035774726
0.0020246588798416942
0.007569822958553653
-0.010310261853757881
-0.0034585920710203414
0.005146364149713543
-0.001124552022390057
-0.0012574268020369003
0.010135492268773819
0.0023224843196140784
-0.004947262525356047
0.00743305612006032
-0.005421234990858371
-0.0027007269762361684
0.01175447328895705
0.004019079144158413
-0.016791516756326275
-0.006039996738784362
0.00262465211920994
-0.008776961131581395
-0.002543186629785678
0.005000393312955865
-0.004766121671275138
0.007433487925536711
0.004696811828037847
-0.004255484989719761
-0.008711755400711424
0.0017739666488396783
-0.013848580288402464
-0.0015358852938849395
-0.005750070480305912
0.0032339475305391595
0.005487412337791475
-0.007018576298685874
0.0037930996332235594
-0.005097184667555368
0.0039365195393064436
0.003223056879527134
-0.006619558707346423
0.015827272504480787
-0.0014626962790789898
0.009151913473561235
0.015187546351035513
-0.014491675133106029
0.004894532249024342
-0.006385314206029295
0.005329530728228372
0.0012953386929550046
-0.002164728289271654
-0.014662731436954296
0.004294415169763513
-0.005559297205910485
-0.008547040893492995
-0.004561527321336216
0.0023523534716436605
0.003431451113376789
0.014361266882277438
0.006268351782006152
-0.004119433620078173
0.0023764897367634253
0.014145839371445316
0.004912270323633285
0.0032025716545432677
0.0032875884124966234
0.0037303637240499897
0.006279500027750912
0.013274245252717714
-0.0030431683700493832
-0.0023457655385325407
-0.013215643861065619
0.007309973467495137
0.0034619055019258493
-0.012949125532760094
0.013341896903952672
-0.0028370368612225545
-0.006456947940159839
0.007349081837702919
-0.0025160478824987472
0.006454991166816608
-0.0022581825719277374
0.0065799382659543805
0.0021517752587567147
-0.01281022831007977
0.012817279877758419
0.008437507647358199
-0.012752782595083698
-0.004429360115085378
0.012463175759509412
-0.012713011280888194
-0.006073270339748206
-0.00242303294712093
0.012977304682062754
-0.012725231763355976
0.007918982563238568
0.012989818632352858
0.001964956605972378
0.006562560789361121
0.0013888527518233816
-8.300200227775006E-4
0.012812408002032993
0.003906020404560475
0.0030777437826645772
0.011718939631487546
-0.006206639628910518
-0.011380213310148317
-0.0019010021521418453
-0.010197848215235547
0.01157013838623589
0.005650381600774152
0.0013614973874858075
-8.057363418200852E-4
0.010764427585139407
0.002058135424000048
0.003711338828325544
-0.011393360486994538
-0.003968640475842743
0.003452518009550065
-0.002049143968999998
0.002395495085308533
0.010651383090730925
-0.007602333449637913
-0.010533289233868535
0.001905057798673752
-0.007394317221061385
-0.004108472749771012
0.0031297942445696367
0.010860809732431385
0.003850214760918788
-0.0028505006414571515
-0.011432464304940873
-0.005898634296833164
0.010393249611414834
-0.010706091876277109
0.010192651814224499
0.0017825924614513803
-0.0029261264667353615
-0.006126336812884274
0.010151840600355226
-0.00220357448387578
-0.004867826004644882
0.0016725348482330871
-0.006273419085906072
-0.003660466119614851
2.4974504102839466E-4
-4.352423278904866E-4
-0.01039722315001155
-0.010526187439282485
0.009282207785264542
0.004990489721791385
-0.004223810828649087
0.008969305463070329
-0.002774295780809324
-0.010258388105635808
-0.0032992383085659596
-0.009826125895121567
-0.0020046768393521476
-0.00414285689526947
0.009851876208645156
-0.0043673906247474826
0.0025529005335671777
0.0010480707590857005
-0.005802153256239682
0.003094836123163832
-0.009999720587850165
-0.0020168236640486083
-0.003828195097246697
-0.002487936346085083
0.0017683623572869638
0.008596970542035436
-0.009385858237367463
0.009375876678987953
0.00983852270456966
0.009528868122481372
0.0014186325484889047
0.001907325206506503
-0.009095860766204
-0.006347154760185868
-0.008819352630532063
-0.0023820164581685502
0.004165229610244011
-0.009113258697358797
-0.006858257937745539
8.557351173294464E-4
-0.008872141139215755
0.008730480594359801
-0.003601210314835674
0.0044647468690646305
0.008380930680577442
0.009183029762452088
0.004352985244108984
-0.008518571350328635
0.008716440491984181
0.008401156330538787
-0.003200813851988583
-5.347850523072459E-4
-0.008468553360004256
-0.008009582487681568
-0.008048257840127526
0.0017714944183372958
0.0081511636418358
-0.004114765329083165
0.008097341479844233
-0.0012353508188461112
0.00823019928659486
-0.0038053305443060373
0.0010306015955768625
-0.0023816593507599982
-0.008089866513698597
0.007956155919527561
-0.00814946619060613
-0.008079336313438785
0.00466763643759904
-0.00609140376515675
-0.008012770035861379
-0.005447053823579132
-0.0015699694745445266
-0.00798649116756754
-0.005658623495069724
0.00851735683018776
0.002326492429921562
-0.0081601639015008
0.007984536335174862
-0.008378828380157142
-0.0036118151005010263
0.0023101412804746673
0.0016021507935608914
-0.008045323091729608
-0.007663790880854536
0.0030870704468371367
-0.005471972433092459
-0.0026306626819668152
0.008130569648986093
-1.8085219208487482E-4
-0.0076232690767758125
0.0075511883818115254
0.0031970578699396165
-0.002333567484262005
0.00347479960134057
-0.003357186884482755
0.007309915948428596
0.0033207978895157717
0.0028255075935631653
0.0073732338487832874
0.007459598756768773
-0.008437077273584098
-0.007395698118449597
-0.005838195695851618
0.001211511001709581
0.0022499732302087324
0.00739585865012256
0.007720859362288291
0.004212175946738749
0.00316973554994764
-0.0031396828711207545
0.00288680251993915
-0.007168315939953181
0.006551830867689392
-0.007338978436736467
-0.007309056175998364
0.005949655061913962
0.0035742094831729514
-0.0023359257435973057
-0.007114488280268883
0.0071598150360427095
0.007442896505018575
-0.006500837133529816
-0.0014631903803622578
0.00696921956044986
0.007086835478893376
-0.0027308941048553277
0.00751364834683397
-0.0056742424289434774
0.002503439862933759
0.0066083469602962975
0.003935691764844367
-0.006422817412518803
-0.009006155311603451
0.006710766026361135
-0.001112996576101021
0.006776309711975835
0.006207121776993708
0.006894411010801767
-0.0013171135857207362
-0.006710195779424174
0.006253520028318817
-0.007133965429866954
0.00530861053305446
0.006394781591133405
-0.0011673515462388689
-0.007035456502230706
0.0011331569885436902
0.002107869426626727
0.002390190426079084
-0.00622069277908095
-0.006928766275878896
-0.006162710460131858
0.0042903813112708114
-0.006005471455648479
0.006761350085557764
-0.0061512973986250895
0.006151221939214433
0.005933413978737437
-0.006342049152123148
0.003398720430390804
-0.003697427203123418
-0.0037727872922197164
0.004706328753091016
0.002466810483183973
0.003019551511233502
-0.006601083592681604
-0.0036552814142426443
0.0021802846683703957
0.005591689285164236
-0.0014250256177319196
-0.0023796639473746767
-0.004813994867904315
-0.0028287564777286682
-0.0016985519774571848
-0.002908063365509256
0.005925845401062928
0.006118040315106885
-0.0017926793332777471
-0.002553269197175263
-0.005688831964016438
-0.005639816325382716
8.139149043563792E-4
0.0029464880478578355
0.0015676719636550274
0.001740724557551533
0.005725775168095213
0.005775192688151441
0.005470505809029026
-9.502814312836241E-4
-0.005767548787640453
0.006276884808792432
0.006166641679017728
0.002376713440216512
-0.00279706471109913
0.0028562994450016792
-0.005231244347746014
0.0014910754764299436
0.005515310201512559
-0.005072022913889933
0.005252498821931837
-0.005578316957162792
-2.1371151137390942E-4
-0.005561763162042677
0.004824348156181592
-0.0052916285893291155
0.005803610923929836
-0.005591278147443259
0.004824928783751288
-0.003728206575049272
0.002689073474595521
-0.0014417265094708147
-0.005483132865331915
0.0025155472693741566
0.005158881118347011
0.005395968089045819
-0.001062372666625493
-0.0016594070277922612
0.0011729591044193014
-0.005509207941623444
0.005009299871445184
0.004044083249192042
0.001638792379497806
0.0052220661903463195
-6.914969498256128E-4
-0.001266535483305062
1.1792779229082312E-4
-0.0014147404530177087
0.0033364320297885022
-0.001510049808919398
0.001158568475257457
-0.004799678163899647
0.001028541041209534
-0.005020538641282312
-0.00493652289820826
-0.004924581339187682
-0.0064850181412305355
0.005098623707673892
-0.00499761227879933
-0.004901300936434404
0.001152988907756205
0.004985156631713004
-0.0021933473208836664
7.956405557983523E-4
0.001639023594890812
-0.004999787490560552
-0.005038162779841997
8.573608210579107E-4
0.004824793228132847
0.004849373476395843
0.001248993497933813
-0.004948047716029013
0.004715863084983204
-0.004847640772580007
0.004930243549708082
-0.004573944189092708
0.001503267096492323
0.0045880216747818964
0.00441872146074591
0.00194428224037228
2.838108839747401E-4
-0.00461698018432538
0.00504041659149667
-0.002724363232461214
-0.004044684856723224
0.0055265378840075735
-0.004487833236067275
7.580983044743813E-4
-0.0017095786964792332
-0.0014974989250568528
-0.004481333427040568
-0.004909750280516835
0.0045091975215172326
-0.004141526829620939
-0.004528810055237624
0.004567460253851489
0.004287573923154033
0.004662313067881955
-0.004319016773042618
0.005068056184776595
-0.00419800717223939
-0.004537288392067806
-0.0044039820303252335
0.002567410406593975
-0.0013840556103030105
0.003867787884249946
0.0014717330756191917
-0.0022212954651031677
0.0038985939179615125
0.004041813799436968
0.004181304464618927
-0.002566658358670897
0.004455755434411812
0.0037182398084829845
6.518214618053895E-4
-0.0027117370593255047
-0.0037971301072678106
-0.003979310477273756
-4.8531479475964306E-4
-0.0012921283971692417
-0.0045103335477778665
-0.003946928882534507
0.0021518761029427594
2.21390864265701E-4
0.00384753907407862
0.0015189476911469963
-0.0038987541267979904
-0.004705146760334639
-0.0010128497366149996
-0.0026065257346874326
-0.003893639992152505
0.003868598381125776
-0.003739257769590733
0.003644005317106881
-0.0024170905041587336
-0.003561461904208365
-0.0037930242361954216
-0.0027559737806003497
-0.0037521957039868504
-0.0033125035785060374
0.003775521844126853
0.0034037450359948847
0.004826001517409717
-0.0012306298946862786
0.003925903553508971
-6.72468840850152E-4
0.003989927622217868
-0.0017448045236443592
-0.0033085463320428254
6.580159558161824E-4
-0.0033082793544042203
0.004043757994075888
-4.080243278669107E-4
-0.0031220127562297867
0.003046431534155788
-7.259323662663268E-4
-0.0031865106394033493
0.0018506317299732933
0.003159168869486343
-0.0030332881956574393
0.0031377197220283683
0.0031481877074849927
-0.002948755469233899
-0.0030316885335921096
0.002882018852629986
-0.0011113588259552365
0.002955863021146715
0.0024241434538793847
-3.765822042140891E-4
-9.336101966250787E-4
4.3707109489831667E-4
0.002805208541762592
0.0027051950713430414
-0.0013619786717461188
0.0029310261549115365
-0.002722464139338366
-0.0026405285133506355
-0.002841485920290739
8.793234854572836E-4
-0.002493580907789228
-0.002668934712104784
-7.728021603608808E-4
-0.001970634932051797
-8.382437019504628E-4
