893
781
679
845
704
898
734
751
753
660
676
708
719
707
708
848
727
677
783
823
824
921
611
827
696
818
898
849
805
829
704
803
776
933
818
839
814
917
705
718
846
844
896
646
723
370
754
796
833
922
896
905
668
378
893
824
678
672
789
613
904
786
752
658
662
790
652
923
611
655
838
797
842
375
809
840
892
916
808
722
810
657
894
614
895
839
826
822
670
351
604
826
828
808
825
711
932
717
811
684
918
609
828
703
665
800
809
773
669
669
345
810
843
674
730
695
913
907
707
654
807
849
965
544
926
610
540
533
15
792
908
675
903
906
653
683
915
906
612
737
770
826
763
498
899
820
749
540
655
897
770
779
675
661
934
850
498
822
892
383
802
656
613
780
376
854
731
546
832
809
930
894
605
501
905
899
386
815
903
806
612
805
927
649
818
755
658
649
384
606
655
815
650
735
744
603
941
937
919
373
375
733
905
661
542
654
504
674
806
851
379
925
1001
657
839
614
674
721
712
805
612
356
678
613
718
543
658
931
610
1008
767
709
848
824
23
748
663
559
751
815
354
814
652
377
838
910
757
721
806
547
766
841
321
812
850
606
713
715
726
614
722
769
746
894
821
916
772
611
765
18
944
611
856
841
610
895
810
996
911
799
909
369
673
922
532
611
820
835
1043
651
938
535
804
877
721
717
385
827
686
668
1006
716
852
784
718
550
925
938
811
891
724
848
786
896
936
795
865
716
810
665
352
769
15
1209
1000
921
653
775
851
606
893
819
915
724
842
385
657
372
790
13
651
254
553
939
613
781
814
602
756
608
828
812
811
933
800
666
682
349
822
1040
818
819
502
651
951
807
614
943
711
705
864
1040
347
357
741
957
359
654
893
379
813
710
821
817
605
609
662
565
644
725
680
659
821
984
355
325
778
1187
688
686
713
926
834
987
715
516
1043
642
759
901
688
837
713
723
648
675
904
822
513
895
921
694
879
961
355
910
693
912
932
679
721
646
820
504
772
682
604
554
927
868
935
605
955
748
550
817
650
651
790
898
919
1013
643
1238
944
998
900
803
924
747
676
771
694
648
772
851
352
702
653
764
848
770
815
548
981
733
823
668
881
499
351
730
967
936
547
811
17
712
842
871
498
788
345
843
755
606
816
925
1244
346
542
967
746
901
607
349
703
336
804
954
614
655
563
911
929
919
547
519
876
647
539
752
729
605
879
740
512
608
355
1213
910
678
685
654
680
725
645
347
969
360
412
923
718
689
603
888
334
778
504
702
1009
950
865
719
777
966
374
925
305
661
828
702
863
830
850
771
917
685
612
356
351
858
330
733
847
761
813
720
1056
845
514
956
698
678
354
700
612
642
699
942
511
695
1005
838
364
844
918
839
677
1054
590
794
731
14
538
288
704
891
1115
363
285
651
306
646
690
938
911
744
641
912
677
712
704
728
716
907
337
935
350
693
656
675
869
536
910
501
732
517
919
967
371
809
711
345
956
780
879
727
714
655
499
328
859
821
969
535
757
915
949
305
824
510
945
538
940
967
761
667
870
771
359
500
536
720
836
765
526
700
846
811
417
709
505
540
353
509
544
968
776
774
722
675
899
817
698
659
267
793
718
922
716
904
686
1089
857
663
931
729
988
502
295
673
681
701
671
825
694
349
672
723
1007
696
1002
17
853
499
286
592
975
361
949
946
344
536
853
826
287
821
853
925
916
893
649
996
731
661
285
499
838
810
616
674
643
785
509
541
689
915
961
807
934
532
827
839
697
828
549
537
1021
829
926
608
649
869
849
912
644
304
1058
995
996
716
944
775
867
597
652
890
818
778
674
943
552
551
498
858
960
956
734
978
803
666
837
368
662
774
859
709
692
543
23
951
822
743
505
937
955
691
764
284
291
717
346
691
950
327
382
894
1422
594
901
899
837
562
304
733
340
859
737
609
727
775
752
941
733
664
607
911
613
927
693
722
776
1190
760
620
773
865
951
801
934
714
853
1253
648
611
718
911
804
522
327
646
864
931
668
836
902
916
959
958
647
784
808
949
734
980
843
267
806
23
727
641
1032
735
770
538
32
343
738
816
748
780
739
528
937
827
536
382
852
898
827
656
683
840
608
609
952
768
714
1028
617
710
1044
640
975
798
825
824
866
500
660
512
855
654
648
541
968
927
597
544
288
656
923
922
918
695
967
793
862
928
746
1028
895
711
564
521
734
349
659
705
722
805
936
936
682
707
861
856
687
713
677
864
968
508
698
561
832
922
18
773
759
800
777
662
556
641
732
888
803
630
812
767
681
838
734
798
937
547
857
936
980
771
857
818
817
754
811
892
287
768
901
845
739
704
392
916
979
559
504
960
533
670
912
747
723
792
991
839
790
1105
855
929
715
632
820
836
708
1031
782
738
747
762
942
889
323
920
982
502
775
957
341
304
919
760
700
849
946
382
685
902
902
717
766
851
758
1235
926
923
852
335
1023
679
291
715
338
809
361
902
348
288
844
648
956
769
889
655
846
715
897
649
320
605
827
796
744
375
692
537
831
962
844
696
531
325
563
1195
758
807
629
552
914
24
1005
371
608
994
734
732
21
560
605
928
769
612
1188
785
805
789
672
963
700
386
816
322
1121
597
658
944
780
733
747
804
700
725
954
930
359
794
595
1050
735
754
850
672
956
878
850
793
358
1017
813
609
857
610
638
385
665
560
709
313
741
701
1026
778
884
634
946
711
798
346
807
820
719
302
415
287
614
887
353
862
920
800
883
841
509
777
381
667
33
343
1426
497
776
858
981
752
715
710
508
1104
1071
678
342
745
622
666
659
749
881
525
690
687
589
770
598
344
821
642
369
301
783
753
787
578
1025
725
802
534
953
802
515
966
982
499
917
847
930
339
977
639
900
961
780
293
775
603
840
633
745
286
760
304
290
761
953
924
631
823
508
20
947
781
774
350
532
638
597
920
890
672
813
394
989
805
701
696
819
880
602
287
538
254
615
993
502
965
283
843
747
306
1198
702
701
292
328
799
1075
816
618
845
305
812
765
641
575
1116
658
494
694
965
640
1016
352
1029
1059
710
756
290
955
713
768
742
517
695
763
931
573
790
997
542
892
768
978
362
587
897
739
364
328
599
517
801
987
456
627
706
304
771
536
918
1140
33
979
1038
961
310
1003
788
316
1026
794
715
656
834
957
943
875
501
697
609
552
748
615
719
598
544
762
608
905
324
1246
18
899
978
1228
821
741
643
631
931
777
743
589
516
510
651
868
882
767
903
833
829
528
361
900
926
683
639
826
1049
11
606
29
862
664
875
695
959
694
663
604
1034
1112
873
636
853
348
911
566
674
732
692
591
516
631
1024
917
972
599
869
864
388
745
836
662
838
878
739
650
718
661
744
740
779
498
870
993
904
617
869
706
903
1264
1078
496
663
994
558
1103
872
957
958
819
347
617
601
700
749
515
744
671
944
508
1010
687
16
791
580
648
606
889
578
950
1309
789
23
945
906
768
717
1046
1192
686
32
294
1003
550
858
1081
662
625
503
552
499
854
506
782
800
657
568
636
289
763
503
528
778
970
289
793
830
1114
1082
721
644
28
797
825
388
949
702
665
768
515
387
947
791
965
1015
501
718
915
289
983
682
543
687
764
86
799
907
1010
963
312
289
592
852
1032
582
712
952
415
588
742
674
1033
565
518
568
1089
753
835
1127
689
311
1206
306
595
719
803
819
30
863
777
588
924
1072
784
1092
889
360
728
1085
730
486
893
625
531
636
322
676
507
1004
963
953
781
896
946
713
811
308
641
416
1216
560
794
766
925
838
1229
814
660
531
568
683
1018
957
708
911
1045
389
970
714
990
851
969
554
711
1230
924
367
818
314
300
697
288
725
872
762
673
507
846
977
643
600
608
668
1211
874
1229
932
579
309
1025
577
928
330
666
702
835
1315
1051
756
511
830
286
591
705
833
634
994
640
877
633
647
682
894
951
986
776
728
767
1103
799
880
749
930
589
742
456
675
988
604
981
632
456
989
891
315
256
547
595
773
982
516
1079
967
837
1029
618
831
1042
619
834
405
886
652
792
636
17
868
379
285
1006
599
624
803
871
76
313
561
387
550
837
1231
836
559
67
549
615
643
289
790
553
1038
815
354
931
301
286
931
739
951
355
1241
962
582
895
948
304
660
916
1240
607
864
824
696
689
328
572
757
865
1061
714
1413
339
805
838
660
1314
639
333
684
1043
929
1376
27
548
968
952
951
747
668
863
903
255
553
19
1248
698
743
304
1052
607
318
741
747
767
781
21
842
993
549
1084
957
255
327
489
994
66
680
345
832
976
559
292
837
975
906
636
622
1414
898
790
366
86
254
1232
891
303
514
602
741
914
1115
1268
747
1212
587
644
294
802
975
593
302
611
309
740
577
856
557
874
1014
1027
1257
997
1021
966
753
970
651
500
731
712
610
1195
1021
239
905
667
966
530
521
1023
351
1414
1420
583
655
372
978
1123
343
1101
458
823
1005
727
299
697
331
654
950
885
925
505
513
738
1016
970
798
670
1127
858
650
520
832
960
546
701
948
560
908
750
388
557
364
1253
545
68
1048
951
677
813
986
695
781
731
371
906
306
416
777
1056
797
640
664
77
985
1252
601
792
707
748
959
1030
991
1213
940
344
303
1044
1023
460
866
745
373
814
323
589
797
700
458
455
1035
665
1207
336
373
317
622
825
235
714
961
564
884
777
654
518
945
645
132
1034
872
793
1131
880
1044
416
29
971
665
755
586
974
964
806
1268
290
630
495
789
291
832
293
1003
1085
575
307
523
237
774
565
963
282
1019
816
828
829
586
308
981
973
727
826
787
848
485
623
560
1377
560
1060
1207
618
557
15
965
1063
1040
516
978
655
999
467
735
1032
577
634
307
899
341
608
887
1316
414
497
904
678
974
755
987
588
889
689
1417
75
789
1069
842
15
234
1265
459
736
267
764
1211
1405
372
720
444
599
606
751
965
1252
523
645
1096
695
418
1048
308
755
379
885
422
760
744
736
598
541
366
249
635
1011
542
729
1258
639
1008
539
1405
777
932
783
846
686
1034
855
344
1012
728
618
456
1071
1007
835
196
860
954
801
729
710
933
454
317
957
1001
787
897
790
478
913
620
298
65
390
802
632
572
995
1070
933
391
968
963
934
1073
997
1207
987
675
992
513
1089
839
235
849
29
1128
905
89
595
76
1417
1230
782
736
664
688
472
1193
1226
891
562
541
1089
907
892
86
752
284
760
29
420
851
334
419
986
1011
650
621
676
781
301
371
647
441
983
962
303
34
11
479
1051
983
259
393
869
503
988
574
195
821
1418
592
316
69
1053
196
386
303
661
672
1130
557
652
887
302
709
1157
1111
239
286
1096
959
176
23
989
1421
38
857
900
555
76
408
959
979
860
313
568
1188
1084
983
303
854
588
1024
943
609
870
196
846
524
922
987
558
592
1235
910
980
76
1237
984
582
1006
919
208
810
13
785
92
375
418
886
463
516
745
1269
146
561
1042
1037
558
943
87
593
692
1040
1081
624
1070
466
757
11
924
743
77
584
332
361
525
844
562
839
217
950
647
438
23
617
856
282
434
458
942
76
19
76
337
848
984
238
1267
1125
262
473
1057
1082
837
1094
1043
74
584
965
666
195
781
77
571
66
992
368
216
1103
338
508
1088
662
885
1417
675
1129
441
699
558
750
666
796
470
957
1067
910
1242
911
1195
197
1205
209
587
1008
211
599
283
900
1030
1404
929
685
299
936
108
916
412
996
179
556
591
594
190
1102
1203
194
442
740
865
233
886
867
1259
477
1093
773
219
843
1287
215
443
557
222
291
825
380
597
853
540
74
413
1091
981
1045
204
539
45
505
509
292
980
290
947
204
392
58
1420
212
378
637
1096
1037
1072
635
1316
194
1020
21
629
315
915
1083
449
498
1236
676
1102
983
395
574
618
655
388
921
830
1115
1199
886
421
389
633
657
473
178
519
221
423
737
1399
680
966
314
1218
126
235
1188
176
1038
178
712
944
1402
96
422
332
714
845
387
929
67
881
1000
948
1061
296
238
608
59
1195
960
302
647
483
423
314
292
247
420
82
185
788
1087
1109
931
524
917
237
587
743
627
378
16
797
251
876
985
708
234
267
318
1029
48
791
71
751
215
801
759
744
1429
90
990
1224
898
761
770
1070
240
162
636
1031
460
295
229
1246
334
218
255
374
1023
908
999
177
621
1050
1040
656
901
999
1203
859
76
545
274
197
654
32
66
179
982
590
1103
779
1106
884
312
1018
515
1251
795
687
285
901
394
77
521
738
304
508
675
211
734
1252
1238
197
35
934
217
1054
921
444
353
525
470
76
323
194
831
486
902
310
1033
979
236
640
708
1077
478
176
79
1074
192
239
896
40
1443
980
210
573
872
19
1003
652
619
328
982
559
804
260
616
1226
728
91
338
536
953
162
208
566
980
159
1100
1108
1396
890
452
618
365
1195
503
193
1228
871
866
1059
657
929
596
1084
287
286
1094
1242
978
78
161
370
1426
945
1191
237
285
283
80
987
215
193
1000
1251
197
518
72
299
484
1196
162
1254
295
759
980
406
486
213
210
834
297
898
754
252
473
486
86
238
876
241
292
232
1219
722
251
814
258
72
579
652
257
755
730
1257
1253
985
410
1097
261
1224
467
446
1223
404
215
451
389
261
20
730
884
688
219
575
64
69
884
415
302
1401
394
580
632
1231
997
658
703
283
1078
970
1004
871
86
207
694
883
736
1012
930
300
503
1035
291
646
34
1110
196
1428
1240
636
819
946
71
819
1234
758
279
703
1306
1264
1036
583
563
881
783
212
283
1264
1151
1156
23
87
1256
377
469
958
1033
18
261
1024
82
80
724
465
28
224
178
693
552
460
372
446
1251
146
340
299
186
34
252
833
1080
875
1143
1009
18
914
179
870
692
1027
68
230
26
1068
513
623
21
470
81
305
1086
1009
1004
36
248
32
638
263
1112
728
87
1143
285
711
1007
478
414
27
1083
311
377
898
54
393
1238
723
746
298
527
1022
859
448
17
436
990
55
247
89
239
72
833
1406
1045
352
216
226
804
1036
989
866
295
47
78
29
624
931
75
841
907
237
868
768
758
233
39
1203
223
197
986
197
1035
325
465
453
1109
940
213
721
314
78
408
305
186
235
362
73
79
485
555
1408
25
103
1118
1004
185
1080
416
25
952
1261
288
269
1248
622
681
1269
96
472
477
441
697
419
363
984
217
639
998
564
482
222
208
530
384
63
158
891
484
315
1079
327
774
894
101
772
923
843
902
197
1202
303
645
185
971
73
1088
1157
645
110
39
885
418
469
984
390
1250
1440
160
66
946
1094
212
176
568
416
196
40
483
9
145
339
768
914
33
119
1083
829
775
554
227
317
1086
46
257
910
162
254
459
268
299
508
100
831
56
1141
1244
1014
429
1409
1305
430
353
411
43
220
416
938
260
67
114
787
1073
297
1189
76
1287
767
488
136
507
287
297
1007
367
1124
1112
744
330
999
119
259
862
215
248
337
971
177
1237
947
302
579
667
58
1440
268
294
102
998
309
690
41
578
224
322
62
195
1103
865
248
1143
376
1211
671
990
304
358
690
36
221
1054
956
635
312
213
283
312
420
1193
515
485
255
1011
1192
1099
307
888
264
22
1271
478
371
1073
1329
1098
665
152
856
175
295
570
910
263
374
306
287
1169
621
305
593
166
1193
113
55
1437
73
297
1221
1002
29
1201
262
1243
372
302
1048
980
223
68
971
85
31
75
242
1057
637
1067
38
935
887
364
418
334
917
937
958
402
1025
578
74
1181
29
615
913
125
397
439
612
80
169
822
821
101
488
374
955
331
257
258
72
547
203
989
69
458
921
24
1309
255
39
332
79
1418
1102
772
169
955
625
24
1030
1076
320
102
990
398
413
800
99
1264
175
422
1103
729
1208
449
888
1048
223
949
88
275
332
561
765
548
1221
1211
325
21
196
676
477
1287
52
1113
258
1006
202
76
971
912
41
69
300
23
414
302
363
692
999
444
266
1100
1234
22
836
235
791
1261
1084
1092
671
93
691
600
729
546
1093
991
290
91
282
693
1011
753
119
882
583
