15320.531528251193
11196.165453789747
15405.808286911213
14526.928763770167
11673.914593340734
4705.65583814777
12852.63623909189
11384.120785746081
13256.988419858437
12952.964584387497
21607.700027876523
18228.64746097234
12841.637539726366
5017.558678212067
13996.453222833463
15784.903102551929
14310.60937602398
14008.40640460483
5305.654043341519
17905.029818032348
10503.282036291828
20719.68336634127
10551.663106871461
16105.113601899622
10757.26238963156
15422.138745801403
4724.574858085623
17234.38039763361
11731.292396411342
11606.130578467037
14308.91083550445
5282.477449852383
11042.483205341083
11148.247072955568
18642.73589649393
12848.470288054197
7994.313256313373
12285.823096552038
3243.0914222371607
14716.498404400845
24102.840727359373
47059.770411102385
17558.345385333465
3801.2860392063644
16640.381890857447
7331.47210497611
13746.311432851418
7953.972789536433
11035.830017141416
23893.890627366694
17115.30382460707
17145.50373641655
3735.8415436313517
40603.31512897834
9490.815848238362
3781.483747752528
4381.481894438286
14686.945842058314
9781.408546160554
5259.487893644566
15396.999243115513
8453.18083326992
13674.395186011054
22719.415764131685
7849.142869728885
13115.850138667989
14704.636469818175
8294.086496705326
11865.014518131715
12857.417517792737
2941.168749460296
3413.644706672281
9417.811805436779
8616.034029878392
13701.794218808347
6774.76288535996
9621.548027032322
11795.460191885699
16866.158491632315
15438.21909377837
7885.473386478285
17053.653762962454
16338.015837229423
10502.690850758985
3402.567036427606
3403.4489049520557
6202.4892750509125
5077.597820262637
14975.059431527648
7004.373320261138
13477.825586992252
8294.101935936807
3746.79414161751
17891.061741540205
4979.742915541452
11983.009409947266
14357.323299082724
14702.089473451173
8084.659293876803
34739.79042154029
8379.478198015713
8571.932482984961
9811.514057799885
10389.476619172567
2196.2451881312013
6221.517560077329
6886.2097125365435
3817.3148932390336
17838.927181699284
3217.0507711364935
3408.8594147313984
5546.78956408611
6746.787808380384
10536.596479376809
6985.682658337657
4082.480655403991
14531.900758240366
4002.4221234747342
2449.740766616786
13152.537121460955
15881.0672525441
4923.471005057678
14648.052304617095
12693.42134189667
15355.80809175249
6213.050699217213
3212.0581590969805
8719.95209912769
5581.478749694715
47104.36671616689
13199.977776957756
3765.858291883326
17397.5699985797
2604.415253444199
6908.453836278283
2746.276530654041
8052.794957618989
3277.600877527901
2450.0988753916636
2163.887661371463
4935.838836873498
6832.041659166673
3877.5995842792004
4347.132271355194
8397.007076331492
6210.7707574268115
12821.297604615707
6217.556690107687
10453.499232911321
6482.474892568409
3405.6594286798986
8067.092380824177
15758.663248711866
13245.258886895415
14816.935255831402
16746.276776899816
3411.294914319548
14611.703379724535
17090.907306984533
16488.459445832304
2904.1379090656346
10277.837074425288
4814.634555366114
28578.698546310512
1976.136403700451
3744.4524674482004
11881.216281326875
11637.3082580596
16260.312651759174
21532.553847799318
5695.556610078971
21535.750554399543
8594.67152864046
13961.769277337307
3270.2785299020543
4124.576639127785
7724.568581430482
13633.977223113425
7078.665773230322
47659.76923442868
16369.618130532352
36100.11713117447
4005.9172758800623
5915.635902249984
45304.37199212067
3400.874718085358
2165.6002752538957
16012.43235683504
7106.562001842178
2442.479290296886
28872.186301311413
2107.9065336750514
2471.745077717765
3397.8175629576335
40460.57608214501
15390.63470320778
17505.35891935583
3533.6253703366187
3050.640526244596
6810.271759805101
23602.157544690137
23871.829889660043
1930.5418354360559
4508.357650155356
14299.336770889453
11555.288079975076
1916.7176849835503
21507.196744880057
1948.9170646686048
13181.832929119331
16836.909028309463
3412.5283328545265
2463.3607317090605
2511.071541934152
41060.575531865885
7196.068875774712
6264.949210118134
20051.83473548136
1950.2060917860067
10098.635396864434
14336.668584807227
3307.90440467462
2488.0903918875665
6134.309692372221
3652.7648027901514
2508.9641513877405
6401.005908799016
3538.036177281273
2797.6305443868423
7705.649811388082
14115.909104733712
23245.338991737626
41872.68400931548
18451.25953898286
2615.2832158214346
3413.7216278539013
15282.105263081345
5534.310143236957
15385.316027336428
3201.2874316792686
4443.088526748595
2623.6765761901133
15414.078236053749
6817.556003641823
2736.1407055930854
7701.09572056491
2136.141570135579
6723.4691137694845
9397.67740864759
4778.342093517664
1891.3636676797173
5718.43532660283
6703.400040254128
24557.326182550725
37538.265878632534
3213.239362790073
5859.486819351184
47642.03624643127
4596.017963247692
8503.18317328318
9946.092975351132
8519.713919708167
5562.166026048226
2635.415598968981
16001.262609945177
3091.4715540525854
9092.383053149684
2229.7598965763027
15419.359531261493
2459.671452726855
4344.354767495226
11667.913306350418
1911.0721809080633
1908.964592834472
2519.6901790074794
5709.180669755626
1065.2073430139271
4493.828153760586
6306.986833960371
19832.472982748455
7536.035549493617
12183.221245887216
13627.984263941773
693.9435991422288
937.5369861298917
9094.515142447493
2504.7483152387294
4879.714625041148
8261.649191404564
8508.852614897545
21061.729959221266
1333.6928395074008
6691.334997676541
20680.02638118174
1920.3532523649685
17730.950992008435
3656.3913498655497
21443.56547179113
8305.64937660262
705.9467582336742
2500.6525849253276
930.8268885062204
2713.8666539408223
725.1397888085643
8616.085505877383
705.8770412808034
2092.7315531607396
17417.456705815068
1859.672160502829
2754.8417096562725
2044.0017220580817
11860.531169449398
38738.26412446746
23845.336900646114
1417.4630190463583
707.420922325477
17418.165326743372
16236.13627027089
1043.661824477722
2094.2762282237036
1350.2067370459024
1085.9371124993952
736.475539950255
6576.401230392127
27755.601819688432
1933.6921597997975
725.6784450899634
5194.3615292193035
8016.994474619956
1934.2826498448958
7192.371872965019
54048.470889970886
2507.3775403571926
52848.47253981978
13552.964233748015
8145.39018666867
8186.689966445438
2192.0796360044747
2673.519622585575
1208.360234625819
