4076.865134312866
2898.6438347272338
5217.406518250434
8173.267925872868
2704.720065564587
8445.379453425427
9419.180723916415
3296.017902383609
3896.0178407038147
12277.927912291696
9041.214209879157
4921.200567176778
8753.547385956472
13464.141965712348
11837.234084381436
922.3381190044738
2703.170975875887
10085.197171760517
1970.900135987028
3936.136904628825
6522.762530261988
4877.782008489054
5523.92185865451
4921.96418744702
3776.3824004197672
6560.371627504441
2438.608352560056
9126.917742124391
1632.00112910281
10588.388789929619
1661.9280101629522
17751.249271918667
2570.9001207427423
8188.721470254564
3797.0134909753315
10504.070993486619
4003.269314691408
3996.0712527560627
1346.6376403669608
12250.430241348042
3831.6917824898064
5882.173678079229
2057.9107625743372
4698.643696046415
2448.517255491031
9428.34780022819
9889.435824471657
10562.066736601939
4277.78204573029
7160.371578460809
2553.611716785715
4604.517293725625
1940.9758770836947
1953.6117343477354
5277.455571264991
753.6117899621369
1938.6984952373043
2065.9971888379637
19421.14844619745
2053.2541957003787
5221.004675022652
5326.970217632875
1333.861570369199
9059.763633933302
7237.146533161189
805.3860086403204
4380.417424342164
358.12102396652125
1256.9221454071376
1578.2435784616684
2225.606565939344
770.900191564737
3176.382443532239
2024.0360252147152
4393.371394597645
787.1005442590665
6519.0689211869
11366.217123150775
320.72377033943417
13902.990897141684
1521.1882801771678
3103.5850908431767
1424.0360416383492
7274.432298810936
2232.001117328188
949.3204276642781
939.9922183404888
3708.2665221727116
1205.0423807176664
2261.9280073769196
340.59205167748866
2245.911768941745
1045.911788890602
3593.6801795300826
13460.910953874434
1876.4612027313478
921.8358001858884
5110.231792327571
1032.001145187428
13431.931611651877
1499.3834306370952
9637.865403682825
1361.8020785116114
733.861581498489
9820.724579065001
3270.768268333643
3326.532007312129
1061.9280248812868
11277.5999857848
1623.8191876749802
1789.8656957092971
3296.9730427279674
5156.612264283853
5369.217110410538
3346.304324532456
10511.663005705892
61786.966563348076
734.6325272185267
3465.1050790224726
912.7821056892448
1267.955631002345
5060.961553970628
1523.1076615518107
19033.66596404635
12192.420005862394
620.973680215478
2905.6179178485213
5369.783914093648
303.4359624047318
146.17897750325304
