5823.809312798432
5815.804284990536
5670.922721067047
6175.122410687456
8121.5999244327595
5580.995436595228
5592.990842469394
8113.708474335817
5874.382301984879
5968.622267501731
5527.190691434432
6076.783328482066
5677.796678463448
5634.66376678043
6924.9509737498465
5796.066580027104
5823.002421208229
5918.867934876802
5687.897942699814
5925.873620887265
5990.02973542969
6083.568832531443
5525.49773598369
5294.165082198447
5934.122134830655
5523.780349431332
6209.750062714103
6238.668106084542
5520.98660902341
8485.104981519471
5347.453705283048
7179.223958954629
5866.850028840219
5881.981307928386
6915.937151359957
5914.583802640845
5962.186808932004
6062.622528848182
5530.367333771181
6905.364900635693
8714.303895976418
6638.846634748201
6927.39404793631
4992.134703117045
5596.99510829736
8506.166987574965
6220.190203154365
8183.614416729494
5871.15268472058
5985.756208126202
5783.95809220284
5298.684440192918
8476.2614701569
8112.219643896275
7740.524445610956
8169.43631341801
6652.294565986898
5788.623714782814
9099.366953221717
5570.092640610642
5492.154155416757
5578.165959807555
6555.501779122239
8122.6199783829325
8783.611676290755
7155.1975629578565
6190.619431064911
5992.7037245318215
8898.04062876771
6069.737638092819
5520.705954475714
6185.257705920984
5302.423038446659
5148.131486753292
5519.571097636663
9108.160793420107
4935.752159182864
5604.144404383502
6020.866078011622
8108.2185647833985
6455.021326069296
5888.576127780659
6343.581221340469
5610.294989954632
4920.475407179001
6534.119895734494
4909.191022091992
8486.671387903334
6256.796565670525
5524.995845016973
5064.974289003886
5484.759801732358
6315.939522314947
6481.931149618097
6902.960664913908
6196.0364708837615
5974.644554180754
6432.376791897145
6207.149648542333
6174.512663238814
6189.212003786115
6653.95444060815
6776.22979426152
5288.576940222043
5516.746086632918
5374.648060635453
6065.233839123668
5081.335544711243
5385.7597302018985
6179.85369925109
6204.527890412875
5086.8784843293215
10624.127992347805
5507.089047591319
6053.956440785887
6324.9533956035875
5393.887296393501
5041.840719974517
9113.24674924773
9119.448008980562
4996.823555298074
6900.418908027861
5505.890716016553
5321.078202575005
6895.572953737827
5053.094664150684
6284.513820962585
5486.717487254587
5378.505590919142
5260.370162934467
5395.698169998358
5587.939818815393
6280.0061564421185
5147.0378265544705
7241.929823779881
5129.249750084718
6087.037088543446
5641.262372680901
5943.896376078487
6032.104472906185
5807.516967697304
8702.726464269734
9072.92664123558
5996.667105008189
6485.49186300507
5656.799140516475
6008.566044130805
5653.090042374227
5596.038551046941
8254.571271885326
6279.190362278526
5585.26045723652
5980.270522568697
5748.129506048572
5207.2240716627675
6594.2285714373065
6888.753682405655
5399.546762618357
8494.5375495281
5139.515030671863
5144.896409435756
7446.266736025198
6495.700309408162
7605.068513908084
5119.363255158424
6038.849462706804
7805.9989225864965
6491.508799517039
5744.89468183609
5005.918698166218
9241.195683530903
10583.604317942356
5489.0546663921605
8023.899043132755
10497.5152171009
7186.19405093476
4895.8787443611645
6580.268758032401
5085.092856591673
6514.712814577618
5843.504356498111
4861.430931180454
5912.011303685393
5260.624651470683
6138.787617384341
9708.157294875362
6677.98368808106
5747.035927287817
5510.428520392514
7433.259009918347
5716.890302017787
5241.830823085882
5579.856717490576
5685.039606819243
5393.260843170364
5141.659512290604
5041.26640788275
5052.270692619247
5395.358082471368
6052.297776502706
5376.561647034523
5679.192267683279
5535.817204110587
5332.468879092074
5828.704163760812
5368.62569915365
6687.036438478072
7700.850335327624
5565.650868338806
5200.462075305653
5266.855571793247
7119.237289961826
5599.051372916821
6125.992189317055
5334.1245400048765
5259.090953464096
4957.271243361634
6666.178996421587
7543.577501068262
5238.368700508656
5235.3728702134285
5126.22535959389
5316.67928127742
6673.281800085094
5247.754025394789
5279.324942897542
5397.45682879473
5940.598220605442
6647.477144335878
7793.942497739346
8472.930158774794
5308.808040942627
5690.42189910643
7675.118382552666
9688.205523126891
8771.223785907929
6596.104378894223
5584.870818439742
5219.488091523953
5504.6319808834305
6574.642544044549
7583.616490630421
10042.45770922867
10328.936738006605
5253.604268987345
5525.635811635815
6091.781809410635
4848.855041118608
4909.404625247532
9288.609318441804
