0.01283548616166909
-0.01496813917429019
-0.014936815906999993
0.011020964020861205
-0.01090333072181344
-0.009432401878378197
0.010284003558824932
-0.008273061243130918
0.012630296451971773
-0.009144544465662808
0.008113153587633672
-0.008291482739286997
0.009048170448072471
0.006967980532696655
0.010492371738983115
-0.010569768957411812
0.004482653491543206
0.005709481817658946
-0.006668504889001286
0.005635013236908921
-0.010016987372248822
-0.005513050000656875
0.006423677681676694
0.005780800799674317
0.007551776061294487
0.006982451363457978
0.014108390449476411
-0.0044826183818997755
-0.005740477344096629
-0.006563305347454617
-0.0024332810904610785
-0.0046946144488311334
0.008034473635194375
-0.004085643079612227
0.004113847801491922
-0.00395662175876727
-0.005795772031238155
0.003995705267976389
-0.005562352713843394
0.0034241721080974625
0.003629361904202984
-0.0065748478721947765
0.0037288317140561212
0.0036725581469143416
0.0036410563438062844
-0.0035149265199270934
0.004630402735544994
0.004124666174051345
-0.009364268847325418
-0.0024909336602872644
0.0022103018569564086
-0.007508280736128097
0.002511672522565891
-0.003967293987133795
-0.0021821076358207424
-0.0027660103595487694
0.00545560066526502
0.0016891042761906698
0.0015339170828452522
0.002454570443715115
0.002615676387442521
0.0035265133575579904
-0.0015293959752960568
0.0027173594982615435
0.007186693581164802
-0.0032532445749225646
-0.004492089848411088
-0.005551517415804395
-0.005260113744165524
0.005321435577165253
0.005900594468830734
-0.008636562405990084
0.00416711631592843
0.004845202266847588
-0.006692676389543689
-0.006863526895642267
0.0033837286723811346
0.004261458828593453
-0.004461292280380696
0.003886495554289915
-0.004119226819076524
-0.006193285026604234
0.0052820136757066845
-0.0024362340405511634
-0.004463463560976197
0.013167898515348535
0.004003911944450498
-0.004558174082273985
-0.0035457867091242047
-0.005089149187007161
-0.010808325117349419
-0.006328144591676425
-0.006309406083937208
-0.00299776291138373
0.0040761542921824495
-0.0032936586982705756
0.002549007283266561
0.0022481739581298285
0.012069660026343538
0.010403059639524488
0.004163031334101723
0.007040735179839299
-0.005610375418654374
-0.004220123259495036
-0.010224384458777129
-0.0013213909291370394
-0.011663601516943027
0.005758604515479545
-0.001609116075622717
0.004748787672201851
-0.0021096014107043477
0.0021435098635481085
0.008489358520666731
0.002642505303846369
-0.004972551241462116
0.00972829529168932
0.008797466987599865
-0.004227416222611319
-0.0028763886359213986
0.0042977863425764365
-0.007644601994754123
-0.001431748044988288
-0.008456543670415217
-0.009072528806417297
0.003347089196970834
8.417950394944857E-4
0.0032059418091406377
0.008034499124758636
-0.005010315648627529
0.007561241365259183
-0.0036108565605824454
-0.005423457138237546
-0.007224241346078683
-0.006958427512356124
0.002451499615010467
0.007139632339979118
-0.005932929537183291
0.005680605550602453
0.003947132512469225
0.0028568472049713715
-0.005898276688200155
0.002099272626923881
0.0029649960485989865
0.005266723670183001
0.007285881393236938
0.003876153313144699
-0.006577158913530303
0.0017412596201721846
-0.006613670899495931
0.006594610969226386
-0.006596346994348057
-0.0056987150296570685
0.005127643478700697
0.0037134332514646043
0.0012461463155335939
-0.004685755914681182
-0.007485147120560752
-0.003758982891117023
-0.005057372427914484
0.005774660081526495
0.005030094573778335
0.0047640596729564815
-0.0058092513110820174
0.002217928115119189
-0.003097793674256799
0.00532510084866803
0.005266561041999208
0.005413154556172738
0.005731676430821028
0.0020467212908140604
-0.00568106690175606
0.0027973529711740287
0.0033014921849046593
0.0053539111481064735
0.006212663474996935
-5.01006186661451E-4
-5.3863753206326664E-5
-0.001384037359981454
-0.005350132898842943
0.004934569253797805
-0.00105545087160164
0.004886442647293848
0.005421067077391127
-0.004106784622955382
0.0011624760346012918
-0.004711771419069313
-0.005493507652480448
-0.0013737922398251213
0.0025312520051413634
0.0017249882803764128
-0.0035461368056336684
4.5736986668661256E-4
0.0026886312703417532
-0.004541205713447719
0.005625407096394337
-0.0033082678858877695
-0.004889276507866107
0.0012844407483780323
0.005646737994253627
-0.0016519987614954854
0.0037725125672894814
0.001955429284113928
-0.00248931421533437
-0.00313694289095373
-0.004370010264292756
-0.00429893475940785
-0.00450740974532444
0.0030555932523434843
0.004548152819854851
-0.002344241658424725
-0.001830735673289337
0.0034477026519353195
0.004063707959685059
0.004573238796993197
0.0018986479666459957
-0.0038930033729208035
-0.0033981377261028916
-0.0016763810816765752
0.005061227940058427
0.0034095232346882127
-0.004243539691540882
-0.002962353211866231
0.0042298197522583954
-0.0011196151170860208
0.0016184189739443472
-0.004433160850549395
-0.0014836777425729446
0.004861245541047118
0.0015953836677357737
6.893229890900866E-4
0.0034713444292661113
-0.004043723225480621
-0.0033202922502766873
-0.0013578357505790888
0.0011139434567240148
0.0034391000549934617
0.003434442516281104
-0.0037328409069299923
-4.5181287927136514E-4
-0.0031528378430515504
-9.394077101918636E-4
8.222211788871651E-4
0.0031792781874661483
0.0033678347549667706
0.002817544298088637
5.679983014645473E-4
3.6279943478838056E-4
-0.003904425707837714
0.0026418388519014505
0.001037511372773509
-0.0029093189137103597
-8.388157770877434E-5
0.00309486746517768
-0.002270366676686038
0.004102711466844812
0.0028788835199630514
0.0030195455046411585
0.0017806462314986671
0.0035141553057239016
-0.003602169433189927
8.112666747216791E-4
0.0019591830223260323
0.003552800733821019
0.002194476289990703
-0.0017477140430634422
-0.0030306181673669
-0.0033436511339990883
-0.001332871386730979
-0.0026759858152644238
0.002799551100602045
-0.0028030816014418423
0.0031886601355990596
0.002999582821246565
-0.002941231512914104
0.002653729411186283
-0.002856492806672142
-0.0030775853514764767
-0.0037866689724651414
0.002457040630985021
-0.0034049590833910145
4.405265338982882E-4
-0.002404381130417442
-0.0025168809076918475
-0.002118160309097472
0.002889853581794803
-4.373367251240536E-4
2.337355726905083E-4
-0.0023126441412315746
0.003033303113474335
0.001917430769915227
0.0015303855175532492
-0.0024975653696238612
-5.842903759985399E-4
2.047457613070962E-4
-0.003141525857418316
0.002979837614541585
0.0015721415390704567
-0.002424843216969126
0.003480121643281416
-0.0017678622145818942
0.0022578311814563864
-7.647163993855089E-4
1.294218594428765E-4
0.003599202079653564
-1.0312540067534784E-4
3.4187050454885016E-4
-0.001506079990543806
-8.139116032681104E-4
2.1397564406970367E-4
-0.003746889155838323
-0.0022468049807403035
3.601624214237227E-4
-0.0012562826501630515
0.002500829390326877
0.001954521203419321
-0.002416721396774511
0.0010959362382525855
0.0019070252574074995
8.487363400917402E-5
-0.0022535401904144508
-4.4532329438462813E-4
1.712009070144378E-4
0.0016206707153720247
2.2716194713088883E-4
0.0018445197426453757
1.8784232520371085E-4
0.00112177593274578
-7.80564369455088E-4
0.0017317083654226663
-0.002227734253410713
-0.0018974398685758546
0.0016824518582284193
9.965800911078905E-4
0.001456560752287121
3.657966158786276E-4
0.003227955409296267
-7.875256615045148E-4
-0.0013000767309051544
0.0019011292061390556
-0.001467023893836582
0.0013567737528031336
-0.0014537007008062158
2.542311191276246E-4
-0.0012864050932239817
-0.0016924141723512
-0.0013408274195669514
-0.0016683641300358997
6.829723378618711E-4
-9.800553793889875E-4
-0.0014999396153084377
