4984.3453783549
5121.757301874476
5731.689222660794
5007.784302435371
5011.417798073419
5528.9928216991175
4990.428687332194
5737.290537904992
1946.8067399581944
5621.092013207225
6201.8756206537655
5027.325151500311
3890.7930771921206
5021.140019081221
4411.47939054287
5238.035308718012
4427.3601274865805
3884.449963773127
3214.791129669111
4447.4026610079545
5586.35350989782
4391.476593436287
4930.135917421799
6132.302515257014
3345.2356303857027
3056.348816361016
5216.046220355738
6415.958339303171
4616.096540619537
6222.546896678071
6128.943405797156
5238.378414333881
4935.005378810156
5131.749094233441
5721.698416932981
4463.78791490676
5593.875313873617
6221.0446784980195
5601.925158654267
3887.6360224486875
4458.8968974637955
4438.41639299805
3733.9219910634106
3926.8778712463813
1950.5773292619222
5586.531225755921
5010.568246614607
6138.92972883583
5606.75460241082
2009.0305807066652
4429.157578260558
5059.89315370118
5018.602304177716
5156.981561027754
5009.639491148066
5026.414815548598
4439.3115706200115
4373.771242589893
6438.298397846836
5584.3157763260715
4389.031715788149
6285.293854167566
4986.572619028012
4992.4488923830495
5535.10807540733
3936.725959052062
4555.470730392682
4933.838657674334
5622.594364242979
4613.524100704967
4310.4203780972575
5017.451818615973
5590.397120984658
5013.261932193072
4531.8043435717
5769.437462232523
5533.782596212669
1943.0586494181657
3151.2671945188135
3044.350612971686
4521.8116513661325
3337.407244710435
4929.045313790585
3921.8410321589404
4935.331865622982
3326.910865641289
5615.39821514153
5213.47407707649
6791.332187943115
5607.751202977047
2014.8240688258684
6186.484291962559
1980.5371162817614
6193.828328502662
5535.294441795904
4435.923127553899
6336.544277862478
4819.141719498247
3802.054788106551
5617.4133951190515
4820.140037321924
3285.400313269472
3658.7573481508143
3767.984158119855
6281.137413869721
3193.99586134338
6191.3652797296945
5145.179134644861
5136.647252020442
4370.792501420714
5026.124749561289
6437.956277928763
4062.1047573363962
3219.7734170698723
5616.999732227095
5025.327278133813
4437.526236508503
3789.0659143735274
4430.28744980096
1817.3119520491089
5237.526471878087
4432.463080315076
3336.7555200769643
5647.340767397154
5161.313261687975
3730.213808934302
5816.001906226564
4220.1650915374275
4991.941576592052
5025.770276218142
1951.3051399379804
5615.996222355307
4393.936489897996
4983.449732796941
1964.991994634136
4219.164438762563
5763.958131689994
5237.264219805261
5736.587558864866
1975.4892599615712
3770.814944707645
6410.453710316497
4431.186697605714
5588.382882567612
2658.570370898422
5047.360568174473
5837.998152845632
5531.167559325261
3833.4837677374685
3370.532930765447
2194.9531198801856
4332.460254114002
4565.414554809347
6326.690249708434
6279.105859126337
5006.792692342224
3053.928108889066
3866.8764883536446
3861.1779410221216
6793.795093906239
4297.751146219343
4376.878561994602
3892.7089783104884
5022.482803819466
1820.3122920212418
4902.423989650729
3897.2389259104416
5155.424124153884
4985.036561288198
3879.7667077462083
1970.5221327064635
6134.9214549242515
4996.019204103299
4638.423795576469
2650.596583114201
4335.056509202998
3148.3216494991434
5625.883029604805
5020.806299511818
3847.463534649523
4433.446033161811
4246.708535748851
4330.18634940157
1222.4729788995844
3395.6715492071667
6393.533719066906
2547.3846212445355
4402.018636066051
3321.8752229327033
3831.347007284492
3882.7380026972464
1889.318578820267
3143.034480659145
4335.916006156371
5237.7670733762025
3147.363439324728
5150.65454583841
4421.184596156299
5496.271238700576
4989.0049813848145
3212.534184539048
4466.810882734274
2011.9436945619589
2745.2536383308498
6131.117052349837
5756.823233343155
4931.222214255747
4301.389177012327
3041.912627145989
2665.3640196691204
4437.561460667575
4641.424610388737
5692.976819277332
4245.124781732197
2649.74961415284
3454.957298741997
4038.444420625691
5617.254066496949
4150.077417294617
3227.3592221236286
5747.88339708059
4970.77359944313
4016.129122657742
5126.795395613342
5756.962413133774
3117.5878138760845
5197.457744691897
3753.7938706339005
4988.413738259575
2008.0773354574085
4910.605394208109
4410.406954375662
1887.8265884811658
3186.6636655152347
4984.2414570853
4396.016544363503
5686.203008992059
4986.383701262606
5679.148590826719
1908.6976064895466
4406.851941664476
5837.731254764989
4258.739647066292
5135.431420429972
4634.173100310672
1910.684634196462
2539.1237436983483
3823.853774545996
3886.0647856911373
3641.8887968131967
5024.060069038461
3211.909635480655
2647.4947810263575
6206.741210650192
5611.38498586917
6325.94916224015
2008.4075126650282
3865.326565470052
4294.0458631718175
5026.921512123016
3147.366115681507
3184.767506702722
4304.713503411453
5597.363166816863
4419.042734411142
5626.3986996344
3880.000041934849
5590.020323469208
5745.138932801262
4136.985394984251
6225.732498488773
3992.1300809029913
2005.2721444637468
2645.1104541686473
5630.6055095771535
1892.302406685488
6135.064615019265
3879.285157543239
3376.663172767871
6226.639767272112
3888.2098182501763
3800.687866343336
5016.033802205033
4935.865080499911
6004.912710411545
4240.198531426026
4934.980841980762
5022.642695475939
3894.8237773318956
5534.940722298596
3735.389328836482
1954.41376441543
5583.597779588659
4569.318263284507
3887.078645451439
3705.850504771772
4453.453299659158
4557.014013313658
2693.0933628107227
3403.6835071682926
2013.3923007220083
4973.7534778790905
3121.7566920838813
4992.882429415461
2136.802168336642
4985.521200967057
5591.412299281095
4856.276150277164
4013.5556206270953
6284.201132715268
3807.8826310905065
2903.5466311084338
3937.397163510907
3858.0487797656165
3062.6788848171454
4335.029110369768
2727.8709619528904
2126.95563075098
5837.492254321077
2121.918572058639
3826.745412504425
1956.323132595723
5587.403292539099
4479.711619926257
6400.080804068946
5611.944974218199
3982.5362748837006
4900.2260218910715
1242.3249828381495
4391.380714038706
1896.0007849135347
5803.086714088012
5138.64669413025
3786.63628632626
6337.270125579397
5758.286629292194
3224.653696439096
1321.8052072844932
3113.5654975190528
3860.0032385061754
3887.9605245100047
6330.968899799916
2490.6184726256683
5585.491390654738
3923.601001559004
4493.515434886283
1239.313758565011
5775.668626118036
3208.9954822591267
4994.56735253982
5797.109374876785
4669.861013210783
5579.931738411656
6437.450793431614
4413.322918262293
4865.812351039695
4333.889968466362
2662.7766214997187
3665.8470905890895
3189.0931251420207
5663.711336248397
6355.742768235507
3135.977556475795
2004.4058852860385
3058.7901426634135
6359.257164419534
5224.448818823586
6281.692551096077
3813.3540508217625
5203.28020535763
5355.9926743306
3382.5412950156897
1838.667918335735
3150.5572748057
3227.326682984641
6220.763063625166
4459.9426100511355
4967.941325378406
4914.959434433254
3833.3594543474865
2520.624361617949
2543.053307674977
5762.805918953695
2508.0409615461135
4299.574942249032
4975.632370436981
3811.554876491382
4241.859503793413
6345.126823367234
4383.659986990367
2496.365311940375
6344.788302328183
6776.303041359176
1912.4336606476227
6441.3212847184695
4454.036106334159
3408.9416621164196
2197.384724519103
4537.387197189024
3750.087952526036
5691.04789321492
1317.7808940572806
3117.7328055579587
3746.143877983144
3814.031707456748
3876.921789228463
4456.939198250896
5694.055022879312
3666.1331936957226
5665.185220530348
3209.3018607883337
5622.619872269984
5035.098892812184
2740.108320580959
5125.912255203613
5536.65041745686
4302.817257010869
4982.250435871871
4906.471811205558
5753.660353131676
2736.779127412128
6226.894508694363
1312.4494336727028
4864.968580582848
4929.723529062245
3221.2336393888104
1236.9361846199135
5504.372882712853
3875.106672797017
3962.1408658868972
3405.723106372647
6237.446561851708
2459.695268473494
4048.5937170236743
3885.370062266055
2455.6938464705904
5372.031402438045
5001.188925694745
3863.8524883679456
4367.961508315596
5798.406742844805
4984.729978571886
1317.2104778459823
6284.551090180906
3230.6306058882064
4981.779764861691
1225.8070891068994
4341.065373764845
6287.851335068066
5761.2994453807
3206.394037653344
3123.5917318736506
6210.515706501959
5017.038005254952
3746.5007679534297
2525.2237176874137
3776.9010284976407
4439.954544419266
1962.0983456809597
2551.2882708535108
4844.282720980187
6136.63692088477
5637.467340326972
3265.3596325242283
4384.748595667941
3794.6036850005567
5659.866822819609
4396.765526529511
5228.057097459994
6821.016135419012
4137.782290838825
6439.785218923303
3061.4329120976695
2131.907227406529
5264.946359615825
4991.451940561
3061.2177574836096
3736.695247752733
3805.7560196287995
5594.552922572439
2496.7652333484793
4304.139721699399
4863.516605549244
4893.181962074695
4037.5761840214673
4988.2526898232645
3734.9880668034402
4667.353030901969
1816.8782995954168
2136.9556564120016
3064.1485017549903
3755.6955394404617
3159.354135457619
3825.411103013767
2517.03060368179
3175.7686409429766
4335.375416702766
5192.203158587809
4375.7490370393425
2573.0118093996152
2510.676229858072
1229.464164833287
4485.357428191041
2609.026111934241
5619.01324087908
3112.8500313658124
2137.4502039528434
3830.288819954607
3883.7486796578005
5538.9740943563365
2660.0374825443673
2508.6896127049736
5056.920365347371
1817.6620156382162
3809.7359846129425
3646.7352709178854
4983.022942644547
4841.846748878074
6362.043179113876
4849.082272807521
4251.481488230671
4481.829699719569
1919.9610254103466
4997.2022685557895
6649.895309472305
5133.263503407584
1380.5625387685027
4391.165511076966
5614.739262587375
5015.435265967111
6308.436229064547
2563.117935564349
4450.997160350758
5618.5631121414535
6266.716354219462
1818.680025814119
6398.914175740412
5595.746576929293
5657.173950555973
4422.653126627719
5995.857490035026
5598.954749562896
5055.220766033284
5681.734775990964
2648.053727078424
4979.146877562686
1910.7494615301987
4411.537930890912
3229.839170737891
6348.17145410663
3135.4005462370083
1233.160806913138
6319.129353248474
4300.933832990321
2515.0332016806437
5608.522477366986
3058.9118125808545
4141.333150941699
1359.4284332854213
3832.051680642036
2154.2938229684573
2773.725037324457
1887.9567550701759
1973.4380541634691
6437.689494265986
1896.7780067316553
5129.090170031132
6416.2907737909345
5592.406742806963
5661.039161015754
4979.427491728221
4398.557324107377
3392.1361706077123
3373.7201442078235
4373.493344624426
6667.166096214087
2644.7111820759037
3826.49384174247
2658.006298724406
5753.374035020492
4339.072880064599
4465.687908499748
7146.794002509615
3140.9285003353207
3229.8690280817705
6197.954725669808
4773.709155635221
4861.145531943175
6291.002654493437
3344.883065407862
1920.120490265168
1917.7567517130744
6734.9054106102485
6188.917422184197
6321.652241890821
3164.9563477849483
5681.182206044166
4908.674848310505
2792.141455828325
4448.327443377816
4694.084823008129
1836.2343200192993
1960.0427557720052
6261.019297857055
3928.1263400874823
3063.951688108488
2548.945354534242
2558.147756133953
4304.628929985664
3751.263993395497
4936.663706364024
3357.460288275276
5610.112157932227
3364.6908526751463
3749.1443465563348
1375.5168857522435
3820.12484366624
5624.0345552208055
6263.691740471552
3230.0798570805146
4904.124218676147
1545.3101930125904
4345.445457768935
5026.669939820854
5687.896593036679
7037.673771966776
6732.282469936029
3135.913378068255
5615.501789302697
5734.990921251221
4407.847020854588
6135.756453481394
4996.0112631893
2008.7000641934017
3931.829914963624
5580.165845948109
4296.3371413273635
3751.9366572635918
4871.1584239614685
5803.273264877723
2504.1649200572183
6734.880872830179
6635.405001739354
5058.848196785085
3158.5357368905075
4265.83631120012
5333.043232482226
3130.6639048262346
5571.167799286537
2616.3609579649255
3785.5699478452934
3919.3373232555077
6409.094219635708
6542.902622196803
1236.252163659031
3921.4483742931966
2576.339191679938
5684.59620275917
3829.8525737970826
5736.2698644490665
4413.026560994878
4896.9947554781675
4976.861812632584
1918.146457758687
4637.56597932244
5800.834712503234
3892.4875637585415
6379.724933933094
2000.0101697320933
1888.3026603667174
6195.734067558874
3350.6908298576404
2559.368804370191
2816.1641847199403
3375.068245064221
673.8183027333785
2515.4855019683187
5108.446165321726
4037.3080145712515
6233.965083534515
3745.3534059366784
2654.252135745224
5750.6406113685025
4998.972390875462
3641.8672791697904
4413.760375295268
6735.0479942357
2492.2861603492893
1963.6783875203146
3885.273207293051
4977.594196871211
5534.964076056014
6200.512784478136
4390.751107962357
6552.23198129303
4405.75128069294
6915.427877409902
5620.781244989001
2496.0838081407137
5291.253505587564
4851.462706044765
920.3809846918655
7037.175057650601
1316.1801922959469
5170.388608187828
3787.475995712163
1216.8420489809118
3135.0062832531544
3834.1637214439843
3702.478525131876
2522.07701558032
1238.4387901959487
1383.6545660777524
2520.2291937806294
4415.527063253514
5545.4150988007805
5177.900146015946
3815.4503065443773
4895.408170556477
1825.7847317288954
2757.466946931596
6773.247098744221
2020.1654154010241
2487.8835146914944
6362.808351863256
1836.9176937868722
4037.8225740614953
6442.768483111989
3661.1840378219454
1217.683328274699
5063.7378608690215
2661.213493167317
1239.1580559208612
6179.367695040267
4846.692508354795
1930.2609172844343
6908.432186737853
5595.9757493119405
4003.2954733892075
5588.964425167185
2181.690522622447
4420.829638317177
1370.650065944278
5269.866027410169
4376.432533235708
1890.3051368454587
4912.808743605893
2458.5783158561067
4987.441469546885
2139.683659769756
4283.508569798972
4243.479347205457
6134.828885036819
4901.327755365165
3130.2366963084655
4879.770840629388
2150.0878020000678
3750.3437135141567
6643.2966996943005
6170.191899996605
6885.282178180697
1332.5529637265736
5718.933896769476
4553.705911708845
915.8028253312957
3131.327337706331
1933.514515502684
3202.0800645713157
4858.717446597096
2470.4108233988686
3214.0434922007175
5659.382011029379
5655.01811379068
2485.8755231810924
4461.115629237895
3153.4725411899312
3091.3445472531257
3146.7845958748967
4614.912855198174
6926.682430479344
3973.715847498953
6366.673000780031
3882.5483415832077
1396.3038146676276
1970.7926263388038
7139.279196779254
3113.4098236570658
6355.371076338517
3890.012019565561
4251.503389666797
7155.03271770188
6217.51233603009
6403.268878951509
6788.884456104204
5796.349651924124
3118.4506696174567
2143.9205967825187
3891.4576447845716
3753.125243465351
4392.90871839955
4402.8438801563125
5456.268277762262
5115.444434209261
2563.508883673519
3217.0438303412834
4536.702461408241
4389.343596415483
2803.306603375328
4592.127594677027
2550.5756825398757
3663.917254689475
2192.145266190179
674.8271272371143
2496.5818674873503
6402.29702579315
4908.619987351067
6892.926174026792
4880.773875161782
4987.430020427904
5594.13297419532
3263.885266063452
4990.734884989667
6829.442853022837
3179.46428009941
4440.25621124357
6835.736716072598
6063.440562331695
6504.911183188843
4568.530139403365
1983.643864936398
7015.94093207613
6539.2873415618205
3826.2063540268623
5774.654104170912
4690.774582105752
5712.044799713703
1526.9682305714236
6235.63217538979
4989.070672655648
5581.744718462235
5989.945024879104
2495.9919437010462
5813.430926150645
2736.468000006142
3945.2320249702243
2658.079142298926
4945.427730014047
3735.0848035153126
3060.8956907941215
3214.768926192271
4430.665996348444
6096.259172230969
4408.254498662486
7008.12661129462
3233.216445439085
5726.735838631653
2514.4177124479233
5057.945304870141
3802.8485069025287
3232.808851427271
3829.199849164706
2507.1514206162547
5713.136207783426
5605.215219237143
5147.597274594314
1929.1638178037242
6638.119136105056
3753.464923614138
5769.9000370498
1890.9344904375755
3136.9985330400873
6257.90011243111
4425.374794040852
2524.098613656328
1838.409568327609
6621.097580949161
2466.6385855623084
4729.100863187692
1296.5427204763137
1288.0414970793584
2654.59711785943
6338.331926257905
3668.1926029261967
5602.087052303906
2899.2768690128605
5118.938356571883
4469.528294592935
3229.2119364353093
1935.2671986147573
2895.7705734790343
6604.907949346357
2527.263968198391
4434.287608437227
6235.745076130724
6399.841645951314
5137.3376061804165
2183.336982061674
2002.4186151310187
5650.973982765368
6096.411380353017
3644.3252912398143
5609.60647989807
6224.015589514875
4975.733726487572
4324.1166742174255
4422.534673303347
6918.920490255908
4439.8905141934765
3661.397607293463
6402.419578496485
