0.03627273652884386
0.15594066183168107
-0.03112287427903575
-0.03466405822066276
-0.0812271622877809
0.015535792673126856
-0.07684635128661935
0.0468384433386901
-0.07165742408226804
0.061421541575559103
0.03066339831400168
-0.0070482035442188
0.04087072591772163
-0.04854844021702273
0.044172088142431724
0.011345024721668703
-0.03431485682896795
0.05878606251331034
0.00909515399220328
-0.04805004339323472
-0.04875875941757377
0.034765845610150274
-0.007707530277625538
0.055864542649445126
0.006026396741424013
0.03250880289007468
-0.04777236865986692
0.06586330775559274
-0.03410414702655667
-0.04302064782934131
0.04550402318013888
0.05974442583740078
0.020267631346885515
-0.04346685292207013
0.04587055623066369
-0.03984450265931174
0.024226998048500138
0.010263530251232719
-0.024012749044456824
-0.028760028553642708
0.006806139786438287
-0.012121252224021821
0.0612428529037708
0.07566120592614943
0.006480200793547153
-0.037368511832352805
0.018576972225382543
0.014572206528576662
0.02921797291747467
-0.026922416986915863
-0.016355796940764823
-0.027502125909590818
-0.07331979625766594
0.006967120343031148
-0.04047202721765938
-0.02450812205103583
0.04391028549494057
-0.002122842760213088
-0.009740478066783713
-0.006738127286770325
-0.03473282238038544
0.013004624456733446
-0.06913132144853942
-0.02247788938235151
0.016028923803181296
0.004049594676442195
-0.053632097607231984
0.038106355533089206
-0.007444582164055129
-0.015244404974001872
0.010668521294940688
0.03507042331974698
-0.022153173508088073
0.013487389429787179
-0.047879054057451784
0.02778027426330953
-0.019109186212032482
0.026897357515682268
0.01786297624682758
0.054389800286107244
0.02700377732611428
-0.042073266249241875
0.01210892233253186
-0.037781085055505606
-0.0033065652164329584
-0.012068718107302562
0.004226152291804887
-0.021845060997706243
-0.015923246369872655
-0.020291352630858173
-0.01840603658920007
-0.014946459885464555
0.010367118029535764
0.01840663094515685
-0.026693216462533642
-0.009439908208416068
-0.01779005570931225
0.004067186874058517
-0.004133976552440274
0.0040495431043896
