-0.012603959235101311
0.012353954277081188
-0.008045247682987854
0.010506033046602303
-0.008825301808021132
-0.012648531562254574
0.008223585297642281
0.009043900357393032
0.010008577988927651
0.014434155396392975
-0.008609802283126076
-0.004972035559724937
-0.007611635888750013
0.005584787469568447
-0.00667177861034263
-0.006626267790745045
0.006482229610981905
-0.010221232984088016
0.0048600409880985036
0.005008769468013769
0.00667995380382159
-0.009894234779317057
-0.005350686503552755
0.005467850004103202
0.007021411223778837
0.005892580734453844
0.006786067266002153
-0.005955665009709454
0.004955390766441889
-0.005483961928759734
0.003872205560747861
0.005631555491489958
-0.006279962103824535
0.0043639834191965725
-0.006240410907682677
-0.005500324896706002
0.004715620066779105
0.011327854777342225
-0.004392509095930551
-0.003812496019873309
-0.005439256115574324
-0.005484167903299858
0.004477351674965932
0.003149694042644304
-0.003907134041247822
-0.00958383129465877
0.0035618832793952405
-0.008242089065893337
-0.0054569536746196905
-0.0030732035596315317
0.004147423101222532
-0.009556487830916073
-0.0035588118650811676
0.0068596337322581824
-0.004624042090921265
0.0060531783176964536
0.008246157892127256
0.004413117886897991
-0.003422813688981119
0.010107963031163892
-0.009813345907275912
0.006167354709260497
0.002779536055624012
-0.004467723830350266
0.002801416855291894
0.016528224216248295
-0.004923756208314147
-0.0026045823904625332
0.0049716511338163865
-0.0026108943832306884
0.002993721250873771
-0.006705219069074346
-0.007409522088255985
0.007080565056103777
0.004274774928631505
0.004854896214968976
-0.004518269575899792
0.0028086491960567167
0.0020179115678802552
0.0037171027349113756
0.004972626360326797
0.005151339783766818
0.006290143123042504
-0.004299453993385744
4.2331457581031625E-4
-0.0021328270975181193
0.0052740661928538345
-0.012060901791708399
-0.0029364114169168746
0.011963172806685362
-8.045875534297923E-5
-0.0033748286198459843
0.003559911414817763
-0.00524553616957273
-0.011231129113587294
0.004045100542522362
-0.00631000223835484
-0.010875598572803761
0.011434538000251765
0.010734226284897943
0.0012048232397079042
-0.010799680075056401
-7.096019086981758E-4
-0.005969462087836075
0.0018383504791118252
-0.0033945179059201936
0.008813320804917587
-0.009626943485119171
0.0014010523000312994
-0.004891052852282578
0.0024756973556490543
-0.0017755056197772947
0.00919576702980564
-0.008447936502486151
0.007689600279493934
0.007953262310795123
0.007836178283267856
0.001400631300544573
-0.007325844312578978
0.00742712736602697
-0.007303215970657602
3.610429590469061E-4
0.007582108208111109
0.007275328905171758
0.007141193569088832
0.006920224990339417
-0.006828206314677994
-0.006830535424760427
0.0062927803479381
-0.003476591881341337
-0.0066451425368017234
-0.00719119140419713
-0.006497950615924372
-0.004293501395029989
0.006414964841002785
-0.006003320542615714
0.0017720301525400734
0.004714526228665283
-0.005562006092728986
0.0050541281213445765
-0.005059448422710517
-0.005213938548625018
0.0017784333735266446
-0.0054744062229019445
-0.004784113281769434
0.005187918240154166
0.0053869105133195205
-0.0051352016631500946
0.005400686665531695
0.002145724691045618
-0.004377973730670385
-0.0015815748467379674
0.004836206643910683
-0.0025515063235431483
0.004688567385161986
-0.0020766587893083282
0.004600916786928687
-0.004548321692666644
-0.004475450717689071
4.136093975698751E-4
0.002755249884636321
0.003925307069728165
0.0024287601865569768
-0.003826997777169226
0.0013568800605282692
-0.004052865772296328
0.0016821058305665796
0.0036469209913006138
-0.0014427833837771444
-0.0038896418683671734
-0.00421847425881438
5.818163983754709E-4
-0.001294075132991685
0.00190278080936001
-0.0037572180386202
0.003759013427150736
-0.0034209849326098324
-0.004131573191672483
-0.003923235863739731
-0.0011904927220473523
0.0017916882705925124
0.003821842806278185
0.0032066440478063485
0.0038734380743468736
3.9947933808013637E-4
-0.003285353987005351
-0.003420853736379428
0.003375492845392624
-0.0032000678481477612
0.0010484688519686186
9.936805395573606E-4
0.0013096587549005178
0.0034836734250471976
0.0021049994815560543
0.003415161640087096
-0.0032991814081130516
0.003517388933120717
0.003428531798189717
0.0034783281001467773
0.0032486850422730686
0.0034309813572179987
0.0033125439754478386
-0.003243636515336343
-0.0032995162617929065
2.4999443847350546E-4
-0.003117273625653839
-0.0029968822106455155
0.0032237774551400825
0.0030495627642627026
-0.0024721575807095165
0.0030506989157145477
-0.002112034400569447
0.0029041970033181633
-0.002998092179484128
0.001524336122559089
-0.002717083988991127
-0.0029810369121989707
-8.419643824254249E-4
6.897160242094499E-4
0.0010002958534459049
0.001532480394424736
-0.0027404721593146707
9.429197721969677E-4
4.1393678952759874E-4
0.00263542833762166
0.0027422401679848283
0.0026115386145405383
0.0021035757156449924
0.0023439749381818234
-0.0020826581375558814
-6.223789472026798E-4
0.002159800694826502
2.2829072447457706E-4
0.0011908470523890387
0.002091962955345118
0.0019750646952431616
-0.0018268524725961934
1.9106654995910865E-4
-0.0017636651948770162
0.0018422898654543202
0.0017716560102097243
-0.0017993800425425658
-7.118255377879476E-4
-0.001047632962736646
-4.753576012242172E-4
0.0011390129984795298
-7.414911301051457E-4
-6.534596991491555E-4
8.245185177374753E-4
2.71100447016218E-4
