347
554
557
517
558
519
343
383
566
26
360
375
611
368
544
522
360
547
24
369
376
771
377
374
551
651
345
293
659
545
550
554
545
526
370
628
596
527
35
384
767
519
321
337
558
18
526
32
328
647
318
762
295
557
514
518
19
302
515
591
528
541
359
307
524
655
504
719
709
349
761
725
293
706
312
539
505
302
729
673
358
592
45
347
536
630
291
668
352
614
540
518
599
666
663
717
551
660
509
569
348
361
600
28
615
503
660
668
538
611
781
285
528
51
16
517
509
27
560
33
30
371
285
310
318
773
307
639
651
779
325
665
33
548
302
571
506
718
512
553
573
756
16
305
717
15
774
547
732
730
776
761
743
724
674
341
19
667
377
540
539
553
548
18
561
535
780
550
650
317
762
541
606
525
739
701
305
654
560
541
545
662
574
522
728
562
661
785
715
748
