1823.9909242293813
1833.5505616605456
2501.800727245401
1224.064396470998
2494.452400745085
1823.9834178777949
1840.800511542555
4338.494245954832
4326.7442440602335
4342.740341707721
3742.7968559642813
615.9839191717472
1924.7921089689248
1260.4757018484968
1326.5513934839478
2488.247740320399
1850.4859090067582
1895.5261323950876
1262.539644705402
1326.257993868563
1824.5135451085143
1224.0759917632072
1825.4908632128784
3726.8090737608886
4324.47880785173
4900.593002589417
1266.2711576308604
1865.146678990107
2491.4580808612673
1878.8525662886254
1219.8809353545394
1891.506167003689
2486.2148225709557
1334.3591066598092
2473.55214746308
1273.4784262283827
1263.5789980039071
623.4346928925615
1900.7805257120929
2011.1977645038744
4903.871634660241
1322.4281822411976
2499.1930711166565
1865.7473555279737
1346.4167387911973
1267.5952014826883
2497.5337426010133
1284.5284813668022
4340.585923550251
4316.281530728013
4906.481454417019
4925.222690603331
1255.0089674134192
2464.146209503477
1256.0755823941777
1899.2255121182227
3736.507040620368
616.8664452646701
3083.802138630688
2482.789851099352
1219.7431292631625
3152.4933407728845
2485.03505473121
1326.1830737379155
617.8567422311519
1250.7618076789865
1215.6061504910385
1274.5390270324756
1253.9789856899574
1278.7161629321395
1225.5791915586483
1266.6388055523864
5561.482228872013
623.7249957968892
1278.0989659523436
1225.577615935911
5558.784314115271
1216.650620637035
2486.6173741401117
1225.9441227147895
2484.599303242805
1892.85395484757
1823.5743929636574
3722.6785671636544
2518.881866533203
5561.809915810078
4918.451926905597
3100.6613599703574
666.0234562576371
621.0606505937224
1282.8076123828287
615.637696723562
7582.664932244844
1342.437621745337
4327.8756689518295
5576.377764830262
6409.948080163903
7569.630156431011
4325.276447493841
624.135132552247
6756.7621585245215
3730.6685714721048
3085.980746248137
624.1278179840577
6756.071077849816
654.5815921925678
626.0629938183671
1255.6373229528556
1845.3806603426324
2492.8326983512566
1892.4971649673141
4905.361235135113
1948.0810975020092
1892.9219357469608
3087.075294223604
649.4069907453244
630.0931905970441
5566.312574646457
3737.519316504301
3740.6395546551635
1275.696904268375
1884.5108848601365
662.5775225201133
6766.2704967970785
4324.1388167608275
1239.7821421350864
1819.853386899108
5553.269153364686
1285.5406929814396
2426.2390572890877
4336.588103924073
3721.835921430469
3661.870971613819
642.0152980769789
6737.732117840375
6411.470833551964
629.6959124790617
5561.26642970683
1290.3386835732294
5578.564173669541
2508.754585359741
2428.126933025369
633.86713499951
4392.22090576743
4306.536067768375
1215.8518538585374
1873.9555878471174
1264.6011876791295
1911.669647632233
1291.3053933301028
