52380.923777537566
52980.91853754089
61340.19241411078
52947.07331856975
53580.91447770566
80353.73161724104
53547.066999406234
61940.18838654029
87860.44049512495
39560.36588003616
52347.08003918424
68567.55747150928
79753.73776506775
82753.70469112674
60140.20437957315
60740.19817481661
51780.928605099165
45169.13624328109
82153.71078908123
80535.97075364449
87260.44689361575
45769.130335129856
67967.56186903072
35445.34882795787
54489.52106791769
46108.18324446117
40160.36160558396
24672.541603796497
53889.526508379924
54147.06254119761
107499.1956871341
94522.28310485905
33469.63630032549
6265.051305565827
108099.19042881434
86660.4540530687
83353.69978118321
93922.2898452871
28960.62251264803
26184.84678763117
32869.6399259602
17742.01332378711
20683.90736013328
43904.02459049373
67367.56564914322
76728.31243914017
70149.24296894402
54180.91276921702
59540.20959354454
4232.666523157819
13980.367572624511
7199.702734324176
55089.51679748501
53289.53247683642
62540.186945635745
9116.107900163552
81135.96589196051
93322.2953597023
80953.72475060807
44569.14247495898
2680.393826565608
20472.985742761168
60344.03975089731
25638.27588488578
19391.38814466227
25870.71938887219
69167.55347372346
40672.24905758861
44504.0188444853
59744.04249939108
83953.69642687314
88460.43556695092
79935.9755020794
10925.07394113712
46708.17919867207
75528.32714197059
17142.016275411468
76128.31941411593
79335.97930509498
26470.71644039661
13781.01188878966
63990.07564272303
97214.05492674994
27152.086030756986
52093.836750496805
63390.080260521914
26238.273159129705
69767.55071485367
75898.87421182575
7775.165766464096
86060.46116457492
65006.18220130663
3886.9756869322964
14200.547535032829
9491.062114992226
14568.072468124123
16156.72357315347
21072.982749246963
30837.203824990764
29721.09589989026
61590.10125980952
75298.8758276363
16801.18391542482
18442.85978634953
6795.164193843636
2043.2010844527615
70749.23782154884
30661.475823910074
65589.87170055456
23074.77054466727
3893.4007583061966
2584.1923542051454
43304.02996256228
9188.371928203755
46369.126138870444
15672.029576720743
45661.126534523995
8597.915818213387
36045.34490906953
5740.89326356943
32982.36989429178
2663.4813891368794
54843.63027739477
34522.50421796239
25272.538112904193
22317.323361490493
31908.86434284882
21874.775475458242
22474.772605869322
5547.5699254674
38360.37615714282
26784.843938516122
62606.20679437139
4477.784375900794
4456.3469620489805
121092.45260588014
26235.664440336976
59144.04610248126
6933.068529518948
2693.4026069347638
23065.893100758713
28871.720739102908
12374.347475690305
40173.98647105262
25584.85035754025
2634.7058887843295
4229.665841245375
28368.581313043967
23639.601038047607
5313.583753028314
4478.355920063496
16756.721052780606
42176.42111684594
34861.59596845403
34261.60030991281
98414.04466871577
37245.340698261716
10059.486232606225
8892.9699099141
9467.436150063273
26835.66147342309
51747.08561279355
66046.27906846427
9228.041163717677
10938.976441284041
36645.34166209687
4465.634352053824
4571.8371104759
2084.9939838601927
5745.883001305765
3582.6280910207756
5064.747702838973
67389.85500899315
32269.64448872399
95122.2756105443
7498.283762802857
34768.4791362915
23665.89135433087
5135.141270345424
9209.0278737749
30061.4791877181
111699.15216882192
55028.41733680148
8659.359643799527
45508.18741926483
51843.659039475715
60990.10670522751
112899.1474492991
2056.0310154327553
26790.790036649094
37857.812819567785
23039.603053053248
4590.099035869528
14047.675614277145
6122.575951295194
6922.7420617435555
3355.9535705444873
27708.947316241716
4473.706864729973
6659.427717182263
40760.35982817718
46549.36009779832
29560.620301251536
3856.028610976542
7277.213364537532
3331.171252135765
7434.954264095903
8335.56080819726
19706.218868984684
66646.2776887399
41764.92097832245
97522.24867098335
25635.667728826607
11890.610524134467
7732.822044180385
63806.19633820225
8066.2830740931895
7104.394326077675
2646.496627882674
7395.162955728389
44576.406895168126
6518.878100546583
31308.866697037858
30235.278278835656
55443.62850251585
4024.3506122400136
2638.418590108925
7648.162452912656
8851.518192977972
2029.6568425246217
7352.260517122715
4166.678608644028
47308.17681266902
9787.183709208406
18701.768449179803
21087.274287806827
8638.805970508827
8927.760821976202
3243.1995993126743
2078.1712929739556
19042.85673584447
18101.770693938608
5477.218275358128
10277.384034614517
6340.89253549908
2667.490737506308
21274.778463461313
3802.3595954985144
73728.34622328007
25349.85813786684
5134.738126146193
3880.3919690108755
66206.1706394927
4460.958025658641
45061.13177601287
19844.715698403135
4223.051394157537
20103.97221435214
7722.472945634403
33669.03968964216
52693.83408245598
5686.973776481414
14233.94901935271
38599.5412969746
2432.6687148824667
7259.426188989967
96322.260485631
25872.536547368556
81553.71763997077
4478.167305663161
66189.86661881619
16604.43943059249
73149.21423156509
13523.833242351722
15216.169762533582
12736.280881669176
13244.736245024244
67989.84928929883
2433.4904742125013
47149.35840357064
38960.371291370866
33922.50646002342
9165.776278857522
8350.914024536789
8698.280320875085
4596.404401227567
81735.96171244122
37999.544846840145
4426.927325593056
8873.191816070968
22917.319776644137
2629.656044857908
5202.464281853527
11255.664021549073
31782.37582692496
6739.722832332778
7124.689752013145
10943.776096727146
11957.11000852645
3675.109791103336
11264.86957232819
9942.777718218027
15703.064320195597
2597.771070808474
12826.084019233802
4581.258859696903
10618.092306253937
4588.1550897333855
30237.20758823269
3267.4899515718116
3327.936665393498
19991.38515077859
55689.51421903417
7093.512530312441
13034.86510376181
41373.979205251366
6983.13250441241
7995.16162543146
65446.280429079576
6461.667167094384
12251.09377238639
2043.092948795278
6299.913934649514
4736.696826107386
46861.116237653616
7760.053424621104
21283.903865613618
10617.36090055441
3305.189799679122
7050.527406980719
74328.34135550617
10000.755184766087
77098.87085650416
7240.8125272213665
9599.945275897926
9114.2572145817
5974.663441442465
6677.214817333332
3787.9451968688973
10270.659898428365
7488.311693552209
77928.30377023286
4699.190946080164
38468.50655999727
5287.956172275316
27108.950789170216
6042.030347318597
5508.685698092702
5955.132702746501
15784.078035291242
41576.42561209498
4195.970251137046
62790.08682609487
122292.44581560182
21672.981388996384
8606.891199139089
4235.679222156473
7287.042817872464
7170.831065147962
9377.91059763004
6632.66422743461
7135.563510738426
3336.9059667051083
4598.552500967946
2071.9019820227118
5448.405873655587
9949.271473734734
12360.657594025133
8834.3354868017
54428.42054936834
4574.404997076762
5027.272618627513
1823.2712875740233
15832.761733502759
1832.7397623793752
39573.99110538622
3652.4211264151336
2054.086388074537
64590.073750964344
28360.62621046932
4480.391199251321
4264.831920199695
6288.314700086326
76498.87242082175
15168.070065162088
7451.010607322734
8088.310077476397
21105.689088551033
39068.50320283984
10284.731518049179
37399.54981920581
14813.767465865028
32037.199743029178
7229.663475926618
32382.372245966108
7680.867677020545
7993.358958247583
52089.543284515225
7118.876884352094
4224.779904146381
29035.28621959102
53828.42452306031
18972.68336891882
99014.04018552396
6851.0117364161
8471.184406787648
6691.300217110566
27435.659356128406
6995.433779026208
1829.6676083638158
96922.25392635082
70367.54968639987
3238.4183016090547
16647.968720620986
5226.39147159069
7799.70086314939
37257.81480118591
98722.24344981542
47461.114352218756
6865.050009591574
10659.484518081097
107828.22680468315
7308.469682802244
92722.29925899595
3595.9711542849554
8468.019309672074
15905.179565567316
3775.6866975061794
108699.18405055029
77328.3070204457
33465.89098224849
41164.92279449079
42704.034077360695
13274.303380487916
3479.3881320297046
9455.80524061459
8468.543938861632
96614.05953111887
11976.69501862056
8329.37340897404
7916.832571725201
20444.713148956773
2678.170117641352
4468.99019215204
5623.573345910526
10610.10108338465
33661.6046728139
3856.389838870895
4672.472773128414
2416.986999064087
42776.41648266997
2385.4723691726435
5092.641703372482
13684.074273011704
112299.14893698608
12726.33029367632
5135.509586303756
69189.8400585303
3642.311047296108
111099.1569516824
2884.7343183546227
1862.225875902177
12329.01979551118
6898.285564261171
3229.6556615138397
4052.0805496479416
15274.563046394105
5559.598939110765
1403.4665665380023
8491.29460836047
14403.523222179463
13107.420045496481
3846.3744241334352
13139.098924606575
7741.293187764607
2684.993169471562
1852.7405549764492
6599.704653180465
3026.0826533002137
6673.864715321767
3943.3306577848134
124092.43077940795
1226.1785458213815
30232.768035460806
8054.421177354034
8143.452635113112
6992.885379495859
6048.405286688171
13093.696233330007
15975.094036028711
58544.04950466342
5440.370924416601
8344.620726766856
2692.6452030532328
9951.989069128385
73749.21251111905
39668.49994435619
5450.071880511921
4241.606363954482
6702.142491452221
6147.568776844006
14116.881638426874
5505.695721203726
3882.8570961474497
8935.559681116345
6575.169382522125
7291.298458913114
4486.974736183436
10615.19582384464
84553.69488165762
6532.824567250911
27752.084402195305
69789.83723144808
4612.478267899363
22473.39629111158
67246.27664506355
2227.9069750989747
14081.027036102754
9928.370958557907
16245.0305379125
19642.855998159237
5119.478379429587
8310.322144416054
2379.0801794441745
2466.421676158208
8060.007934719197
7125.800089222275
8375.164108539604
19503.974329004686
11935.033222635573
5228.887663217963
7712.377083817059
6298.287086619592
4229.256530078273
7466.284605267473
1824.7817152304683
6818.788026833031
17473.49977787914
6286.973494075085
7132.823411109984
35368.47466931327
20703.971336807277
52028.43793645928
21757.42715326592
4039.02753696027
10667.283197109511
8091.940008906495
55628.415129303874
6949.573911549893
4253.153195504967
40773.981908797236
24226.206106301364
12107.572339150767
18757.43779601034
9943.138979532305
2447.342633038012
34168.4832972509
3799.2348881128155
13426.082518248846
9141.620362111778
31437.20066952716
2093.4034885643982
5665.052520071184
4721.329472551602
17199.841618203092
5140.8942816949275
3796.5159237518187
12345.55688938951
6668.54870937328
34269.03836124203
1484.9948467159873
6524.690623386557
5078.3554667977605
7764.715498894371
6855.3607444509535
4568.854055851799
8102.927993693022
4877.219477286253
1832.6692032158228
10289.415592362753
3274.6348942231966
8514.655826868735
6705.692454081741
2649.875818305938
8079.309502745924
3766.8549788216687
3632.667348760832
107228.22841392462
2072.5931717740473
8688.308620977174
3820.976915720354
3214.2778202095474
3256.029311343237
4604.510470536004
41872.242872833944
4706.674006514546
10687.349685277444
16575.09189349223
14055.723427375156
14824.10521052311
8386.249015431002
8940.397234005348
7133.239509697341
7393.360197909784
12226.085890428352
4240.37191026921
6040.370219686952
4619.583597140307
1261.1539273044436
64989.8758221167
3624.7803334471105
4416.798561059728
7394.397165731205
4930.798936686239
84860.4720464046
4824.476929376482
2593.3453166261506
16289.666601335442
5743.3274490439235
3874.2620319447387
5491.219820908994
30465.90475827564
23517.318922402414
13516.93419818407
10611.410061610995
4581.881477055085
3293.4017685292556
3979.214639456684
2656.030002717529
3856.347821824449
6091.301605594387
15305.181198386186
54243.634612111826
8138.734181121707
5801.98785799296
24984.853529369808
16195.990578193441
4159.04301771916
16714.716501147446
108428.22475254204
42364.91987360202
79153.74276915139
7468.570498171491
3895.3528742616013
16505.177415693233
4405.829269009313
7158.557808466635
27384.84275475398
14580.366294880512
18903.976970320145
5067.488087656597
22465.89601427583
8319.870051698044
2908.270770882788
51489.546927079435
7157.883925042376
7135.441522543227
10617.178569866648
3282.5731306073662
6499.692530156868
66789.8609238044
6535.564598042182
12074.305964623096
3249.8754845911576
74928.33474685712
3658.7723097416565
24119.057981277565
3213.9643127861004
3705.2784224462143
21044.710979840656
7801.291472721982
3232.148126695102
6846.137232960372
29635.282162758962
9599.538204162205
24435.673106854054
5416.24601998956
14216.990893648714
3292.6442536063605
2621.6711499316953
3706.3203064637537
109299.17701081253
7278.14892656123
6847.653191743919
5019.937361930149
8450.864763350883
10067.284358053803
5613.512029483651
9091.29324888378
36463.756734076254
3246.496169368673
10278.421987586167
2473.1389012200684
7977.116244575394
3647.2184974121005
4113.801019084704
4832.665945844755
123492.43595784617
65606.17571128196
2588.5510205923183
14152.375510717093
5065.633622819117
5424.7792600043695
4482.856721696377
14760.717476161826
8049.693211573096
37663.7517218027
14859.156264854972
14307.417055569134
4667.257433037604
4613.117664099551
5126.8172085083515
21644.71034762555
53293.832495469134
89060.4326303981
17513.92505257189
8475.565305772141
6105.693998918943
4606.502939103107
6554.920250133376
3220.341571597857
5385.000214091701
5227.163761083453
7868.545375742289
7158.530354736541
5367.424244305763
21705.68667831058
4155.062572791736
8932.819452865187
32865.89247245926
7137.370074903445
9939.87755172758
23228.767500539183
5530.798372069189
10614.471524713581
8055.358492427938
13707.418267101044
98122.24509750864
7887.042150033623
8927.818818552118
22314.420106302794
8325.797354108185
34832.24805963418
10948.221489708814
30835.275495437316
10534.932278902701
8471.511184576348
1429.6576429317056
96014.06300950212
8380.880364409428
82335.95884217593
6503.989903184969
4419.472808157372
9604.684672297499
3921.269789174533
1229.2589897539433
2578.7429744109404
14695.62144609313
8233.80854350286
8450.996995378273
28310.086573041717
10292.227544921901
8047.650670431757
17705.17299849083
2955.7763744906006
5684.726841566824
16198.95158879071
18157.439229311283
7449.694094916186
10932.644613162553
4456.031259647413
8324.687354549491
5741.959980096491
1245.0956386332516
4415.458245679123
4938.529048844323
40268.49701966318
19629.82178061946
7112.378132225
8353.0188514774
5250.968587647631
5692.641385905298
10087.351204831883
8626.100196458636
110828.2173384978
4835.6786818331775
1951.257664289768
2011.0247575864803
14012.533797433774
11236.589384481897
10946.792229217868
7447.652033718791
10141.155963744277
7875.566568155676
9272.693330747592
18293.621472338775
5025.938520449636
10275.610669693699
4089.8200052942175
1233.1013265398417
2424.757424745519
9885.060201062517
4420.910116872637
1473.7113360740261
7891.296495657144
18216.352138480117
2933.77076734302
11957.616271225943
5540.2110774641615
124692.42592225174
5958.532943455155
7240.368899177492
2452.740246120202
3812.5034809470244
5132.327577137421
8405.969623100798
3221.670552099766
3805.93387397623
17775.08842593595
3878.168224998587
70389.83593066332
5068.989922960586
4474.261604555346
8593.357951700618
3820.910663714108
1377.751235489935
17203.269738938816
2750.6034213685653
13046.555530793537
9933.124793252719
4413.408128630596
29121.09800487307
14360.73595417283
89202.3691128844
8106.556993922745
1922.7917022170138
16332.94475150383
5617.654317316801
5060.9573582461835
6222.370497288721
5075.697588823744
8733.06338486366
3329.4524101092707
7061.666134910019
13170.893029975843
7254.576146100346
4464.748396499973
3722.8119109946256
8614.327708144814
9266.280519606029
3066.4214501223364
13195.86101947568
3867.489135318938
54747.06096680865
6783.830217234711
2836.6812847096776
6640.3694806593785
3533.770263586446
58869.35724982782
2643.2001537125598
1859.831134061781
8903.986440377072
3640.3723370806474
136531.15872898808
9261.094466218652
8051.009264057555
29865.907580628187
1830.6485803054582
6059.428997667236
43976.4089120001
9264.066669943008
2039.8811836483062
1390.3532652605497
5491.302692486844
8335.438981163572
32265.894934509673
14321.778490804183
5660.195157323985
12669.9166203218
2479.928936942487
1403.2040248378114
50828.44501714945
42472.24202065588
5968.18147880245
1367.235756547337
8144.879069681733
12688.107118472242
5173.243283244004
1968.3489971134488
2068.993031647605
6249.2972861435765
3860.9587839494943
4102.037945438989
3214.545021351636
4887.047855854084
18372.684980468068
78553.74629026577
18305.17149948503
4247.0249189646765
4766.678303564659
5895.675075583919
3508.2700960579145
15785.05339678353
6629.2549229132255
3206.3275972496613
100814.03429625629
7126.415666348385
4667.471100277674
9271.64997195081
11261.470830359956
4669.832302978652
6280.389925861026
3566.6794372347285
4692.265873666747
8999.697967358905
1243.4455153471602
7206.660338092683
3555.0633235780465
2547.680498030198
7268.547064984564
2447.9407661047244
5432.665511778505
7692.476576892043
3985.2640564658727
1826.611480761427
5749.133132020191
5338.306458066499
6510.226107898517
71949.22441267937
2475.0512834527017
18424.88629282095
4230.647001271562
4412.502972261318
5468.551156819733
1220.438191628458
1393.8489577125913
1228.8506061870562
2612.9255366613816
6889.410988291125
5078.166691521544
22439.606045592012
2459.83075479706
4829.6655301256915
3782.257967233607
8443.534831686979
3630.64752680983
72549.21841300625
17034.626686015778
3346.8090819856848
8783.128449490205
8925.796213501028
1263.8551922116753
3629.2571483806614
3108.642655385004
14112.75314713685
9714.25612180298
8933.025244859493
4454.08440459504
3584.969732019828
5056.346258197776
11164.155222829551
8458.042058116605
7735.440297820385
5119.392981786691
6100.367529377302
23674.769826132535
5073.220864706522
8477.21150200656
3817.5691816085687
6525.801200365841
34069.63479346526
4491.954339198621
2622.135877800614
31435.274521173946
16965.7047000381
5426.080895703031
8085.063601890238
18477.911108664204
4626.303783583783
6077.216540392372
3370.887453658965
3824.377821439827
137131.15660900495
33568.48647211255
5728.061112087381
2018.2443454916738
6892.640744768718
2470.655003809737
7140.401107455799
14891.452088476552
14720.22321698252
4874.937360542459
2540.543305008845
3950.615458457286
6629.664157077992
15043.574873275487
43969.14759629541
17401.182399256
3224.6234293661255
6799.843481146432
2338.2430053933035
5975.17088522595
4309.741380454457
7159.8268031127045
2058.881149513482
8033.781932527038
6574.662895255511
5487.046844467839
8083.800127860022
5706.093511543513
4542.8814038782275
2583.2416854288203
8358.527302006045
5659.713028576038
8468.427004325653
6899.91380389209
11134.978053624749
14255.579934631152
8341.292200133848
3660.9311784676015
7510.155648047101
3229.081038259194
21157.428892450404
66806.1675847287
1358.23717655946
5562.82510855641
3835.8401774387
4674.001028434034
9266.75951855167
46261.12076111361
3651.3604657499627
6641.60402343465
10279.681636176076
12715.133991837203
7303.35117497211
4467.488436550558
2462.2255429759766
7719.87121226845
8144.9204730051715
4429.655035050399
15358.550778471634
6885.066806647574
3816.6411708388855
3237.150953850609
9605.610622699049
1920.945579115961
26838.27236215074
4268.552685272914
3032.6681975480847
7087.904704994361
2417.570976655121
6522.067508112754
7724.688608702589
3178.7426452196905
5366.577251717214
5062.220805959008
8607.775046402978
11502.399591984651
4405.413202327506
14716.930058390179
46304.0085376305
5165.065297185033
8033.707797906558
23810.748081093814
50228.44723498621
6341.018095572795
1454.4813447831455
3588.035084743935
6029.664760396829
106899.19943534992
2456.200620073267
5056.027741379666
24410.747430974665
5903.946025272653
8955.451208754179
3822.718843855602
4381.722921248284
7202.097657949235
1293.7579119883142
3815.4588111875037
4678.2427190701255
2415.0014406099826
7503.839004666723
2215.406516270677
3865.013063910612
2048.939276386385
2614.278390646329
5195.338641228926
1286.6220500979798
9043.533560743852
7485.065241761676
3278.0179232925807
1252.740915889424
125892.41840758813
9285.060895745848
8321.195464617023
9535.55905508139
19357.435814126617
4409.544875000925
3880.066255730059
1967.235512095052
6306.093328770627
4703.143670118911
4826.081331863801
3668.5531562529213
8942.773169379054
8612.838967896616
8226.781455831006
6225.148882134334
22357.42610021243
5660.716353742415
2003.2037725779946
2556.0515804342585
15733.43539949105
7855.019590132274
13651.967612244398
109628.22043357287
4184.968829942243
3675.9073286003686
1830.8248012114761
20262.061670849245
6465.072577130979
1986.6198553672803
6830.357282931352
6824.0126348323
1852.1041170894987
8930.478014950624
6117.70041267862
8824.912860075607
4456.028005276151
7036.598326802522
7377.11727671492
3555.776055892337
6328.060793727701
17572.483123283266
13924.4819946996
3783.2410976569054
37734.738420590504
671.1793913288283
24379.893429501393
4905.697122018379
12624.245757886229
25334.281650422356
20229.82015203115
138931.15020088473
6284.916414715672
3817.1292846649985
8910.222781744427
4574.390096249262
4924.655078920089
6232.774419738436
1975.3333446295198
4424.377384456795
2477.347094890052
7232.663519453142
45176.40646805478
3070.2828148111744
91602.36234543257
7174.662261579724
1362.7568943170502
24826.202382797375
3835.3679168039216
8454.574113610783
1229.6740555287122
4935.150417044333
1224.3881957099136
25038.27910820455
13633.39934270193
2084.2330105007427
3970.8864391382567
15916.928092025008
53643.64074022319
5435.678218292321
3913.4797024249633
3829.6553241551997
4898.500563718348
2954.6477975850853
7170.3489327759435
13742.82817217983
2603.203511195862
3893.9528385246545
8942.4620405591
4570.886032314379
12702.442023349176
8461.658647178077
3517.1499603368443
10752.851955877724
3334.030252887859
3041.6076369358602
13025.328257773914
9692.22900274339
5183.137283449664
8810.172322237728
7636.597364446768
4183.801344977825
1262.226246734651
7248.404610559147
51474.400648312876
8155.64549238528
1335.2039671105003
6193.362147438035
14143.106340444794
1863.854957798255
7141.294288169384
3641.60697151136
6526.416676041781
14552.717790184744
4415.892300635963
11626.087542179528
33069.04284581571
3459.8025584577113
1529.23250019071
37168.466614316276
4678.1006317596675
110228.2186496011
32987.19927086521
17105.175095329672
2301.925417101277
1330.1412188548516
4347.961443710361
1756.7573847645917
705.4126219458901
3843.199062051832
6785.946423444665
5301.196238130159
5661.193287053682
5240.609478163713
4567.246337909499
25510.04336187087
16873.500863843463
2080.3946834308244
1223.3825210744744
3865.443314567774
14591.040986711718
29265.909625232274
13975.561060589118
5510.073631947172
5005.828935296936
5196.96604473551
5047.371663098939
2535.2034933401173
1223.7794301753172
4154.6464083010505
1972.0738669370128
3048.387665801694
6886.973171063405
4456.389318846208
13246.130848288163
4268.62276578682
7434.67103245847
45949.36222650683
2261.4479933336406
10636.590114485014
3653.816480481121
2549.01945166706
7418.786756090726
3206.552133344114
6945.881317997205
16555.825468797222
663.8554586301528
1975.2503174341593
4755.062188203125
16472.798179576475
4259.43140619076
5086.974093368714
1269.6046741257796
7821.633716971651
35122.50380271857
1648.8604672098902
11911.33221737818
26704.6029330803
10788.357734105079
4842.067092316571
7149.884194848728
5429.665263330876
3440.392396414274
20557.431094635893
1267.7407197161233
7134.633622609084
5017.654812475836
1279.9296216554685
1930.140886872426
1240.3737087568186
12692.362480215714
8133.064854899547
11820.133415987953
2553.9688262944055
4465.01202289617
5091.953950650118
3263.4811162316923
9255.35646699702
8935.437915639583
7162.0447037814465
6765.24460435644
7627.863228502441
8508.013858076301
2668.4235152671827
4484.990585712065
6300.494662310289
15254.698329895877
6332.806071169343
1929.157928881013
3199.5879737129335
2632.148692001934
1866.4220783716075
13003.167836259572
6843.831502903054
7633.809147639655
2355.4015510810545
7908.014666124159
17772.68735735197
5213.117336031864
11098.99291533295
8456.820150505046
3488.9005537179187
5535.150131663931
5149.133698563191
5549.929369096686
5719.478021270054
18556.125874341113
1218.5990350344932
685.5236862201033
5673.706058795746
5673.220717753395
3268.9912452643225
5033.324991108169
7226.0791116950795
5429.2559664708815
4768.660706242301
7839.051239875833
8577.115343728112
7486.302170031254
689.1925160878288
4482.643671209933
3765.5187293857944
7455.3596926443215
13709.249610407303
7535.14016301152
4872.190705231431
8340.398280588568
89660.43197121947
3273.708621621318
4813.501372641034
6177.118532592379
8534.823911754718
7538.117596526685
109899.16981398768
6000.294969176015
803.2042372871746
2416.17476683776
63206.202374785775
2317.1187988287534
4626.392456923456
1886.0771119892415
3647.127175722833
3812.7630094310134
2414.526981181026
4816.72013632406
2113.4770182294583
17389.89244725598
9866.27985209465
3554.6468074216714
7315.949385314727
13756.905365890541
2007.5227787506963
1467.4927863456771
4662.016907058977
8665.046936194829
7382.485534687939
1657.4870699650223
3813.6322326594036
31665.89805468745
10697.934816664165
13648.072694071527
5909.313962212321
3040.372962818198
7703.1758142127255
3202.9797815273473
11893.297879028853
3889.828970187243
7783.465347992152
2636.2338719792638
7254.796092634492
4307.4237447203295
8360.175812090452
7917.644133696876
14467.162456030188
3856.031954866843
5618.232685795828
2429.667371052123
11293.29831539587
5662.220573284116
20674.780886125784
652.7411761490557
2033.7975771204303
1244.7331946271984
3181.3933290087575
4728.262659912719
4471.091625168815
12124.94412037336
1243.7590971253292
18905.170887112046
5546.476896188442
1823.7792141845127
6782.486283397692
25949.856984954964
1229.1007108278125
714.4879728124118
7706.1634681062305
5039.783604747739
4635.237225242753
53228.42896017063
60944.03855164356
28308.945000790027
3193.344948834702
4337.05145809121
5608.881570417565
17739.739149460394
19326.917084184748
6854.887260673732
9467.285713250612
111428.21657303725
110499.16297144144
6102.911787440492
2471.178710467428
3667.7402639768256
642.0962284502623
9575.162164277805
12916.935904853523
9433.807223957241
8634.669564967558
7859.424727545812
3513.987920868234
3029.2578809090746
2454.3336440189746
3629.6664208486154
97814.04977231177
8958.526176511274
1240.1515069709087
56228.41411326104
4314.882264480949
6041.6047607666
9098.72995941792
7241.603303015191
67846.27611398384
5680.390386975702
45704.01003624627
11134.931810251594
10036.591309582747
6635.676850944307
38457.81207284596
1835.6815958601683
12672.2321212739
6630.645261086357
1443.201994241406
4692.294445664646
7914.656469171451
4460.303509620947
758.2373593339391
1832.541656684453
9918.061821057616
13621.660350915168
2673.7095152321995
7832.663152812387
3868.990727978639
3024.7810918698606
4417.5687819538
78528.3030598402
31065.901461550613
9888.307088555852
40376.43226961577
4418.797285579122
5685.068648647037
5068.043516634077
8649.841039079614
5993.546060054683
7165.359724518936
6519.872924057601
2224.434697352397
6888.313296973511
5005.793786073191
1258.450972712319
3212.9249744130666
1215.0019853307092
6343.327203531749
645.0959826164058
1826.0831992351398
9691.292618155736
4854.5803371981165
122892.44109648967
3780.175994085153
1235.5704581661491
5887.955897717863
47749.35781673457
13071.675248009487
2209.896914571582
6880.389468418538
15879.637603242852
10693.30010224807
3786.15163308512
7729.374433590164
14657.364391088562
1939.1640277347153
3857.721835176223
8326.413075509785
3464.971280246442
657.162957549147
4199.003511468798
7540.891543159432
95722.26788703479
735.2042332189812
5399.707480817989
8649.692375948955
7103.989337073253
674.168173726372
8941.29150497168
4868.552012049433
24310.04801580777
6217.653919135167
3029.6671295273572
11473.781253114556
7169.932067635297
2683.4227342914064
3293.7722202179352
7710.224745469998
3785.761325291556
8138.2052508520455
2686.5703725845237
12373.637683646899
9436.592816352899
4338.949904875924
4412.762421734445
4436.233110209741
1984.0532799868706
1977.7511260704312
13203.243705734823
745.6882057281546
32387.20020380765
5033.223102898922
1225.021897985979
1276.8937786982506
14551.574315788755
6919.477724721956
6849.244578553086
1287.4575258496152
4723.737609712505
18461.921863930736
1340.597883946907
1992.892240373925
8619.465910810475
7204.595463656747
7533.066608822612
4718.003354059439
125292.4217088419
1829.2584221308744
14496.692132624454
37868.50977933013
3327.556105241319
100214.03477614016
12161.031199349165
4480.065283519648
6191.197403899973
36799.5550340947
5922.37481574366
1558.435313061446
1610.9964905490885
14140.174619442985
1983.2420260154024
12819.060687982923
6218.3407083031225
9273.442593405494
2486.6216314612693
4713.393718504823
1228.1709862851742
5073.706415172596
1841.608150489311
7219.720323988107
4830.646711924748
1247.6091769440957
2726.887800182987
1994.145896160038
14436.102771467824
1241.0826413230561
3791.6367014635425
3892.5593933107657
1338.555942751864
3202.0597153775034
4767.424739562222
3368.8849148896575
4412.748155267445
8911.18404793705
13147.379840317953
126492.41620028717
7706.923024057157
610.0600089880498
4963.520671408078
5034.5711921482725
9591.683777185368
5454.579663641133
3337.38987663944
3075.1103634632354
5441.605436497359
4907.783842445406
4824.779661758068
3826.488995102395
2065.7598523280294
5692.650984217276
2558.5000687400866
11171.45176404099
9847.647388897525
14022.234120686033
3410.1245442355885
2105.113477367849
2689.223601549372
3873.7076490263535
1989.9907872019357
9706.026903528475
646.5652354202905
650.5689421313166
7848.40432659222
8975.162871968801
4682.54845670989
3286.903179061446
894.7034718913986
8938.320295240654
8986.44814084515
8310.223687099942
15155.37627854276
4167.425250719937
2686.9776220966264
2446.564775074358
40868.49465165938
1823.1089483929695
21687.27353956857
4697.745012322302
40976.429468637885
8515.800099535913
682.9000948663185
1241.608492226179
6381.344243986585
3008.876015125525
4727.359085913146
15131.590299602929
3693.7573534916683
7115.552094837174
1456.0319915734322
1987.052281113433
3222.1353236362224
2890.950377873388
34065.89067049274
15625.740740717769
85460.46740666684
7758.5287802696585
4968.367559500429
2481.978982998813
8451.179683333932
2127.359020537314
1975.8840020993218
12421.537871855486
3278.169144891889
12243.614302475871
1982.570983635
3279.635189752966
91002.36345011878
3654.5813114563875
7230.644583182629
641.5402107793668
1313.9537198111882
11287.34814409147
138331.15218650727
1230.8253079583624
3699.0778640275207
1256.2011634140183
5226.303086860467
6873.220428067026
3821.8541911028306
6024.778717725653
1224.7821650542596
767.7660467708638
135931.16055286635
5630.790859274092
6086.20108242569
7915.801023453123
8183.12946387259
7707.537038847308
15316.928598365152
3059.830544954638
5539.135692750374
8520.160450099584
3701.9688687457815
712.8648776078828
2475.907699102361
5340.403863420567
16316.31158204215
2665.1046433501824
4817.415262555147
647.9416459243738
10376.30035680796
6359.69977221326
7703.9884430869715
2003.665698786901
4314.447399064788
2228.3506356257403
1827.5507239986252
5629.343558833357
1493.4042949297343
7592.885104489305
2581.393578825924
2073.710422492692
6356.150184490354
741.5929928107731
7433.843850726049
8609.250958896922
5212.1732868842755
9529.372174651218
16381.25345243568
3455.7543177445373
5077.783793219079
1289.1921827462716
4346.06196435342
612.7708096871119
6910.347142122573
2032.7414260473831
628.1713495116717
8488.08229647927
1321.516757778224
13183.382915398639
1226.0835619801878
626.6122924148256
67406.16692619794
8597.39943531624
3659.4318722265753
662.2264981528135
1215.4487193059804
659.9175004868326
8234.33631023265
7583.130836594323
12603.321919866705
1259.8867290568262
7360.056219416858
7320.161891128592
6105.132383497288
8809.971236413323
12760.892628439993
19957.433494848166
8123.701093479711
8521.04003404132
11762.425919809033
9311.627381237431
9560.407750139073
4489.5095447768335
13103.012342459266
8399.699189926312
2736.4386207224356
30832.767251119083
880.3961449913346
7146.497608406818
9585.128368649443
5669.036263243408
5635.713866337625
3386.080445589397
7687.049588123413
8685.062065458234
2549.5023358477733
12180.287830348521
3342.111004519475
8498.730654319319
6403.078859072309
14116.932088907428
7486.972988793927
6884.988884529489
1306.2032399587715
2079.333459379179
5962.046496623577
3075.9076015905075
8150.588470901408
13124.618658057689
9934.432307983385
8332.82061673172
8147.294878690475
5043.198456284982
1250.5685808351764
2480.118319730427
2558.5968998468684
3644.5249270153927
1815.4485478522208
3815.8928256366457
4423.322368187531
15204.289640167579
7132.002430327046
11017.182622382123
18164.18032250997
3783.6681612944026
11000.378659597045
720.9459957060349
5054.078966290088
16454.69623415135
3067.716863281305
4465.630499245434
1266.4223404029337
5070.683498500471
2459.886411963303
8098.281962769208
611.4374331711364
1914.1562944750467
3275.3129736746105
35432.247090266144
2148.754016076617
3541.297160987839
676.8939581443434
1829.6735801578207
8250.421639324284
8682.600737368033
9897.534021023079
4718.508200020703
2865.983943380251
7726.414414088619
3996.632397027178
7725.798757307863
5713.049500831262
1239.5472656921772
7119.161089147563
2500.0871962789397
7333.402466591718
3741.780209529093
1275.9078625581099
4000.701342656538
2001.9727287523517
9611.205283415784
16840.865735147905
6706.032960374067
6439.0688045967345
3884.991336615904
13156.90596441265
38334.73760614517
13566.065432686537
16673.98606974408
43376.41224730367
4722.224277815672
5181.25872550955
3836.2332390878305
1231.5826528713353
2493.757737087942
7920.1612960726625
7305.691274134908
3310.6863503905874
1840.3735127056643
9177.115004502002
14817.441391847507
1454.0870634362766
7352.998320620146
6383.134369912368
818.2449186251293
4347.57207245278
7740.39965347066
9115.79952432897
20306.21860359427
1856.2009646936076
18002.63438714526
15804.000005170335
4242.06750464593
2091.7730376653926
11314.57882465071
7627.479057465939
89802.36708365237
4472.732021375272
8872.984201373483
6041.647661180319
2668.9919905486404
23710.050275344347
1014.9960830825618
1224.1220009002836
8444.484991287805
12222.891146198237
1237.1187733821487
4349.030243123867
1216.1753477155523
1229.6681292258086
3084.206929932152
4667.888093493591
2464.8072258477196
2731.4709789957396
1843.445246067308
3286.976649049286
8937.983167939834
10717.311725721958
14524.761407630289
8592.359767004295
5379.244069938378
6818.232009561115
8924.686338924019
11267.282862948712
4703.092621025481
10744.880045864003
2463.854826409436
4493.399850165083
1284.9460246150597
12188.981647320661
6657.66572260753
6032.664917056461
1342.4453562254334
15119.796200935596
46969.12466267288
6853.0534079955905
677.9659957545363
1232.1478250956407
5783.136120576817
4881.122350910773
6853.83977840932
6245.146810236512
6939.315142711343
5383.800215839798
9106.027398402784
4339.963725993889
9434.335154561893
6915.467481566656
1829.1002779733367
4630.93269584179
5665.233737894203
8826.780677213812
6844.035876088026
1224.1119594517654
5935.986338683582
3203.9862863844314
9259.420686143088
6345.158999233261
2030.9606454708298
4802.046366477526
6955.650928290483
3998.7100394690765
3081.1955398174237
2092.6463225441357
6284.9893524785875
2441.607962077076
8655.357343499094
820.6181727888743
8282.211525346023
6853.532154943473
7348.394874939931
11465.978845507238
658.45147172791
1938.9083065448938
3606.341336634247
7256.894789037651
1263.3892545435776
10709.801446175357
4709.164224262325
18057.367654786707
668.454102793804
4667.496661318735
3056.2004232700992
1383.2421762911981
2067.4917837044627
3093.757653715657
14120.847125091404
5630.912224170549
5661.097921475606
8227.862836292517
4216.668926851091
6220.445906284788
6266.287086198941
13076.177539961445
5212.789137240811
3072.69969629804
6568.180882876103
1548.7541496658216
7520.346403497964
4733.0234376906665
12558.968774313362
5065.011402330353
5149.953526419945
1565.6999932668166
8224.913742771942
7175.167579990548
120603.96645456205
3669.109817377562
5061.135195543981
6270.6831119792905
6430.279570009406
6349.132870402946
4421.124096451808
6219.952370108925
6960.375677841949
6218.232309141009
6562.045346722338
1320.6183656098813
140131.14726583927
7235.676127234843
15563.10156675664
5084.990172748841
679.9298188630353
3540.312044801397
1480.3955646236475
4822.425618065728
12866.888866974181
6873.705202807619
948.7543168429223
5527.056283066971
5198.5522904803065
6866.286035152438
3865.6352549026374
6054.578772066476
1286.3944825887604
59469.35662683189
3668.623031205276
6865.233294011857
4426.488472237028
5828.887531774358
1223.391236990648
20344.363860806618
612.4132999260212
6295.857230184576
3423.806875211247
1842.8530409998395
28910.08593908548
6292.321833298477
7453.5317926583075
3878.966730110179
12738.431251489032
9053.561568635212
9251.00670667828
2550.6838722652637
5993.03564769582
5009.5445337982355
92202.36185048809
3030.6481942843902
11728.86426502796
5190.098858490442
3672.840318498926
5141.934326814117
6576.719310206055
892.6476694823233
6747.5681630710305
2086.978772817785
3677.774905651148
1220.3941528493303
675.2885857542949
635.1529485687473
767.2360698876864
7465.4640478600595
661.8877047767037
8033.843371354009
3943.2987649544093
1328.6129021319914
17946.780799583623
8047.919335717148
611.3760177201992
5647.054309563301
11179.202661680918
4859.430779138529
10743.719079152565
2443.4450468375803
37063.75367820501
1925.950130258766
7774.661426114219
4938.507276570509
2888.901289985279
6511.138264527916
7176.718478189494
56289.51366820704
2805.5016041500876
6793.361315217668
3142.9579077812123
6267.487847199966
5673.183407092557
3076.7524134076493
619.72195188189
53043.64761203164
11070.713741647729
4349.501835033968
4583.137764544759
3980.8783837466463
641.68881499768
8562.227190654685
9510.222432208811
1268.4539349163465
3626.081955856955
617.986916861171
2135.761527306283
1971.1648862708887
9643.532692589404
6210.437855054481
1309.5626074373415
7829.66318097727
10018.54679414054
4492.642338008693
1285.304462713663
14644.566177608944
1597.4326581996809
5124.18907705248
13936.789234200745
1271.1791068063483
6343.22517768033
10158.525234616789
3251.623220601297
5013.407782009722
2037.07631667076
623.3917474095034
3795.892162449208
6029.2554994198745
10328.430759561144
12310.78455883061
4305.1328984500615
6270.223998335677
36568.46778773092
3365.7086589514242
11836.589226623579
5248.351258046976
9042.553939505877
1261.4289593108797
8833.807671416222
8517.643343378164
686.9500914621433
6310.347641143852
1957.262739373288
137731.15437118226
9333.06238544102
5850.16523908356
2579.4599706493923
1220.792255700479
8566.579573721778
4332.56694568137
9298.279101018701
2272.588497735184
2799.9614571139987
2609.5984581983384
3254.017704914205
6536.925154887095
7461.560849740871
6263.074570495461
15872.271283592014
4530.345440933469
7768.179330345094
27390.7891600519
4366.555540913956
705.0432897206213
3191.491282309776
3878.35700584398
663.7187376826155
1241.6886233415937
638.9815695653674
7182.552849860979
9169.754364883787
9075.564723936532
14775.922465137726
2026.144604541265
4291.304127063667
11745.387372314453
3101.9695095260918
5627.808799469347
4871.414980067804
3095.7176781427347
8463.949802564968
2240.3408512928922
5940.403402548405
11331.4120643884
6349.57467084447
1823.9986626440743
4362.034341768421
9570.961817908088
4327.432901323498
4417.128692307422
5341.296405414021
3014.526597603824
6940.89190384319
2416.138276602757
6239.109804584961
17134.226365338753
3653.8881999404225
3773.2146965942775
5129.04002875475
27760.62989981339
7136.9250016837395
611.0272923598229
5695.938240920418
11887.347217857432
661.1542853083735
58269.358190169834
4313.674074826282
12093.021209586668
1286.077489941192
9247.648092478821
1935.2036986744465
4820.694594930682
1935.6497860046209
9083.375137973124
5925.569687652967
6242.323969797608
2576.7915321229366
5978.292370174783
10964.411493244686
6293.398369922947
5699.462729681247
4331.550359835195
5128.061578955932
20420.889220221787
9698.72972384218
9898.278413870274
4726.936653492571
8589.841872955096
768.6274963233111
1831.72709531897
3615.8719326984524
641.6087497454881
5905.46910519797
655.9230099219357
60069.356397784584
2435.681220330372
6321.739271984088
46561.66428657374
39199.54005087353
3139.0918363368064
5827.163660052585
3140.737987538053
1354.4485235378952
6850.563447848667
1370.5930224127383
5932.243559657386
6833.844213754338
836.2342150352828
5929.37702833329
6576.19534647749
1232.7402893437065
638.8821942836446
610.0673713946876
6221.722435640275
3648.3871494993114
6789.448261472327
1935.5818002342123
4346.967050747693
5081.527758479247
2442.871899069659
1241.8491689871316
5231.802518518837
3823.322921414881
6624.778079022274
52443.65406776321
6627.715793680964
5104.730936293628
2129.232422438624
9632.77233050637
3142.590397506724
6603.013513109525
7272.470000248349
52674.399587862725
3196.361231718535
7149.795554096818
3617.5704844928946
2003.4664170605863
16603.142388199798
4398.995303435237
8578.583217760788
6854.480097718978
15514.360859540408
631.7274766496153
8111.355400726599
2593.086305119782
3720.9447911651914
4248.733176359154
1274.0219586611383
14101.623563299363
15103.066209289354
3376.163020259139
1280.803532987233
3445.0883469508353
3280.392940358445
6819.029498084508
4586.079127040546
2026.4472536047053
7549.132298480788
885.1066467263661
8940.209948096839
7908.496495891041
4267.740149056468
3054.333457908852
12694.14575780029
9088.08200283899
23073.394772372332
659.8869615185947
6913.048898909883
843.2024951390609
1835.5701065423914
3147.1816288748896
7457.577052356635
7854.574875368539
5054.084345203503
14284.594569647294
6856.389025659011
47161.66411788991
1667.3676625251514
1828.1707322300658
10703.131611749537
1868.5537851600473
121692.44975757078
14918.351721262234
667.7410133581583
3893.7721350059246
783.2422875204429
4762.04883763112
6240.6032717598555
1515.3718147466127
19095.385464018058
3183.2413367544755
6106.034016486973
12402.125906342733
1968.1706952307204
4815.012821865961
7161.82966546059
2940.31242787719
3767.9087956712087
893.4047581735681
3486.9585228767182
5075.573602716985
19930.355251729277
5835.9464598117
1492.6472116987632
641.8497229363645
13274.024238740805
9593.642510078154
3939.2810354006033
64389.87871421083
2545.4680333330766
6602.418011802178
4420.976497349287
1242.0959063757819
2467.7405923558035
3886.5699628456355
10011.266873283601
611.0117416049693
679.0332507471164
5460.718513251199
1875.9077666999863
4474.6972042307725
7888.083072828655
14702.676410898126
7222.515004183248
4118.003932970958
4929.204953477331
3801.5382039106153
11651.417897469499
2300.8593000053384
1837.3895712017438
1320.9458215653374
745.4807778297302
2111.856806821125
632.7406881614712
2522.908529270332
4480.657460285935
3278.5950485805038
9427.47730018272
4556.142560809643
1216.9877981297673
6878.1659585741545
8035.233266181623
6582.688041494664
6631.907122444688
1258.3184243707337
616.6701260756173
6482.09917697247
14614.016014793287
2654.085525729526
7456.388490954028
2220.106878619931
8460.824081176906
3164.2241424678964
8234.316116828693
14314.152492295727
3775.4397439501786
7719.077737073179
8229.225304723788
5625.503280920121
1257.1629219594538
24910.045655302332
2688.9550408539453
1857.1628863491935
1893.757806614187
6097.16673497577
1223.9988147949161
1231.7272051820323
2131.471069260264
6906.80343444041
2478.094259249289
4777.991150034576
10132.818565646628
19451.079683171924
668.5539274820497
4513.1518885567375
8374.660705955532
610.5305044418889
630.6494027159117
624.7826439079043
10389.98397466196
2496.0993808899866
2748.7538942466244
745.8617780592397
14231.083835027626
13840.328697525712
4891.303519485231
884.9954294494502
726.2342981455251
5665.630120504583
2803.624503842114
17629.46976376085
15705.859375034186
780.350965751082
6255.361417082891
5310.529088767176
9193.35748586078
3125.794863935725
8312.375896623094
9604.627443714166
7883.929633744188
5722.703823185625
18111.18955530929
8941.580177760077
51493.83956719875
610.0095197702086
13594.028469359171
36068.51656133645
5667.487983137833
5235.946583823195
1228.4975318543497
5133.072684939516
6577.66977314582
2491.3048348806483
9620.747269901825
3210.3614810761333
707.5276751079197
22628.77070896701
12674.304194993936
656.201294453605
1868.8271070491305
6567.1400538011285
9210.572924379956
6849.4876570328215
3035.680764564187
610.7805947103219
4358.668762610829
4350.405022082993
1981.5296611515394
8306.92251074404
3751.860832742331
45961.664613602676
803.6659426069693
5997.716373114195
3063.3890993395976
1232.3753313797706
6506.017003152282
2491.1928107179942
11886.17583426522
5735.1408193753605
7492.6405248813135
1484.2434950120396
14737.7676134235
6277.815363828271
1497.531947078308
3150.405448151647
6356.550068614553
8442.554288600804
2051.6235572004553
42068.49227376016
1900.3654615125583
6501.930647525658
2651.623344795043
19980.019914171593
3214.985537807477
14082.795853005358
10466.279588064439
20767.004725134382
6861.134585358825
6323.061377060425
7106.923597956046
3858.778631614624
4489.962124204103
35968.470649549854
7692.649709095303
6259.148277154977
6835.0158372228925
611.9244835109213
6560.979037921593
7662.900214472495
11537.225432066478
90402.36509529325
88602.37081139798
3892.643287273197
788.7403804367032
1388.740299583398
663.670471913064
3771.069036167793
1962.7568612488687
4918.838165718139
48961.663845403884
1230.493233230859
670.6171689509159
4421.853598181226
7444.035515123289
7275.707645895407
6087.0454872725895
139531.14853362576
1937.035607628981
16272.410478331974
4488.954361541915
17685.187910447894
682.9662575625285
2479.1003599522764
4254.580881801784
2457.162505529473
2078.2113799744193
1221.2708683817395
6506.9240389786
4846.251154899374
65668.256498545
1968.6272729113946
1845.1720254516579
3750.405250338395
873.7119187775384
12309.184565764066
27768.58469660894
26712.819488831752
5019.472763699764
611.408038031628
6861.561236703486
8595.160549236374
12543.714967928725
867.4933553768641
3896.1860553008887
82935.95764258286
6849.6948236832895
7347.568021125386
1329.278685168699
2415.448152357009
3288.9547968827283
1780.421885091407
1875.1069875325618
6087.483495643186
1236.873418472499
5074.008382859185
6247.054227013695
681.3033014001659
7906.029945344394
7272.977971622864
1841.5742412347856
6747.3980104811635
21247.447756031444
7454.935324614221
6322.703533492139
9503.98607797171
3635.6799739670773
611.9516983354356
5158.8942279334915
2941.297365372973
5196.404231940801
2551.8610959032662
5147.781616686232
3099.717552791014
613.5199636498725
27910.037952631712
9615.369762889943
1486.979671734284
1973.6136515485662
7270.564856146894
4489.8288701079155
614.4244682249395
6501.6479116084665
4676.9615260279015
6562.318143320107
2961.233719987017
5656.389204672283
6819.952128644124
8236.59602565081
9206.891069629792
16144.215312526925
611.0419686897003
971.595778070153
1322.9086893967428
671.2269164136997
674.0222144877346
9526.288460256079
25934.281360962374
9195.159996660786
6413.744546166423
19466.18157567387
9249.691764148743
671.6860340586055
6273.705622201957
140731.1464376479
4560.641727620309
738.5562182907454
5668.0432840340545
16891.32277693164
6546.1725455209
652.1047879847227
5942.108732801414
20293.8900488314
7233.79474772188
12797.316623119703
790.3537246970783
9117.695553687385
5047.054426923141
2486.076859107751
1880.803325429835
29622.541117312696
671.6971082852556
6459.353500173056
1271.2267374902233
5199.700432852422
4113.3940068816
9383.127857146595
53874.39914225951
8264.791473878604
5644.4596774157935
6629.931954629778
5018.233140612232
5639.110271261322
5627.423455163845
693.9938049724069
6237.290859837114
8929.3726428601
1252.1043715396384
98363.68794799464
6506.3909278295905
5919.341278581885
675.9081635721487
6608.14750832726
6583.6644431140185
7260.768869984581
7713.392975147989
11764.154222218069
5976.720150120991
16041.972505090811
41201.26205555285
3862.630225155669
19881.039120917205
7854.263437428502
4742.832672979138
6532.002556108125
3138.8710666730676
1259.4325602312151
851.6238855780135
7649.066371701048
5122.704279471355
629.6744643192825
3871.0921588572382
3451.068660569337
1246.5652028048585
3152.8854479614733
2036.2341112595727
6722.575177905137
6408.3772560927055
6242.1644827910695
22335.499810506746
6567.72842865502
8054.93520391064
1212.4131631686905
2618.2441297385503
19611.125576627426
1358.841935646372
9061.65850612232
5518.838042670867
12872.900778868867
679.2676093526691
2459.4323723692128
2095.24154488977
1460.631890882094
1215.8353948886593
4217.570303082256
12264.34715020452
11592.620214245002
683.9504132570222
7905.6904563454345
1859.4325158602535
9426.595629624495
694.7273794924324
5219.583283120543
6348.762394936944
7234.439593985183
11838.371124552108
2457.8900120612616
838.4199895024777
1886.6217928435942
5039.11036611518
30071.715515354645
632.1480309203337
6357.5928715902655
20080.30039721453
5959.634453930394
2693.5828254739286
6268.043126112486
626.0839914455223
4912.08358574017
5080.657353477256
8568.744273699584
3751.079064840598
16213.20472969081
1542.8782520961458
4928.007727880168
1907.3743971418914
1976.7917488535554
2520.945174445488
5072.731899549209
7451.19009003367
769.7386657881079
13734.828527654574
1978.7121538167344
2449.1548611828352
621.9724837467029
6197.279489408391
6507.304273028845
1211.4078557333223
4632.076756306143
6180.773626227973
6873.182957826186
3067.740496786851
4929.591999701435
642.3057887201203
4335.634963040794
11711.91679757468
5684.9898093281845
3939.642930974096
5362.047775595304
4492.559226177361
1346.9664372342752
8668.281165286648
4217.297041998373
22246.235410168087
4678.099689919555
7634.3368548595145
26190.793812915024
78298.8693305889
3691.6641038883477
5076.677497477168
100163.68757259894
3017.2975284068075
9214.32753300831
1368.627373564974
2540.5977167048136
33973.70117654709
9100.91010687689
1846.565176338173
9535.437369743546
3270.387122583088
6249.244812950628
8275.151382854972
4356.904456597409
14842.256275346337
795.1681619413536
10129.371961728046
2093.582881678967
31669.64856333913
2530.1407969118136
733.3643306033466
9532.81876719718
7402.763321014885
7835.675770564079
686.6223368371915
638.4191313952023
20703.10774710378
6626.079666282519
5141.819285408244
2547.182026213642
1235.682080566711
5649.486153352744
2901.097435337732
2707.0194559659267
4940.211599665097
7735.562197032538
4333.562963253265
6335.140677030243
2443.929522100225
8926.411992598134
18168.917922232016
2582.972777034798
7804.5907017929885
2525.1372003360893
7456.734713711872
9558.525501354927
3620.115834204599
13333.17657503616
2454.581793039249
1863.3891913067257
3111.121629236545
1979.4602339308967
1306.532358946474
20408.679893117715
3347.2048701097438
5689.74431963272
5901.931044880698
5619.030119869356
9519.868691999573
9482.162617099715
2519.005018326222
5065.630447683999
14206.592802414738
6559.827119632152
9587.221527857835
4809.444482564345
7821.062470115201
2415.872311631699
7168.180199001111
1457.6823669693886
3744.78450033854
10449.691211914505
10458.10869576849
1977.5031442951558
1867.3764316715315
3764.320275093681
6068.55006948939
2380.4218594841727
6293.944414320141
2426.1776900959453
6315.467978792686
1893.669327036592
75101.36932712785
4267.716773980047
1823.3909469974287
2544.7024843435534
2474.488183620791
5474.392308950407
9947.675224894554
1871.178858204591
3689.914992402098
1476.9011027236118
6835.233658706546
6249.6952249371525
10135.558910068812
620.657109299696
4927.056595967236
6625.457787614901
14161.375440834001
4672.097276402897
7165.836646195989
3479.1417047597442
3131.149504304897
2053.1953359896306
5980.436456129275
2445.1211945239584
10447.647157358344
13360.056903759756
4215.871606193378
1781.1457059912968
3189.0864474121067
7453.8394151468765
622.6137683700429
8970.962120263692
1411.4757307159293
710.3553530069709
5056.3892857236
3888.9546191248446
1460.5356929058673
15680.695839313621
1217.0228869583116
18194.580646919505
1720.5110730886113
17193.97542943525
6261.192913172918
6928.060636956936
7829.25394000105
3386.2731973048003
7162.317937377821
2740.232098465507
734.1704957873015
20029.984964066163
1013.3622808540259
3950.2892454167927
1254.3340913958225
3698.114480756545
2442.852880982422
5670.683269722866
4365.124850403188
6208.223315041479
829.6580820669637
7480.389167782466
8093.397212238163
614.5696278060831
3821.1244697776256
3750.794038127773
99563.68768351596
8620.472993455382
2578.2059234420135
6847.919891681674
7473.404375501824
6333.0704177742755
809.5989277457502
5278.242681446803
4963.927481521976
6859.1479949243485
6587.948011040004
26110.041300864115
5063.074882768724
5665.210701255296
18162.650494314814
6354.660637454643
7315.8017117381405
100763.68749255361
7308.015190674649
3759.0658962469797
7478.165858132307
2515.7007549212767
710.149816242335
48361.66396175837
2879.388925152608
3122.8289822716806
6256.389118765142
12851.093628393544
4321.406344381469
7210.866086825201
3236.233554146152
634.876026056072
23280.12190351657
1867.7406367150852
3708.642020181595
8459.423649642404
1334.9820588434964
6841.385305513325
19562.130132415798
2288.3377590594437
4905.132789752928
7435.233494687346
5693.398834079914
1823.3378920242644
1233.2530847991704
842.0476816895105
651.6726781800147
1978.206163936554
68589.84418166165
1924.1702662069092
15768.06947949547
4363.617718364267
6542.108632239839
7484.988570669282
699.3488115008745
4272.699600519692
9602.389676829769
6084.601285144184
31363.148782337335
3286.570129518096
1236.3698070121825
5941.295999996296
4267.272741300755
1210.7994840070482
10433.842547746928
671.2606703201099
4079.3880441963984
3672.699638293354
31963.14867630103
1113.39508859644
4539.280623527832
8943.723569455822
6893.397813251662
4351.860574239588
4633.457296330695
632.3756343315366
2212.1921997548684
10141.290918684814
1226.611708478309
85713.19139391975
1240.6002928044134
620.3945043311421
680.4417534743868
2444.0258663810773
2149.2440874548956
3070.6549350036194
4907.423640153383
643.7595663651323
5691.035822863407
681.711205390857
7553.154631953344
1211.0115535003054
5074.6970852349805
3942.881834800332
7453.053069791003
5363.641969366654
1816.1751500582773
2550.4058125025663
4425.938815682711
640.6005895972897
685.3047136318924
1817.57134784338
3234.705406720344
28043.83267328497
1261.8876334122251
6565.569056834646
4783.800730689519
18531.24703457763
6216.671164162402
5625.1492576095525
692.8922814446723
5459.42999895271
5229.5419464755505
6290.974152375295
4798.836154600726
6864.9879240334985
9117.643093696335
13593.57935334552
1309.3850646212036
613.0626938720563
5685.27473767979
10434.668616264395
645.0140084236981
719.3987142252545
1862.7034749059378
1890.5988170391452
5605.6940149852635
41468.49302370993
1291.6703151866554
120003.966603795
3854.08469837955
5997.77003599258
2898.0143964069143
8919.869098675383
775.2469116651829
3704.23831520136
3864.2783653200568
17175.08972684619
3145.4678412129515
6026.0803204227495
6084.206630870302
670.3398236458717
13680.591242876497
3074.6619742447883
7160.217506459797
10574.587771877426
15020.001073945636
74501.36937883265
15924.905176121758
1247.9413899093252
1243.929707888943
9934.487988760613
10921.448589267897
6175.213007842979
685.1195725011321
7900.911102852857
654.334172679897
4291.664003807641
5292.465969754705
5021.123817106368
49561.66379264411
5675.8948191228155
6857.577427472172
6632.7181264728415
18914.93180027432
6104.559682068404
3054.5816221666114
5988.692759566486
3982.423525612765
6195.165178216625
1386.2175915459425
4312.798306656951
673.8247165859411
7454.887006750843
8658.344690862283
6472.654937917336
6077.522756209542
6744.750680782359
12450.736112449225
36235.09261731804
6075.938112502667
5538.506884753998
5349.39707272561
7059.353444656969
4922.846160758722
5826.391038068484
15253.502068681953
9917.017130532793
4916.846524673284
15090.926378683955
777.7515932274454
2900.1006635698577
632.239340676913
4558.8944574768675
5666.894654364448
2472.437560907349
1231.4211367386677
21810.731972686823
728.6133122319733
793.6533561763073
13600.54984846084
3118.3915176968376
931.9403451978365
1873.712069731874
6273.220635897101
6235.713611742767
11857.156477393411
616.8749088396974
7406.032650215289
3667.71681479676
6173.557163773365
2038.419207634069
9068.543158029932
41986.392293895464
5334.849174061533
9105.689792224266
73901.36945725928
610.7145275491409
1983.9484673772429
1240.692558816483
20344.9290064024
13490.061631442697
623.5889401691604
1937.2858536873766
6463.440800547055
3699.2010975629514
7157.736322058039
1216.6700089857134
6003.23024917351
3015.872082362965
6193.254594122161
645.1725733449913
6868.042835541131
1909.5452857767923
8561.705269858456
669.6050559817028
5080.39076052307
6209.0995090643655
11062.565315442664
6227.423205546524
8171.665271979716
3120.541916121154
1888.4979257956834
6256.504705513892
2144.5177306974733
3017.570679051502
5484.601567586392
4775.172192895091
5812.1732119575345
4344.05256409229
9525.79556834384
8582.20860199215
2709.503171806803
18133.72100694137
5642.164941163832
616.2474688422144
5042.900880842391
10199.697087057893
6579.246550197095
1904.5503203534163
5618.341111786266
9021.740158147522
1891.6701509395116
5632.898516604144
6195.502557963691
58583.31865381917
9643.54859059055
9234.669064588548
6261.134865045951
617.023035979137
13358.402995687036
612.1994579845198
3748.386413812741
33373.701321594155
772.9005033577517
6817.653596574973
98963.68781618198
10843.882703592557
4268.274522502344
7841.602970572671
17768.104630284666
3756.904635236757
7167.139954574713
5892.465818832054
3347.607185715116
14559.693271462977
1241.5401839988217
1213.0625304226605
677.8941362844294
2350.8457841256513
4914.447310831786
691.3050603922561
3079.9286859008757
703.4328944080921
3522.6126050888006
3825.9392136986426
13302.984798161624
5232.931501541031
6259.34090469075
750.655012268989
6198.273325415585
721.5171598533859
86313.19134338057
711.7120756105838
12841.98650369571
9056.85610086623
4342.223344053406
20638.586549967942
723.8667548076755
2886.95857369687
1227.6498126413367
623.7798970734435
6200.411207813196
6915.108188991509
691.9425749943475
1879.929351866448
38209.175587860285
5733.071902995537
3078.9435886306196
1778.5382174844701
2424.7816208518725
2426.083163757087
5145.884171277185
1950.1408487827002
685.4130903835872
3889.5097666968845
15330.518893477205
9529.104886582092
29471.71710838437
7003.144501760444
6805.693610053435
1451.6237238012
1958.5003384191605
35461.59338131523
1920.4446426423578
21865.89890639219
5020.11318971936
7110.22559345179
5890.655140897885
6087.794066319634
9363.513994710203
7151.2760590535145
6220.024664317043
20927.807655673016
53274.399274271665
651.3509526930778
5600.411358064288
6821.722364523209
6196.638122178865
5145.54101085375
2555.8044396307946
134.37373152774808
3838.418287533781
1212.0874031632693
613.5799106843392
6098.499554943244
2463.3891862398145
8056.3884344287135
1250.2102841977721
52074.40007762214
6847.053985404978
4629.542065741737
18559.136724330427
680.803838560821
4248.3869905782085
7342.1238893296895
2591.49155761843
1980.5636679257223
1245.0137371979292
786.2180503954023
3818.078892138635
47761.66404773844
12704.832050675415
11418.680278884132
8202.903630006798
2416.669620515475
5017.359248765928
6948.2706273274935
18499.67740684364
5093.399246426597
10944.559450187371
4294.919638380004
5030.1069247316955
4263.388847155674
684.9463511247735
3154.0664396405377
4917.94995517145
783.9489853495234
19165.13206493212
12143.074411751122
6219.02977044606
18065.428499584672
9668.543060721273
640.6925866072318
2457.162978913659
6512.378882942534
758.5308546681039
109028.22254108332
1347.1823952515317
4353.290902212782
1661.3810646809602
4275.90717435065
607.0711212254727
6412.1731982157535
6301.820605671443
6856.735057286517
15647.327335773434
10451.005859835
1403.6658225734875
12269.120080041388
615.9485714771286
4931.10250799112
5841.889063564894
4351.118106313403
627.6500283139515
5092.666258298139
1958.6110867560164
6093.2081189835835
676.5946731589739
2065.10468781784
18121.62627106081
6461.879038891945
1478.1721965770314
920.9611952738392
3757.35753963773
1610.1577571054777
629.1011146360156
766.240232716689
7452.680024867503
3746.3094313677316
635.5708728850447
792.8967677739573
3870.3869456621533
688.5269400430527
6839.109755752545
1861.4289315744297
1417.3744574308578
4293.75715471735
8061.560711983316
7229.931877462969
7812.496221596153
10828.115222338258
4354.065963176554
1373.075767057082
1912.2353099163201
5616.671574218741
2755.954082431826
635.6824036155675
6120.338606143808
7347.397917877182
7449.244246882811
7023.35795012015
1826.3217951672157
16385.052685400795
5637.291113787569
6203.388745078227
1238.9813998945108
147.2778844458939
1242.853267313688
1228.503242546615
9207.774860270414
125.24682338085671
6082.9933230443885
1445.1043396439554
1548.9645578338616
3068.553468631141
706.532605442264
5019.953034683818
6909.580020602204
3111.068796052797
3691.304509777442
3679.9286636803054
8990.080787295834
6529.376448630879
5549.017948124885
2489.922020306245
5720.855807741946
13716.371999787214
1267.376711662099
701.2308328037639
2211.413856649348
2487.590013741544
66868.25641266332
10004.164995774598
1434.6865842007066
3208.1274365289487
1722.015539929426
6852.680333915082
2404.613270961112
3747.83086025345
1681.7689688443656
1542.7799313353996
5644.079262734196
118803.96691635471
8086.972932839681
4673.884262214405
1859.8865180876392
1217.5714165973418
1947.1823641897295
2929.278386277683
4920.200770388915
5073.1836303005475
68446.27608895265
7826.079039230913
12538.240861231656
621.2679263153129
18200.996396101633
6170.155338324014
8616.392253258507
12405.19715799561
13678.673425269535
6831.795172522514
17563.285244049315
7522.712536490944
131.2463669134178
5482.993611495316
18525.3898923919
8573.302968965545
4915.241713045606
669.2847586531237
7272.507318339792
4345.156584648253
617.2511062694549
1856.6687977336198
1870.267593889139
20176.49725589683
1573.2404850236326
1600.1392825179921
2932.0428008527374
1220.6568149246143
120.44167279615675
139.11820582292813
5598.240909304915
803.4668590696754
624.5073682392697
1383.9485950697176
1880.134561488997
664.2879634594544
5617.35872292982
189.04169838291125
11694.98220628782
6209.75655820157
1650.321217835489
9642.203179500331
3743.2736841063434
8516.83222541061
11570.676159487828
6585.962200796101
75701.36930316857
118.071358649715
559.929793322923
2100.446164296457
5664.988336719586
684.2005583854459
8651.007854763819
6196.781300973619
699.3349323113479
1785.2183294750123
65068.25657497724
1753.8761083347708
147.06219203800273
1265.7496756004339
3140.5975872531462
646.6244601392107
2120.5535852718917
709.3852744687966
1497.6411329064615
1556.6956049149833
2463.194214334636
8950.913283960093
10027.287588236903
5552.023870284559
4323.389884380497
18695.334317760007
13951.576728869966
1925.2898348431174
6182.798401574291
1815.0018456116625
1774.4384474760243
1297.444304892477
16828.998744912347
15888.328430107193
1368.2428850274293
18989.122720150204
20071.018311409054
3925.762585025885
2489.907570715429
9400.757291341919
2068.823384482654
1954.2705399729612
1221.6203227116785
3235.3681802932615
1785.4728908736934
1482.5162536234127
1826.6764308207962
1219.605011323497
3044.5250039734324
38809.175399169835
3986.0794451886927
1278.62718254018
650.3623718443218
876.9012890950377
639.547375382283
4360.382638916387
14810.254075428224
671.6928016675276
2059.3668699761724
781.6703369450397
182.24153756960658
2624.388185541425
1853.972222675224
1828.3274328729196
1622.8300384457584
79.92998413140646
9050.996812160678
621.2128892176524
6217.358308879962
1855.1180824971411
5678.166420913193
71349.2312644361
819.8475430759378
18590.498969955202
2480.803246357535
8601.510601175765
758.1616663353643
8136.950186879806
14318.352790081493
6265.629774440828
171.16389311554207
2664.323889771193
4420.469514734627
5143.834749634217
1382.5710861207726
3768.500519684926
693.7582106671431
3301.1229688093895
1827.669199797018
2292.101557363968
1521.9575640773976
709.5629537853197
1925.718906650046
4097.7456643905325
6176.586445061782
1643.4651148959806
143.80258400868382
1452.1025285720364
1278.9303566797664
7465.048689391129
9976.911527286686
1861.0047473029506
99614.03678377088
1835.5612446079128
3099.077947808971
18603.340484130866
1731.8182875513437
2873.6388537367866
1632.8936156629957
4772.61092812668
3058.77252879076
3190.5926853206765
2980.0805595039055
1891.30494634763
4216.017226889109
1874.4884412528438
8541.622290301251
5915.803881577241
1552.7956594905138
1263.1944672668787
2524.8063664486435
101363.68744279626
929.2326658123358
2706.0844688762227
89.20001660089893
1476.9487185204387
1819.562729120364
1325.4607633072862
8891.063977914899
10695.798614769024
1705.3429194114842
34845.351449519345
1773.5057243141737
1862.1173589837183
3166.8552807120714
7232.71807046593
1229.0550043350204
6578.390429231125
2705.190228271941
1541.7449070005066
1816.0451165648842
1262.7035420312575
5012.762413177333
5962.318221372659
49346.29315217169
6865.464445565524
2552.8855164998295
1238.8819473144167
4519.479214108246
2879.1417343194357
686.394797676925
9857.89087253571
8021.857623984578
628.5034046236049
7166.514271024599
4528.061953810551
1393.6563708026906
1478.834433472852
50.16425069005597
5376.72054917268
15774.992036310603
5350.981836565998
777.6585246523929
4999.099943287544
66767.56786009786
7667.253953341851
1274.8929484294079
6226.8736745883425
2417.2977529224086
605.0735262525662
2468.5536336571927
2474.572111833041
109.92389718836533
16151.35438120689
1842.871991617489
12138.432427533644
