375
372
289
358
369
376
354
378
357
292
382
368
328
382
294
389
707
696
753
708
285
383
364
500
288
351
315
538
328
559
655
366
378
375
723
703
707
923
312
783
708
839
731
655
292
509
652
345
893
521
340
704
609
291
690
542
668
611
351
532
656
781
499
377
898
351
314
826
500
543
650
374
516
614
348
604
823
354
509
705
412
360
658
499
657
548
820
384
330
705
375
905
505
304
830
321
822
230
735
814
679
924
659
347
536
537
388
532
808
603
899
752
355
893
684
364
513
283
656
737
608
544
372
605
722
678
649
719
346
678
745
612
352
612
536
536
670
910
669
285
310
350
894
213
802
662
718
835
660
808
828
903
765
906
796
931
553
789
767
655
528
713
757
898
747
818
824
653
658
811
676
786
727
781
565
612
511
729
916
726
311
709
512
809
815
717
651
740
614
647
807
327
797
604
800
613
566
543
661
613
568
336
806
647
560
248
811
255
508
561
904
941
672
892
849
646
896
854
672
744
825
691
772
652
662
496
564
564
677
497
805
934
486
670
509
910
815
531
609
816
845
456
642
770
210
611
667
921
751
356
829
846
657
825
483
740
925
923
899
752
905
719
456
807
508
505
731
644
921
810
922
458
981
848
818
656
914
713
233
291
652
641
908
594
301
912
721
763
770
671
371
839
821
652
716
775
715
283
663
790
701
951
550
792
269
680
790
710
648
797
809
856
254
647
803
809
790
800
768
267
917
564
910
1028
891
773
924
767
834
915
682
1032
694
901
702
751
1000
786
536
693
865
455
771
612
235
670
1209
608
724
822
856
662
635
955
675
784
906
826
918
907
910
894
823
217
573
196
749
592
842
966
919
732
844
760
822
837
611
646
216
502
715
721
557
773
196
730
900
817
818
978
799
828
352
616
778
695
863
859
632
598
332
892
587
717
687
766
728
704
820
840
678
624
640
769
839
919
708
933
926
178
897
559
815
665
680
478
752
686
622
674
602
868
722
382
817
774
573
847
688
857
676
777
911
347
948
548
839
845
632
899
810
682
636
809
777
651
902
397
895
741
513
595
850
936
940
697
848
955
733
870
666
741
761
1006
810
605
238
723
804
781
866
857
733
721
1069
789
816
848
931
644
933
838
876
700
820
459
570
851
605
589
634
925
257
579
745
712
995
812
660
919
660
677
641
848
617
762
821
1422
931
926
1056
930
784
925
894
768
671
826
921
737
752
744
965
812
734
648
687
852
304
636
853
779
755
727
853
778
659
912
842
729
295
832
919
850
942
859
236
790
881
456
693
783
825
793
827
695
580
844
650
769
804
807
932
836
661
944
540
627
822
194
838
849
963
794
821
822
996
862
834
606
718
195
845
976
895
803
825
814
927
712
1426
725
712
946
711
718
866
889
917
748
827
1003
719
617
925
879
801
706
949
458
717
902
851
608
800
714
928
681
197
1417
833
820
600
803
575
828
716
945
886
747
916
732
967
934
835
215
961
824
812
987
738
721
1005
788
702
923
651
1267
731
599
824
915
915
965
952
650
884
916
797
682
776
947
856
264
998
251
966
758
836
1414
672
631
956
655
213
968
850
996
969
791
