317
318
321
319
313
339
339
308
329
321
332
330
312
295
350
352
316
290
290
327
369
338
316
340
339
322
350
318
313
295
307
343
320
312
312
344
313
312
308
291
340
371
346
332
353
289
322
341
348
328
347
333
323
315
328
355
333
328
294
324
325
16
350
372
379
320
288
325
373
290
323
356
317
368
286
316
341
368
376
344
285
336
292
19
304
358
319
321
286
306
330
308
370
319
308
309
307
351
304
293
287
309
324
354
306
379
285
312
336
367
374
323
309
294
306
371
351
327
363
351
342
312
340
14
313
314
309
364
302
334
333
380
352
306
335
379
294
333
285
360
309
17
289
353
375
291
303
353
317
305
334
40
44
20
351
342
20
304
336
343
290
24
369
315
327
348
286
337
34
291
335
379
71
41
302
18
354
346
16
292
334
334
324
338
26
287
16
295
345
322
332
327
289
315
332
17
318
333
34
313
329
335
299
375
549
21
303
360
319
313
288
380
378
373
288
387
57
374
311
358
308
344
311
328
356
510
28
314
336
377
287
329
28
357
332
303
349
386
303
352
32
375
33
319
325
310
340
316
304
377
544
316
287
360
302
331
305
320
314
509
331
359
353
315
312
36
311
26
372
347
43
314
330
26
341
321
318
360
39
19
19
516
285
322
372
70
376
331
304
16
388
73
514
285
30
259
339
362
308
315
342
22
354
261
490
309
23
511
28
43
291
64
15
319
287
29
383
10
59
25
335
53
366
307
16
29
530
22
337
561
43
371
502
4
529
412
558
308
546
313
291
382
549
493
303
260
303
323
51
382
57
68
521
306
314
547
48
302
330
76
32
538
63
369
24
359
38
329
20
24
326
491
365
339
51
293
538
64
7
293
44
33
25
79
517
387
46
290
347
40
25
50
363
6
18
292
299
328
386
26
36
287
294
22
49
510
300
377
37
382
347
35
330
17
59
19
524
36
352
294
294
381
284
414
320
363
365
292
273
338
383
28
511
357
305
323
546
358
58
40
8
365
371
7
347
357
289
381
526
7
55
56
391
320
385
54
547
26
6
291
528
79
292
342
549
358
288
262
37
320
347
516
69
38
540
70
311
289
342
11
535
516
346
367
329
416
273
39
327
34
7
33
35
518
512
550
376
294
49
284
297
286
308
29
31
41
324
304
35
523
21
301
22
341
345
304
520
265
292
67
319
302
396
513
67
261
548
265
510
299
337
36
336
325
67
344
307
355
48
576
518
76
300
28
290
47
31
384
7
515
545
288
324
359
33
361
284
341
568
300
276
316
336
412
562
293
558
385
364
305
530
91
392
306
415
296
331
30
7
370
389
494
343
53
41
554
285
294
7
291
25
560
509
42
296
517
12
345
322
46
392
365
26
544
559
516
563
40
525
549
9
53
507
340
512
41
92
46
376
509
78
324
572
66
326
302
538
68
274
348
314
354
12
384
393
55
492
69
328
39
416
395
30
55
47
3
31
18
311
464
358
310
417
64
357
364
40
512
514
26
41
534
384
49
44
363
3
329
51
30
50
305
380
384
413
373
551
315
334
362
543
293
5
518
333
362
48
56
271
336
20
66
550
8
374
14
87
49
298
290
71
507
519
73
8
596
43
62
46
665
20
346
60
560
19
46
540
497
71
389
57
34
340
666
51
393
338
369
556
350
70
525
73
620
74
362
519
272
669
371
664
394
304
75
327
553
390
382
518
549
23
330
381
71
380
569
65
20
301
286
535
414
549
8
68
40
319
56
348
670
301
289
355
358
338
21
625
278
350
417
367
79
317
306
48
510
70
19
303
38
26
6
415
505
18
51
562
368
562
4
27
59
56
542
373
536
285
499
277
370
536
520
69
350
6
516
533
35
32
81
8
575
31
39
14
524
276
286
6
293
309
418
26
13
367
49
370
25
29
506
388
452
512
303
533
31
521
287
507
45
513
332
545
47
23
281
33
361
306
424
22
559
23
504
600
5
393
29
561
259
334
335
72
34
15
317
314
263
54
271
307
329
67
615
62
27
24
676
363
50
529
280
300
71
413
54
339
277
393
43
303
53
24
337
32
413
5
35
59
530
62
575
62
6
54
6
285
553
550
57
48
378
92
528
574
5
373
64
388
318
387
734
304
40
14
53
82
63
560
27
262
33
527
53
385
330
511
356
415
288
310
327
28
63
29
7
551
510
71
394
494
552
362
552
613
506
337
333
336
69
638
55
4
42
89
56
567
556
556
519
535
7
28
576
376
286
300
35
517
47
40
541
316
275
581
571
528
386
310
329
