646
604
653
645
726
773
723
657
655
777
716
647
727
653
613
658
654
675
652
651
712
671
600
905
646
606
606
649
658
712
603
718
719
604
673
614
611
882
611
751
605
663
655
724
599
678
672
667
654
802
906
877
601
611
656
699
766
666
726
656
603
720
609
777
959
660
799
710
660
683
652
900
668
873
647
729
767
611
604
1237
773
641
653
642
767
768
723
601
901
614
670
646
651
714
603
1238
613
893
743
607
701
719
602
605
614
647
725
711
892
685
606
608
961
736
645
612
601
960
904
722
772
599
812
669
741
649
730
650
597
876
642
877
670
803
671
608
606
935
653
603
732
613
615
698
556
769
611
668
732
602
737
932
886
560
713
652
654
713
650
598
613
773
724
780
946
874
568
562
612
648
664
563
812
645
898
681
702
668
659
659
756
648
669
614
668
899
672
773
561
944
896
728
1238
617
655
656
720
1237
562
772
564
793
816
702
584
952
909
648
523
1281
879
852
518
1077
613
610
559
666
783
559
513
804
910
851
612
974
670
1288
612
665
770
644
621
655
653
975
765
767
773
733
807
974
717
570
965
828
766
725
717
561
849
857
731
768
753
669
765
758
794
676
541
852
667
775
595
838
566
747
657
828
852
641
610
664
660
704
655
976
665
809
901
712
853
874
661
1090
703
817
906
748
721
657
1092
607
579
834
601
757
912
575
795
729
562
978
656
894
709
668
600
775
911
666
798
735
851
734
654
741
667
558
813
658
782
665
666
788
776
845
819
775
561
857
559
540
767
567
641
727
610
705
759
730
575
1099
608
847
895
717
643
717
700
971
893
1084
563
654
844
903
745
605
663
706
551
779
839
771
824
899
707
555
694
751
609
643
826
927
897
600
781
945
720
1307
659
704
630
1240
609
556
931
745
667
853
946
672
801
674
727
1072
759
1357
662
855
692
598
856
952
827
784
951
558
948
970
836
873
607
506
862
830
834
854
825
1286
616
942
1087
768
906
658
599
750
968
715
738
978
783
746
693
901
715
876
603
913
815
969
508
847
656
596
966
716
872
521
518
641
506
853
823
767
924
896
704
671
710
770
1358
748
517
771
954
762
658
919
907
570
1147
769
703
809
1091
826
913
882
896
902
843
761
864
726
909
714
711
746
808
542
816
698
667
623
744
902
