-0.013784370022908107
0.007988103401827928
-0.014174359475064914
0.02607405877337677
0.028821249093559122
0.025172328005813836
0.01710305208786695
-0.004572946901699957
0.025874389726939194
0.004018409596865245
-0.01967343565952822
0.018971655569519352
-0.013643306177884286
-0.009840394798119797
-0.022389289897443793
-0.009084172231821995
-0.016867745898340662
0.0027423095499918616
0.0012873251773572634
-0.011737610325699217
0.0044518713222459
-0.01837247265214936
0.011705272454587873
-0.018101428007118458
0.028945465860878403
-0.020739556494800443
0.012577446318013297
-0.01223123099908238
-0.01580734063546573
0.010647889738403454
-0.0030629716484614536
-0.010189623417190829
-0.012683820172025115
0.016110364325628117
0.005194564729998006
-0.015885570265201255
-0.014173487244901042
-0.011683651621496705
0.012459054070190314
0.007069101733835979
0.01342070338005871
-0.008286367326262012
0.009822932240986753
0.009384252961309134
-0.011818349683317046
0.0077188187352740896
0.015716143482609437
0.006856819007558852
0.009484745411710127
0.014509616287962811
0.009000824417437969
0.009801423627904524
-0.010324157780618773
-0.0031052682162616995
-0.01275165308004672
0.009321427661802913
-0.011066849304423464
0.015651684405868976
-0.009798143298145047
0.015423285653450849
0.010158176226894076
0.009202277467792005
-0.007252014538802062
0.006148760524971957
0.005318251944367797
0.01317903433538564
0.007808719234477128
0.007520179501609548
-0.01184345661380755
-0.01022722257451327
-0.009583911595558896
0.006330954749233072
0.017528643001038135
-0.006632633439778105
-0.013227981159871078
0.015301744452915678
-0.018165623937211366
-0.017619136169958752
0.011621270590691573
-0.009185385858813485
0.016632805452582673
-0.008420909601797533
0.0341483279722625
-0.013621396030876502
0.008064225703887647
-0.0036638064555876916
0.007285791552193093
0.009734268597160806
0.005056823621600445
-0.014917865201278694
0.009654803851864988
-0.008000716283847268
-0.008140912415164236
0.0071370756058020636
0.009637974719501284
-0.006924986348104615
0.008394246888143815
-0.01582694653112454
0.003754485700349217
0.014128859195391273
-0.008607193372944109
0.0033082326904217583
0.007076925478169122
-0.017190274105986194
0.004858055363022728
-0.001018028928272804
-0.021586942548036617
-0.012409543068238412
0.01140139266439308
-0.001769924323648379
-0.014606339858120857
-0.013256785242753677
0.020090281126319335
-0.016073272571351483
-0.01732844334671644
-0.009427897605811083
-0.008766537815689163
0.019213621881694957
-0.010452184817092668
-0.00983085547628777
-0.0028223500943372545
0.009717349290388245
0.005490481441885063
-0.008829002625493847
0.007997947477606276
-0.006418111463560988
0.01934786137654171
-0.006913771826076607
-0.01459643425168984
0.007378999243927753
0.006296327307441989
-0.009920188655996667
0.00914570685143937
-0.00582687220667131
0.007740562976976023
-0.018087618424946893
0.008253395424443062
-0.013774016419992423
0.0010040674927490176
0.0024801406772765947
0.007331117896397994
0.004372240545070539
-0.0061695301565730404
0.012505272287001927
0.008632506731651621
0.07332667274498517
-0.005161232912713061
0.005574580413409804
-0.013503411243187395
0.0048384061599099455
-0.008498096019509406
0.008334640918842888
0.009820141818971178
-0.004162414401335248
0.019512549521257846
0.005287019059989479
-0.01934819248656815
-0.01492616337189221
-0.014218859325186363
0.004311250931431841
0.006985700323198795
0.001533318264062632
0.005972040601256731
0.004617013481170228
-0.005119518249078012
-0.008738721801276796
0.0010465755927343762
-0.006787337018597224
0.01824986975946208
0.004104216917619789
-0.007699527918522035
-0.014753889380947903
0.0073258240677200265
-0.005899747224885969
-0.0073160821112900395
0.014026963055002948
-0.010365303490390524
0.007330960065781889
0.003031700143195948
-0.006876240430508772
-0.010534968923814994
-0.005892843788830578
0.005662270360326003
0.010913524344735413
-0.009859441824293868
-0.008566721968537456
0.009932965071561686
0.003293369682376952
0.005962477148619304
-0.004008065143352346
0.013702916926368358
-0.007235713993849838
-0.0054287849328406865
0.011641887579903153
0.007473777263270229
0.005376120993629037
-0.011432053336022893
0.0156945552792723
0.012246724787429839
-0.00967100681994276
0.0016196065206142733
-0.01103664563102622
-0.0071312407190680435
-0.004483791581476497
0.009252188352020269
-0.007668918787698495
-0.006288152648119217
-0.005536294507997517
-0.0010633257596564722
0.005099166582282051
0.006770814691249377
0.00997101487403595
-0.0035427582657780485
-0.0038310679767270556
-0.009408790562716436
-0.008704433573213629
-0.00825887804335093
0.014978427491484547
-0.00854596652638792
0.006202106281108222
-0.007286658915395598
0.016026696504337568
-0.008917126212318858
-0.011303921631025572
0.0067390834222598875
0.004062056643114896
-0.00532876901250511
-0.005189709301353609
0.010768738395955182
-0.006042501332043513
0.002073562427267846
-0.010171793902104756
-0.00688771865912471
-0.003932449437781159
-0.004272077195097608
-0.0025378778210436294
0.0038108400650712676
-0.0053477303443999645
0.012819196193940306
-0.004599780755764168
-0.01108177281735416
0.006990402751748859
-0.011360240210109899
0.010093234037233239
0.013412006013957475
-0.004086296731475399
0.004436396771136845
0.009458805437204855
-0.0036048613140769064
0.006713753191263388
-0.010390269662524106
0.00842877161186015
-0.0056843153839874405
0.00597703105120026
-0.006951784206643951
0.005739419857920669
0.05200907873540144
0.009593243765147532
-0.007954976223225928
0.0101632811904616
0.014518782745848313
-0.00331370943343788
-0.0076173437357247445
0.004804098331987971
0.00956057541804178
0.003661189368301825
0.004949948130384196
0.006587782374110198
0.0019815706547044033
0.012630009183049502
-0.0018911722704171444
-0.007044810581083852
-0.005034979610747653
0.011831497095806266
0.003895424272369227
0.00524134666734567
0.005000879063397992
0.009296555196716301
-0.006685908140245013
0.004338150648206521
-0.01065599273538631
-0.00801055237092023
0.007674222374506545
-0.009880109825515368
0.00498652756973866
-0.0035816048772849144
0.009572122375330144
0.004868013125462165
0.01957768634971307
0.0028348118638651834
-0.003911538150375732
-0.001336731210946322
0.002934223189518298
0.009198707875154017
0.0022965655918485302
-0.006270242599381589
-0.0040694087774488215
0.0115541376604271
0.004314813883138143
0.00421560197685342
0.009739637670000618
0.010786146085134807
-0.004404863099004943
0.0034185014546920375
0.011177423053513992
0.013019368031624373
-0.010679014549570426
-0.004926731256890533
-0.013025184167770557
0.003886644897651775
0.005820022145231033
-5.342870625232165E-4
0.007004693381901978
-0.0037759479833094634
-0.006299684604791693
-0.003834304769350847
0.007611443325094898
-0.014477727866710671
-0.006282378575480928
-0.004094272108425023
0.005194818447350976
-6.366428616377773E-4
0.0029385382254855778
0.011047643443193512
0.0012033971890547206
0.004375402077769735
-0.006376144210664487
0.009020169497225906
0.003104657627932925
0.007218351740351863
0.0022033434570403114
0.0022586081780245704
0.008559271569273642
0.009619624344038806
-0.006608271513521161
0.004491538031849075
-0.0036088390585686083
0.004511229955323807
0.005781867368698475
-0.00738775271692051
0.00464308649007426
0.015983146345109518
-0.006909275620573394
-0.011073477058253553
-0.01659301648761379
0.003666966731673009
0.01897819142238264
0.007525954005382819
0.008349790754723897
0.0037458693497376444
0.003919995141580191
-0.00221474465246715
0.0020006674354742684
-0.005278575478044641
0.026798905670286987
-0.0013969809288774972
-0.009200404575036398
-0.0035886399319974087
0.0033024851935809867
0.0019257797741931342
0.00799247183631216
-0.00400839605643199
0.009703433288833456
0.00465058991060846
-0.004336799362516349
0.01255016373557759
0.0035456883610499117
-0.005055832363635022
-0.0072221910770012086
-0.004339358193607274
-0.0016250130697629556
-0.004641413787681379
-0.0025640729970587374
0.005460447674141794
-0.003783445187146659
-0.0021412041650186236
-0.005466756123780998
0.013325055525610528
0.025365755764062595
-0.00386875611017019
-0.007643897039084557
0.007149858720115051
-0.0021155559516546595
0.0022055010816967205
-0.002700519483111572
0.02413986170365299
-0.0030045545942130273
0.013908503033545882
-0.015213780498198352
0.003840541618695019
-0.001936501781855839
-0.005937068980852178
-0.002739391425566456
0.002269467274082937
-0.005799020590145079
0.023582082806269878
0.0034347836195854175
-0.004761940272523127
-0.006825350410904598
0.002700429565263193
0.0043825777759452355
-0.0031528347620432217
0.007016890077496893
0.006688641792753427
0.0010885299210279685
-0.0022222290950995216
-0.0022126550223056434
0.0019681122703630433
0.0026643418453108
0.009694958836734095
0.003546386417355119
-0.021020808284936847
6.243923488647583E-5
0.018937291986598378
0.005738853016350941
0.0038126347085290337
-0.0025151094197378506
-0.005006017665506095
0.006659123447893702
0.004228803199639837
0.02208477038960663
0.002174227745461252
0.003145051884322912
0.01622137304127933
-0.005637701402949695
0.005399645834167662
0.0033904627112584743
-0.004270090353402778
0.0036288910784724017
-0.004083482251810295
-5.30992388890263E-4
0.0010163200294669465
-0.017572855626761013
0.0017099393037637114
0.002231807722660836
0.0017709181795968379
-0.01578671103998214
0.017581332469628584
0.00324665725366414
-0.00286744831316472
0.0050706080279981705
0.023175386305195077
-0.001873766912812709
-0.004437447338438925
-0.0020711480522459928
0.0029324631293125717
6.354976046506495E-4
0.01484245379767729
0.0019613645270811393
0.006903568101251603
-0.00150841768060628
0.015375189756392384
0.017383662616965712
-0.028037715693267094
-0.0022074688695996316
0.003732264940170586
0.0025846788509699837
-0.0033982501698636
0.0013113112621660826
0.015739141032171982
0.022119041445423683
0.014062290419452415
0.0010374851328458173
0.002325327186208659
0.0016034269806396854
0.007350918178845485
-0.004283457416844655
0.0038302051595978936
-0.013535436024156439
-0.008135048309890362
-0.0021225882871926684
-0.013098072824171978
-0.002555503170455833
-0.012311434307591742
-0.01070140827584425
0.012201978860952221
3.420042832548393E-4
7.968330614674037E-4
-0.010808469402270695
-0.012723477253171722
-6.153317238641236E-5
0.011652014040191281
-0.010764196544756605
0.00233653270781447
-5.246662636572571E-4
-0.002110316183482833
0.010221403540622015
0.0017167860925999551
4.4594619918285653E-4
0.002039134026816308
