0.017418429069286517
-0.021155429908126133
0.010661580529972346
-0.01681306789269051
-0.010913388877946701
0.01587995923498555
0.009187522105594464
-0.020613749100577027
0.01274607087319343
-0.010818921258715662
0.014703970274036112
-0.00842619453748595
0.015753068409120084
0.011705881994214021
-0.013029070132722836
0.008260118143084335
-0.014530806445537685
0.010906638091210546
0.013856007059864167
0.00735305998298705
0.010036511203552282
0.007007072758408718
-0.011215323384742739
-0.005261709242766868
0.005335433463385213
0.008104643408673198
-0.011197548980433607
0.009107567820724931
-0.004828619315190027
-0.00798679871763207
-0.0033537267233374173
-0.006741967768975049
0.007037711048799389
-0.005219247659054915
-0.015203191044224316
-0.012366931912143428
0.009757359478108496
-0.005937759236391087
-0.01753434979671458
0.0032943216882611146
-0.00788869062234508
0.013573307964729373
-0.006740174938679098
-0.005469076656302156
0.00457193352456317
-0.012471883407215684
-0.006466475259141753
-0.006466104501839745
-0.005222990544590104
0.006139425006227108
0.012553417421545612
0.009048355042618002
0.0043628878113063955
0.00806065179080301
-0.006792445472384138
-0.009541852726808079
-0.004169646517625598
-0.008771402300872077
-0.00422534092880192
0.010510163569087273
-0.006440162668153847
-0.007763856185995375
-0.003458390676161387
0.007359037507482132
0.005701443478585604
0.008925701353994741
0.00900349859477927
-0.006562022371684943
0.004114407824840615
-0.006205435353502461
0.005024870695903437
-0.0068200178438538655
0.004136390257413065
-0.004856896648256449
-0.005501669895098734
-0.006737731209085984
-0.008115357813703782
0.007862263139592228
-0.004861473521062407
0.0041046274040077565
0.002267239666006522
0.006754740644014004
0.0051458596745874614
0.007855858408469649
0.004649255321697208
0.0028287779988355796
0.007914676979624937
0.004378088846854018
0.004691796965080605
0.0048393057303525045
-0.02169615448565186
0.006604777597045492
-0.0026349882483867114
0.004833888005431756
0.009505305770496542
0.004421589503930297
-0.019620457266014215
-0.0027470361767391012
-0.00285847494940426
0.004063549202280408
0.010252641747888935
-0.004953025420855895
0.0032160813692429626
0.004327808728053137
0.00607144401921382
-0.0033118619973419843
-0.0052489055446364495
-0.005961741781036875
0.005163478296828313
0.009407454554300034
-0.00519141218177273
0.004031090682867313
0.0025137859390320805
-0.004128679384688585
0.004241271426410795
-0.0027810567052851806
-0.004851284183169048
-0.004365973370752076
0.01686931127712525
-0.004970178733093632
-0.0068631897528689005
-0.004345181705455508
0.0045706344030380765
-0.006121600271347083
0.001512382298007563
-0.006111633847650574
0.00429457069372144
-0.0027362548810111373
-0.01679841996054799
0.003090134376991967
0.004995630021860941
0.0014401536770113485
-0.0034956150235283634
0.014448490677202757
0.0037176365452659304
0.0014961926434670207
-0.014219807437155561
-0.0013407914584161135
0.003632478883051614
0.014716154509201785
0.01150799593047593
-0.0026767646514302052
0.0022460929971369384
-0.0036439400638711046
0.0037157725008204645
0.002027631419953934
0.014011144895906004
-0.0025641166043240647
-0.013326451295366063
-0.00840404130908967
-0.001331585205133397
-0.012811799487842725
0.012448940077944679
-0.011619128144247594
-0.0038545589249073917
0.0045982503281600815
3.371104641794788E-4
0.0017019713327604145
-0.0020036305357251693
-0.002499520211480491
-0.00130298797691538
-0.012812308157696522
0.0016853880443349185
0.0043635074490736645
0.0034476861884637296
0.0021915939526908905
-0.004155159669199333
-0.0036339693001965928
0.0017158557061739165
-0.011677908797769075
-0.0038976814223230286
-0.0032479972082955495
-0.006746322799369542
-0.006848435954026199
0.0036067239997248294
0.0011939483399876017
0.0026251830495222293
-0.003263516108534087
-0.01083638142255645
0.00225092462275032
0.0013304170847477552
0.0025503225363365163
0.0028101079089170927
0.0028042026721214275
-0.003111959613653278
-0.010366129240303381
0.008502699014500402
-0.003480278168838185
0.010081678128959392
-0.009226016574867173
-0.002509693616680087
-0.002113362905534392
-0.010423139367751223
-0.0021600787864980817
0.008685335933752557
0.009770211072821678
-0.00916934688125485
-0.001994841349451696
0.00927599216597877
0.003723271942804824
0.008764806040377384
-0.008530572892129088
0.00252243883946508
0.008487631419372789
0.0023785429702271803
0.009547271793102559
0.005804289556281648
0.001949971567258434
-0.008415418284058503
-0.002079280146013299
7.034069046484955E-4
-0.007640119995960204
0.0016921590813306756
-0.002233170405703839
0.006907816284324346
0.002545413149548745
0.0016077869521116516
0.0075795124937711195
-0.008034488598389325
0.0032102334063596424
0.007587220398180687
-0.007832268911507807
-0.008403248012785521
-0.007832536044712877
-0.007650141344037007
0.003569736077216148
-0.0034842464481369636
0.007161514560169864
0.0019179389757000855
-0.0016375413176112981
0.007185293703235145
0.0070016019833105195
0.0010678491516753765
0.007436123148737806
-0.001602490717910511
-0.0025533785720680178
-0.001997651641102079
0.0015103431341030663
-0.00129618929355086
0.006414300851519096
-0.0010765387156879299
-0.006369457706506472
0.006242720809863135
0.006598656968470607
-0.002202621675182942
0.006296787084918297
0.006075560364553343
0.0012970028715451594
0.006366175532605647
0.0012442450491883608
0.001155952362974276
6.901401748458344E-4
0.0013319039584866275
0.0026787282318036175
0.005766173646857065
-0.004856847109560462
-0.004936009682992247
-0.004918235298695718
-0.0054548696864993185
0.004942253464676337
4.024215471506651E-4
-0.0029898624814283085
-0.0021800991079518875
0.0012971366241919002
0.004864185833697006
0.005239893822255472
0.004643678791038842
-0.0011482993551712518
4.1554360972964605E-4
0.004049302899173656
0.004452839760972185
-9.337144416192916E-4
-8.691581042633151E-4
-0.0018753549598251357
6.956766688113091E-4
0.0027288825351282184
5.984099292207592E-4
9.96301550167675E-4
0.003666151890608648
-0.004454088544276807
0.0034977295813047402
-0.0010534445595234997
0.003208030538572827
-8.903374383441282E-4
0.0011293063283891796
7.329569380579035E-4
-0.0012292181192296245
9.145515852573336E-4
-0.003576519500585524
-0.004344345835893552
0.002729797416195917
-0.0012481208560283302
4.1690708362005646E-4
-6.22990300829274E-4
7.192807210202467E-4
-9.106100788022983E-4
-6.893986517311925E-4
-5.634396081735544E-4
-9.313465207283665E-4
4.4489472479731905E-4
