560
549
327
732
615
512
352
679
505
328
570
541
373
340
509
317
670
610
518
671
539
612
515
608
662
348
522
514
527
355
546
542
557
662
376
351
545
320
375
1249
517
563
565
1251
561
367
537
554
733
525
539
658
353
503
700
728
528
653
664
505
544
505
509
353
340
505
547
330
553
649
504
355
666
764
527
652
759
661
283
336
769
708
543
33
707
343
727
829
697
919
320
376
822
279
917
767
686
334
709
678
546
710
646
335
306
663
641
664
910
726
652
704
503
1025
650
669
650
745
656
36
511
690
567
633
714
666
717
903
629
597
641
616
816
673
535
824
637
771
464
765
682
739
820
619
533
513
613
610
672
352
685
794
755
554
710
45
520
594
348
721
752
826
821
773
716
814
486
765
682
711
715
336
263
773
708
999
716
789
1303
707
657
778
644
607
592
695
765
392
583
419
762
766
717
736
793
376
763
506
507
9
1024
537
356
643
695
259
672
799
507
755
928
711
317
1302
809
1160
665
997
529
287
473
900
913
608
248
592
718
614
668
555
579
613
626
810
738
641
717
607
807
949
714
1322
593
274
572
1113
513
385
817
758
1120
938
607
315
578
806
771
800
765
537
702
666
704
834
235
793
1217
602
920
662
769
816
506
723
639
665
923
11
1161
1273
781
608
802
611
30
715
23
642
746
1173
720
923
834
796
806
738
530
640
696
509
1317
849
742
541
697
846
762
932
632
771
818
7
789
561
8
18
866
898
698
707
475
893
760
759
934
703
1013
689
653
935
388
910
925
528
652
573
594
944
948
1065
677
573
507
966
19
696
978
861
877
36
47
757
739
972
953
560
837
709
943
867
796
5
858
797
658
844
704
978
825
805
974
753
823
888
1102
1269
10
743
832
670
594
765
831
895
6
763
786
967
593
929
801
891
664
864
669
582
432
909
609
249
766
684
749
583
734
1326
1197
13
811
845
709
899
929
886
4
716
319
925
703
829
924
745
722
726
847
759
709
649
849
703
