0.14183713572640483
0.10185774495482121
0.08689644742984823
0.08227427054900975
-0.08888757091114952
-0.06337961361242672
-0.06410294967439187
-0.07136640842430567
0.07067486157638853
-0.06278446591604771
-0.03959349949109952
-0.05191597425109404
-0.08974961316671458
0.05031299138713233
0.046469219755835345
0.10031360783533659
-0.043121850266468004
0.03594504416969211
0.04531061600610321
-0.048981896845746706
0.03578585727774666
0.04398689998856599
-0.03841860713887773
-0.039903830167924995
0.06527269790095909
-0.03644802392365694
-0.03976777339657657
-0.034567570114826786
0.038870654068027984
0.036959020920679216
0.02653423699720542
0.053957036339486085
-0.03955923581001359
0.04358114616986253
-0.03952690387723408
-0.033545789190674254
-0.04555148000980104
0.04444489772541542
0.048642667606851896
0.03440318131904438
0.02763918926323502
-0.038400429940622705
-0.04668199198070389
0.04887559864543137
-0.020503464834056028
-0.04623333721278205
-0.041746786883789654
-0.0793143748064277
0.036119730021492755
0.04912003851739796
0.05249334346199302
-0.0465384733745701
0.03583309725804986
0.042579798679817024
-0.023316046589034394
-0.03005192808920186
0.024059878924050256
-0.03768520199902939
0.03573307034930958
-0.03443851894303888
-0.03608749629264426
-0.017277725900271806
0.019516347588963208
-0.04156096733517068
0.0660417159878862
-0.07439566861139552
0.02493158886543882
-0.017110035224541457
-0.011295446499332755
-0.07393235344715303
-0.03518138251920686
0.029520091193220577
0.026776064872846825
0.032141675402174455
0.02091097543581587
0.056435569971390945
0.035112261936657514
0.038907173976245046
0.02578100511995307
0.03274153798755486
0.053621986594255946
0.032565546666109384
-0.048693959930671805
-0.04582959103723306
-0.051640935932330656
-0.02769926567029573
0.07664281595961661
-0.025813142871420166
0.04805602229527868
0.028199686692206096
-0.04066784558912545
0.07343304271758731
0.026869599813129634
0.03057966371098415
0.04045673620886443
-0.028289384727675677
-0.04848142578700971
0.05721892600260683
-0.03880681055717654
-0.0365443855691806
0.03381515029127145
0.02330458926239728
0.06757620606701253
0.01855959226400392
0.02728270568609114
-0.06498021635284197
0.056461762487576714
0.017269910427645543
0.03259459045976779
0.020915648620725077
0.019251658979719213
-0.009932918856805823
-0.05493699497422049
-0.021326591983594996
-0.02227921951529291
-0.017487794956734522
-0.021062709704299284
-0.037476225062027996
-0.031111351528760513
-0.036552076632584175
-0.034838851142738964
-0.029847896146013526
0.026644032266322382
0.03580747982862127
-0.022306530988481506
0.02802278563425566
0.021661959146926518
0.026347385023393056
0.028447803214068382
-0.0358979217350507
-0.009620263016297993
0.016261070064715697
-0.02444124686025371
0.06390681904458956
-0.014998819647731823
-0.019700023143841065
-0.020254998948019045
-0.01744329597660546
0.025948016956918316
0.0368639017841506
0.016171591209525785
-0.02159958466975645
0.03870437890650108
0.042912832571390266
-0.03243364879753182
-0.01862462280508305
-0.02384349562418837
0.022291061688792958
0.021198995502732226
0.02956717979968581
-0.020048893985753054
0.029141797743740434
0.02845443350770184
0.01979743349122059
0.02474184851602181
-0.03207990678911296
0.01980810631935755
-0.04620242654836797
-0.033566265267794666
0.017655188047436807
-0.02865972872938099
-0.020583305278562874
-0.02240396886316389
0.0248321284730063
0.03712441768245069
-0.048332604633780696
-0.015356455139491172
0.013970762268374806
-0.010877343870137467
0.018391336734971103
0.022776189281810685
-0.00796580318763939
-0.021429727023858453
-0.025174782917550317
-0.021362809121396226
0.03279898141106364
-0.01250359282986551
0.01760932114846321
-0.03200406117815483
-0.01241747594065032
-0.05259841934463768
0.022945344600027038
-0.02215415730016776
0.050687677233419964
-0.08224618910635537
0.024510210058566958
-0.01381403977703641
0.02669240691608939
-0.028355644355203036
0.01766350043028513
0.018569333764201303
-0.01965464633824638
-0.025184910807452717
0.01285578390381336
0.017535238073198102
-0.025336400643619153
0.03672289545575953
0.01714850796150599
0.02425065059043444
-0.01858521099823997
0.006662290942012728
0.02745441302917556
-0.02178488138586342
-0.01384522993656855
0.019325572833154066
-0.009307982975140676
-0.023701413865961175
0.020091911427669393
0.017712373313883558
-0.01859410581374668
-0.008428151332002622
0.012284153048088279
0.02836269932179664
0.03057808487014186
-0.020888660125858393
0.016558250071732183
-0.017542324748489314
0.018901659779468772
-0.03814444163631039
-0.028757728333484184
-0.021189430763913206
-0.03901226405030712
0.029254382238511175
-0.011170915778451597
-0.012027691646270948
-0.04466901060364704
-0.02665277022466611
-0.017797793708210614
-0.02645783192854669
-0.028336475342037936
0.003131132825711337
0.026459995608603792
-0.05851311351643626
-0.017731081063083017
-0.017758982594879798
0.018171393355159663
0.025140681776185763
0.014960578582408708
-0.012350919384820245
-0.04158349276493446
-0.015395094210143625
0.027401381042818907
-0.010464315656082454
-0.040284441433325074
-0.018176013041228893
0.01455283335832511
0.019349728755723904
-0.023132467530662466
-0.02246163590374381
-0.023673056552698128
-0.020755551061026608
-0.027083438584649382
0.053824515003479526
-0.015402827784948805
-0.010729863638673424
-0.015674724540770592
0.016987067100438014
0.024627576895556128
0.01575736692333976
-0.022496138613635048
0.011716582204804739
0.028694470925427158
0.014821815031529916
0.02677001292706086
-0.029896841582350734
-0.016216330974089706
-0.015834789614207406
0.013195583048175306
-0.011773355518789861
-0.016403815641718087
0.016760233997977804
0.0235464323593573
-0.035313080577950434
-0.009854374119811212
-0.023050594814773114
0.021325403401575148
0.01864494702102804
0.01762755325661157
-0.016923682408586306
-0.031912710222240216
-0.029653553704744148
-0.024647476434911546
-0.02702156812298289
-0.013637355166034272
0.02447209912304158
-0.015060090891953292
0.02145089035469571
0.021455443628240572
-0.036136282974331184
-0.01604023881509969
-0.032129653403543686
0.006026556715908841
-0.046993303894272115
-0.026743952729757176
0.036825885954419234
-0.006827229850144322
-0.03280015435358818
0.009151125845714574
-0.003037273718549293
0.0158685554739556
-0.029570437443159073
-0.04112308401998151
-0.01598675721378474
0.029755023833119506
-0.010128789658804033
0.022178292110221324
-0.017291332345545484
0.012876268108933208
0.024427042062104075
-0.005184810095685321
-0.016798097579540715
-0.04436643241337896
0.014199775615712961
0.006451856444605679
0.030891563672236323
-0.008486120585679746
0.018893667755558105
-0.009865708660474063
-0.018623543376686865
-0.019867097236876338
0.013237908910897062
-0.023702307583272558
0.014841146517488395
0.01069021243928021
2.3340176069811103E-4
-0.04924921157285813
-0.024960808283645067
-0.011348013543610556
-0.016288682046570052
-0.033805713106128295
0.0160588878710782
0.009285774417427069
0.008901135994965495
-0.010380143229033937
0.011046922017165187
0.011907625705976917
-0.006628576621804505
-0.008853668877646874
0.023587059398298346
0.03155599239475337
0.006911832633076276
-0.016287482370362778
0.04750408122772826
0.014448715179412272
0.01901138782856409
-0.016681052430534447
0.0173642408691749
-0.038900094912830564
0.00838673744096923
-0.03063634419817629
0.0690491474986195
0.020338921532974806
0.015725561221069707
-0.006829987726363712
-0.029806590211493195
0.003642594942781021
0.01564191403343957
-0.019911142528859706
0.01893164575664426
0.025451870101821095
0.008659719271395507
0.02520851519434543
0.02293932026608636
0.025553208694693557
0.029962218278155865
0.007515952633759824
0.013571742211777305
0.018286929747108212
-0.02598857033846381
0.01371314900348636
0.034885103552144164
-0.01205836864481296
0.009433726783953867
-0.013029478351582396
0.005035248269363431
-0.010844524478868477
0.020947341973300983
0.026740889402565176
-0.030343849554229488
-0.004514224771898408
-0.01132738879700191
0.012252777492302474
-0.013177845561923434
-0.024408917341324755
-0.014056379502945
0.012714061664137974
-0.00834822420637971
0.02081318780706417
-0.0365087832267599
-0.017396873675941955
-6.955886907250499E-5
0.0060959168609277135
0.02026870448715063
0.026115965679559736
0.007106036506193027
-0.023035252066223914
0.02963114283390631
-0.00494835622337571
-0.007069303035601243
0.029909922267475523
-0.008262401797335318
-0.009197558534814696
0.010220775767585613
0.026844105733632856
0.007349855595191948
-0.01426694394387448
-0.02805291524403849
0.014227849087920583
-0.058322172512102165
-0.01139911148160089
0.03556261492880278
0.007134682723469677
-0.009392873806723462
0.009318616838862865
0.012469829202211237
-0.01407898646907729
0.013384911773580362
0.021754495747618972
0.016628141695711293
-0.016466751921200885
0.010104259243473147
0.008043298276643953
-0.025181413960229385
0.02469038145530653
-0.01536021996235959
-0.020540605277003167
0.012044385552729622
0.021859028322157723
0.006957584841767425
0.007526421962385097
-0.006033797284196221
-0.017314343663669334
-0.01272125828021606
-0.004741480002824212
-0.025809613013026533
0.03749174520055129
0.009331339294854002
0.004944385082737023
0.029515075181877785
-0.02112465358558468
0.02854101457657627
0.013396206069809312
0.010394250095531184
-0.015210820296931849
0.027755003434065097
-0.021539710986076887
0.015511750721459097
-0.006580024564225842
0.015088973411944812
0.008870014196275281
-0.030037213572633222
-0.007525197112939426
-0.01602173068458491
0.011566117604219703
0.023289760204251775
-0.006287086999833511
-0.01745800440382658
0.010561583129324157
0.005217922081792608
-0.009792065353119949
-0.0055560501605404645
0.013977956574562678
-0.00655179999456804
0.016413346359902888
0.009007153548140584
-0.008226769491319475
0.019657964915552988
0.01514474867986268
0.019627253526295713
0.005264387126806641
-0.021514099467986124
0.011561986448338427
0.016366560382294757
-0.005005382728616326
0.019903216736941173
-0.03222482744656826
0.014233909664419352
0.005637852661693372
-0.016294010211297665
0.013121750780238535
-0.02881248883793913
-0.007053033630343149
-0.01671803425193362
0.014176238580438523
0.009755764845845775
-0.008679222381057883
0.004660275118070005
0.011018523743281813
0.019173114785941782
0.009823317799273043
-0.0051940509316459925
0.011136007909714607
-0.019918021417466552
0.017572701571876792
-0.008126321190640171
-0.00961289951265673
0.008385519770966814
-0.016049788613394646
-0.010971727265506364
-0.006575512797288989
-0.006160104866935545
0.013539544476940814
0.006794106459994509
-0.025528661104912632
0.012116279273366405
-0.025959761949889797
0.00865614436531423
-0.005176421845414194
0.005380805357786835
0.03153412393800509
0.005033194474465464
0.008060515039841332
-0.009317040626343679
0.013442072512115332
-0.02467662160229266
-0.014900557786271055
-0.006958813073888764
-0.02530594426082976
0.01382140340168431
-0.009886988061962072
0.006363384755741344
-0.012307766960942304
-0.014950893176816993
-0.0076214565929555635
-0.0070393699147375585
5.843062160434532E-4
-0.010159772168818028
0.016406682638981755
-0.012853433576548202
0.010241523915755392
-0.031136883717158538
0.01326559429320003
-0.003424140587556168
0.013569865656530329
-0.00432884990573995
-0.008507142199377671
0.00929992006437619
0.0043029967018666845
0.01128586651149615
0.011105507515621641
7.568776442554406E-4
0.020030077027977995
-0.004034576345089508
-7.411502737563574E-4
0.00988812982605329
0.0071105355866937624
-0.02357494762365681
-0.012131139645591973
-0.02139232270802699
-5.929689688763252E-4
0.019831713533696158
-0.0061391596827983915
0.047858050174171406
0.020802848605266135
-0.06603921459326943
0.004756249859157775
0.006157266231743887
-0.007010448312641484
-0.013286535135329153
0.009153824885582288
0.020815394442218336
-0.006512209003943896
0.010959586973679707
-0.02306806185891415
0.006170011380791798
0.020977110817980704
-0.020016252304985868
-0.023127133125603504
2.5201089098204714E-4
0.006563305696884712
0.006927999815419048
0.006426277312126894
0.008383034149946988
-0.015037714164638942
0.024862011299628235
-0.013012092934826048
0.013614322058278486
0.004059567658706062
0.007346737384817268
-0.012477963489972974
-0.008538546241511971
0.010056563166609923
-0.0051275078839197845
-0.00964577686378195
0.009929376948536326
-0.004926478124378776
0.003004701792677267
0.008396456933427348
0.0014614742795140295
-0.013092248300534327
0.0013755633707522655
0.028376442675700244
0.024868875055871622
-0.019911752009115748
0.0019468340818594807
0.007595398001104432
-0.005727465791990053
-0.014631758153386973
0.009574878188359117
-0.022615208504413727
-0.01064631908084223
-0.008247156784877403
0.007357117352122951
-0.0060776363026391845
-0.010064328763802597
0.006510084520887407
0.007158898170345457
0.08087293950778114
-0.006218141058381438
-0.016546398530894256
-0.004143883980271087
-0.00692085451105083
-0.046720740595406283
-0.001281065974550016
0.0041504117032498365
0.0050362392213495555
7.93988695342827E-4
-0.046240119644630234
0.01444851375862186
-0.012036757854951128
-0.004187804519642626
0.007791628336916681
-0.008325037486337542
-0.032007880601758514
-0.00839292164888825
-0.006005112310392706
0.009047693144549371
-0.01407823833794612
0.004446705901656048
-0.03770748539544465
-0.010079657229743374
-0.00605042439303285
-0.008227347706746291
0.01994551977864996
-0.008331192791905308
0.008917108614807535
0.03838004640287
-0.010521177513392613
0.008323305544682157
-0.005994204112658755
0.0029256465735155892
0.005744461285164751
0.014080784275041634
0.017000175785323573
0.009964456404158483
-0.0052483305732319435
0.010560160638414568
0.0011705063007750914
0.015458119373783911
0.019053045207546516
0.00780570882543436
0.0020601733480729513
-0.004089476842223822
0.0076088157417263024
0.02263046163889452
0.01226684234881477
0.005681289827098909
-1.6897464501417712E-4
0.004925411351447103
-0.024041865951154248
-0.003051464048962598
0.005559612899821197
0.005660440064975987
0.00685268722703623
-0.0046372716992667505
0.008904987490765823
-0.009487400841927994
0.0044924054586911845
-0.007793130749295807
0.04787392428308972
0.008188026033261507
-0.03168549034698059
-0.07187351431713629
0.013002340723456978
0.02313678365598853
0.003478018904870586
-0.015820414847447024
0.002812960892484302
-0.009156337951402513
-0.011920528533919525
-0.008176884154545228
0.004321781380828273
0.012562403847882458
-0.027699215007971328
0.008131404483292528
0.003913247899345782
-0.003930751583002444
-0.007388687783476475
-0.00881345730093987
-0.0195681130124586
0.009635352041120607
-0.005189152677054391
7.789566163432773E-4
0.006766421154007995
-0.004892754208896916
0.013154875902959856
-0.0022076259247830097
-0.022941778864649022
0.01987223478142674
0.0016573745636219153
-0.023124958439968053
-0.012277900908685198
0.0064305498084787464
0.005065042436742384
-1.8891095371204728E-4
-0.005745833315303607
0.010266969460642164
-0.013400135495086335
-0.009871140106277482
-0.015969261712351378
-0.012238186660281012
0.01076690877495934
0.00824887122292714
0.0031248727004519025
-6.719407667954438E-4
-0.012189747438531535
-0.01601867266853976
-0.016736910583754355
-0.008764720979692426
0.007952822544112288
-0.011903942066880866
-0.003227062244284353
-0.005983858127871665
-0.005654699195018318
0.015599209952776074
-0.010460963474905782
0.012559321654643437
0.0013434449580572994
0.00827979041947466
0.003211508685294724
0.003641548618541368
0.008159714467207733
0.022674385257534454
-0.018197066457679528
0.003833108228413761
-0.006977458663293512
-0.00663602891622604
0.004836717679682252
0.002441689146004083
0.03883348591620129
-0.009076741906717617
0.007302466477204185
0.0211092022161355
-0.005066418660477466
0.004735889941159716
0.005526628481632246
-0.009477543185939179
0.031445974602524955
0.003441487207151102
-0.01966823114461366
-0.019980056403392
-0.005347783347795248
0.009420058942498878
0.007692965633998157
0.01065576900327375
0.0028511407663037096
0.0030281818689066654
0.002374334733728694
-0.006302719628618599
-0.013801535845537317
-0.003947147678367707
4.7541838819096144E-4
-0.004925902775592918
0.0059853787927021075
-0.001806995004189761
-0.017285322789587006
-0.003681273411722207
-0.014814780970080925
-0.0030945542265858363
-0.006090249373446217
0.005516951108700804
-0.003635931711247662
0.016406338068698408
-0.0047977114353389624
-0.0032909756550483127
-0.006646346325224318
0.007489721299233317
0.006163384808104354
-0.005741811404902455
0.004696848416971954
-0.005202097039673314
0.0011577530204730695
-0.01506175811106295
0.009494051282015505
0.02708860870453108
0.008697476168170286
0.0055125763167479976
-0.003272366677784094
-0.005072617586343261
4.0274180256065246E-4
0.008228640556987946
-0.002999702617743422
-0.0022651430080509985
6.277815269637589E-4
0.004132804698005253
-0.01152561301050733
-0.00662397774643884
0.005128038117077358
-0.011560950133703582
0.011550949080396394
0.008670247712041857
-0.0018737660787642564
-0.0049195098783805695
0.005793229965379029
0.003840374500724651
0.003717401830165968
0.002300976030970063
0.0015650976384949283
0.0022425522921414114
0.0023533208277630906
0.003149786943442762
0.003827867682284494
0.010221676558062616
0.0042881812364922904
0.0050250791104409455
-0.003598977464109954
-0.0068197909580148194
-0.002402613584333929
0.0067552989326999015
-0.00430915582094816
-0.004186300727479398
0.003511706055118613
-0.0011057280542464884
0.00977519738419094
-0.001421446351874294
0.005877162391045216
-0.0018992380562067228
0.006288103272114329
0.004434616950202804
0.0014536806593292784
-0.006621367927670135
0.008870522545494097
0.004365470690067977
0.0024526272834153114
-0.00396579975013493
0.002471018349027775
-0.005363027642205188
0.001541593440143104
-0.0030243836996262955
-0.0032601646844173707
0.01145167782095657
-0.023250640637325445
0.007108200375129534
-0.011119379839784818
-0.003999666224296931
0.0036919468565985475
-0.009763765210900981
-0.013012028901689274
-0.011928933560435874
0.002706957400638163
0.004842020825979485
-0.00765036385414773
-0.0029327743072875773
-0.0033676982615069764
-0.004402126777359903
-0.008484109745004617
0.0023130541144891236
-0.007330360391160245
-0.0025704087678589203
-7.076402902608666E-4
0.004621773520747185
0.0031942113005394217
0.0035809385395406046
0.004625271466070349
-0.005073212548050685
-0.012387008917200544
-4.207902203833382E-4
-0.009286310885459195
-0.0029860699970336363
-0.004009156349370846
0.005220660525413705
0.0019475911301989966
4.460756246451368E-4
0.0029590834767684953
-0.00339007398889252
0.004153404153484433
-7.345564032962407E-4
0.0018783162168116477
0.0017204946396668038
-6.901174547551568E-4
0.007397564675206553
0.002447164086486517
-0.002221079381991265
-0.033027310487111515
0.002717166095508617
3.9357551291877355E-4
-0.015180113286225394
0.00307864284841243
-5.986892366261251E-4
-0.0031125137807444317
