0.06526774348758548
0.09431307961349458
-0.11436047714491078
0.15294760376742766
0.11261168896013546
-0.18797360836911414
-0.07240031783375084
-0.057021972008965735
0.09830778232191445
-0.07704368115230303
0.060026143747954515
0.19787618193253684
-0.01551323152779725
0.0038594644787882386
-0.06103503884846771
-0.03541137702272774
-0.08312747210961016
0.02285248361765288
0.10756981511556146
0.028134722441090606
-0.028653164537042183
-0.052921478812392675
-0.019596003430818798
0.04984978393762168
-0.0389004028226024
-0.01612997158134991
0.010065510726505342
0.009514707256631068
-0.009807673392908015
0.07508806132097812
