5913.550416841412
6375.732704786271
5926.242194193157
7305.397718003399
5926.412923224417
5033.23121970752
6452.935720033959
5633.228645010373
5524.620799849046
5184.727103677483
6128.459075682304
6889.545743610999
5082.366574230426
3781.2651620243823
6651.067675277276
5119.8684448003105
6660.82857848591
6132.209756535154
6135.426128129679
7529.876222731305
6572.223236067469
5339.465249896513
8155.6922094441015
4559.24448944074
4275.850149007301
5852.938508848906
5326.245043374685
6975.730946050081
5326.415777056585
5448.546245711784
4843.285583339247
4828.564256935502
7612.833083407852
4600.701538986674
5443.283503671872
3716.9481839647356
4568.934583083402
6330.5674343464425
5340.44245435175
4534.2517356892895
8653.590659664624
6900.604356446862
5940.43971131792
4896.238885021827
13356.624842061263
6124.61795554721
8147.6379932788495
8973.230090930681
12736.115441912365
6732.208738452392
8511.483704107572
6894.57491755262
7497.787850734658
5535.4289940210965
5086.183597313502
4896.509244582359
5095.771399698484
5841.785751170277
3581.4247603992326
8488.397175854578
3636.364822033405
5733.433119478868
3444.2454030484782
7489.543733477345
5839.3563359446225
8129.8744795956545
7217.178463047771
3837.261136317828
6695.574429397001
5159.243267041581
7211.940260483841
5148.900908925537
5242.719883864775
4068.7094155751547
4763.7112004347555
15731.527209316826
10684.32087576873
7127.268049762903
4867.919093312198
3181.266123961231
7948.999085054255
5087.021977057661
4620.800877573612
5313.553249404335
7223.312527668336
6566.463936252063
4769.3735800874465
3389.46291348774
11988.479619211801
6221.800939873208
8962.269374796753
7229.010278238102
5459.335545377427
12436.460875175017
13323.522428175547
3801.9829248307524
4519.066120178585
7835.958887226063
19603.446986102725
10376.402394972725
3615.5217223301065
13722.531879631602
4519.870475835276
5099.909888176227
6743.0804166771195
13823.697623001763
4499.910458865481
4261.933230417928
6439.353947632189
8855.933140753166
6051.070196262934
8554.546638634365
3700.704443540231
14733.882502647226
8535.963087417798
6513.5487146731
10917.321219274883
6728.457567905554
4050.2312966003706
8504.408107121479
5092.307296706006
5850.2691326201175
11888.302548823092
8441.934882130023
10050.96685936246
4848.548079453567
20122.63343032266
4824.393130072026
7170.06981583012
12462.024324035085
8960.984667201852
5410.8258590836385
10834.304470033645
8007.317973268954
3163.3690100951276
14403.182552555974
12660.448125720164
4554.551401871323
4035.573384978049
7407.3199055913665
3672.8292334717
6173.210775214004
15753.93608261344
6539.46127268937
8446.600562845077
9111.48256505966
6389.522857289659
5939.462414516509
3712.0821708694384
10513.834680830505
8347.689387789374
8541.363838562998
6482.821958107628
6450.2666748956435
7222.285125895663
4572.649330479369
3712.2537421199
7208.002564232234
7241.938643276678
3814.471817030451
8496.35992745946
3232.8603962242714
7571.55075380661
8746.355182030678
8550.102711133084
13016.263372226542
9405.672298426858
9736.587898920283
4296.240075206222
13257.815688280196
4859.3364973494345
9247.20202366907
11108.319969869273
3295.816221243463
3250.784023213161
5085.171856932739
15311.855687348501
6151.118610817816
10135.779759451187
2382.7763585645735
6134.433708328821
12163.095539329943
10402.255591535566
12183.11070890615
5134.249798627897
9104.406973369247
8154.368929430855
6060.831133838758
8754.367795688351
6493.938763238823
3650.144483274894
8963.185173233273
8037.650218374031
3116.94926443942
11073.432281915515
4533.434859505336
6228.134025418124
17449.231401460616
17858.786227829856
5564.761345251824
16543.22271097968
7846.602335077422
4986.798421888969
8058.606935210312
7453.594051053056
3629.691568800089
7494.573143537899
12485.509724604597
14728.755950340075
3400.7038706963776
3606.2532022791383
8755.691052199187
9299.80155417007
3473.3381794268707
12682.505229823108
8716.57779108272
7430.556828389551
4060.130072836614
7113.416213009249
16146.184762854215
10919.33563450889
8203.551773476196
7823.311755373977
3728.6847554170117
6379.718680600221
4615.069584324573
7745.271226927656
6658.05841228602
7941.365544923898
11893.080285375598
6145.762233867093
8481.440853763548
9128.20467800212
8411.884556962454
40044.07226489345
7585.872496249441
3734.3912930384668
6243.32416126566
3850.7833427000514
6886.550515625006
14402.48578799822
3384.730523671065
35847.42535078098
3340.371300072347
8647.202806766125
5574.069924606041
7295.572283627058
8960.317711680704
7246.604467564566
9562.268493787064
7203.514057378373
16898.995858853257
18996.41121471709
3825.7859527851365
4386.799230231103
3731.6583195332246
7041.781538781284
4881.85285050592
5200.700478894834
3560.6128981514535
2939.961804426522
7333.761175744901
8168.771001005897
8650.182344114826
3392.5952792809157
4792.7921076422535
6521.953480689741
10116.992048779575
3817.6606907812597
11179.388964843223
5198.557796569226
5059.008492492675
8373.231510939515
18159.06595853793
2422.9066952179246
3864.369225207948
13715.72383683226
8050.183719027152
4015.0701614960553
3400.5223326322093
8770.795307082435
12253.77692678084
7133.761372851761
7224.60619301718
13386.966191643438
4363.366980479224
6140.249951658035
8088.669543393218
9345.68499203033
26509.3229035308
7829.009530989809
4984.177509772949
10547.432822161658
8607.317643818657
3668.779938681577
9146.709489829771
15685.12272946994
7587.60098047602
15553.386909057166
5564.1771989843155
11246.914994696439
3304.440267250985
4916.946007295316
7093.938358702968
14118.774828480151
10266.973661146934
5140.518789788676
4105.657724492467
6987.602612278975
9819.470209988685
15052.827831030414
6348.899715589713
8119.730257410599
6004.490433038018
5820.799531991009
5242.599732017859
4639.600244155064
5543.734097055363
8192.801298630256
4818.224761268567
3409.179604768645
5814.947060386791
16065.478186509366
8941.618975205109
8618.618815530906
8947.688415164625
8103.65078174014
11238.479445318364
7822.2523440827445
11836.785295578165
15284.787809018802
14401.119048820958
7308.090527136625
2387.741387714046
4081.9760343602215
7568.771893853359
9165.302796304482
7589.518949905792
5699.9094097446
4650.230285080013
11053.92930482785
9035.95634095872
8247.820221559981
4738.393725650266
6151.0140441246385
28374.133477606825
4259.337830347308
4713.05775204177
12639.44205700362
17409.605381809768
10866.973296135773
5247.892488312457
16164.446039656501
3490.459152098655
3880.5507864561655
3399.9219385095134
4371.363398191451
7463.144172796086
9041.9339852118
2831.9842658580415
3610.828777137436
3696.241435096114
7437.680411900141
3522.7506071751673
5119.065434640531
5944.543849340278
6240.717084034884
6235.031934631919
5861.915425876074
8498.570207111457
3410.6187507930604
3275.354410064149
8146.35628232628
8162.507329921588
8502.79491749774
3624.395463537438
8034.464042994784
16490.991128308302
11874.831721594834
15342.760841374895
3699.590002510006
9088.39602536786
7045.65887254352
14834.356473252576
8117.28440726792
4917.325218446202
7038.159130443267
9563.184295202442
3096.242472398811
5819.314027334931
10143.672446150731
9253.590000866905
4540.520444602704
5959.451297813002
8264.8261942669
5880.897285340116
34260.81770650153
5408.2339668898685
12109.01278847787
3895.8157467420333
5532.212649204608
9148.996921262944
7654.736372119802
3289.3598539833106
4923.492729062829
6735.424870317286
3288.6056557098195
6024.39165134582
4417.660308067481
10280.098142983588
8343.674616601815
3538.897493370299
6745.813445714925
13243.744652295058
4863.020755594933
14399.796340522907
7065.916691311915
9834.16542948753
5519.428711242297
14504.5879385023
6979.716387623843
3024.3962111031638
15987.950862561109
9141.363331817478
7065.131042266234
9250.181493501243
3417.013311188708
7562.508252141638
4122.750101675708
10217.992538726323
9218.528635050294
3096.5126173306944
5851.15984322791
8170.796467130522
7547.4446970806375
6508.552851533214
8185.871363746909
9310.51789878411
6704.992883222592
9711.482054235576
6183.209676425712
16107.579689663697
44629.08118222898
7437.651512702869
9285.44427419611
7822.284493560843
28182.219279451034
4691.1007557390285
39923.46589111561
5481.851534507445
4686.348939960657
5093.212870868839
4939.332986760679
4664.144659705984
9160.18804646494
18953.185172564245
8699.802242398217
9237.648022945157
9473.339225434525
6526.411635236232
4949.368142340168
4656.314916537416
6187.791987994095
4742.685390809338
2074.4726725338955
3348.903992403336
3696.511552366602
5202.29232242251
15592.03865206997
17351.777494390535
8435.957101570531
4757.219348101346
9560.983829948826
5251.160193839286
2268.768146429317
10574.77086323586
4904.458063076618
7319.428161979063
9258.604698198887
6527.268665343506
6719.428386259324
9632.90090677663
5235.571485168199
7054.737232342199
9885.200249021333
29486.03306704312
6740.488204491579
7674.434032166474
8504.988817830823
15874.96291861125
9214.142525912515
5424.392077390606
3322.3537606719788
6758.323757447752
2252.0902065034124
6445.66047261917
5852.5015650919095
18642.014856953698
6198.604638920881
10485.199599022082
9947.43346830774
4180.73260035595
6184.177151419355
6138.097454918706
12186.069077203174
3426.7123201571853
8212.83149116005
7172.221147491493
9228.19509427117
7052.934326767785
16960.92078595062
2279.4658553709655
12975.438020353311
16458.6424082895
3914.7240503906714
6481.380180679267
5443.947842262207
7895.570664741064
5507.081780315219
7039.599550361254
5054.820645235408
14036.636354333774
4864.090207241373
3263.1158789826286
7039.352238637944
8514.442820313465
7349.367208289465
6705.399919542554
37224.24577108866
6139.332515224508
7254.461044960241
7711.816854312317
7285.096047108585
19361.742672675646
5222.418252806057
5994.198536159798
8528.231225153948
9602.700202376458
6734.289781737967
27109.32198667864
11551.913398030101
4224.394360048761
14396.48751899637
6707.081633050745
8363.1864261697
2373.0323409545813
18175.48723485898
6897.7898129515315
4316.946892833225
7078.190237744378
9834.335257913863
3610.4411550741206
18116.652161485967
4264.090583703204
7127.757436627941
10482.295778191763
7648.647266289506
14732.400912165944
18362.057123440623
8943.673914054982
7015.878500010416
6748.073926011708
7082.821686508123
49199.033485359156
6787.63375256251
3899.911138373033
12611.847718572526
4796.325638539699
2308.0419848081983
6929.878466739838
7267.196577363784
5571.363023840825
17249.427080820464
15116.211893717853
8945.536036198126
16827.968540185222
7048.648158787375
5528.461820961614
15723.228099355028
8707.219195267482
19531.976633327013
3915.4320522469698
4938.7189774520375
7108.552329256275
3281.9576984057503
7066.798682750507
10163.183829081758
3301.9869086571393
2358.6877221689188
6072.025649972473
5229.458199868735
3419.3853400401053
11837.612286658805
7004.239427075229
1566.8126275183452
6098.854212512707
3341.1995887187254
25909.324268202716
6526.240593496412
3837.8848093316974
6971.842028091282
5833.598630952052
8637.648891807537
9799.87885310312
9780.733391299462
9545.535517736826
19588.14467614844
34241.71249713034
5177.390241415069
8739.695102809255
17502.302893054268
3738.6845561516325
1654.14552954952
9493.0147972038
9922.943784253875
2175.5040823847453
1687.2687337720731
12461.349768069094
14066.327540155087
1604.9087026105226
5211.529792811504
22180.62274720673
10526.905351333977
8619.877412320655
7361.809094279165
15366.53491736784
5485.0963563477835
6174.069746823206
13251.782324446876
12932.864419718719
15598.059082585147
18895.78528876414
18289.13717337075
7174.217072342852
13728.874064353382
19154.43538853027
1738.5665084822856
2217.2674594870527
9576.021180128002
8688.66871407457
6578.050239108402
3299.04355680762
44608.84719062564
7326.536389819785
3083.091319992555
4276.661138381584
17892.422211146128
7348.073725571332
6879.8742897860375
20072.174531328033
4943.734381517855
4584.728263667239
19475.50350048378
1645.0351998238614
4923.476320304625
3271.8280368744017
8710.518597968456
6469.599733293033
7434.464708588117
8345.270588538211
18325.885847890175
11151.037268725382
5250.229873556126
8626.083383000658
10611.09130160177
6772.596240974197
8711.565007935616
4287.686390190335
2240.8280776482575
20521.6494896527
5784.726321564351
4913.31279240472
3542.347923393408
8750.933840884927
18361.279846252204
7007.243333877316
13732.627732705414
1525.2286117831522
4962.864246907893
4169.738240190778
3053.115112921978
23970.4708129272
10919.140464474454
8276.614800653555
6580.4074635638335
9011.883684961276
5548.0742880757725
5531.972405254261
8876.6143508623
13694.221615464974
5404.340370344908
7904.989258078174
7716.7882541419995
3280.5511598559638
3789.3276367114263
5543.084229293751
4960.938130105325
4926.14466158715
2823.478112728673
21006.276454773964
6319.064601288262
15885.54475078291
5751.855811756753
1757.896966624324
3832.8596788186574
5260.35818935659
2917.517817062826
12718.8841809585
1688.9700419159133
7304.990886927105
9837.676824935937
4979.154540309126
8495.57038369105
1743.7157578044526
15065.707093052595
4810.826807708032
7773.233024645889
4909.597034170638
5539.332696006714
4843.948892415211
6117.4638429461465
4401.982292332546
9196.616853220628
5160.046040454157
16086.96986869919
4296.51027471726
22428.831919796972
3369.4456047822973
6149.367639375602
3604.9852674021517
2494.616753084263
14559.662516447139
6123.904334874711
9219.02291683031
6724.6166253167785
1489.0136510906677
14721.974984356395
8188.458609987507
8812.831171746111
12678.986669006781
11232.145290361585
3059.340037158967
5839.599910899812
1668.214421510342
6103.386965684608
5069.094412905235
7278.609942061124
1412.0868524953526
3299.9115825528056
9159.927005499361
7263.628526235908
2346.606527004148
15576.215306013024
1565.6716607264436
2960.6136516084607
6768.006284451286
17002.39225269003
1879.14895492067
3321.891497043944
5504.457892211051
2350.009537349447
6731.46572510894
1576.2497316811991
2943.6188317433985
28782.217791661038
6770.376423697272
7346.391403188517
5969.737344467337
7005.204503028522
5255.862968823789
8634.463112193795
2893.667498640976
3440.2070979618316
6715.104866444026
6751.013939715258
9046.59986049258
1374.2102615013514
1527.9144376826678
7325.929902326716
38844.075202224776
10195.89799919791
3536.1183652269797
5086.395025655118
5725.023263451076
1936.0499566455285
7304.457354390836
9850.181124385004
10339.134776363659
3539.961012807265
11211.090927836645
7747.690115149457
5798.557653156644
7450.185113529296
5462.069170244271
6468.405462408578
6739.3323206168425
5488.940049596249
2855.7401084719727
10763.391839155922
2632.860936873871
4499.01639973305
4147.582165840573
2825.9541264408585
14059.615360804108
6440.004764181109
4090.4583805571865
10939.134398258933
19010.39373661147
7307.329707702366
10839.389842341392
56150.740032875576
6473.657996639406
37710.98499612056
1682.9259753519268
3725.879377959487
2854.568265215766
3333.9367680942705
6010.825379951134
10030.470648225171
3703.702019173873
2747.633314253665
6975.739188617555
5096.025736153376
10551.037622912185
56454.582801737226
7032.813538712173
4034.930079555779
3553.26892644225
6717.463802154423
3799.058595282296
3299.2149967487358
4636.1392806532285
4909.420514095767
3415.0713695831355
3339.41914185704
3064.490207064053
7017.954941169696
9242.592544446974
3660.3435060529273
2697.905028995115
18419.109808418256
8957.156352589347
4031.9821250833415
5509.596852614412
6694.747961414427
9612.39738796064
8432.819501316577
1937.651378581269
13719.463357558161
1830.6287867876263
6143.081342366973
10813.697262458536
3922.6761222549767
50417.29145240695
9316.577094389899
6129.318935142445
3804.5293949505694
40523.46444827181
4236.364727964421
1640.54400581028
7309.419919935214
6766.824604402531
5248.984646359143
1940.6948578873769
5232.850488685216
10162.267921641333
5236.139134047088
12449.88256258677
6698.854145514718
6057.703486450407
5260.149580924272
6387.604762196306
3063.746273613508
2363.7757599832116
40644.07190424337
8949.396923314422
6437.086221582525
9096.358778995042
2796.276040546229
32435.906084380065
9595.898648578655
5214.947215740027
19699.436204425438
7040.004474865206
11299.751363536869
49014.61413238629
26729.901620331835
8136.217225480052
4919.888623927395
4054.884082125253
5766.249046827462
23428.81981383677
7579.714797769177
7612.605475210116
7235.960975219167
2721.891781779018
20217.1496924885
3721.2424620736983
6740.249304413572
16472.436093086246
5225.9766249653085
15443.168948434331
6690.029622523672
3968.9357963409893
3528.872465265735
5517.325067859698
1604.71723048524
5119.669864183315
48858.23575364258
9141.511558231135
5239.60000808244
4151.8458082109055
3314.7242438772037
16101.260859531014
55854.583969075036
7260.827173555443
6570.071721587866
8749.545455968717
3790.4877784685514
21244.452405323533
6179.819588157609
6170.667287370079
7760.987473334919
2935.8486548472333
5992.790766631146
3889.3598059445667
5206.268065226933
5172.522205143691
21844.451323001613
9858.959183912593
3328.8977940336777
5166.783290625215
1457.7637843295524
2922.7514629201546
38310.98361635167
6107.081706856775
11251.712553707195
7303.568790493301
3785.6560838577593
3658.680203364499
