5540.805430647706
5532.797314940415
5461.883133716169
4871.818239139066
6765.64610169275
6754.766765156025
6908.596317861067
5435.190292328309
4869.898147010887
5540.233424330419
5511.459904969115
6915.542288760398
5400.212787075138
6759.668975078307
5435.806504292473
5435.209540426105
3019.232072963204
8167.545186841749
3084.684828930433
3621.211706065959
5488.833316516368
5490.256318039474
5436.394941500226
7243.113024618107
7235.096222553501
6771.32694123581
3677.8737436782694
5408.595685440547
6916.719730184875
5533.239229591565
7246.087432903078
3021.2199905941497
3068.7256423818953
8172.050588713312
5482.408772316753
5537.011681414402
8170.828472819642
1805.4128896541454
6771.646331541738
5536.019368120176
1804.4295162174087
3619.2244972189565
5537.522580490194
3064.733403566162
5539.118085663216
6766.519261778393
6758.791258042371
3035.2113991636006
5538.575522673504
5435.57954040793
5467.469020433965
3085.6828003665873
5399.304968526291
3021.882701972129
622.4467500283636
5482.558076509624
3063.3889806475936
3035.23145881138
5535.063251929845
5538.043993600104
3621.8741898536027
5394.619302066306
4235.297438223968
5487.884253759941
3067.3973043556803
6745.734814739704
3092.5688950350973
5462.492704922668
3671.994835566816
5499.812568034395
3033.1635015992006
3675.9285235840985
4236.414163761586
3018.5714115470946
613.1321485938263
5399.014184824822
5535.536879796678
3033.174401780158
3077.885653190328
2535.70275636377
8039.331559822333
6744.501899417426
5836.722956551044
8140.207787535307
8185.618893589132
8543.23791706851
8228.385382883785
5507.533465152115
8137.501827393839
3017.9134294578503
8938.307764045356
3673.969203732637
6732.257784614208
5524.968598514797
2545.509998557937
5469.896020158704
5463.722330199049
5465.588305566644
8338.30907227634
6762.882733513534
6914.570909224443
7523.930953454943
6906.687350443075
4324.564836370461
2546.9524744443074
4280.040252612436
5534.596844552137
6732.70756682262
9290.967721544104
5480.180215370724
2542.6769426110704
7245.990887008519
7266.675131992337
5498.29458322072
5818.333923869459
8178.80301814011
9149.355021884348
1276.6416510870556
3660.9435216181328
2538.499223530158
4282.308621816853
5405.9518802690445
8116.480119966735
9189.177910665994
8703.724763192393
2539.8906859345675
3022.5453999242477
6728.892918454996
4323.573212624372
6908.705377989211
1207.3585269284956
4235.421218093451
7237.992702911742
8657.642578009112
1814.7194583413798
1204.4458900726174
5482.3966209248965
6808.31639035181
1258.1738709817705
5498.280409408754
8712.241980421455
3061.1976759667045
4033.763485595974
5952.942096654022
2434.70044576425
8134.81593892955
8830.568442459798
632.4561900258583
611.3173077962123
8230.569893687261
6171.7900087105545
8640.830823592598
6822.964663577446
8674.795522418854
4070.054897800501
6769.266884953161
6815.934904118677
4279.183692268212
8745.151250801779
8157.049873813432
9146.199186816602
4278.92682501713
5519.997016178562
3702.733787837266
4279.845520551774
8546.200417991386
3724.5224240258967
5775.829177237536
5466.214582298639
3687.692795016863
7461.8676110715605
9247.096606251944
4276.5078143586115
8333.413906289337
1806.1482930399525
3688.6971825108
5471.438758520376
3035.8310853287576
7767.618957759965
8352.489800339648
3725.6802345867236
8559.718722575819
3129.6539198772616
8239.130726157213
5390.8628516020835
5090.3110015933935
6931.185204221817
9594.242576649276
6193.572743740286
3093.8634903768
5805.9802529217595
1809.2179472057092
4276.060307968292
6859.318969749756
5528.540048199383
3621.768113909668
4235.207372826145
8131.18263958175
6522.092771947091
5674.8018594323285
9143.236868788292
1205.4299908781143
4248.3974579736505
8174.806929500034
7142.489485585218
4056.81794408016
2557.3318389636966
3129.252290442651
6877.093602292537
4246.353224852257
7126.002272798471
3620.3649992084743
5943.980199247872
9608.743101775814
1268.6095919442532
5185.958096930353
2544.0850129646974
5490.621983003169
606.176066153638
4462.583857581072
7152.358157460622
2434.6371880842394
7558.996103768075
2454.0318235715063
3697.6821597677867
7208.749035448149
4247.099621123714
4482.746087570232
5199.0265721119495
2417.325283387079
4248.494919954113
6852.171243454038
5504.621719084174
8047.099922169555
3697.711547627761
4065.7779100983116
2472.9094081533767
4169.402295381347
3145.508899651471
6572.931723012533
5478.516489771747
3879.2493650577685
3635.209124732102
3154.21054658778
3682.625887988274
7018.9273624955495
7087.6007796719905
7794.247485097492
7122.091671315709
8239.700058011416
8349.120738745909
7119.988231541887
6871.860068303485
7673.209989126911
8158.994951347705
6261.869775521786
6919.58229683359
8333.08360228695
3072.664728969577
8608.130480510998
5504.610858660558
3721.3667313331275
9159.717241795186
3147.645219204435
6299.78822563081
4288.695962538031
7615.859388043108
8454.87322265638
7729.087713860565
3699.7318720325075
7808.747789074629
5490.785798155376
5037.042311619471
4148.073816347967
7445.385634457805
6289.459500974724
6153.703250485809
9572.925133774723
4453.697044328255
9347.23800453936
5490.637399311013
1876.6309632240857
5191.5287342189595
1868.215040794315
6717.207715027887
6036.201141441384
6283.766181119402
7999.074701300747
7234.052186205524
2446.689912022522
5603.4120441133855
5086.688121383189
8839.129313866497
8408.746284345056
8145.152505073041
3648.4010101176364
8019.054499746534
3058.942415919408
3138.4983154251095
1324.471862103786
5080.006387732688
7720.434902192057
2468.214584691648
10152.485417269345
8639.33072252001
6845.386274905245
2455.091748623528
3038.771654985618
5086.594277959131
3676.6262541466444
6286.462536336993
8391.533899684904
9183.89167768046
4055.2067895728624
6862.344443230705
3134.4144824902655
5269.96193144861
7088.754625892126
1327.2118486617721
8342.489205844897
1263.3987539017419
7416.292785830872
3648.7919487157824
3075.9401499799496
7437.114954724699
4077.9263472527255
1856.0653038432397
3065.76879282385
6247.103515224153
7085.569499650156
3044.0406816756613
5515.4518764166705
6246.788866452008
3074.635052256417
1258.6092237521434
5451.918506038517
4236.09921773614
8839.698505662005
5479.79285499674
3618.940862116509
8857.33861303433
4451.597040052723
3076.6288994335046
7079.679387986701
4851.909562214857
1211.3119572341625
1829.705208252705
7457.6458475564605
8443.909780160076
3616.5990566751384
1872.8620688651022
8061.86615648117
1267.131540605035
1262.5697959827337
5714.694559383277
3033.0751295470095
4186.338031745951
3885.96463671083
2435.9768991289816
6169.267835992061
3055.522825603347
3144.083972986626
3700.1315633794056
7152.492141049604
5451.9072410094095
3672.356169426898
2457.030428542891
3137.1028922236464
2455.211375947357
1316.350543636252
4193.507545563881
3167.5346617604596
5724.369831954053
9549.117278760179
3889.621444309786
5994.250412099139
2475.0856884158507
5786.792571878563
3809.727240441337
3656.774559753611
3726.833242756798
2456.0882885583264
5442.398820041324
5952.493655834929
7124.491805513431
5957.967694118596
8074.79728421223
3683.251934952036
5940.819503096619
4468.719335702372
4258.734803457
6303.03379967491
8339.36741914675
6847.102548413194
8678.448697053402
2450.7371301481885
9326.163260673819
6606.896601497927
6875.746031433223
10208.74224535533
5517.197308292898
8143.338199923311
3135.014502479935
5202.03482484946
1853.1694480585834
3821.615767203201
4229.137550125517
4257.65397190021
7716.643391533633
3070.8983855947486
6552.49296077008
4287.692099040256
4851.8925661967
3635.229273239537
3661.9794864354003
8357.242353779386
1828.2248237353188
1853.6798283130643
3082.6287323741994
3874.7565583048427
1848.6939712040967
1272.0185652233376
4835.205961478465
8305.356433537165
8406.893405838673
6853.1748842120305
3783.491122722517
2585.2154237708996
5490.65271823961
5542.692089604304
5180.8250696992245
6883.765630398052
4836.412898195864
3635.233790293663
1866.917115358253
6849.426801922365
7422.964142676665
2460.914915840988
3633.173363831936
7508.596136394833
8991.532149885603
3758.342231380421
3883.3126229362765
6758.04730282807
9601.143206352801
2429.2237725464847
7082.895935047443
6278.552970981342
5601.3948384062405
6644.159371988997
3651.024190292874
7194.248693341376
5516.566921020869
7427.167942279931
8930.489487379613
8006.310926254788
8218.92630511731
7694.306484412683
4441.980071172143
3056.4028805475555
2541.479930652301
604.4556977509554
1251.4732137939238
636.1973928802145
5482.212009564506
6203.411013291673
7077.397736115953
5085.7786936872835
4345.8079879947645
1829.2265489377853
4154.978427485465
5074.802626911259
2446.040238391459
637.1791496868954
2453.679460842933
6495.20492276147
5470.795442629119
3155.0850335723308
3140.0575884541095
3700.829640807617
4317.332345765212
5667.933134180289
5053.696845979866
4039.0676742676073
1868.6015518051995
5131.187547394951
8290.815777567266
5215.328568076873
2471.4989333135045
6973.243624528925
9536.965943830704
9345.150544168146
4309.902831143995
3682.420958263333
6259.319559997387
5436.202203031807
2575.683534070861
2430.146337876308
7795.27109326531
2470.0494702508827
2537.40051925594
3701.0985620338242
1230.8810307804306
7053.774632448719
2576.224032233609
1221.8020844058235
5573.402548200168
3725.5794285643933
2554.211141580248
6471.381818209802
6591.1694150035255
6898.111855476852
3081.9942637767185
2453.835184601544
5533.685356162541
8669.609444492593
5081.485537706554
6065.268725314065
5699.788659848347
3041.7088288203654
1846.5138381920178
3132.8756619536207
3694.574923934652
6358.998149304416
5454.864905773757
9054.871830771806
4842.286417571981
2586.6102340631164
3180.4160945526787
3051.8484554551005
6036.967135411544
3136.876201435508
4929.4865391134845
3385.8128347861484
5005.324042588224
4486.688481867177
6417.960912498955
1811.2949953541154
3056.5496399913595
5553.704171647664
6852.43736332168
7369.266700414887
7695.203605960033
7090.816710124062
3098.875239906868
8743.337634426198
3048.735467894158
8785.618716112765
3354.8192630488406
8751.819061254453
4183.907265247727
4316.912324730148
3055.2109957487382
4453.554108570861
607.1078888403529
5480.887628877698
5493.398025928671
4388.078912003496
3211.5294161612587
3687.3682056308867
3724.225872441011
4386.448450708562
3718.6868611786895
7752.491101352472
4631.21685823453
3657.3125195711564
3635.060365316382
6786.1816286538215
3716.912424022839
9606.113263987274
4928.578682014717
3126.8337949697707
5603.457494014717
1253.6762867188513
7244.159249092475
3909.0191846766575
1894.3692501456387
1894.6741080378247
3679.365779390341
2444.041160828556
3900.8796629092044
5815.328441871399
7628.842193125801
2451.848840000945
3643.245703451376
4485.964537465804
3680.6944051197324
3633.1769005141673
3688.3578237191537
8890.815556586864
4917.22350476913
3709.9171060757335
6039.279510645359
2451.909462515354
3099.9252415165274
4239.014820186839
4392.471436080782
3734.414415227512
1852.5288580812858
7913.372035423515
1825.9173722873202
8770.828337462213
6797.281246672506
4390.096025582405
3633.1628635736374
5518.454660858265
4930.79477080825
4388.421305219564
4835.824125182623
1851.5279452150983
4424.79929572885
5727.194309317706
3810.5612052273573
2425.2280170470885
7344.50113586132
3690.3099084348046
4443.566781868744
5538.620595180403
7688.754147336394
8949.118935615414
8431.903450299978
3730.1889639834685
2462.031684029247
5203.068749647964
7332.706743419706
4300.829458638298
6299.762634530173
3691.302250964638
6208.317506289953
610.1213270614212
4882.419166335845
9590.886704680543
2464.6453678562893
3059.308539429349
4893.39824298763
4217.324368965545
6883.99542564886
4844.651042617439
5722.44961256689
2443.6185745189136
2555.0596882657123
3905.7924235266014
1268.5922578375412
3060.950196140336
3716.0449794499636
4927.192188513702
8199.973729670823
4822.8276009084975
1267.1492046009769
3710.94072559939
