34
22
286
35
28
26
16
27
32
28
25
303
35
287
32
22
26
284
62
46
29
26
301
30
18
308
33
353
14
68
32
39
304
48
35
81
16
307
285
29
30
19
55
16
62
328
300
19
16
58
30
22
351
62
46
20
17
288
17
70
48
38
40
15
377
284
302
16
544
301
15
22
360
41
292
381
42
287
33
63
288
15
344
348
309
33
28
286
73
306
21
358
56
285
47
44
14
34
366
295
19
284
57
71
370
78
293
363
54
40
77
285
20
294
17
18
357
301
18
326
18
72
82
49
291
286
517
313
79
307
317
15
506
318
50
325
85
355
308
373
287
47
55
67
292
68
9
505
14
334
16
331
14
13
19
332
285
13
66
13
309
27
15
59
50
47
42
378
41
317
65
14
520
11
359
507
316
15
79
375
78
42
24
16
5
75
48
304
12
417
12
336
315
302
8
375
17
53
12
287
35
55
377
332
53
285
303
379
327
67
323
47
18
8
555
19
313
57
566
373
47
77
13
353
347
11
87
506
374
94
13
340
12
82
12
10
323
51
368
337
32
32
60
386
286
72
350
46
371
349
41
302
371
64
340
390
11
36
48
327
67
66
82
314
17
350
64
68
329
11
348
88
288
304
5
55
311
567
295
320
324
359
23
335
52
8
355
77
362
324
5
43
21
376
4
314
53
290
358
388
10
354
5
306
540
306
330
93
66
344
286
383
14
4
321
346
356
385
5
12
302
298
19
92
323
58
308
310
367
6
300
97
350
389
53
75
19
6
314
300
3
294
503
76
335
57
382
351
336
53
358
87
354
57
370
38
286
38
537
540
287
31
52
334
367
511
58
12
305
45
5
545
72
570
15
364
45
545
26
356
34
309
509
374
6
39
332
9
505
391
299
363
282
11
310
305
60
378
4
349
309
325
352
378
288
22
315
54
7
74
298
301
53
312
525
37
551
514
539
365
67
285
336
500
88
30
325
91
343
288
5
78
304
301
352
315
6
18
496
84
330
288
52
5
315
365
333
27
30
97
352
302
92
6
345
20
294
6
326
78
284
11
288
286
318
348
550
358
34
288
307
552
73
328
544
326
73
9
394
9
310
334
44
15
502
308
509
339
54
336
333
499
5
76
74
41
71
40
97
526
2
63
327
345
317
414
22
65
44
393
331
337
357
3
331
21
336
364
569
548
318
285
418
319
5
390
9
14
89
568
520
74
15
39
536
49
504
331
2
9
46
36
12
20
10
5
4
504
478
543
31
363
57
10
322
312
74
9
6
362
100
12
508
343
543
564
311
15
524
413
80
43
622
7
510
69
35
69
50
5
10
36
355
308
532
10
361
505
617
72
387
56
464
58
340
95
515
81
335
28
45
73
19
356
552
383
512
507
8
286
7
322
38
13
562
538
334
9
539
80
60
340
392
62
69
564
376
3
97
3
58
332
16
12
546
381
6
95
25
34
4
56
463
349
90
11
55
546
72
321
4
103
3
25
7
303
784
4
345
491
308
349
547
518
6
32
388
315
537
366
59
379
6
347
4
405
15
562
68
13
482
307
518
4
304
465
351
5
89
46
46
4
42
329
97
556
787
27
504
523
43
8
347
58
19
385
52
561
98
40
39
413
71
36
1
1
516
12
26
388
533
42
375
490
492
558
288
331
10
26
46
530
50
284
33
474
11
342
42
26
