0.016800483653142177
-0.00379528786735765
0.0031179258261480125
0.0026739751045107003
0.02265761792005529
0.010552648472694836
-0.023273363591654585
0.014917475360037628
0.0023821262027961575
0.002169443382253515
0.018851735283763525
0.01368479766994351
-0.0025392166943534753
0.012579230298545378
0.018102075506242966
0.012347505363886124
-0.011130951611923469
-0.002654838785081206
0.01275342191289012
0.009653979031634523
0.005403740314539835
0.0019974210901927605
-0.0027431513907007423
-0.01520831996472916
-0.002359049918602532
0.01001681087930222
-0.0022188912114416326
-0.0023236929563465337
0.0066437305551559625
-0.010248168912051672
-0.020137404947251816
0.020181747669971564
0.0027572888642666653
-0.0016303714742318424
0.00263091599384279
0.009165306335029452
0.008773864230389013
0.00706571248446106
0.014858127013174512
-0.0014175740439263823
0.0011043710287693732
-0.001590479468811178
0.006348174436609457
-0.0018271107045673897
-0.02491355281573288
-0.008080709766759534
0.003916581992439872
-0.009396150311742305
-0.0021950013135871205
0.008012651302150375
-0.002001387857382087
0.007991197177674806
-0.0074542021326595344
-0.0013143961120539143
0.00710963194214977
0.007981985940934709
-0.015642320299399232
0.0012713951089210463
0.0011682265113043934
0.0029743988291211056
-0.002833273669377134
0.0054542311667318995
0.0011603585737542082
0.014396173604536504
0.0025313311826155884
0.014322981032220227
0.0025947347452169125
-0.001556130666494548
-9.764512559484647E-4
-0.009574485390288543
0.0034312968741463646
0.009080068120938386
0.009457084531017429
0.008171548160574282
0.013440340223890861
-0.0011965351907619274
-0.0022289008196110277
-0.008443493255550804
0.00688739134262579
0.008142711599099685
-0.003091544227685625
0.008990316820224414
-9.110739150482447E-4
0.001826272002989251
0.001862532596823785
-0.009049706508543889
0.005965927451903749
0.008353239599205827
-0.01333061470836908
0.006517401020237607
0.007817706425634353
-0.004910050863658566
0.0017168385638789785
-0.004311628838920245
0.006964619261094021
-0.007741621823942396
-0.014859868799693483
-0.0011441758449042703
-0.006341829918773791
-0.008195342264478371
0.005352960264141661
-0.01616179084670268
0.014490568333071496
0.0024829634977622263
-0.0013394078203619456
0.0048064617206876655
0.00616001395656472
-7.370689719681879E-4
0.002010261778286105
-0.0016802194680730436
0.005249709110255932
0.005759794274470024
0.002390010373200803
-9.99404206326867E-4
0.004897665443704
-0.007581306787524098
7.652176696279648E-4
-0.015670769990366644
0.0024385292849003607
0.005906083567505514
0.004520056101558873
0.001447880110150777
-0.006764996393336529
0.011427909137604542
0.00582229872492885
-0.007353350192659513
-0.005790636249134495
-0.007513838814814927
0.00867923287021268
-0.0027894045318612036
0.013831327575395257
-0.0032616298255191147
0.004443303520640554
0.0022095601480917253
-0.0023021545963462487
0.003407983586779552
-0.005883422061115014
0.004461994986631902
-0.010811660910556896
0.011390308759125195
0.009740210212058554
0.0014681858505163146
0.014836116424088748
-0.005622556500826785
0.011626682198657408
-0.007583411804501866
0.009685836695286214
-0.00770721380836601
0.004032289856289971
0.005565267268383042
0.02170730899778384
0.004867202700409236
5.598204331074172E-4
0.004874371842403826
0.0036620345488112644
-0.007731499521226728
-0.0026862556072442764
0.0026972355010660724
0.004229842015478162
-0.012457932906880033
-0.005296915714292085
0.003970658630585365
-0.0039012921138114453
-0.010499136990877986
-0.001921140561850276
0.004055714971692618
0.005790330314483957
0.0041431677886637755
-0.0047685624983896295
0.01041456779950419
-0.0010789801731595822
0.0013788865887453612
0.005339806506191929
0.001843372363611832
-0.01114736967574074
0.009101553565631677
-0.006814533624270009
9.638284787246438E-4
0.0040269411748859495
0.003864550026369979
0.006152264100646762
0.0020633905490498286
-0.0040904111272405536
0.005978040418702075
-0.0025092073063412855
0.004474133592729797
0.003073814421935123
0.0030609302837519194
0.00814368175328921
0.009091561893748188
0.0019723075277877536
-0.001164477712405913
-0.0064113392258538975
0.002058152226626856
0.006986803172725901
0.0013825944077451523
0.004723900052987812
0.007440115369121707
-0.0010984141887623831
0.009012486519354301
0.011926433287653979
0.004257620121474996
-0.015837587649682683
-0.008947070541929369
-0.004030422539045129
0.0010514315652090302
0.0022913156394212637
-0.0031359121428299708
0.004024120667133984
-0.00303295428215877
-0.0020994422292445816
0.004328849805169165
-0.001297562186283474
0.0036818414970615776
-0.0036954222891648976
0.0031979606988948484
0.0070775391276243415
-0.006180577028941068
-0.006622988454691919
0.003620002837403419
-7.624622284238058E-4
0.007438657258312166
0.0012100820198969727
-0.0043515156256452555
0.012702210635637411
0.0033823773615462597
-0.001354359760365266
0.0013389878826250852
-0.006046322336156627
0.003278049119953077
0.0066502838031520396
0.004075766833555497
0.004079734297740293
-7.768425179926513E-4
0.002552410041566613
0.007682326908598731
-0.005727988674540612
4.974585406179061E-4
-0.007521499074800793
0.0025749587901737893
0.001379231939046628
-9.533287512129823E-4
0.0038537202683550345
-0.007443437735132043
7.816024807481811E-4
0.02988814558980951
0.003224990066328416
-0.005122786188026021
-0.0020384094032868975
-0.006551744558370298
-9.246726002362741E-4
-0.014075146464683172
0.00306057963046805
0.005403113298509132
0.004837049216079394
0.004582240390029985
-0.011547571608553152
0.0027017550067817493
3.9941494076201745E-4
0.006270086656273077
-0.015905004984984754
-0.004957554428683368
-0.005722036500803396
-4.06959310114044E-4
-0.006617557082465722
0.0011689711521176518
-0.008583385172806436
0.003250072029310026
0.0033585983335858048
-0.002109753903088334
-0.008509797216812564
-5.81660361673338E-4
0.0010108050524504908
0.011217916467564315
0.01036533828480957
0.004574327347965478
0.003203075681533074
0.006713781131569592
0.003979928485716566
-0.0029653484589849156
0.0022313303158128894
-0.0028115364522212564
0.0052365704391801405
0.00792541079908544
0.008237910434997256
0.006555671244896846
0.002263581461483821
-0.002049560663091152
0.0013635430530103936
0.0031549418303114408
-0.0020730844725786643
0.0016931622321288834
0.0031572917361794763
0.001700179959132371
-0.007148390589778627
0.002886739848887755
0.006543723398876766
-0.005053266079837173
8.370467001760319E-4
-0.005670391285819001
0.012883237377798033
0.00480298962942217
-0.00817955485288627
-0.0050960587830024915
-0.008616625946345723
0.0025489622769183356
0.012145354862316807
-0.0028000601944754206
8.539691353536439E-4
0.002817982813199594
0.003933614333806639
-0.007408383485159643
-0.006018785818099725
0.0014876175924489299
0.010082491247115173
-0.0036318360795058206
3.8669414607529366E-4
0.0021994731076168607
0.0053974169909997835
0.010567264587307022
0.0025604468539271604
-0.009461238502850463
-0.0029702651763545257
0.010134117144905917
-0.004207274466089744
0.0028954038293485204
-0.007425542382689964
-8.846992582570309E-4
0.0013925470089746147
0.00795163611724197
0.004327007157912474
-0.007923275902647731
0.0026189950703486083
-0.009892260134467335
0.0012474026908677045
-8.872472216151273E-4
0.01003872331756622
-0.012832720476008077
-0.0014769788947380479
0.0021136996845077115
0.00847731909812785
-0.002976396710625084
0.00680490272316474
0.006859917667948265
-0.00379794331716345
0.001692183747891386
0.006255331529748356
0.0031824155669254186
0.0020761150472355192
0.002932564972531538
-0.002163160099973453
0.0040796047930905105
0.0024409075893489065
0.005322638436743731
-0.005465029564741056
-0.0010267127233442933
-0.002003806051816059
-8.318070264193648E-4
-0.010312839481130263
-0.012582281654235533
-0.02053968153608561
-0.009946250431021226
0.0029858492809661254
-0.015881442644110896
-0.0025376090224162786
0.003130156623303875
0.00581683982750994
0.006842160907179733
-0.005509815820739847
-0.008032950617919029
-0.0018202656151480533
0.002892132930308553
0.007421502627023439
-0.00605913675784764
-0.020512237411407525
0.001697656805961935
0.0015137342754762892
-0.007262565541100701
-0.004506032359422635
0.00427929507141651
0.0015274088768886562
-0.0010036013613371369
-0.006803394914020984
-0.0025748831769741272
7.269573564515717E-4
-0.005117431815202678
0.0033659895431989014
0.002786499191642732
0.004909592269891556
-0.01910117072161025
-0.0065934846001440145
0.006704132247607754
0.0026530898276892275
-0.005851550410974434
0.002595219162377156
0.006356672891910593
5.967112317231026E-4
0.0036706685459419056
-0.0131741733520823
-0.005088869070958301
-0.0015967622674623212
0.004482404438197911
0.0013964543176937035
0.002241649583170373
-6.91119816079332E-4
-0.0020448742942176597
0.006619018541682557
0.01539553298139896
0.00788763446908112
0.010210608788518297
-0.008333442749511534
0.0012917110782174235
-6.822230973567552E-4
0.005522553311126466
-0.004994844517028147
0.006515003082097188
-0.004799525716238543
0.006257900021709408
0.0024750618499874903
0.011590107920700707
-0.002604449649571993
-0.018712482348207327
0.004688085807213883
-0.018205004892989887
0.019078717992480926
-0.0037465357068716693
-0.0059394467414997315
-0.007251815689838273
0.005176247311367836
-0.003101047826227873
0.0013165598629026464
-0.011120857492875785
-0.0025687639385715685
0.0037117238441391784
-0.008693867258296076
0.0024846583539538634
0.0018485616721185154
-0.0023733256841133176
-0.0025787679761452224
-0.009107018845874115
0.0026594382828416096
0.005075852590123517
0.002103735879975251
4.903229515644639E-4
0.01061009656846427
-0.016522686879139784
-0.008102552340195697
0.006753702079854167
-0.0029190828578533994
0.0030195489473594512
0.007746920810531772
0.00202666724603505
0.006967229664364003
-0.008407947081617859
0.00267538292381415
-4.206804251318097E-4
-0.007333281391680482
0.001685179262935912
-0.01618934226409895
-7.878157182990074E-4
0.001956626895728581
0.007140338262012492
-0.0031576498225418595
0.0019292371220460368
-0.0043413966036471964
0.0018992657683669554
0.003854491389729402
0.0024226642178187155
-0.0019892882622059094
0.005915170342349723
-0.003916676527959302
-0.004424824335350432
-0.0029063179422374945
-0.0011080438694154064
-0.0010680856162362336
0.0035173377289162717
-6.37554265047463E-4
0.0011952121037887436
0.006831814000815422
-0.006747635668569938
0.003342307335351791
-0.004159904671765469
-7.861839947705898E-4
-0.014591416318037106
-0.014356195881621802
-0.012715713140410957
-0.014756758000418506
-0.010339189140454716
-0.0015161621725452274
0.002539115846005108
0.003154609957007272
-0.008092006744168309
0.0013028190645618107
-0.0034056217245008852
0.001565284026431326
0.0022549879641541965
-5.520932078624605E-4
-0.004086054747604204
-0.013788922647488594
-0.014476050066877152
-0.011981956033673597
-0.01358309999746877
-4.237735693475341E-4
-0.004565331832897409
-0.002566052765390022
-0.013453808884878718
0.012156198320544593
0.0031961909306327994
5.920324428540144E-4
0.004377017725926143
0.0013914566045067137
-0.013967558369772702
-0.010792676334009054
0.0024159324868735788
-0.010987737805345675
-0.013764822286966946
-0.002369788377057515
0.013556974091703514
-0.006531607740769281
0.0127625970216193
0.0138260453787338
-0.013154964846518541
0.003393716890942927
0.0021598231557127217
0.004568708699086096
0.01266659332749397
-0.0067591253042867585
-0.0015719948564464035
-0.012435064143335634
-0.008908954039457002
-9.73316582721295E-4
-0.012623877898035102
-0.012602906278005645
-0.012970001118770412
0.004110442124705938
-0.0016590555484526758
-0.005731857694780984
-0.012201327574942245
0.01023599359265012
-0.012354867754145342
-0.005178788765487133
0.003409578107649094
-0.01039519150611665
-0.0015773554543894598
-0.012204851777506498
-0.0051423266380391415
-0.012453260358389619
-0.005593489259460573
-0.007785047598742267
-0.012097945352741541
-0.012145893717067499
-0.012307656438800739
0.0049298886673617565
0.009283002831819482
0.011882275018540799
-0.0027170348330286488
0.011504109426948564
0.0040351042950508955
0.003059316002662214
-6.198527283240333E-4
0.011606936022170108
0.012006535906254385
-0.011351545276167632
0.002904662210592177
-0.01021695906722504
-0.010978849747143502
-0.0024182250402110007
-0.011505590600831657
0.01158337203334637
4.765282024034624E-4
-0.011061777135508858
-0.011417126056911182
-0.004925340379327002
-0.0023727896128370304
-0.009713381147627338
0.011483452627010502
-0.011289928341716026
-4.0931229452968135E-4
-0.0022217910346932633
0.010879947344332562
0.010713349551727152
-0.004366627630911892
0.011724421294508134
0.002878215779601236
-0.001324657989459398
-0.010741355663020218
-0.00205672642091478
0.01086150350661357
-0.011011364369665714
-0.011022972392925642
0.010614714842042525
-0.001190824464493493
-0.010655806409211092
2.525084086030435E-4
-0.010723233686465628
0.010125351920635772
-0.010677511715158641
-0.010724996563849334
-0.005331207214539728
-0.003998313480406684
-0.010420220146251262
0.010137507787349447
-4.021087230127979E-4
-0.010443234806617482
-0.010489209546387991
0.007687222725642981
-0.0048877162699314265
-0.009956003096768851
-0.00993944449666312
0.007348137588017593
0.003256721846301284
0.010143077880496934
0.010319790300460858
-0.00952945157414263
0.009808052031229756
-6.346457584631864E-4
-0.010230933289431228
-4.3417037342865887E-4
-4.395604598146892E-4
-0.009807653512095213
-0.0024534738076595858
-0.010041507143308256
-0.00971272453992775
0.009113479279310322
-0.009519396741199873
0.009681075029909501
-0.009613418260196332
-0.00958657734975599
-0.009741333630814083
0.00958172498119987
0.01045651809222562
0.009845054046491154
0.00994038375427468
7.713201176153355E-4
0.009208959772690711
-0.009747269373923678
0.00826768551531538
0.009641736634590649
-0.009286724431866528
-0.008022140138474979
-0.009444181776441508
-0.00757414293818205
-0.00910569024987182
-0.00899435230312572
0.00496454157318749
-0.00921821171326241
-0.009021773442538739
-0.009422798981289626
0.002536284765494776
-0.008868254754584474
-0.009383810826792755
-0.00894567938926718
0.004924995303119151
0.008637150971240409
0.00917014088784032
0.009470002946804213
0.0014707657616219194
-0.009167397318115082
0.009128570677239042
0.00895633937319624
-0.008581971048684663
-0.004629682915384074
-0.0055616282239672335
0.008684363940462651
0.008728720239045732
-7.884329505458139E-4
-0.008358926551919442
-0.008892572315221963
-0.008701050634173191
-0.008961142557327198
0.008283605424263808
0.008543955838549446
0.0087607881836082
0.008504881404417831
0.009096684615303332
0.008009287313992648
-0.008435766286776015
-0.004850679824248047
-0.008888247350377708
-0.008624288694667949
0.008568577850992921
-0.008776498166039176
-0.008306088291927164
0.0030024064265498254
-0.0010777798930861604
0.0012898374868525403
2.883479234312005E-4
0.008343067004767103
0.008183579902088331
0.008395484117805795
0.008361851666927527
-0.008233293059270431
0.0018004812844565191
-4.2926794241254193E-4
0.008258033014010445
-0.006299468546048785
0.009498014940555176
0.007392124614748962
0.008019670653610486
-0.008238064557565044
-0.007657439577157624
0.00815278837644767
-0.007994676262830307
-0.007917306964269212
0.0073979172436661475
0.0072842352318649665
-0.0010675109373209707
-0.007860968775871776
0.007421933741870336
2.1802415613986635E-4
-0.007307524246872137
-0.0073814648353167315
-0.0022194083793821186
-0.007525975435090607
-0.00731397778351921
0.007279764923116597
-0.0023736233204583687
0.006661691603791781
-4.1092851389980945E-4
0.0016796578301024674
-0.005322783328125699
0.006979997050832813
-0.00659797731908086
-0.006206326509840844
-7.112881072690034E-4
0.004066497824808632
-0.006994933306865309
0.007485513977792232
0.007982120711300236
-0.006706227115266006
-0.006522919604118405
0.007069711184171231
-0.0030843499414017384
-0.006694305285438986
-0.006783379702484186
0.0065328228969652406
9.085514022045886E-4
-0.006986578618119176
-0.0060161459726426805
0.006882872236700511
0.0022711590218563783
-0.005092347035003304
-0.001562256930783646
0.001116254693612875
-0.006552784831409689
0.006573838333217363
-0.002951237649933667
-0.006284556972341791
0.006892040618786089
-0.004805126890879679
-0.001560074126116659
-0.00475439315445488
-0.006585240316892024
-0.006260919418180906
-0.006258612409609527
0.006394048115507689
-0.005846117170715798
0.005973243937505772
-0.005546356643196562
1.2320008467535048E-4
0.006692784477186419
0.006049994586591214
0.0018324662507196617
-0.0016402063099134592
0.006192195397672043
1.067269143381501E-4
0.005589794990165457
-0.0058625470712743545
0.005099283177832218
0.005831611076436965
-0.005866367764497226
0.005789015802942643
0.0012606589334151674
0.005560323325927077
1.27227942730532E-4
0.005969413713752857
3.69895963658231E-4
0.0055915030059606715
-0.005814160163772895
0.00549392861773364
-0.0033617725643248484
-0.0038420352818556006
0.005900670056117414
-0.005519448755589761
-9.746526669340822E-4
0.0010078517384369638
-9.393859781384539E-4
-1.0388712912260393E-4
-0.003548191872028272
-0.0054446005123789405
-0.0055933407087285555
-0.005097482377609765
-5.404849814079269E-4
0.004750631100573958
0.005571956833248272
0.00539558949972266
0.005768264242128057
-4.90456410247454E-4
0.0051947918366526714
-0.005020993897507162
0.0051750605573212954
7.305162637965648E-4
-0.004896949063065821
-0.004836207599183981
0.002332353554729274
-8.688070989838305E-6
0.004845200715877382
0.00190588743828457
-0.004562241443233521
-0.003912873225943922
-0.004120681455367106
0.004808793802316187
0.004786746945397712
7.973345787811589E-4
0.0047242827641594985
-0.00447283474043527
-0.0022670634353038166
0.0018715870058876047
0.004456961017421537
9.61257730734816E-4
0.003900275532055363
-3.0069186849237764E-4
0.002471130781199084
-0.0037488053699055363
0.005537492238639911
2.7116104695508036E-4
-0.0038417408601349235
0.0030911723199838793
-0.0012570018280948678
-0.003886649308791617
-0.0036147120722872694
2.4408924664583848E-6
0.0011608890714135062
4.3162416813229197E-4
0.0031064969619103437
-2.5052288680606312E-5
0.003077016014976377
-0.002406842417113781
0.0015356479626280305
4.1358891247700563E-4
