0.023410494344873568
-0.015987708300390636
-0.03401735917983404
-0.013532474622404658
-0.015784166596440222
0.009948897903812927
0.026334832870000314
-0.020503947793740457
0.01048374990666013
0.021539746200800472
-0.012399638980866143
0.012241906907830743
-0.017182915543264152
-0.01234695270117623
-0.0115581363448112
0.014921442670416665
0.007229012720513084
-0.011929591558091887
-0.011767538560275695
0.008993150925688366
0.013540055880883417
0.009887265805772592
0.008071944951358908
0.008268256174070567
0.009250319412291019
-0.010575626576073017
0.008891591211341629
0.01627700515649922
0.01266835386121042
0.016552080518239205
-0.01074061452448365
-0.007951135343229875
-0.0058107088380560555
-0.008586438855598065
0.006948803228994068
0.009318074483040914
-0.010004274784221041
0.008757893755070056
0.00935662817006171
0.010211835019338717
0.014365373316601005
0.012639086287864493
0.011966425316870317
-0.006334016803456143
-0.012820172268823142
-0.01435636430551629
0.01589375297067401
0.007005520743378184
-0.015108223110142654
-0.005664966343492196
-0.010115989225163147
-0.00710505669968612
0.006241374420103376
-0.012014424149148127
-0.0058039318420277704
0.009410699447221598
0.008761621249533467
0.005470564393158434
-0.009954322929914139
0.01144409755230809
-0.007806003522823478
0.008194988697030581
-0.005983759113968964
0.008218638351204555
-0.007675583965798382
0.00628456430855941
-0.009897517478642927
-0.009805685979019856
0.007152247478356451
-0.0064960507862931996
-0.0076229368702810385
-0.004720370157074709
0.009863276992938898
-0.00542943917730999
0.005553677720084334
-0.007348388114761592
0.00500360877908715
0.009987135430878372
0.006651130387784221
0.009715583939501515
0.013316055877852501
-0.0058349140093958895
-0.004100783912745931
0.0035589827074798993
-0.0065495248980836935
0.0030228434714692715
0.004233879943953708
-0.003624325747078355
0.0071452739529057965
-0.0037181524821131287
0.005887954151707531
0.005991242487619944
-0.006165208623249196
0.002857149075043045
-0.007001101534403205
-0.009483287183068099
-0.009196052629770213
-0.007177746638696648
0.005135288434058983
0.007540161043775352
0.0029177179849297287
-0.008705062551119913
-0.010227658712375376
0.008148597689732761
-0.0038444509286401415
0.0038257389174270653
-0.0052616408130328595
-0.006461406667302565
0.008788808789643106
0.003956733010665973
0.011901050189167216
-0.016161151288144954
0.004220565878069399
-0.0024299524131186742
0.009781294837551002
0.012430528633525959
-0.002658688804003048
-0.005395193264414314
-0.0061385601093846874
0.007765885033754159
-0.005866439290880847
0.003045069123292492
-0.011449995986762601
0.005647329128643478
-0.0112593214385196
-0.0059073103890165965
0.004966785567194085
-0.004295135527592886
0.0072718378945941416
-0.0075076138645709745
0.0035397780625131083
0.00973014711006138
-0.005786323294976936
0.0031693650271426886
-0.006698697252216202
0.006392836463548026
0.0075202972182948765
0.008044740785389698
-0.007025713339749284
0.008362915734774302
-0.0034721422761949845
-0.01190230991363644
0.007761622694283112
-0.004894807993746026
-0.008336897345012665
0.004263348196832206
0.005274577973853636
0.00394421439533851
-0.00295957139675903
0.006028720478554258
0.0037444814553004137
-0.013464377823360015
0.007732044923452229
0.005291584607625504
-0.0066853343966922175
-0.004884845595157437
0.004825669938463234
0.004653028224552794
-0.00439347253263504
-0.0038696033690988757
0.005487534466836411
-0.003384470560555001
0.002429323382534375
-0.005363676198821205
0.006408773869884468
-0.00428633030553612
-0.007400046620255802
0.0023712500514222043
-0.008960273725556125
0.003984657673530269
0.013470250571386531
0.0064679658683997
-0.00492733666591436
0.006978276834481971
0.004687110486759634
0.005439130091509616
-0.004900012049721046
0.00450461699404275
-0.0048567586519681115
-0.0025759806359393
0.0024235523054230023
0.004913251215288424
-0.003685357316926225
-0.001672798256217874
0.005135084249556743
0.0021644421305214104
0.004023106598529174
-0.006186272035418953
0.0074574171312184806
0.0032391575210874014
-0.005220701230950638
-0.00710813380553823
0.002175642402026587
0.0038771791182494837
-0.001845723126716964
-0.008386700832398371
-0.0037999966868386024
0.0033161386105939727
-0.003742548763509652
0.0054345634819307174
0.0043217745595559125
-0.003930988384874977
0.005276202173955971
-0.003817987753164773
-0.002457601615000018
0.0038019348325646946
-0.006083592520954331
-0.0025189639078231317
-0.003228071715515254
-0.00505841568682327
0.009233761970347351
-0.0038672266576759593
-0.006946458576894511
-0.004192616141998262
-0.0022652335450394747
-0.0038170026238441446
0.006894179520773209
0.007709940685907308
-0.003584681699407044
-0.0035248370084708966
-0.0068871117643624
0.0025149445603231384
-0.0035367957439688827
-0.004653185241502864
0.004071249478290713
-0.012394327496889875
-0.007900636957493566
0.005082992961780442
-0.002833586454815058
-0.008180136698456962
0.0036390135909593045
-0.003078817780354438
0.006003363419786461
-0.019857284751214038
-0.0059327278798100794
-0.0044574110144937305
-0.0048674857509121315
-0.001819232644729427
0.0026418346716788337
0.006068532569193543
0.002215987911998652
-0.009173160965400762
0.004898567257653135
0.00790740455404283
-0.004195666943190889
-0.018637167875704772
0.0033614731447746864
0.011676634860717072
-0.00764653373458768
0.00804427197621553
-0.0026761358994394032
-0.004586603171197137
-0.004500777030737451
-0.001415241583730115
0.017294033944587436
0.01767011871489949
-0.017784472711793137
-0.003802554840006469
-0.00487775418410836
0.017006209327692406
-0.004901418024701383
-0.004070315130407382
0.004794671775468923
0.007776487508235153
0.00635329500018126
-0.004677749150791601
0.004592375402844763
0.0033011311883986536
-0.005234021881242014
0.0029774681895892397
-0.0032816062469356033
-0.002351340839424163
0.0034098950774725688
-0.0035627940055663696
6.79489825648828E-4
0.0021656739792126835
-0.00799584928878633
-0.0026546785705179503
0.005070888255322678
-0.015103956618906095
-0.0058035593572898355
0.005036307148259398
0.004004064535147281
0.004211418451296535
0.0024290711696008846
0.001918939573619431
0.005235323852663443
0.0033130573371098165
-0.0031193157776062156
0.003864315965457404
-0.011059422787290024
-0.013795048700271493
0.006549798653945158
-0.00529732098173718
-0.01410648708665701
-0.0039327853353589735
-0.00373788802158694
0.004168081403477707
-0.006154522546347242
0.013290053450616726
-5.261368076608282E-4
-0.001728953324029155
9.77621903701376E-4
-0.002494802690343623
0.004128364827642448
-0.012895984926839424
0.0017537041826498128
0.012463575324521152
-0.012965703443323111
0.0028010738344174816
0.0026300062174315604
-0.003926192222610891
0.0072326309669142825
0.011907484587040471
-0.0062207614367832
0.0021998185143179538
-0.01209087077409773
0.0019649686000009843
-0.011638203164892533
-0.011542554619251605
0.004788542925446538
-0.01035747107688089
-0.0021644181526073564
-0.0017057424018953687
0.0012015538557836921
0.011455927481003561
-0.0048413401974173815
0.0017473116467386798
0.0035682819662091374
0.005894583146909061
-0.00728274832698142
-0.0025995239553174235
-0.0017062060898238144
0.0032982208628283913
0.0024212678365100352
0.006520725802233219
0.010963895511660304
0.006114768999823268
-0.0028510053502929776
0.004551540620746791
-0.005268775867890671
-0.004902540193275547
-0.010565543340078157
0.010087139827143633
0.0014045608877372572
-0.004498661383569523
0.003025919236324383
-0.010404546473339391
-0.0021001093236127566
0.0011661553058014318
0.004334240773468041
0.0025329996244592085
0.010353170876203055
0.010305615237084502
0.0012452298195915672
-0.00534782414282378
-0.0015551502879811853
0.009518893170197103
-0.0011783617235646686
0.010608998394323254
0.009831332327319187
0.00253129741487205
0.009700370643537307
-0.0016889067666932523
4.396705596791756E-4
-0.004863728467128331
0.0021909920399574455
0.001490034258330686
0.009134694786990189
-0.008433178421433188
-0.0019199540291525911
0.003080997834496762
0.00897576338077636
-0.008996428189844674
-0.008982720167381298
-9.196825561154945E-4
-0.003024426417118028
0.0023507201730844215
-0.0017793525801193932
-0.001647838755037459
-0.0018579962405826077
-0.008916891808029275
0.008144356004541295
0.002994868985485253
0.00821282573277903
0.0023518852445202055
0.006276961961332099
-0.008355582419417957
0.007663152823428308
0.00784793021773639
0.004095437671832779
-0.007807588139577114
-0.0015792736703404793
-0.007863304276011559
-0.001455864518117321
0.0018531549256110503
0.0024189565302237155
-0.002273423711250818
-0.007248602488284356
-0.0017344275042920272
-0.007053857457412784
0.007506058490404714
-0.007209570824738923
-0.00730088989911961
-0.005127343955886455
-0.006111250642154504
0.007064348912079866
-0.006857345044636993
-0.0018502716467066556
0.001250541882242614
-0.007318834155346514
-0.006871733133697718
-0.007272501667204688
0.002686793780500846
-0.0037403904938157133
-0.006980851860107928
0.00687870002563777
-0.006560726590947993
0.006755698814053573
0.005967467855149027
-0.005162495382530127
-0.002686721619763664
-0.00110662682480725
-0.006706312286915134
0.0065054763209374195
0.0021458065241433885
-0.0015538702412082066
0.006573974071984466
0.007045590565629539
0.0015743170272137267
0.0012463069161371878
-0.0013855490532128888
-0.006229788378363619
0.0023737036310619614
0.003042112753819093
0.005843905849002531
-0.006610166406025165
-0.00608704141206698
0.004722180139280098
0.002776486923251939
0.005758796052751925
-0.00583827989730177
0.006013939212887136
7.334734640594299E-4
-0.006011423013097283
-0.007386342631517872
0.0024715417414255844
2.3101638957135276E-4
-0.005580894403219784
-0.006492626193467331
0.0014119298487316472
0.005586440916163739
-0.0062112276473911794
-0.005336142670869784
-0.005822229205630916
0.0030844135616939806
0.005332446220895606
-0.005336698572049829
0.002779311903846401
-0.001920540610744062
0.0021042772266154208
0.0012089235693463357
6.625864574229654E-4
0.004802496513104249
0.004704451513785747
-0.004774986191422718
-0.001794201395328575
0.0014067326151796368
0.0014769919759470905
0.004564259394046157
0.0046040579774996315
0.003600513100004455
0.0013484755683598646
-0.0036507403816423193
-0.004550820814951497
-0.004251848112929792
0.0011692278302307137
7.228530143403764E-4
-0.004249117486918502
-0.004498473004231402
8.701221714851418E-5
0.004260102261746062
6.717268721226624E-4
0.004128188052168307
0.0019682965283524616
-0.0014354386524266446
-0.003987587985604644
0.0012612574186555102
0.0042578403905245196
-0.0015520774873626392
-0.003910569507450987
0.0038966250157727884
-8.962032882950246E-4
-6.841162060570724E-4
-0.00130174113138287
7.222148354297685E-4
-6.008486040302916E-4
0.0016900194349329775
0.001852337897007272
-0.0024056055163852066
-0.003562088817383801
0.0034112998466502313
0.0026104849346232297
-0.004861274201225386
-5.702399880107749E-4
-0.0010262185825047506
-0.0029587893852124837
-0.003211863166700114
-0.003089801860087692
-0.003139712543869158
-0.003075072287623382
-3.7451801631851794E-4
0.0030450207232943275
-0.001072548554538138
-8.749434963611595E-4
-0.002945573378047873
-0.002269961482243701
-0.001199870997923761
-0.002184781714493586
0.0022491317336876373
6.751274438754404E-5
-0.002504212341454496
0.0029866053515288757
2.9883029307588353E-4
0.002349858869506057
-0.0025520268800567616
-7.175657078856436E-4
0.002364201744843653
-0.002628019911522625
-0.0024432481016269415
-0.0023168090236114756
0.002586722765954113
-0.002352577521634272
-0.0026253853287744973
-0.002359932275680917
-0.0021507355346718432
-5.511326053605669E-4
-0.002052933386783416
-2.7000225850877063E-4
-2.808051822582797E-4
