554
279
507
266
555
552
305
538
281
542
543
521
465
278
503
544
535
546
510
547
517
559
509
562
265
524
504
545
549
528
265
710
538
300
519
330
596
541
535
300
545
290
285
554
557
507
502
509
547
550
292
542
305
555
560
509
537
551
503
511
536
539
286
673
548
312
281
505
532
540
543
336
546
543
556
654
558
306
518
508
305
562
613
290
711
353
391
517
558
503
518
546
768
511
527
715
714
316
384
517
519
558
707
770
514
284
315
516
535
565
523
318
539
381
524
543
331
537
668
545
526
319
770
505
316
300
266
551
506
535
708
309
720
509
711
528
780
541
287
776
338
550
509
503
762
416
317
337
527
283
715
495
658
554
565
320
564
338
337
504
555
565
540
716
568
510
333
541
10
287
516
503
560
514
531
709
494
319
291
566
717
704
11
548
711
340
332
673
563
775
564
650
281
316
614
559
305
786
506
316
465
505
313
314
334
501
314
550
297
515
513
318
335
748
514
338
525
501
335
526
549
502
733
712
561
537
315
606
321
316
603
314
336
334
631
333
289
574
315
336
573
537
496
572
552
348
320
332
297
340
9
327
531
11
324
341
738
500
785
574
298
781
643
769
19
576
11
715
517
376
337
328
516
614
362
706
547
537
578
301
512
300
577
378
309
544
509
655
553
552
513
773
544
475
653
287
353
8
0
692
0
302
16
10
284
785
515
710
772
412
11
19
355
608
677
563
551
787
318
9
377
561
513
646
500
693
499
527
415
497
