15320.531528251193
11196.165453789747
14526.928763770167
15405.808286911213
11673.914593340734
17558.345385333465
14008.40640460483
18228.64746097234
13256.988419858437
11384.120785746081
17090.907306984533
12852.63623909189
12848.470288054197
21607.700027876523
15784.903102551929
10551.663106871461
12841.637539726366
10503.282036291828
14716.498404400845
12285.823096552038
17234.38039763361
11148.247072955568
11035.830017141416
13996.453222833463
17905.029818032348
11731.292396411342
11042.483205341083
14310.60937602398
18642.73589649393
9621.548027032322
17115.30382460707
24102.840727359373
13746.311432851418
11606.130578467037
7994.313256313373
8453.18083326992
4381.481894438286
15422.138745801403
3877.5995842792004
7331.47210497611
9781.408546160554
3781.483747752528
23893.890627366694
15438.21909377837
20719.68336634127
4724.574858085623
8379.478198015713
11637.3082580596
13152.537121460955
5282.477449852383
4705.65583814777
11983.009409947266
15758.663248711866
16105.113601899622
2904.1379090656346
4344.354767495226
3277.600877527901
15355.80809175249
14704.636469818175
3801.2860392063644
13961.769277337307
5305.654043341519
22719.415764131685
16338.015837229423
8294.086496705326
7885.473386478285
4923.471005057678
14357.323299082724
3652.7648027901514
8294.101935936807
14686.945842058314
12952.964584387497
9417.811805436779
4965.854906659605
15414.078236053749
17891.061741540205
10757.26238963156
5859.486819351184
14702.089473451173
3413.644706672281
16198.979995763257
5259.487893644566
3217.0507711364935
4935.838836873498
13701.794218808347
11881.216281326875
3403.4489049520557
47059.770411102385
16640.381890857447
40603.31512897834
8616.034029878392
13245.258886895415
16369.618130532352
3402.567036427606
12857.417517792737
3459.4912668662487
14336.668584807227
10277.837074425288
13477.825586992252
2623.6765761901133
34739.79042154029
4335.681630631271
11667.913306350418
3817.3148932390336
10453.499232911321
17397.5699985797
3735.8415436313517
3397.8175629576335
3307.90440467462
8397.007076331492
6774.76288535996
7004.373320261138
10389.476619172567
6985.682658337657
7953.972789536433
14308.91083550445
3408.8594147313984
3411.294914319548
4814.634555366114
18451.25953898286
8084.659293876803
9490.815848238362
13115.850138667989
6886.2097125365435
14531.900758240366
15396.999243115513
12693.42134189667
4124.576639127785
13181.832929119331
11795.460191885699
2604.415253444199
13627.984263941773
13199.977776957756
14975.059431527648
15390.63470320778
5915.635902249984
4979.742915541452
9397.67740864759
3243.0914222371607
17053.653762962454
3201.2874316792686
17505.35891935583
11865.014518131715
8261.649191404564
7724.568581430482
4879.714625041148
4082.480655403991
9811.514057799885
3765.858291883326
4443.088526748595
5581.478749694715
3400.874718085358
6135.836801342008
6832.041659166673
16866.158491632315
1916.7176849835503
6221.517560077329
13633.977223113425
7849.142869728885
17838.927181699284
14299.336770889453
2746.276530654041
2196.2451881312013
28578.698546310512
6401.005908799016
11860.531169449398
11583.022582211397
16488.459445832304
2635.415598968981
13674.395186011054
5077.597820262637
2107.9065336750514
2450.0988753916636
4347.132271355194
3994.362103194345
2449.740766616786
3656.3913498655497
6908.453836278283
1930.5418354360559
6482.474892568409
16746.276776899816
15881.0672525441
2165.6002752538957
3405.6594286798986
6202.4892750509125
7196.068875774712
23245.338991737626
3413.7216278539013
47104.36671616689
3050.640526244596
1950.2060917860067
8052.794957618989
2941.168749460296
5017.558678212067
2163.887661371463
3746.79414161751
21535.750554399543
7192.371872965019
5562.166026048226
3538.036177281273
7078.665773230322
10502.690850758985
12821.297604615707
3270.2785299020543
6746.787808380384
6175.033315948222
2471.745077717765
6210.7707574268115
3892.092627563078
9946.092975351132
16294.054270135677
7106.562001842178
4021.9026058090676
2136.141570135579
5534.310143236957
6217.556690107687
1976.136403700451
4508.357650155356
6524.57022614167
6703.400040254128
6576.401230392127
8719.95209912769
10536.596479376809
8067.092380824177
2511.071541934152
1891.3636676797173
28872.186301311413
36100.11713117447
2488.0903918875665
6817.556003641823
2914.684507330956
11846.110491347457
45304.37199212067
6531.52387715825
5546.78956408611
6264.949210118134
21507.196744880057
4002.4221234747342
3744.4524674482004
10098.635396864434
3533.6253703366187
2519.6901790074794
19832.472982748455
6306.986833960371
2508.9641513877405
20051.83473548136
4778.342093517664
5194.3615292193035
2459.671452726855
23602.157544690137
4521.359961374973
14611.703379724535
23871.829889660043
8571.932482984961
3213.239362790073
15282.105263081345
1948.9170646686048
6691.334997676541
47659.76923442868
8016.994474619956
41060.575531865885
14816.935255831402
3212.0581590969805
2736.1407055930854
17145.50373641655
2192.0796360044747
24557.326182550725
7701.09572056491
5718.43532660283
5998.134294814768
2442.479290296886
6134.309692372221
6810.271759805101
40460.57608214501
2673.519622585575
8145.39018666867
2615.2832158214346
8508.852614897545
3412.5283328545265
15385.316027336428
16777.432901122156
9094.515142447493
6769.3276192995945
6213.050699217213
1920.3532523649685
16836.909028309463
8095.796313386173
9092.383053149684
1333.6928395074008
37538.265878632534
8594.67152864046
8503.18317328318
14115.909104733712
20680.02638118174
4596.017963247692
4005.9172758800623
47642.03624643127
9403.272638179773
11748.246122438784
14648.052304617095
2507.3775403571926
16001.262609945177
23845.336900646114
1065.2073430139271
1901.7246928013265
1911.0721809080633
1908.964592834472
6769.123260934892
15762.002440514972
12183.221245887216
3050.09789788015
6715.352463462705
930.8268885062204
8616.085505877383
20227.439120931198
2229.7598965763027
2430.4237398264663
6723.4691137694845
6181.879743623416
15419.359531261493
7705.649811388082
6773.425743159097
6505.651328980956
5695.556610078971
37300.112090793016
7387.328842302984
4493.828153760586
6793.266246720592
8632.639927638344
5709.180669755626
3545.941746616456
2003.132297121604
41872.68400931548
21443.56547179113
2094.2762282237036
11555.288079975076
21061.729959221266
3407.362864398678
7124.569274435064
17730.950992008435
16260.312651759174
2504.7483152387294
1208.360234625819
1350.2067370459024
7050.118294156177
758.4813077015094
2797.6305443868423
2500.6525849253276
6190.3982146957
6806.031387215742
937.5369861298917
13552.964233748015
4503.518970793574
2713.8666539408223
725.1397888085643
16236.13627027089
5925.396268722254
8844.182159308175
1085.9371124993952
693.9435991422288
7082.474065703416
1417.4630190463583
707.420922325477
8519.713919708167
2038.3070352531902
7382.967314832743
6444.273697438241
7659.485162322453
8186.689966445438
1043.661824477722
38738.26412446746
16977.200929941708
2044.0017220580817
1933.6921597997975
5367.654289366339
2754.8417096562725
17417.456705815068
4527.655896306888
9381.84649309245
2463.3607317090605
6169.328116213561
8305.64937660262
705.8770412808034
8456.64479550048
7030.676571101649
7388.421064978652
1934.2826498448958
5103.895843088616
2092.7315531607396
736.475539950255
5093.8380510275465
7387.228631457381
16012.43235683504
2278.5344654007963
27755.601819688432
2233.2923931154883
8144.025877387935
26949.367981600433
705.9467582336742
3091.4715540525854
54048.470889970886
3534.7779759640234
52848.47253981978
717.0603245200481
725.6784450899634
22878.12358059486
21532.553847799318
1859.672160502829
4923.408819542844
1929.7436782921616
17418.165326743372
2531.2916496655525
7353.641745923537
3049.7398363206994
8691.906646003587
7536.035549493617
4998.481546568394
5016.483098285601
7392.638426172093
1703.7454259523724
