10
6
9
6
56
12
15
337
55
8
11
11
2
45
7
11
5
11
7
11
73
16
338
52
11
10
5
72
6
289
8
4
3
6
327
7
325
8
13
10
48
8
33
12
9
53
19
2
13
11
5
15
12
25
10
8
351
17
46
6
388
553
10
6
61
27
15
62
341
542
50
14
555
15
59
4
63
6
13
4
6
32
5
46
9
50
6
53
11
519
1
382
63
11
291
29
5
66
10
8
12
11
17
6
21
7
6
2
12
6
301
54
35
24
540
4
558
55
3
34
2
17
13
16
303
8
9
10
7
6
4
8
13
45
337
4
2
346
2
56
59
6
17
7
9
51
323
10
304
2
13
544
55
8
6
60
5
13
4
37
289
328
2
10
59
329
74
7
350
7
545
4
340
3
49
345
12
6
302
39
43
21
15
358
15
321
5
86
75
14
26
5
2
7
5
339
49
379
42
13
518
87
57
13
305
552
80
17
390
505
519
541
1
9
8
8
374
12
300
380
27
6
361
5
45
525
4
82
338
3
75
4
503
5
32
367
67
0
2
13
66
361
352
11
76
5
14
12
62
5
307
5
5
64
41
290
385
52
73
4
2
3
82
326
73
520
503
30
2
4
4
302
365
3
319
307
502
302
51
378
5
341
57
40
53
83
61
47
29
52
0
4
73
36
12
391
374
31
82
97
89
2
2
76
1
1
40
45
9
4
344
39
414
12
16
289
308
545
71
9
62
46
55
540
4
328
37
91
60
12
382
22
448
360
89
16
2
1
13
552
7
72
51
13
39
332
7
549
63
8
418
86
50
333
387
91
2
353
14
322
3
308
48
375
57
70
2
1
1
3
74
61
1
287
7
31
54
54
80
356
10
3
295
10
79
1
375
80
60
313
47
543
80
1
39
0
1
8
14
4
87
48
8
15
83
359
4
4
42
6
328
537
17
1
11
46
5
337
419
4
515
15
89
391
383
548
326
81
40
40
26
7
8
387
49
62
24
79
13
332
46
298
7
1
2
539
2
7
55
90
289
542
384
342
318
372
48
395
553
41
8
0
2
5
8
7
3
349
29
1
5
1
416
14
2
418
4
331
559
4
76
91
536
40
8
70
303
9
528
20
39
385
326
6
1
47
34
360
2
9
18
76
293
554
35
514
63
26
0
447
54
7
2
9
303
5
549
68
1
333
41
11
548
0
45
2
60
0
516
538
10
41
1
54
362
4
4
304
22
90
291
561
354
20
345
335
509
563
47
35
6
32
541
378
0
54
412
545
45
706
371
11
56
52
1
43
6
338
300
286
5
306
337
384
516
6
1
46
2
32
705
34
15
356
3
3
7
9
573
14
5
381
370
4
23
38
27
311
550
1
0
87
321
6
327
14
351
670
2
21
1
7
44
325
403
3
16
44
376
343
4
672
514
9
1
357
38
69
4
1
384
15
2
33
526
99
1
33
389
3
4
300
28
25
3
3
46
527
2
538
362
47
11
0
91
10
1
304
323
2
21
14
28
9
544
13
6
12
363
42
13
33
56
65
0
29
2
8
25
7
34
379
27
30
340
53
386
526
376
3
364
64
40
7
20
315
15
47
310
31
61
9
38
546
31
36
5
346
344
569
331
70
27
26
1
518
64
1
329
28
376
529
390
1
2
38
3
554
347
28
6
352
95
379
90
1
102
25
4
32
0
317
2
31
46
15
5
8
91
5
331
6
54
35
77
304
19
1
50
454
90
3
6
511
33
34
0
49
20
6
39
418
334
539
37
562
17
53
3
13
19
1
771
9
292
18
8
61
620
312
6
14
24
416
43
0
9
38
62
328
3
1
0
305
7
1
89
0
356
26
