2636.4451402784434
6488.756487062774
6757.340715432318
2652.577551303057
2659.8579837753687
4062.1387493335405
11179.902009925467
8490.75312900408
9392.56986903139
14319.537206130908
2638.5771344642367
7081.0176873442715
6159.077774292054
4557.268808770338
7597.664110219984
5183.794516931136
11381.11416768393
7685.119791820509
4501.220731002609
5188.715712285688
13969.483032331567
10343.004315154769
5466.775432735204
3992.9803969795494
2053.903107758571
4866.775515981356
9324.342506190591
6745.53242104093
5193.653460456328
2645.1587125928886
2932.378842088792
5735.125377944305
7558.913870032735
4545.523262842442
9147.955304762152
4056.9781089328803
5996.210682016527
4340.68093272766
3482.2165259423127
6675.047844944672
6892.330908971907
3608.560774273261
9335.09654455393
4572.1990149482845
4353.207549567772
2341.247640161862
4052.7303323425895
7718.319512740232
2348.414327349664
6033.62870262092
4752.031206874653
4631.043371501063
4035.8746557152535
6666.724266554114
3491.1234551957064
6145.532516531739
2886.6974916098065
4033.168384787252
9403.082985174167
8201.179834162725
3453.4562412515284
4207.270612035259
2107.5832714940634
4026.2153367146443
11377.967493387154
6029.77174607871
8938.755687253108
5367.717863196003
3608.9716469456885
4064.8058059406794
6268.646704708359
4553.306357129572
5948.5126446931445
13987.040112330373
8124.342647426947
4759.930942181044
2038.5772221037985
2865.9905497257328
4750.663787454378
6157.340811863415
6446.838826200693
3621.5145963021187
5079.1764178483445
7758.2312706628045
8803.08304488029
5858.180540164781
12876.595224586723
6958.91394058622
4568.067527619489
5971.500742969369
12044.651120944829
13997.683573602917
9935.037117983438
2040.3007334743909
4593.653556960083
6002.476977870222
10285.47902001203
8612.524385077111
2623.0786181507033
7454.879710795626
6270.163479969535
6532.472217057524
3458.236104197302
63171.640314242686
14277.190514538926
2773.3124200201823
13996.350062632866
7959.07751158486
8767.46836578496
3083.0865362760624
5970.054852597391
9400.869194550012
5389.007969660694
8452.45415479634
5959.062513917185
15737.805755596593
6731.786957999914
2058.512448348327
5767.630999832252
4043.3207337874132
11067.336881299188
9987.192381962295
7449.523187526018
3629.5768723634465
4572.118670066933
6186.206330693618
4563.955432799193
10624.922361324665
9769.519236255443
6037.404010093883
4040.105140438965
8187.192602668582
12382.573840717894
4871.272878487959
5192.9802010449175
2024.83895530755
8649.523090394785
5992.709459013887
9032.30902936261
6822.046110492223
5989.007886973719
6920.203795692493
5417.155054134417
7494.969364893107
11699.057378214615
3244.134884131694
2343.247502106766
4683.59757342943
3683.678913859506
16029.358188183602
3777.590459350874
2597.1055163651
4614.374498032511
14365.174033064308
13626.896314854388
9108.358166711252
3718.261525329141
5965.727552789625
4640.349848889722
1479.7490924492222
14822.90692375209
4053.908169424208
4031.0435022654624
12373.088344688123
3900.537361340942
6263.341229726396
5187.629771217298
17773.570177644135
5556.102424582881
5586.206397524167
6484.259882696636
2042.7078865323235
4159.062615579752
5585.468938320765
3892.9712139735116
5147.884921178208
2778.88545109635
12042.627096289887
4675.79941024569
2012.9551993638552
6489.938116463
1438.5773078163218
4799.74195073316
4753.915794797427
4307.514616299116
4364.364206890538
5966.3116384208315
2813.200984462882
3462.1388546004705
3608.262349737534
7342.45892596775
4874.97478122997
4629.751091729258
4615.215942328021
5007.667147178062
4985.71215265333
4573.392450182545
5254.582420622462
8724.342567372763
7275.047767927841
3891.5582347244695
6006.33271104763
63771.6402405263
3435.2511712601477
4818.829788609934
2282.8495877635432
4959.25988242955
4536.858933271629
2335.736410941212
4085.3647971494156
6896.581505818167
5418.829753066475
14411.073936772405
5577.685174885074
6267.886315426234
6929.2097178830845
5053.710226147516
4049.8529919413986
8459.980281305066
78345.79482814453
8383.422772591928
8168.135514512637
4047.0097699539406
5454.147101489228
4144.507286628922
6133.50654322561
4236.516799088771
4808.971578087048
8024.8153218356965
5808.746839388755
7060.725138726614
5552.049125503134
3618.9974098092716
6161.700712478368
9401.179692400809
13934.786867464863
45836.78484737374
2330.336722822421
5042.389151922095
7978.5251416737565
12719.779894738824
6162.622368817556
5744.609266910182
4653.204080360314
1779.8101765940887
3764.364245775369
11384.68982151225
8735.122290835543
7364.790607884768
6325.523104322803
2020.4008000008982
5231.04329457647
3316.0520239141365
2059.8580756514048
4275.1724542237
3298.246755662748
1533.7846020323652
7952.184942987453
1408.0581146961879
6301.220641305781
5685.869501580163
9968.135293503014
6368.135659878416
3652.60181963365
5571.966809818034
7357.69264811609
5159.784074367974
4392.108241294794
4385.712192933956
4002.644644673439
3085.0768353067024
7572.999899947306
13650.813801375783
4477.864916625723
19765.81903198182
6279.225112211534
5077.473927251693
4124.279513294986
2027.4404769045725
8092.3307568965565
5570.781599790622
5471.272866235633
4499.077342446956
4875.7989221426715
3901.220773748568
5732.265072688385
2010.597677789072
5470.441907331441
4104.646887380236
4167.717934955878
12848.606207171832
12385.304703273136
6975.049632952551
3801.8130189267667
6185.712027886056
4954.6197297227645
5793.653410588042
6052.454366074467
7221.396982856361
2022.80001355219
4731.266406901617
5858.082423209947
16243.237985884038
2702.995217988954
5966.953434130846
7347.195132811058
6156.102372699927
4568.687011987187
11714.179604175817
4872.796048923939
6090.753446799677
4602.6445128810055
5253.276921731307
62571.64039845585
14805.243889523768
4122.990476677337
7183.840589867238
51170.81887298378
4592.980257054494
6454.582333298769
5044.968250953757
7227.7724002667765
10215.547435256405
3449.8530983496616
7135.801381399123
11710.96057461183
5896.951655146549
2023.078700329125
4352.2915248409245
3605.214801525099
4502.995136437319
3935.1255323795945
5079.7525313725455
4565.36476453358
5988.74550228389
1791.0306470466805
78945.79476502135
6453.20401219781
4411.669757768294
1555.4008368691984
4050.3870449329675
4217.761325459099
2690.9094698653976
2401.8467897817923
7388.735312125151
7535.122444217468
2418.9974649575997
3075.742316701465
4058.8458857002006
7354.1849527038075
3997.695536171149
5786.800848108036
10543.545071855458
45689.203763834375
4485.77481416198
5784.9364786229835
2347.249473958266
6185.945347712879
5684.248836007658
3785.712253487248
6599.741785338613
5554.619695714059
5313.896691206868
2701.2208252683095
3895.535462490883
18340.524110844166
5407.270511727178
6024.51121826601
6652.880764887455
4881.758071175091
4487.6677354959065
3624.511302070285
4497.495649444286
5673.504842953864
5171.165730346285
1426.904438793814
6181.697729139778
1552.5776543715433
4116.366579496215
6359.9852522869505
5386.191051805794
4344.6606184432
10943.004303917156
4320.572569919883
2087.8979458709996
4862.430482253423
5235.874447963878
8719.707034092497
5101.22070014335
5811.597391097471
1703.8342023114176
11056.110727237667
5237.819197030937
7697.673689137469
6472.06383729805
45236.78496993321
7221.515595707566
2238.7714784003656
44264.08665787898
4964.364178127657
6164.3640998206565
36190.61894846563
3491.5881325812034
4572.490458087782
3952.9133707419587
4469.856956335947
2012.5027930743775
6284.2487895889735
6487.936666512976
3018.9974421288352
2622.9797046720473
3615.022514025092
4815.934939170702
5692.688679526585
8119.89432503493
6290.909291907827
6295.535384526585
2566.3426357455687
4097.465382534489
2457.3836063093727
40531.545731855615
10600.86912624893
2415.935054255442
3945.5233182658076
7313.743231524678
77745.79489049551
52009.00571195581
7500.6338374051475
9068.707938731195
4069.112740709287
3884.2489256014574
4054.5824814094717
4104.594965868032
1675.7995214492396
4122.4457943827365
4224.511264930885
1565.4092033475856
5564.364149462148
45464.08648093736
1558.6652401905694
1048.086751442242
7308.358270048572
51169.686932662626
5249.7587981739725
6375.135567093235
3012.5941491563517
3786.2065420396834
3785.46908962028
4500.537327758747
2997.9470447035683
6292.97113068478
2553.0559714257324
3757.88587092994
2095.8514874665802
1944.456408015914
2544.456400618221
10890.752986997388
6071.2728303030135
6429.89343579142
60359.89840653435
4739.31087124035
8522.341326568341
5444.549874535805
7325.673953133327
5492.260946021779
6764.854471471978
4560.6301257373625
2564.3626497339283
4960.918531277752
7088.073597230572
5965.705361044735
5725.523146657519
1801.8467921670754
2669.5453596041957
2017.9498079874354
1857.3836113870761
6102.09918498995
2560.141632225274
3473.998083421606
5921.081603362477
2213.7512418339
1920.516223476262
16851.034488681253
2585.945606617078
7316.95390481877
3702.7013560485802
5576.870139193427
5227.7092055385
11714.962312165298
6206.5783143961135
8186.787246312586
4148.155550949705
1415.4619528219655
6597.55750626053
2698.0467079575064
5997.557560652328
5258.082477729009
4561.539575339508
5273.175390086253
2295.0719164155535
2478.958467705053
6038.125879637561
4095.4932516601243
5752.574278067036
3877.8649542721573
36526.47436327892
4190.158809005276
4331.753090541362
4141.589831884125
9617.13981680529
4957.4392434653655
2116.9833600125467
3755.525997319502
5092.971168193094
5868.871319619305
1419.3223989554908
4068.871466986221
8017.2127295608025
7009.622724656985
6071.028253212026
6275.502803524891
1938.0917703540322
4475.356122132948
12046.07142101598
7091.048382660657
68120.9309117458
5370.05492839147
4274.97480145769
16396.620926129875
5626.221063433812
20110.00830499589
3896.375815631086
1278.9585210363941
6271.346992059174
2612.791823768856
62642.02450260973
1858.6163740716822
2372.922097357443
5024.584004507908
6008.971527586035
5095.5354199681515
3621.8361152703833
3177.590497771136
5626.780833244741
1787.2464884251199
1917.250069592553
3008.971680338052
3559.0626610277063
7103.518931302113
2427.077407377075
1420.4008277945159
53570.81849601788
6176.900467041481
4350.485962164739
933.8017497943013
5502.0992279387965
7697.108860903911
5796.352700782286
3635.115045301917
4741.589828088389
1548.4516756390024
5138.24310326335
3449.160979634326
7733.175366518045
3015.523904913177
7783.314303971607
2010.2738703308014
2752.5482023652403
6627.772445940843
3939.6661608590807
5025.94323399313
2918.03554887846
1423.0787775553802
4968.886162443247
9615.547462287826
54135.622794923605
36790.6188610647
2484.4762946787982
12738.198750851772
7332.75502853991
5695.53541421808
7966.863092427526
4065.990357632418
5846.838866079598
4746.967108814178
7413.062638939799
7094.061611640169
3721.1050694060364
4424.5431816823975
5613.824027525149
5865.052986107112
3003.1251231120764
3486.697406628906
5284.969122951841
3332.5612604510047
6968.489244906777
5251.204261118726
6279.752465905365
51735.62306091638
4484.248887690731
