2705.8906328636594
3215.7541713835394
3259.910956386383
3226.680015723702
3255.422929133578
3826.678892816862
3214.5056451220903
6490.338109361423
3219.7083597286664
3780.3443963114955
3254.0096447079063
4094.686514372332
2719.9028851955304
2716.0131021521343
3818.451091127332
5618.445817253105
5867.106520856954
2626.0466332970855
3819.273470046949
5890.339301044725
4683.404202088428
5613.605371209235
3499.49987128043
3254.863461464521
5026.676539694124
3250.2550417141742
5020.855449159962
3249.78257712885
7079.373070864698
4699.49632524412
5844.4718351511565
4690.34235791446
5021.987594435949
3216.5686933364236
5857.869115742984
5014.5009380742495
3814.503931318295
3215.0073785909462
6462.529386150928
3850.2536707894565
6468.457992121763
5840.137654563559
4695.55868377183
7079.610463198799
5013.607062620496
5309.844554469808
3258.932166944078
2694.721759863726
3226.0456074976846
5288.145985727584
7053.1135061013865
4095.5602501419353
7097.26635091856
4984.3290644431045
5580.339699883415
4688.147692609201
3494.6882970329075
2777.0503893657356
5803.841027895027
5025.10765383447
4487.704697426
4032.934411215286
4469.794650150773
6633.804806962046
4714.766160360994
7063.951971314983
1893.9857920146435
6457.867642551487
4653.118537116327
2710.3789551817326
5853.115772596785
5029.320502800786
6180.3389837918385
2169.51059840803
5599.487203754987
3260.5752168096446
7062.528691132199
6483.1910660727035
7694.794493904728
6479.611901239832
6479.374515623308
3220.8569179731335
4053.1196333021217
2133.5108268101817
7704.094207628461
3854.862705396597
5049.780893560697
2745.0088322520564
5304.256029933368
6488.143387680585
6485.038585193619
5289.812131157198
6417.262140088673
3217.2837835839027
5904.2552109917015
8297.264130598236
7051.765917789756
6495.554410350892
5853.434708870569
6431.6620043763405
4413.608862697138
3520.5899552445157
6998.502158124366
6483.399889773657
4689.813805339075
5895.555557665776
2704.741475934713
3245.6289349270846
66068.87321178442
3702.848462973681
5019.566917196127
6213.6046411404095
5050.252210932047
2732.5282487309655
7421.2387072791735
1926.9833007895948
5490.100870276508
4428.604171451658
3817.282530942247
5842.436221481311
2709.8931674473656
3849.781734382156
3218.0563421388724
6090.099699288153
6453.114258806738
4405.407292423926
5009.921479942836
1866.3195014566045
4089.8156079790338
5283.402500517843
5894.682161897752
5838.0693269909025
7067.10446356376
1897.070260752121
6258.014437586084
7992.444849097134
4417.281453485131
5813.392840635845
5299.4946036051
6504.096592161306
7693.640707083907
4800.892271409048
3301.1655643516715
6951.502853175396
3368.5931312383873
83199.67484932019
8592.443939777988
5888.144310552773
4419.568167580038
6269.423315974324
7683.18872994565
5005.405657431644
4980.341540005199
4104.259535723443
1903.481630428013
81399.67861860813
5267.108147734255
4067.1106654134223
1882.1282606698776
3227.6287101777098
5230.556282090029
6463.953392191625
3225.108989362008
4501.163947068051
6413.1453708879135
6438.067481749869
5303.4221826406565
5850.475561941379
2218.7854479408284
7094.795327132472
6683.198852422553
2230.4889257149857
2502.5233093966226
2738.828251748839
4050.47696657232
3377.0495452502682
2762.4506375634264
3280.4926537021147
6132.02497946696
7456.37435855449
5239.209950617975
7079.563934681947
3809.9246074120742
5296.74847831596
8039.844995735218
3335.620890895749
1880.7788548238625
2495.3133153928884
4999.488966099311
7673.950245388034
4380.343122773171
7038.066564898061
3994.590049749727
80799.6799112359
5837.062571741314
4185.802576448957
5290.340773892285
2733.7618592787903
5656.376971109202
7986.243897810238
5899.493764241984
6413.1265316074705
2493.9953790785094
5879.376202274884
82599.67599429077
5621.241902353085
2823.9693239820326
7436.696085631402
1873.322514388106
5650.251843598188
4018.7834521403397
53496.39634148107
4707.104947047126
6839.84738245385
5525.048366322509
4099.4981064513795
6701.644942519964
6786.246326102898
5001.5518782240015
5868.459785010281
2489.685071376122
3814.3938053103893
2060.1813180472927
3815.006601654547
8201.344603266363
2222.052796992102
6260.662348557017
52896.3972228243
7085.037835221208
5130.491621018028
5014.3907764419855
8056.373547008458
5091.565010777865
3708.8108846096757
2153.274055473215
3803.7243480821226
2500.5301363085823
4662.533723167934
5263.956251971907
3880.4919383744214
5055.420269576492
6136.11213150499
4395.04941090701
6821.239884411998
4530.492377227409
5912.313128234829
6927.106884599706
3374.2890772887054
5676.1366739724235
2229.088494287786
6961.088429005386
54096.395509135145
5844.622808624202
7712.30987999147
4421.988988382297
6357.406560748447
4414.392331052867
5790.028351035791
6123.6735530705455
4424.104415696091
5614.389008361556
61943.828513390494
76602.26256446016
5015.004641645065
2608.9863527723687
6479.565382744553
5862.530818815245
2132.8418242670045
5619.269828309552
5428.322107291015
6248.773328557976
4043.990788036882
5294.683020967846
5303.364147377074
3269.7971878384947
6184.326524095571
6467.105128378917
3821.9900158104815
5897.268320035724
54696.394920469895
5607.618311665189
6132.462196014489
5036.699766188673
7729.0152665927635
4995.049104958516
1892.4900721962022
4384.3306193598555
19160.28241421617
54945.461419532
3824.104992238709
1908.81267977513
4594.138793156699
20970.59436992512
4415.005910476595
6101.645449895768
4847.5197081251545
2157.2268358583356
5753.534083001543
5074.26406393683
6472.91234814026
6186.247508574939
5285.041256544316
7697.265141425611
2732.841255334541
64268.87682649696
4399.490284568134
3331.13515310844
5054.86194704306
1882.3431963237695
7057.866918173936
3225.854069055433
7935.783790324854
2997.136860537622
7190.797944893557
3578.765560206886
6249.884358298593
3418.7840134897106
6413.391198519592
4001.553468143125
2963.1525582952863
2170.387623980315
6856.37524358202
3219.275136381577
6207.617396627326
4062.53488054238
7663.951565484856
54303.09888254274
5963.149007047874
6218.445110648227
2779.76369294261
4811.933454222814
71886.85153400221
73086.84949976018
4047.4892346638603
6073.251374612894
4053.4360495844358
4549.563953060326
2715.340090964667
4011.4644597637894
5748.537148188389
4551.284498611891
75402.26525788526
8036.69517948223
6957.558836669294
6348.635172876455
2121.8973532356017
14189.551370950769
4456.378671837359
3307.1295030151814
4694.684720451075
5949.255935828418
4050.1116583201137
2499.7077286077247
3549.258931993674
3969.6375237282327
7553.992081101833
5060.57273093084
4149.258285114319
3805.4088770972644
5847.487759868051
7072.910960483516
5899.267641281592
6399.546133917264
4047.0371098035785
3855.42162947796
53703.09926717225
4090.343914266878
6262.596122679619
4114.7666427142885
3287.706842422685
6792.44729951288
5078.582913751437
62543.82797003093
4714.880209401112
5028.602958040387
6354.270114287047
96775.786688128
3274.2663107861094
4513.1734601339385
2733.7611527258573
6141.149576195019
3369.638175899778
7386.306353837002
1445.6312168474951
8621.236755812162
6396.947985563594
18097.706147680205
4419.272059667763
6209.919130599858
1460.181998420973
5308.331686056338
5295.557066157015
7606.142001720769
4401.552251423473
6214.388448060376
7201.356221217169
3317.888400326542
23957.208140371953
60743.830101741914
2782.436605599352
7546.139426502102
4577.048187991219
7557.558246264812
3695.3124454819413
6960.238799296321
2818.7844848375175
4764.579953395791
2211.07862548886
7095.553793234173
5652.556108632161
1868.479776505435
4574.287715270301
74802.26641983772
2733.510390847208
5586.2483750888205
2664.222017056234
3210.307376656616
3891.566741494456
5390.946346869154
66668.87232475643
1920.7815800080775
5840.3950335498475
6252.555783132576
1465.6341783908472
24031.7830900974
5591.305187270127
4472.40060173242
3221.3047299184987
6355.61574726649
2776.8793592207467
34060.63217258169
2065.633813314746
3091.108524035246
5286.156421321756
3224.105634201233
5793.390520802568
4426.508757439758
7222.454263318366
1436.823483699212
108564.35545779495
8074.26075389619
26274.89094319052
3272.401802076086
2707.248719634719
22462.09215360111
3864.220107141213
7565.497784146986
6024.819168964691
8312.309031229861
5929.01789151331
3098.3370003804084
4021.3781679866265
7205.449273640094
18224.743324595573
2145.009414046052
4668.461651104964
5883.191870142579
3264.2211202995068
5257.87070230356
3813.204944716049
3423.9689152108467
2949.259419084199
4426.677915864667
6449.692851912523
2010.3080894018651
77202.26134103468
110364.35157405263
5251.768779877597
3795.0497824176896
6401.347090068941
4403.72399821775
1981.618591514489
3799.491467349621
4455.421071311402
4014.1053044770915
5691.564231546231
3996.9839742013105
7019.381059768105
6954.491949578837
4778.763995108341
4417.788966032356
6497.267508377611
2163.8916601910496
4688.544553212853
7088.14309311818
6927.900588245435
4729.7340611113095
5660.572446219535
3169.6145911906187
4596.828910569075
4449.7815363622685
5313.197111549223
4749.257535811487
7149.25436592032
5910.394674430969
15917.201233508096
28071.042057408613
3228.6052657068535
2475.982629635605
5017.28004266904
2013.1474618792456
6243.81818750141
5444.623329529155
2581.618242792756
5018.447524666719
31372.710677096573
2048.9237626955824
69031.22823886693
2547.3844048488195
19760.28181477031
3974.288448422583
3977.0489205864583
5253.117337740829
6029.088787026341
97375.78545531431
2230.7456569013325
55545.46067622312
3999.3098452590857
2088.160258734405
2792.2950235328053
6447.7784547666815
5847.779118185319
6923.778364343138
69631.22746846522
4044.4733865635976
2496.957930545504
8801.344004860246
6351.04120222876
61343.82928096956
4663.956966179837
2946.575869176159
3996.8292903305064
5150.940104827902
5151.283716137073
2774.2899244463392
1930.8634159650003
8636.694445744452
3820.8567061229464
3443.688985828651
1885.0122301883343
3930.8635702500305
6431.269145175746
8165.497119926604
2244.7516503173115
14121.039105368056
1886.7573327376613
8949.252616503936
2488.6443725377308
4639.210393628973
9207.612243946709
7013.390431895396
5686.465820314431
3665.922834892828
4418.449305835071
2307.739977594738
2618.05698769015
7672.910567897918
6343.638022154129
5942.370910513975
2699.1280789585862
6725.047542695255
2598.7147434252124
7326.844104881065
18591.689931728164
3246.925480776855
1936.449617080577
2740.9566006669716
7763.147504482504
5293.261016495861
4412.378153912478
4653.145975370912
2045.6304949352327
7006.534352907469
2611.7131982058504
7112.310939995937
3113.6233872599337
2101.166364659062
7318.710904185868
5580.923088318776
2027.6303061103545
5614.500220288513
1301.1997115827896
6199.486750090171
2480.7785810159503
40084.1140885944
1944.4468310345671
1911.359471545206
6936.7909782495035
4797.134660706779
6786.307605119797
2674.266726041885
21862.09300090124
7322.078445029046
3424.7127484065627
37135.1572892852
1574.7105727725493
4325.049422903199
6354.492949754619
5730.4911002811095
28211.374955171617
1896.9584003411394
7386.24503828592
14101.677365975604
9180.91745694745
35363.9209117949
7006.142595453226
1877.3510191380335
4733.779887099626
2645.6299301563467
3345.0086644370813
4016.7231102260116
4579.761504484565
4704.940213710393
8873.948687577653
5317.954978719376
60143.83079180826
2196.8307552274173
107964.3564487679
2186.097955944762
8240.1298549016
6035.4547399649955
26098.206756522166
4420.392950434715
2662.2250529705834
4162.208104917026
6413.415187155005
2811.078124499474
109764.3529288512
4718.992664846214
4413.579713776397
1275.9832881691962
7068.456587072868
4640.396113462658
7574.613631361198
1707.7401577715343
2610.3077096221878
2701.166137922949
2867.1672371451928
2143.6380656023657
1891.4440442354744
2019.7104308811327
3212.5996069870566
6983.386143732391
2648.923549266081
5069.793806621628
3325.9072730185108
82327.05619174056
6360.239796815122
10850.604589489812
6126.845528568934
2669.8895695809333
14875.726539104286
2062.2253220045104
2019.1413521959735
7522.092552334484
8174.6129430951605
5370.4821092708735
1286.7255657458704
5290.498527344998
2672.402679070185
1288.1853128468033
4155.752652806916
2772.284896247823
7129.016116960538
4059.213329675623
6437.061771625362
5483.19994307243
4693.645877301134
4585.896554371398
2558.114715343306
5412.9554291137
6740.249011666498
1524.626596145909
6256.376107170663
6028.31600738229
4804.21580333669
7635.258609419931
3857.2843730738073
5003.723709923199
4053.2165033754777
1530.8214502816231
7883.121518075977
8580.917988974245
17991.690625554384
17425.412694237984
6015.369597683032
3585.8029038007676
61497.032508225544
54345.46236971191
3264.989591971647
4375.992002887656
7605.86091329827
2789.795619779339
5018.0547241954855
5647.479076951181
1939.6734378630767
2222.1391631218876
3826.0449160731346
6221.240972251657
3198.7145230485676
4422.773375600955
4069.966492057124
1941.7816452736772
4743.039307473494
4568.591767541116
3825.108831193571
3098.111384771251
2740.097637507628
1294.9241669814355
4107.10536952047
4056.252373884921
5831.269574911742
45577.72054426755
5071.403304902515
6213.422223770206
4414.502481995665
2495.9284588355827
9266.550554631493
3269.8892841098796
3085.974653157455
3093.6185339498784
6253.406164881822
2032.7259062592545
2471.8055306912397
3675.982226248584
8483.120830677959
3330.863759945819
5658.015331142856
3703.609670744677
7083.399539120582
3713.6230303260527
5240.131834963542
2594.8559177786815
16825.413349430448
5885.698716842553
4576.877613253431
5746.490547196926
8783.384098009019
9497.262920566662
8674.260339442502
8805.859735323635
26698.206245451413
2785.9092241528756
1155.8216877884981
7001.346222375903
1899.708169666066
1372.521067146546
4712.314775677068
3120.545760290914
2597.4618177120365
2753.2735244852925
83799.67393067792
2680.4935036775382
2074.977626123686
1285.0128418398358
3872.4009347321257
7771.448190726935
5022.772643607577
2131.301244076594
4409.923076488588
98942.21871045363
3826.5559575025445
54130.56876355513
3691.754591905216
8205.860242114597
1507.2500783434753
1263.7108361820485
7293.8898122339415
13713.972265317418
6934.469967302316
19348.08741471514
5010.878127643752
4281.731042316695
14825.848299928479
53745.463414274374
6246.860252254177
9288.952231193907
6018.464620770447
4685.04280124786
6415.1116433899415
3308.2506295392013
27471.04291816948
8239.208354037044
7185.774141582357
5018.409283972153
3792.4507292093845
3842.1866466001147
4725.705670820587
8897.263405226922
8084.424412953756
4980.923561020308
68661.35240639729
5020.430799690744
4736.804624903671
2731.1354124497493
2529.4817268747443
7542.755375934565
5809.314636668929
1875.9828798365959
7445.187299420315
3129.4814359675665
5405.6443045907245
5092.771297086534
3310.7092145039505
3681.31311966733
3807.4179289347394
13585.042549514714
3257.9721448812493
9035.448552413847
4436.342281106529
7873.2495861717225
3611.934904786731
2770.3871559378517
77802.26038948944
6276.136338378816
8809.310604640074
5624.829457845971
6431.886569406563
8702.971084939241
26757.969636742364
3453.3132170224944
3222.011373924903
5595.076989269598
5515.142163043665
5806.143687290305
26628.32961669254
7204.67002081821
5648.774071859875
3208.9860263395512
1973.0572881302887
1338.9625675056034
6146.140867791847
4991.305436759178
5017.343854595842
2710.7098410723133
33317.265866624846
3426.4799423774484
5035.330024828372
6374.615041752054
26331.625637595294
5765.084839514531
3859.91028813201
18763.374294863443
7639.208644178051
6025.819090232617
6237.68829504208
3379.7628541982876
4093.6463153458285
2498.337500501081
3426.7333748579404
2513.6238314094603
6346.984653212852
3272.005415763332
1526.8889980115073
5012.2927419442085
7392.446013734949
1913.6242194507531
7561.087831244486
3091.7547163649056
2115.9807885294604
6390.027957590844
6989.1756105536415
4407.6194721992315
22943.46285493881
8293.639789864643
6425.7584132154025
6419.831228964795
6891.563355163256
4766.512076771388
3093.9948506433298
9596.613242209816
2489.064400874206
7679.563579459254
8526.842657334286
4349.00565186721
2515.9034439373977
6430.555493657738
5749.991702261495
2632.725635701211
4898.461040722561
13279.048532034221
9451.763135363832
1976.4831865974293
30772.711286321537
2349.2597024891047
2098.0283885069553
6813.422030765669
5272.297209195292
3294.5139691486575
8691.251808885856
25674.891578060553
7317.907074182253
4745.118094462139
5059.90960866531
3226.556368469363
63668.87788700518
3456.2529904646135
22343.463223587412
15637.846049416088
5635.32978586709
9126.84212460921
5663.695185851334
3201.4807137565476
9839.843119989302
5680.113965687482
7236.708816537374
5695.395873547868
2080.4940008200424
2898.791199349538
2491.443542562425
30917.26800013396
3096.9574407466475
4347.52657117897
4775.317199630797
2725.90753155225
70686.85338328265
6895.711133940258
1398.7153139805907
7860.56529914254
5885.0398213928
89553.67594444285
4344.642357499785
16260.167353938292
53103.0997488133
3236.821159712103
3828.60468959259
2467.680473737454
4304.704064877078
52296.39795269545
6033.158186939103
2074.26694429752
6345.893951629473
97742.22051965934
3892.922756806841
27298.205786964416
6259.387025543854
5174.287532113258
2769.6387498751983
4418.055296469333
9018.741944471421
1725.826863983937
71286.85257053391
5148.212164766502
2166.6875472424326
23010.931986863478
5817.263791095112
1279.7767694697839
2697.012999400658
5755.616292516699
9786.241998863443
4318.712863717748
1428.4333578517935
1347.3857701949082
6115.141689936674
6140.169761865482
2707.1302793600735
6313.171436703823
2221.3409519304873
6287.310583115699
13882.839789356838
2771.4745422057754
33581.9535688473
2091.5364110325427
9186.242425415307
2508.8121346341986
4088.1492117923467
6732.461463014414
5811.153758223361
4631.270584101494
6744.200288833085
2486.724449636901
6351.5038548623725
5800.23060831221
40684.11370663827
10436.343517957097
4425.853682351575
5000.041121836665
6419.381668187738
8329.014575260539
96175.78808028117
2481.2634138570274
6032.1465329777075
39484.11457018732
6291.563687267013
1998.715081038074
5007.417067685616
2779.9307673118624
2623.5141043092317
10422.021542959188
7309.811266668185
6131.339310997837
1316.1954798118252
2223.9702096531296
2068.0585217244607
2363.152903781919
7013.126023276305
5386.2821139805565
3108.8116027430933
10250.604975109487
5015.5731014098865
20422.57605043779
2610.517729950464
6996.95133567946
7659.686350083695
5272.9152893502005
54903.09870214397
1939.1166267983835
5568.810371572337
7609.312015299425
3187.2821091156547
3218.4651107085147
68061.35291462993
4300.324621865925
4420.8109489639655
80527.05839422229
21504.723138032492
963.8929795718982
8586.304544834484
5673.938524795967
6935.9540818138175
33460.63291317568
6375.254452967989
8640.893946715016
66631.23245086159
8021.2376236691025
8765.496564432144
3968.592498910427
2502.8496407652697
23918.71230184433
63143.82776630182
33917.26561403887
30317.268493410327
4632.473808698073
63297.02937910174
7260.565893632603
2113.6697416325974
20332.804189541723
7536.46546785417
1262.6043324934885
1291.3780634553375
7200.317577879323
2122.9312161534267
4988.825458168745
3764.1328074228345
3826.0142403676377
44986.815873282496
8653.152539021065
6871.459758155134
27072.17555477316
99175.78349790566
5485.643860811731
7181.432282903307
6274.262461245909
4667.109488008688
2343.6389520464313
10342.449289765971
55930.56684895965
2902.267257088339
1743.6390496588742
4289.6837001479735
4454.862568251833
1522.9316324381725
11812.690451908398
2117.8893909924373
9255.375804729587
3382.435774080786
3380.8397797658113
5830.555828428666
2491.10898849921
8304.093201582973
4640.132318689927
3392.6322307161645
3116.1944575241814
88953.67646144865
1879.7759717113097
3265.6332500845297
6108.306734983019
5293.6452142702165
7273.250194247903
3089.330064685294
3696.905248866962
3213.157028006689
1419.7107166364233
8629.437787801626
2176.919988778654
42628.69168975993
6620.786670474604
37913.00140000744
2763.694898219736
4986.248929225275
5679.620087976862
3736.1736295475366
9060.564206497484
5022.289308769795
46261.172830519215
6133.31225410143
29651.216932309908
5630.115406363356
1419.2045341231506
45028.68921973378
4891.878376522653
3247.1810114418668
6011.531969648835
32381.954756515777
4057.8730829494793
6444.471569725519
1299.7088114459427
5690.682725984169
5024.103183736788
1643.7286451241075
4548.212735405421
8460.564723903399
1293.986567369072
3378.571465382533
7543.322102175061
1282.1289921286589
2024.8701069566591
1768.2184324386308
9504.092039846872
6345.655820833509
29565.28006327593
7483.448206490901
2494.9471257728014
9083.120259363313
4163.151263646934
4104.94071359765
4915.142716891265
96542.22194375
6512.312084223226
17586.45587722793
3949.5721429012383
4586.391883980252
45083.3021935817
19847.283010169358
8349.25302318939
1347.8140566092459
5662.5970814269895
5636.143179012217
5748.635779575996
5906.581729668522
7808.228047121821
7613.390258482103
1343.4158461024924
1303.9297377895673
84399.67330558963
2174.7099451369963
1430.1855811955318
7474.261265789343
7534.469718911019
28965.28056625338
10055.391621499022
82927.05572548798
5373.416179428587
70461.35086842845
1289.0655444381805
4406.620333309446
4415.573498877958
2551.929277844869
1468.0588822271252
8975.252900374791
9742.449654399104
2143.1961180604944
6144.20071487126
112164.34825488618
3977.211693880252
5036.342086908681
5125.631636461675
3832.1815552046
5312.314013881697
2006.9520930336505
3067.680008964899
6284.946974201028
3183.612568603179
3679.2666037609333
1828.55615558934
9409.310211195942
30198.677854544472
6033.805553405374
29512.578831980714
1961.346774756268
4391.305840916507
2491.3768984166886
2647.201409617409
3869.795916082308
4296.159408332272
3143.5864668097415
67847.87696072829
4703.537137701269
4424.325834115534
4416.5715747506465
5719.904379970635
7782.132579753116
9393.178552624546
4569.636878568591
5713.171878727827
4464.156893794309
2327.2540314049047
10405.339076864127
51268.45979612882
6939.285240855949
5997.13361308419
3854.8223081672745
7248.736060263987
6417.70944368274
5743.028897064178
4197.135432540258
1872.5857580735544
3443.9915186986505
1492.9248239877793
29598.678778815876
35963.92031210343
8349.262770902778
4810.094121461423
6398.5032901870745
2689.7703881149414
6127.905538916361
1932.0581802423108
16517.200738035488
5382.058143071505
7037.061574587679
4026.733044796887
10097.26257005367
7925.046766294377
8916.653747963603
3971.5025350906094
10076.820391587846
1952.8346888995
7565.750399357973
7731.771983222114
4419.071063063694
8036.659887174279
5526.846066869993
4721.133705266433
6256.504163475782
54868.45520699264
7283.122232905035
4407.417636128177
1778.7668254462972
4815.728750369375
34114.731783332776
1543.1968923312522
6131.156434665363
40511.89211563384
9726.390012950133
8251.764108191504
4170.567624609436
110964.35028531207
5288.739606817111
6736.35804904782
1281.131120431713
5071.654391958371
2768.593977310725
2069.8898540568803
1537.680059499527
6746.139992983193
2187.575388633138
8942.760954937059
2692.0994035134104
1894.923591568505
5905.180841362209
5205.863374700144
1427.6309801199516
1873.7220044108678
6660.566422039348
6400.229919963486
3864.0567687230787
1755.8215356632688
6274.301495372713
1866.6686044101339
110233.06591372611
25231.781986202976
4298.110207153479
5970.481849958095
3087.584291361274
4698.164198666008
1593.7682097284187
8986.07225374674
1352.834995016885
4446.925236899052
3257.0376567414496
67831.2302685568
1297.0709177309084
6025.963288706239
2069.827679481691
4421.243324385924
5112.6158380800225
10457.982766366735
8344.018594728943
5878.756294392163
6134.861738968324
7832.601147420044
1317.5731688650217
46283.30060733057
5123.499494811274
10743.215605650585
8363.147128009174
2243.728376286789
3247.425096537941
1286.7581221156138
3836.5254071634804
5598.78047039788
3089.5167675371886
34714.73150433003
1481.1737567694308
7651.764935499163
4053.3126254518183
10213.624218753292
3874.2657334621013
6931.186638328083
13763.107017321734
112764.34764848428
52503.10018664906
9344.07774798576
1474.9778353880974
15845.472107476951
4423.512344166563
7320.298309641186
6787.275551576738
7598.501967325039
9444.60942774051
7531.186387362115
7017.249499821013
4343.247012320515
5745.383462746035
5617.279533760306
8663.302315258501
4402.443238684982
1943.415533083976
5015.7167341257555
3940.127294967396
5006.203962474651
5138.929215941581
5129.962637670841
3800.0418443466533
2626.0157850943624
7640.130216466026
1691.0156693879865
3689.5539218000404
5396.739894373762
3328.9347028150114
1415.7797094302193
4308.810812226809
3818.409775729459
3309.4326008082476
2550.636744019515
5032.469802858417
4877.736097868102
17097.737746496543
2821.340827345945
11103.404642432735
1803.262305335994
9729.611180163824
6181.191772359347
6727.905392189989
8796.945684427
1517.8898445862148
8587.272584087901
5201.5493020299355
5020.810719462011
39510.5714068726
1806.5310498358192
3813.6106802482664
6428.829726387284
64497.027618213026
7679.6101043777
9807.611807564743
19325.109173859037
25498.207232981542
5729.9623328084435
6962.691285647263
9259.560085588693
3095.312728011109
5235.745981382516
3344.3433388982903
5624.103015414968
3702.0415637762726
4720.551483813484
8917.539108955129
4476.585458912031
2769.218260535426
5738.834912644957
9483.186619592852
2127.024452441171
25731.62658206491
4342.004061094916
49383.54490067146
2028.9709951419356
3979.762235303218
9221.236139945666
7196.73939109134
39106.1989085189
5796.948530268916
7526.747494581832
9401.343637508155
6685.64218265043
7193.210271097453
6917.1398277613125
1910.7316301181786
4780.094018950831
6258.583839870707
5012.377910364151
7640.393631659774
4599.763186454083
3489.8174052322165
1397.041509494379
5889.811252952568
7031.6617513545225
6421.937670996752
15781.795151017508
1890.7584476391069
7415.6104912073115
4420.856553165948
5725.187926344789
1915.9038396150163
8954.027492462308
7299.8667924317715
5619.56670782227
40110.570798120476
2497.025022471898
3095.876457031483
6338.928699079414
2495.877174345176
5904.939562521551
6129.293696202911
6493.643156466851
3291.5673955872426
5735.54244276198
2609.5999114210276
2473.214389367556
2553.9175046938917
8002.98420122397
8639.844143492455
3372.284370350109
6957.4055619884
7619.380916338017
4295.875254585805
2687.7074209459724
2186.2747255266186
3394.598592156167
1086.637435636424
10757.72861613626
4585.198166432697
7716.2432971083
7699.839760138205
4400.041638725285
6127.2521453901445
5033.92372436188
3172.7841841111704
2168.2546321052614
2219.746762397335
5609.919714690019
31631.488633141667
31972.71029628556
1874.3693947506365
2509.614619691152
5996.7396560455645
2726.2194524491692
1277.415238771581
6022.150655383194
18373.027027003325
3982.435162191195
10076.129725418952
3818.055744799568
4686.157199914513
10404.4461713222
8806.140947873364
1448.923980419124
1293.934990919773
27228.329366926093
5685.542052098242
88353.67732981875
1981.986916555126
13709.962412993063
1889.0650286363432
3802.443463147744
2451.940131960362
11114.948196235702
2569.6149227545343
3837.1147691609704
3816.568425758019
29411.373731377087
37735.157032915864
9990.180739788202
9083.197081777562
1534.7422765475487
12270.0677777975
5703.511867872949
4365.672646955293
6507.984274663264
69861.35125891118
2760.0124078782815
943.6396688209228
3762.3805307691455
40828.69364321872
66031.23340696511
3211.667732206584
4466.798592856914
3679.647450914499
4002.7697580335
6021.669012633694
1888.645049086709
4651.7694124231375
5292.119231012618
65097.027319657915
18688.36161970731
7250.8823477321
4995.077325857652
2259.2880689694484
39091.26777989977
6126.243313314205
6365.499077497684
2494.923139054581
3217.3446840871807
2165.3429380274038
3304.445669926098
40675.05575146695
2146.1065248867267
2053.8569471276023
38884.11500204092
6786.053889886685
6807.616234853698
1686.637252958924
10683.186107786021
3700.325271897657
8515.14025689919
4980.908900688303
3729.48124465067
5926.0817086916795
13747.890209645557
6953.992663282269
5743.638473824175
1282.3436434110495
5628.928087848607
7301.988696258473
7325.047138548509
4752.778897659755
2370.3654314507608
37313.00182655857
3836.82088619275
1293.6655262067418
3219.071694334704
5303.6254299455195
4460.573500752812
9374.611997749855
5890.498042876524
3207.6199925557567
5615.004391567711
1107.7403378571319
1501.1665428693213
3065.923071295784
7466.45341971621
3091.8374818433995
794.8492153029609
37291.269563349146
8353.670389503637
8025.546876892105
72486.85045125394
4943.24669299796
5525.271101017127
1168.2185856498397
7519.234572919148
3807.619791642743
5138.83515169348
6920.457697465723
16160.758398354355
6736.1118394130945
5019.270526234775
5634.690395421478
4634.120889455448
1562.4517802534874
32916.69792181809
1931.102726481924
2685.937199449131
1939.1460990133096
4417.34406639074
1870.882047790725
2358.2459713495455
2355.821486441004
5064.219542916395
8382.057181052907
3257.7095156890687
17568.645549701727
9588.597306677675
76002.26392264213
21743.46360895126
7520.4574775579595
3396.829825471473
5198.0558741383
12071.99897120438
6296.5567177637495
10149.252260032787
3693.617991948555
4572.283222482755
9595.259195712923
8316.243048378366
4464.219605755916
6283.062912891309
22730.109115306303
12641.475911372087
37891.268884330784
76772.4212255912
3106.972928356166
2070.353173329017
2044.6124945696242
1951.9300788071628
7547.353338530646
5027.8802232322505
10697.262367631469
4979.132407361198
4875.602759962693
7322.514781126436
9405.859453213154
5973.415929656105
12610.402902790061
4635.746208691958
4500.608867832247
3822.563380333393
927.0255200479247
11754.399445850391
7182.057716883793
9256.37243512093
3260.171607595701
6795.076793548549
109164.35425554692
81727.05686249095
63068.87866245429
5020.39261994734
1916.1724473879963
6345.383213032292
5155.6166157720745
7031.2687766693225
9507.94445676052
1041.8318580371663
5016.821991095397
3256.379808875369
6736.589445974648
81127.05763864965
13282.840291375385
3483.940140511971
5363.1496595495055
1094.9455935003868
5024.325581385715
10283.119679080964
3743.586315061737
3350.1752326929372
3696.1597876364235
13319.359798407952
9683.11989304511
2055.269545275675
6974.614350125494
1549.5786724256752
12193.528791314557
4316.1939529765095
3171.9791340189313
2465.119387590259
12651.53896100507
1270.4076284299406
6654.172305157709
3174.0753917356424
3268.0579662814494
3857.0375679068993
3848.461871072226
3947.882463861389
1835.4916476406613
7283.198279440472
1947.8136140666552
6717.848551915215
3995.1919798438657
1969.6152979596277
10226.714703767186
8907.94468398634
77972.42072147132
3132.0380821698577
8053.572224252412
4574.940178874441
2691.567883108276
4352.017877103817
1563.8923779919817
2067.16600872795
1985.8299451599953
6136.3588234507915
10419.801907945439
81999.67728097073
1421.9321815510532
50668.46021366855
1351.7349078808736
5621.987120371528
5202.68632640498
6843.817951343974
19925.108940758688
6405.862284951504
8332.824449646816
9787.271747230088
4421.3043189930095
3209.59964538022
4474.397343011188
4380.923763855057
2194.5350197337953
9344.155484046463
46861.17231301124
52545.46530892022
1003.859369378053
6279.619810476858
41253.45950136629
3836.7615030665033
6942.972203781563
4821.036872820228
9786.303671500847
1523.9705492325493
4002.3467355050843
7901.988560855338
2475.4435159560885
3836.6896562437114
7228.842045883665
8280.628789109205
1978.9095350446025
10009.309983037983
2186.6629757854
9828.955366940367
10826.727762630748
1962.778262244786
4977.41877411655
7769.022624187825
7090.337426297152
5287.001169854702
37034.19535945145
1291.4446860778762
10038.939893817676
41284.11354514285
55296.39470798555
2342.985921624326
7756.246248812007
5545.6081477644375
5978.027626025453
1275.787684415602
2183.640380284372
15195.514277075388
4112.3153756855345
1505.5611705291424
7650.264623924203
1533.5115960183205
2636.70188939203
1626.7344173634704
3402.4213964123505
2778.496047606348
5602.607550085089
49409.83701066186
4496.705186300467
4504.443383892589
4341.889964083071
5297.493081612103
2668.0582515837923
5861.730798715471
5145.656335985891
7513.5295898515005
19191.689773676364
5052.556445699282
6453.434494879047
10406.189125189023
2016.1661404977208
3698.217637021579
71061.35070849281
5649.780804649777
107833.06732212797
6556.172785267689
5025.491174481341
5378.763281069468
38491.268239731195
14678.628726266876
2148.9265324754506
2321.9241374219523
3222.5635115175287
922.93204808464
14750.235104233981
18725.109382119488
10045.078271019209
7664.350268090063
4332.989722152155
100142.21731558157
6420.909247561039
1912.1404937608113
5945.455861993983
707.1927118512001
1917.5725689499827
3089.6845182682064
1595.683979033874
4740.147521284958
8963.010369684898
4211.934140898518
2501.964845310994
9449.840840474368
9493.638701005782
17999.63557216812
2008.7143913168982
5230.288249247058
5626.810864423822
14114.56018256901
5693.153370419606
11172.408159985232
5016.567090202728
3837.7911789692535
6426.464839750426
1520.9873974683633
664.3731043516967
2067.877314609293
1901.362126479134
19210.935963888365
5674.263195243076
3775.9921343614005
3550.5854226574793
2592.442164993391
921.8985953341462
5641.983639241281
3081.313323379956
1988.5493539502986
1634.6424532649114
52330.57163642172
3093.3252707098227
7104.095425896062
2062.0418696745974
7749.253625627119
2520.5461056637005
2919.950268714612
39691.26762174126
6311.634224299369
8995.966278856102
7525.956003827769
3236.342679462147
16368.646242749901
5206.14413143673
10676.811754388547
5151.060092630963
1867.6813050478459
5353.649937600227
2504.7058420865033
1531.3023904309914
10044.490329859429
12234.414002416876
3928.93465083377
7926.843358839033
7778.762283334051
1351.9304083671707
20111.391956208485
7613.125926228349
6753.91158050692
10422.236483446544
1868.81658242617
5829.02033619356
18768.645001904108
21047.28210332575
20370.59516804227
6545.6490513341305
8931.771704094326
11454.093486619577
3274.05661557549
15153.690265580695
6415.571241743533
2185.154145379046
3051.939512885624
2532.0385266570283
3396.467789687797
9990.219688659497
5017.788798890077
13694.197669138903
7439.846123658583
14721.038574424148
13260.248723350502
68447.87680410239
8042.5438422622055
8996.73858353234
6348.536928661746
6957.677897122654
13034.279796825562
1553.27469999001
3091.5520090182144
3208.124022183655
11487.320761969531
13994.785306392414
9597.576348788742
6440.130935819894
5056.377851877509
10083.186292151438
12856.015033084479
4298.336317054052
2397.137283014867
3447.0378475433326
6137.2413868034055
5556.933771241394
2368.2183874284815
9920.476587046343
4302.521495452072
4773.424019029582
5073.380294277319
3237.0692879615494
7836.708480320631
5005.730003637472
3583.510322588598
6487.929496148343
7527.900335365343
3234.844569780032
11471.99932190519
12724.241278324886
6424.88042758538
6409.313849077921
51945.4659477858
7039.20895965561
6411.740384834598
6542.370821188662
4950.503976058417
9257.654290405764
4406.204507865628
5037.791078564241
3989.631616608548
3836.7011568951953
27672.17524482817
77372.42096047201
6293.153312619328
1947.3852146106337
15261.99513255821
87753.67845585565
13278.734696171274
1932.0389270956225
1306.7171399029737
14702.767798477722
754.1171827638473
3711.2989960431732
2647.5032895457675
6253.572644015429
1945.2590642660434
26028.329932496374
3221.2441059977687
4312.74375794991
7407.614961727031
8840.1296848314
13164.44423724472
9725.025875297093
4398.82527815648
1316.9421504508762
4184.714043153628
3267.3490712239573
1732.631043283389
6125.215848514952
4900.324560129906
16968.645908347626
5518.71189325739
4946.070178188027
5009.967259596707
2665.6335505315924
2169.6391174060345
13756.953055769256
14230.429483030428
9053.741775413278
6381.368129171743
4901.989299997202
8704.024917629356
3232.725565409105
1273.3230133891632
3660.259175344351
89906.21560948141
6394.386510450435
30112.578306533233
12350.382705361479
13101.971546157976
9026.715190814595
14183.569177423553
59465.083447603785
3421.3787278224036
4422.562859505552
1381.618825060786
1749.2598592185059
5742.250461565003
2286.6370477331984
7093.641875741166
53712.93716401109
5314.831146895531
1058.1936721098416
15212.051767649253
7218.88160869564
9415.772693940678
6364.730511059367
12758.543674217855
13220.351842005199
2487.5846284475033
6168.810311419411
3332.840960305766
1265.9727239491563
17567.02579355159
3943.637151379758
3246.534990255659
10792.989798215693
4072.8406693655324
1319.1535102486005
6286.465655592115
4165.587664087459
1656.8463934300023
3940.910727563114
14544.580024553597
4480.491773901828
20530.750615139033
3351.3118741069015
3428.2018802099274
5130.608739832762
4447.924962115132
1343.5874856306448
7539.520946750014
13381.796082457726
6273.257172242487
3681.1305642412754
11702.766352982246
3161.34649325236
45586.8157034938
3056.4467681048504
1067.1678397372007
4411.667288290988
4742.261146811728
54268.455949056544
5385.876135606595
60665.08274716688
14236.348742233338
11925.222536100637
3479.1592809322965
9396.94543547011
66647.87734064709
5177.0480219906785
3825.854024667393
5696.707807236917
6244.118184139469
44386.81621403042
5298.162857301802
1997.1610230565698
7596.9467699630095
15134.277717013198
25147.637932259146
3220.811591560614
7782.057414337453
64868.87560117962
5174.939924031757
23062.091960914506
4751.197391924986
13981.795862124076
60065.08311374678
1957.3916722229044
3435.3390225649687
9626.71490633333
8039.492406272332
67247.87715714994
12671.998817957125
4083.40574287482
1637.4903389903347
6993.576840217121
869.8906363824028
14436.344250558648
2087.707552309646
1893.2516605348885
14202.455186934816
6262.739496444799
98575.78380185302
23543.462594006654
18501.538310346263
1308.969517457151
7310.534846963672
3712.6412886441026
39706.19864108663
13524.218770427773
1891.2451151808807
7507.248630641433
4418.409681057981
3719.3434344608413
24631.78232026299
5990.946231148205
5827.854549588353
5748.211893893004
12008.75823667647
5639.844678736762
4311.298709117675
6145.752058997639
712.0572605629259
8659.098078106625
29717.268851799345
11665.790894058211
40075.055883519446
4896.159323642925
6473.719895616935
2490.1228611205606
4434.8441921658605
4085.0443405804217
4604.0964194613725
14146.739465264285
10093.638430481258
3993.3726528678303
14306.660675026727
9365.496213801953
716.3778030139663
8378.027135675518
7996.003423526889
6549.25516575622
1540.9127299070894
2073.2495767781047
3781.362480592801
61265.082450063295
44428.68956567894
8102.767715761279
6275.56846714472
1531.9309939233015
14628.185490377085
13248.784334061691
9646.902229895606
3947.246726527119
8552.437020217334
3450.112401331642
4689.183664897121
6341.287690451419
2656.3801415337884
32145.825324761918
3063.149792499368
3813.7594148074622
14258.092451333727
3478.022469282444
93775.79325523684
38837.937728606834
4275.98211035765
12596.37945737407
21551.583225600567
10520.476506061343
8294.79438387247
1143.6392131838809
6913.529813615109
1264.3968288257201
5314.765777229211
10049.830853105921
8307.944914470949
15593.3977406017
6916.760855547778
3698.110869451564
1921.34121484791
5730.60862373311
5712.615530352281
1513.0412277183927
12784.2421931349
3702.5221324703234
5481.638620994341
6247.478864499973
5873.720016745942
3200.042108096484
1591.3164885169026
4531.300193130297
2340.5777073485274
3820.3936996144243
4994.884561908393
7219.469070819844
15768.64649761667
5501.989198801437
1452.2056780177786
6236.69800952363
4297.758180577185
830.1856530778492
3516.050307979578
112033.06522381975
4449.423758411155
5201.946529597938
4630.556734272496
20582.623150326966
10759.093722111635
5813.512613104692
41275.0556158498
7241.092935204227
3227.8811761746347
2783.640005736461
1432.7261327587596
6186.308789451001
7539.2849957423905
40306.198449846284
9689.092523890216
98342.2196103171
4339.339392160651
5589.1740068134595
5605.403897196516
10405.975116803715
1267.6815687989147
1893.6650216937228
1043.728824897444
6465.006174055612
76172.42145996631
9013.624525998914
7190.0968200269745
787.3320331329967
6996.9473888115745
5541.869655865956
13755.692726774805
3594.8732391021035
3997.001279199741
13872.870703379544
1905.3671812799332
4450.253045837222
1977.6088834735865
3348.7421671512607
3819.5688017157568
7331.730442533714
6294.362741020709
3601.93100820925
4023.9683581684676
3096.160125218071
35314.73129231263
4281.130468922954
8138.928279611331
7173.415831212117
38237.93785661063
11630.812602857435
8102.350982991081
5050.1364954730325
9611.198704435572
14774.061519706553
8840.392958426753
8525.046592652407
3833.530718769818
2781.478321105163
8925.006496959435
6690.536585839102
23414.987328436047
712.1406406892879
7204.287530438703
2059.022953490878
5818.589127588904
4835.146155410708
1948.834227832295
1558.9041433653629
5196.948986797913
1553.8028991153171
9965.496012032283
3075.9823757145223
108433.06703862762
8965.776850853646
807.9535507722131
6742.483293380893
12634.201080405073
9338.928004516674
2561.3465901571417
2991.4774965094134
3393.9008456278257
4337.837206815219
1273.2146152560083
1283.6479175188094
8035.115475399421
1558.761616690409
17594.02676560052
672.1278052704448
796.1215203847675
3225.4367706924495
7587.504197750406
84999.67302157106
21143.46392328662
5733.086335578973
3391.372014042937
4003.40843387808
2767.2079233506415
8317.539337676173
9900.94724006672
6273.610021055263
12035.234783887932
3108.8812552648997
55468.45460857786
8213.081491553743
30909.608512341103
6886.565177603243
14383.21189766147
2651.5027525378828
817.1277101256352
3812.293175900438
5633.672196108131
48061.17171948748
4300.555619259447
5336.8043097425725
5863.955183175423
918.3293368386849
6392.176796374179
47179.43774435034
6399.819903137764
8219.38084402436
2730.494432617587
4413.759347523257
1428.9710473142204
9732.768894885214
14286.378916218006
14309.032407724924
43777.7230888216
10550.089180302291
5068.053516877406
7380.919839048958
6083.123431597052
10644.49003152832
46883.30005953959
14583.752120985899
12802.56424638379
13891.391348241526
5602.442634899696
3075.787252132335
12854.002048951354
6886.283656527529
937.9440461869351
9170.050152696458
2740.9114486640356
5019.0708430875075
5625.490971420361
5039.849340102651
12831.813839673217
43177.72373417129
9073.684368992886
2329.0215460255504
8668.609824147732
738.9626806065752
36691.27011876499
8501.988506146949
29061.50140491449
14172.688348104672
5198.953540368896
1905.7489047243923
6408.578857712261
4479.970447172231
9374.158248106942
85353.68288200673
22410.93264637966
5982.057902393986
4913.798814143888
10116.24252550281
1897.0256243060744
4474.264956536783
5601.725904491237
45628.68915457076
2098.606566023261
5846.851119410087
9874.259983799044
9512.308047720911
3289.7699641426575
12635.234637093068
2162.451130646621
33945.82423752949
8649.95229530937
4299.184186032377
10044.609149979146
6690.099269483684
8830.55445853565
12052.271875981807
14065.280218232274
5664.947031030832
1312.1405196248888
5667.486175187261
2785.7448881712658
845.631682083752
78402.25982121122
5411.932955303105
1424.870149490162
1618.957148812101
54312.9369751124
1305.367413206528
15089.313071906807
3201.3921781947392
10742.041782063667
2068.1357307457283
3456.8454394567757
4386.2492392808645
41875.05552475663
1453.8569869949038
5584.327215301852
1916.942134853252
1498.0284370568093
5754.073688206134
9239.843552851613
6780.510992615365
4793.971807225717
2137.94230319957
61865.082298414956
60560.307480113726
783.5919148143049
10073.947971579595
3871.403672807814
943.1974189630032
29661.501325416855
6702.594723464726
5728.688337023251
11102.33596885072
5416.177584139317
41758.05698114049
3890.1842574923267
12898.331506209486
1459.4941519667445
5026.554867802532
14627.544177747302
6118.711535534385
4711.823861843327
6942.7559950699815
8413.624654064482
5244.473214956695
4901.337924472234
4437.866900182761
3529.020850223308
1297.0259103180863
7771.829450775244
16967.498996105653
1280.7796673161065
10260.563593368897
