6374.612832568021
5205.017087346283
6942.723921218424
5805.016955527936
6366.998509536473
5797.309889783771
54984.551123455945
4617.536025326367
3397.3105058109795
6955.086082683491
5217.535852449161
6392.698867372618
5811.594846075514
76867.55089733818
54384.55157825651
5211.594975438109
6649.424957495796
2623.7541035291856
89775.09626885537
6349.833886318518
2366.769845689598
55584.55064231361
6359.225904144102
6995.51217427272
4596.6886326884205
5781.770345328749
6379.736880297854
5197.310024295631
3178.3122365697986
4611.595150542192
2376.8510502391264
6925.5471954110435
6343.987801073804
2882.5146974052545
4017.5361786067015
69814.86354149895
6338.847417771909
66963.80962718066
5179.737041603193
67563.80922744113
90375.0959715984
6405.0168685562485
6954.126781398718
6869.116717668775
5192.699079456586
56184.55021668915
6329.992113136204
6350.872033740911
6376.71519395719
3417.536310672056
7042.75213968685
66363.8100706621
68163.80891920516
8450.26770805324
39361.60640066716
7034.885243768631
8759.535983215914
2613.9652715528314
3182.516303684047
4609.411239352191
6335.226364388332
38268.84676954126
5195.512537376038
5192.103438300326
48736.384240103675
6305.054322107255
8586.946273868092
7036.841788017074
44091.686366926384
64711.704382297656
2657.537641190159
98294.35216345245
6389.140441116051
5176.715363891507
8752.022590341105
46514.71861860693
3413.821432137987
8774.749503960917
6346.9812018003995
70414.86318851078
7277.527061264298
87975.09754562628
5817.535725296125
6326.945305925962
71014.86287334209
6639.8221686992665
2619.2583553223963
7045.11092572314
6333.160314090631
6397.309796565547
4357.370303174309
83586.13161149158
38761.60681623842
3174.0551909015235
49336.38399323909
6910.440167538087
7850.26786384835
4589.140758846758
43491.68670263628
6635.430620339972
5128.154712845964
2619.265958487238
47626.808623488265
97694.3525748466
76267.55131091575
5809.41096625258
7329.542011480554
6720.14196400523
6417.535646997504
6346.393100682346
6938.84733804697
5143.987992712492
2657.2241054286865
6628.615150479089
6975.795860982741
89175.09666092403
6946.393005885142
65311.703926667375
7048.078658241244
7437.882032138246
6396.68825967157
47714.717652917105
100890.89452660621
101490.89432584141
62226.18188340524
5557.3701566287655
62636.70868913323
2655.157207703985
2371.8201697484587
69214.8638480609
2624.144656990172
5392.606794558838
5795.512404361257
33076.21501292548
6920.581231665503
4605.017263980799
5787.339850129397
6642.696880114579
3411.5954431870746
48826.8076795875
3898.8168632848465
39961.60600800544
45860.82719770791
6851.935303049397
9283.3375044538
8266.781056438165
88575.09710348336
98894.35180161831
6409.410902396686
2643.272050412626
82386.13223411214
6888.714951467344
3863.73180213151
42891.687117690475
55263.31126516144
7840.358689950803
27842.17788726837
61626.182134213384
5749.834008819663
8372.29049772697
4867.218389549475
7841.852931515174
5766.332801393161
2886.5505051301675
5396.762243705411
5240.66862555431
6896.6601339558765
95894.3538056147
38868.84640001131
32476.21521695103
5517.781167884393
8568.898973920841
54663.31162720656
6931.553306335733
48226.80809085284
6363.699061675087
3901.923425184421
4741.127503832337
6973.690309985241
31494.8946721764
37668.847219056064
90975.09580119133
5136.882502132608
5173.69056470295
6873.920751758793
6870.206989484478
5711.04513270873
8866.780901677997
8156.307617762952
7550.84877066645
5746.981325503355
3591.887450249136
4688.654254930579
5234.7732684666
3629.5395345313927
2588.5258595876758
3639.536529823232
8858.351340918209
5181.770453859776
99494.35151495303
75643.76507679801
4592.6991744688185
3968.4242888489193
113049.85257545266
7278.12799209824
4125.494190903368
6109.721881796421
6693.113246812914
6351.427816842834
6839.329175854335
6931.98296157204
9298.083347925987
6348.891624298077
31876.215392742222
8476.213566435405
5742.7241191363255
82986.13189645867
8683.337626750717
3972.969884025065
18516.633885089464
38161.60715773263
48314.71732635457
5748.891732269414
6035.430735487276
27864.072956054715
3989.140811547845
6877.265789372077
1484.4313163594884
7230.135014164712
7264.093030086701
16127.355341483108
5218.075231063531
6347.449533841871
1661.9127809164922
21394.43569571278
28198.248308985036
55269.74685307873
53784.551929621666
4013.821334487978
7264.444186755296
21994.435553345666
5163.720291083974
9956.307261752327
62036.70918620064
5840.66855428475
7874.855745515742
60426.18280146473
65911.70361231713
49426.807519105336
6380.105023554965
3965.3504569850925
7339.787395407942
62911.70578045504
5209.411082954752
4814.91443117853
4652.72469608934
1669.0694255573746
6855.809635926746
4638.710849085082
6950.8488105488495
7297.217412414756
2654.3603541732373
47114.71812086544
5449.834114091176
114849.85207473715
6333.520937483192
6987.339632163911
6699.851277467753
5123.4269490732095
5772.969708316068
2895.3995588475423
33676.21480410251
7840.524546382275
6933.160236171845
40127.70392109382
22594.43540794782
54317.14552566324
95294.35411651815
6992.103093501295
68196.74366450387
6916.793373677001
5834.77319797735
78067.54994415508
111249.85368630194
5222.390648147894
34809.00559168926
42827.36313034846
19116.633725892938
6873.360592486861
5149.834065193194
72643.76681848789
7550.703705853711
11085.763406791006
2583.9430733516356
5340.849934136415
6081.26903440303
2609.4347421286175
14927.355642310376
39527.704148633726
9293.152317837603
110049.85443808093
48136.38467544531
7294.6491916554
5993.237879648836
8258.351509923468
6429.627748949336
7796.388215965757
22131.37064808577
17916.634034583363
53717.145978993285
123014.59828783934
8769.074807443054
112449.85290621224
2004.5320462961108
5638.595945245451
41545.397365973135
4830.630517031185
6718.104973953904
5640.192749239448
6359.3492679507335
2878.355921658251
2152.944968664348
8996.388000481373
7968.899141965481
6331.983044070415
4671.958281438285
8681.858889231782
4005.0174207262776
111849.85328523716
11120.115452445396
11453.943654205297
10513.634984822627
65763.81050655775
16081.487504650102
2659.979511853692
5485.643597448795
61026.18247484408
5172.96978242757
8684.32438380911
6355.086194624495
71614.86266484189
6664.093101274494
68763.8087394152
3949.8341284911353
7567.780892962558
6929.99203192808
6030.135220745054
96494.35342644126
5288.654193110084
86775.09822606145
5271.958226237433
35409.00534400317
11145.925206202723
54063.31193990863
6950.871950211862
9342.282350841157
8971.518832934627
6631.582380669486
2605.537895015257
1197.317968234681
11506.979786874484
8306.93817386628
7643.991462435564
6097.766376670585
3987.3401954239625
12829.84738228072
6992.698790327555
3981.7706218844437
63511.70539567681
11164.212674398315
7923.794023922053
13156.5121547686
5904.829024493435
73843.76587868661
2099.390736588988
2005.427246695153
7658.351678823222
5835.947526867175
2365.741747293453
47660.82619062851
81786.13256709922
8835.74282475399
12487.718379162512
7249.424885741488
11134.202748948517
72043.76718215118
7318.104920765455
4573.690644087376
5341.127459594963
12494.997288105831
68391.05388986427
15527.355506841732
9118.348140896951
5707.215905162944
6341.880400727513
7864.444141392962
11103.920393452832
7451.935239515683
6968.368489315082
6941.65884504024
9050.267634626762
110649.85408008615
6979.736803006352
31040.77451433313
7541.880264882564
108849.8549453697
34276.214615522804
26138.627767440223
7193.237678107474
27598.248632153565
38927.70449760785
5304.8290596766155
2904.8293346972005
21531.37083298393
47026.80911031287
13150.894012800374
10837.593727528947
6937.502678008476
4328.508217564688
6059.7506471167435
9258.35058044622
5146.9813873851535
7059.973324936617
10802.374338082833
6032.471688563791
57384.549809029384
8320.787051941332
7368.899262541645
9790.367976508678
7274.855791934414
4417.020738302643
6337.315357658962
81186.13283585149
3954.379526009
6342.724049966958
36930.43903569139
9303.257068836027
4088.6543396353745
5791.712683324657
2672.515184930098
22987.248224332983
12820.958898114297
61436.709606392884
8963.033333878886
30711.344627971048
5196.688512164395
3221.1320490958337
8685.265038140187
84743.59403404738
7913.4041996561955
2891.406281604732
11421.492855308103
26998.248922062383
3541.201897119141
8159.101326817974
55863.31089542376
25016.316344085863
3636.2802978517248
110838.36991379694
5221.0362651310315
20750.253853695667
14869.848041412055
2277.4462930352297
4146.147427314964
8483.428757067806
3120.6886121456323
17487.98652582134
6503.953365284216
4363.08024924836
4141.127576977108
5184.711771938124
7749.585846219961
7598.769452736563
1665.994643787517
10813.53803069991
6381.944713130818
2614.4367696637923
18825.896739419542
8152.0227481166685
3502.2815150304773
46566.87644408723
5826.789096875803
4592.103561440876
5168.368724538256
3009.249584750963
32212.18722964417
6630.53446755839
9418.565812496987
71196.74219482935
1765.7417571186752
2387.8481095340444
6337.502755637249
9596.387930441482
4011.5953057741835
2652.338688240275
8362.758492669787
6741.105810807561
6174.177372451919
4980.126649588561
4621.036341992307
4625.920497898402
4725.494108308594
75667.55161620093
56117.14452433132
2151.2463536980968
6064.093161503588
9409.185965323231
36140.6216890277
12814.00863170053
102090.89421447064
19716.633585257605
84143.59437031437
84186.1314229023
12831.296244404073
6346.27497694531
12486.761009920196
9376.80183271834
3959.349459041214
30111.344858204426
13160.078841267692
8818.565913221868
9186.946111744022
8880.916714472216
12483.616401313728
35540.62191324528
8483.74658373019
46460.82679591087
6375.7959713165765
6884.155053161958
10535.294056529827
6593.23778088567
5159.349389694728
11696.861874809807
10202.43801476636
8360.941523762116
4258.179507375808
3127.0010544743295
4052.0306620733804
8754.634690184084
123614.59812765046
16887.986724569855
8243.991354472158
64563.811161950885
6114.831589564629
5853.440852328471
5723.077227674519
40945.397862164995
6039.259697709867
36740.62139681526
11438.710394365882
6204.742004178625
8947.108603961145
63836.70792136982
13161.679865729511
2154.5916151402553
5879.501652283104
67791.0540236218
27242.178133392736
3643.4054437403806
25616.316188064753
4635.947667580119
6939.234299295371
6053.9782762108825
5988.439942373768
6966.332661489289
110238.37004778099
9517.219000837169
11402.21917329229
5733.160429323623
3506.071807564657
10518.059623878156
14269.848207286434
54669.74701902015
19383.73632528381
3995.512756562365
12826.217494528628
11706.064332566288
10844.51023011062
3837.8337280097053
5651.154547965866
5189.14065995168
86543.59351341802
1499.390747767195
6689.584581837543
79867.54899450134
6715.753657402057
13029.080529568013
8169.074919969117
4230.135306604993
80543.59636077582
4893.119533339209
6387.339722951909
5154.892688774919
8235.742997089095
1191.2862135595751
3557.169315064302
11380.852802031373
17774.871412930683
2984.878228933885
53672.31557405209
24826.393831291498
7196.388307573013
12476.327595249368
8851.344219455144
6271.5209962865165
6552.0966601965865
1916.561281755633
6413.82086971035
3123.864713059762
7513.263675707286
5741.880487032979
4337.749210215094
5206.689497829097
13792.553747742246
5935.396473217105
9884.324202345462
7546.274848379128
5681.426933722445
2590.6990255132205
7435.632771532618
28964.759515427755
12150.016769432665
7390.36849550214
9646.569288648776
6678.128045645972
2610.0573294046935
31640.7742962752
9746.969754221807
14799.284797824068
7537.502630849622
124814.59764290482
4966.895585185142
3933.957156198694
2609.031704889966
7554.892423018834
9952.022391786444
6120.1420411309755
5383.965262576624
16720.39283125585
48260.82609710944
3421.036427262747
13367.908972358866
17590.73736802549
12830.703058680323
4320.142167602566
5727.21159519294
4285.643733578047
31276.21552090796
21725.3864232832
6981.770143741925
24556.249208264304
8441.8528237387
5796.688385753053
20794.435818561054
4336.509451746013
4326.686818442141
6359.137175488724
10018.565705782616
7496.412292534378
6680.558420215832
23194.435277231023
4709.90078943778
13142.897271757236
7283.677199916338
78236.46469628971
8960.941416450789
19641.823139819724
3938.1393174995446
6739.575667910037
7299.851217649484
23266.901137068737
54087.7365826812
6064.444348151241
20380.075584907932
39468.84629838207
34209.00596786395
6667.614089022433
9608.895301530874
40561.605733190154
6768.974287239414
37340.62108543106
3394.0722505593685
4378.624446683804
4052.7247683275405
7929.54191193854
3388.9594945462727
14112.49973455897
17901.563263216143
3241.1814758455
7836.029746477321
5750.703960044753
11726.93022153109
9016.618500208579
17940.686512458604
6933.520883868764
8632.112574734116
4239.822360101054
9008.237559070314
56454.750462153075
81143.59616162081
62826.18178907544
17862.487567786367
57063.31030267663
6971.95287860025
7939.787300235821
6095.176221025395
6020.311507688438
7942.534524237966
5649.374598863932
5566.895305087944
8932.11818291432
53487.73670484376
4822.172228321867
10909.831476312733
42145.396979566794
15867.690930540759
7217.590426410524
36330.43948318037
11156.046777683136
9466.780799096523
36949.11231922677
6030.534520639595
21523.59212504662
87375.09793546361
127214.59657657756
48146.931559669436
9568.72555794085
7880.558311698486
7389.935934574493
9004.617279246368
6367.781051350402
4704.829119550179
7259.750490317113
2618.858168436029
2913.663871017299
3814.540230174003
5133.0170251403615
8440.524380938812
7339.5756191559885
5294.34087804716
3222.445812563962
54917.14503800511
4360.047383699054
3840.436976560756
6681.268933800972
7068.40075517271
5142.935263337789
1864.0050220501528
9145.454797491273
17316.63414936711
10534.160432254204
56784.54992122906
5876.2240389423205
6683.677265664047
5755.086270623406
68796.74334545374
10368.741885038995
4609.7896734485
15830.919849243246
126614.59680473674
7323.794078386113
45260.82757581647
14556.842577110614
4326.239614505646
7267.614016527143
5681.000528762843
29511.345206313228
3409.4114792052173
14458.762603257921
29564.759335413964
9294.41994542157
7231.58229646359
30440.774890376553
26738.62768038049
3438.7109567545876
4718.94452021596
3411.6263837639144
77636.46484009412
5658.7379331812535
9954.63447769913
66511.70349322371
38160.37296280128
6802.303563246556
5683.856416636368
12109.101016781444
72214.8626012516
2610.4894971250205
14918.00647481452
13482.712418426945
9285.264906453538
3997.3103581703645
54054.75142306646
65163.81088454516
5773.690497813294
7832.632260169402
12828.267881649892
4157.169252338857
5738.295196049195
45366.876759463514
14526.8056602044
6636.9260840498955
18766.870282504835
4897.766528222422
22731.370579461236
10851.431698701164
27599.579549026763
7883.677155719596
4751.236259623866
5699.91580299672
3146.831193401306
126014.59707087209
1784.8782577073682
4297.766582238173
3839.0664527222702
3110.9451741346993
7977.506716754177
35774.03506380042
4854.734159767855
5781.308353488869
19955.01831818619
14508.929228217383
9182.736542739442
7501.268038593467
7005.016865720796
9866.438055328945
3992.103646154731
79267.54918569038
3117.4685834912757
9284.324255101661
34876.214470343264
13161.361604957245
1339.1903836755412
45966.87655945065
1332.340203041557
2277.0124612971717
24344.225751931484
5738.847527409216
4957.852620204439
1477.7701788241864
3780.1267709411977
6959.349188393762
6750.158439298644
7058.351799843684
6536.166909773626
5750.87210699231
9044.101358204598
20150.254078823946
28798.248056131735
1676.8034882250151
4296.158351815287
4572.969830428379
3496.2833022328255
2278.1752745094686
15469.847913014795
14489.530058865932
7119.137067632015
24466.90067743315
1460.8259019550105
6880.470146921105
16727.3551855466
3541.346882470999
37549.1121651045
5207.072983166203
37530.43877649812
2652.178427853737
6306.901338367441
4505.054562045986
60072.039266896296
8450.14796853311
8353.718235491297
4652.030611243599
44691.68627296964
85343.59376654484
8218.565990807605
23587.248152305394
10368.898620695774
4830.907393536197
4860.365627178259
6630.135104475963
5737.502821443029
10849.057575021081
5584.839138834723
90363.73587050167
9458.351214531905
5345.417461291853
8901.10781421014
6656.040533348469
10035.742615655572
4229.38440238678
1673.1905415723675
12007.542849788584
112038.36968671062
7299.292249099912
10540.06051277889
18087.986360626674
84786.13135560804
3512.65509847607
13701.386425282562
12855.36040036049
4326.981908256481
2019.7739713621172
5146.393247129373
5137.957333847871
2107.803503249708
5413.3315575958895
6468.127527294814
77036.46497333328
6391.71261084544
11218.565550311887
1756.8323076968113
7301.161781375094
9908.585358666052
19983.736259229245
3796.0654738655558
4449.287752623902
5644.053776781209
3878.8458649115905
17637.31203558801
7455.809594249783
8170.6959793598535
4227.571334265365
8451.027364152367
14156.621215819398
4009.789705536011
43427.36285508283
64111.70490147795
4829.150977262064
9439.43365844246
3188.361949322588
3529.9979829132535
109038.37027402369
2898.8801768845974
4579.737115602289
5041.181353605079
23866.900900937362
3509.868623886087
4073.89772006284
8096.649402193614
24668.075603346922
4168.983490515671
3504.829279804374
3841.1814282129103
3508.1435894476517
8693.1524451383
5821.036191373658
13370.196314400764
6397.580187406016
10867.79351070375
7994.048616496533
69396.74301574728
2376.9279017164076
2595.1832342663997
6341.65892448334
6336.403576728951
2994.739387094837
12128.088933176836
7894.649150134172
6510.894434220994
7251.023567010018
5238.710815623481
4689.94940990666
34519.94646369747
47536.38512965208
3510.0659552578786
6617.5905235199325
9356.307343433937
3312.8802909851015
10618.565612458042
42745.39682857414
6296.649662675861
29292.444616973484
98490.8957155994
9225.84845858667
10212.019396152065
12113.710545927772
5763.699146366921
2140.018757132711
1358.3726632772143
20639.238400243124
10737.624231859183
8159.536100347596
9936.692935571267
35119.946348196536
5431.582562895796
35469.583960414624
1260.5613853417144
7537.3152222756735
52254.75194637859
4301.627858481821
3488.654411700108
4051.6546685706476
5728.280999627358
5723.119868126094
6664.645778518952
3308.1120899817324
7569.12129973976
9682.116354580583
1768.2726375670395
12467.881571597012
6723.794111400977
7331.164840240621
6748.356545139587
5433.317613412269
9109.191840180198
60672.03915163559
18743.84648750114
10035.429642485144
7171.200065460774
7722.971458901565
5435.4308140878475
33064.634838183105
10820.219719966506
9973.754028949317
2721.4998508285016
6330.665416810746
6189.362086938463
9467.167085647408
1995.1832595651663
12144.093841276674
14542.767379480392
30918.94266021629
13733.184630248217
57054.750290295946
1259.2250056812477
9493.369707255883
16634.07695555318
8498.090795229244
48914.71722175076
6874.917841038709
8815.915322913357
5557.852585991125
14091.49665631914
5010.812106431416
23744.22582295751
3180.126824118219
6696.421544708453
97890.8959330547
7368.974270999327
7326.626499324252
1806.5940797861756
3515.7323349692615
6431.102680421636
7541.658797852923
784.8351577872398
85943.59358826712
4303.992643241987
14908.645318464169
1677.4463063243743
7459.836016601627
15363.678652411078
13473.626910170444
4863.301198916614
10106.437312505881
5138.847541040848
2213.0818611855484
5688.717739630758
7640.02184186431
7605.654471851613
5432.560022278831
6997.309782691988
5048.878024099169
4150.136814089747
9715.528795540878
2911.860332022752
6989.140363624728
6837.882119158732
32464.63492363308
6935.226282902349
6845.642775128078
1384.8351307852265
67596.74395023903
20931.37106999261
44886.744633501505
7595.512161251297
2652.1102100041016
23606.71731750334
7666.78121986701
53463.31216859877
6230.276716495201
14078.243490620122
6947.941608001958
6547.996588156477
5441.4274512454695
17823.664159317577
4581.770560650448
5990.422595014535
3951.740187093215
6135.7083264114235
7779.437863246198
9640.524231073752
6199.235034966389
16171.072014799769
8525.201969951648
17481.26393386445
8306.945191424438
8962.75836183482
3992.699222842481
63236.708232676705
4576.715440404576
5477.373535109175
2433.3254944267824
9908.157713562365
6271.891163838843
16133.846044660657
7313.404239961962
4835.430842814009
5252.0305875023
5655.990909552095
5163.6992035778985
8163.698878964257
2197.23002769771
5871.958190974625
54872.31458843718
4242.697116086683
8396.388104613488
11749.991586548844
2797.3105969720687
7239.822077380983
4142.708459578393
3525.54719029566
7846.303891034189
6697.217471272073
1802.3744825832503
17327.35507834311
15760.234023616116
3383.8057812190596
3874.027823513665
14869.330703034304
17443.338916815745
4146.90888882262
3106.6177576621835
2231.8501637463396
2274.1400221521453
9256.865558434232
16976.879460938482
2586.302572991485
31612.187534756435
33539.88720640354
74443.76546424856
8469.252811013388
22279.74883530457
10530.104345177759
18783.736481237036
2530.6915411566756
3845.3633366632403
5481.50777494881
5737.921178383903
5979.880557062907
6433.558892294626
5438.951583084673
8796.893891019545
36374.03480558042
4449.231240449959
5754.126950293871
5723.732560264401
5656.222101145193
8026.4249160947675
19205.143971764923
6335.445533455429
3313.132919407306
16679.34283234979
3874.484878813992
19691.180368142897
4382.109615745947
1392.8633366109382
4837.656853295522
2365.738599934085
36069.58383414385
6914.682573192087
20565.235238302077
9562.758283518893
7015.915620026214
3836.7187365230925
6963.698958912686
16197.284166632642
2433.337077766626
5342.281824447308
7287.3421459943
4169.9363150725885
8052.8114844917445
9650.147847755665
23956.249502412673
111438.3697888437
2852.0307750288466
1941.0427464251397
4926.686809958602
5442.697070626254
15228.57864562764
6694.649249523438
3024.7408681637285
3593.582476829313
25066.900522000535
5806.884491364408
4904.610373127007
28442.177777186025
13669.848356376495
6577.106911438977
4528.154768080903
5650.176160098083
7514.249498355715
9840.04817448912
100094.35132469353
3717.7813679528185
4468.731739058397
12236.754362881702
16681.487397896275
2523.764583488478
3913.3855369026005
8215.915407816789
12463.73629370981
8654.866615840881
6674.855867236237
2357.169403755445
1383.9431219045487
7155.385915776056
2083.7307991029525
3543.585639839103
15481.487669251284
2596.0655715633375
2250.6460547253705
11357.02870306606
4634.773332201486
4579.877491909449
77467.55042340759
13762.04229539594
1409.1532933166895
3129.6963054646044
16256.205480474096
64436.707822645425
14925.163113504836
2783.744844779844
4442.285061481386
20202.555982231635
7539.234281159021
3569.386497634131
5639.524910166026
41720.14903199958
4551.650510245398
7942.825907788178
18377.077827063986
52854.75182094595
5331.196346320982
6549.586001822228
3757.3703747701707
5949.402289730157
3507.5498278103146
78667.54951480414
2978.594791509384
10183.732038831888
4836.658400216018
14137.375870197482
11779.581823747598
9367.923010518705
16283.460685657492
36301.31644222048
32939.887390844175
4040.6686822646243
1794.9334775404639
1383.1348584114337
6675.28140578296
3027.7450316887384
5990.776424212386
5651.463351434021
1659.005732509961
2529.696325651216
5017.609666503641
2910.0659830974955
4446.411465977401
6906.376093456585
8834.945289462023
4225.207194623857
31518.94253931921
4920.142157789671
19834.985259735648
55517.1446674728
10533.770273826925
7066.186499565098
12106.546415486006
37940.62080841726
10201.302392498941
8946.108603302568
6049.834043067445
3077.382187057897
6870.536376667778
5015.431980204687
11526.425085933899
4011.0540178285955
57654.75017657101
6321.958068408418
6180.909051079874
17008.22632319918
34261.7909955659
54272.315126114074
23258.4324163037
2799.624683832137
6083.677320102225
2975.2075106735415
2158.6938216263993
5580.1266124422145
10208.237364797897
22073.07838983872
5507.433301642353
3539.4843205144725
6482.627236466691
2009.1532751153459
5617.020665576988
5958.502687158199
2103.7072735130423
4584.7118272407715
12080.376808206453
17081.921704075525
9687.668862859946
2109.173274950164
6372.969613362728
7530.02146491048
4306.659624840156
27328.84592376811
30526.995524683152
6940.179376524558
32461.791852105154
6624.988547472751
2614.6311914610133
3124.117350380124
10491.06771193279
4874.122968997764
2533.535803296547
9768.898682153671
4009.132285446935
4833.317629958032
11709.239464379369
6437.26123826675
6846.8927668882625
1271.3254799451202
2333.6420937579246
14909.599457376835
92763.73536797841
41161.60564636109
17979.494285190605
5175.796215629777
29840.775269419977
13478.78366051459
4970.476904219393
32694.894278772816
5749.176067588966
6363.7201758795445
5331.201557631766
7734.098206453432
5677.862773799733
2776.5345842363704
2171.362030051461
7615.915519251095
5875.717372070701
4841.427466780762
5543.996518788129
5214.0244749460035
4757.169194227246
2378.486367672693
44286.74479430138
33061.79143511077
4102.281506283817
31515.82870557768
7836.287519448404
19738.878763106015
5539.483188312271
5914.647412623652
5402.531351457783
1540.0187850756006
19115.166605788843
818.4373033165157
2647.687966167934
5285.456517580549
2557.3704819754776
6651.899001987925
1419.773979790159
2871.9584699845486
15328.789690170384
38540.62061600396
3647.1040746805197
5941.1274440142715
2758.693791894949
1257.1070799202796
9316.302732294986
3142.8182335339593
7479.2018357232155
14897.337978556276
4773.9017936087575
23165.133458410022
4018.6139029874066
1658.3306376617004
4094.3408968587732
6163.6069697595985
16672.34956571679
2084.43131401474
13455.360354174076
19159.957201121146
5424.476173988919
48746.93126445603
4046.7144636739395
3117.95694741698
7650.057554128213
15771.102196028405
9881.858751796335
8033.685729625827
7229.977462376113
4464.486828037096
2370.14350020593
6213.389131420501
6007.539468724679
2392.3844899431647
44766.87701817395
3099.4426051609944
15238.388451437246
7789.953955908712
17519.94615474258
6097.217513571189
5234.056312308042
27264.07330495368
7915.753564944513
4769.242825519224
7136.166880990504
4467.291892598644
17394.018026678008
24601.92140084449
19319.75877780656
6005.105262437654
5446.32767466383
12071.289449449936
6215.847042994237
3358.6937750007905
7426.472497474182
6118.26220672061
6646.960907616765
40345.39831113121
9477.404063613576
3763.080265621068
3088.543722920637
1937.0311467093634
6284.155143063253
9433.916593909926
1402.629420215376
5766.998623504266
3224.343800435429
18300.507402744166
1199.9648208935375
3354.1270487938
5411.946868122005
15794.294624639602
5417.590699790458
11686.017742173077
54687.73649362411
7634.885240522241
3710.8318499747907
5138.29520262771
6641.717876586596
6454.594541423204
5572.933875401352
5113.556344095507
4559.349456338258
33499.433202047
9004.460626694776
5074.027778954758
36974.03468655248
5048.563930030417
3518.970694282865
6133.580998466454
6168.974338068877
140813.2197173248
3571.4447184174705
3120.0820952458134
14884.220065049129
5984.730667348661
4275.880089552459
5636.954066726282
56463.31056115863
3216.326890409872
5417.3761951945635
8980.94624408183
18414.32801746409
1804.5647843298148
7850.148006390556
8950.794416255994
7114.882678002613
5049.374627910333
5497.7664483043
9305.983484673086
11698.799915633523
1276.453568538468
6250.052630884851
5811.762296943358
2493.0313680512304
75043.76518205332
951.2463975042994
2363.3840769135822
5925.494021168477
3315.833339459048
10218.176812147525
6182.889500119342
10930.038559185134
3541.3216854408006
2922.4721611992313
2617.203523044573
9374.74946547395
12825.67011602426
3116.9277691541147
14932.53312849514
4788.337776292688
3101.962339726617
31126.995461369246
18903.683422385333
6279.8284661226235
5406.434603227301
4726.136983530915
5413.431684669573
8174.74964354278
7899.851175626595
1966.8958266899228
7197.501773676127
6935.546955086429
5522.455136203731
3651.137774883858
8759.101227238734
8154.634839660631
5335.543344714661
2075.4630486464653
1184.7663716362238
17043.878204517405
4007.1240755261797
2425.4152263075875
3609.3197184725436
1136.5059778009652
4094.0702365987786
4937.749194655511
5521.468144842898
2250.627914627619
1251.0234754495468
8785.2562161315
4732.183924423796
11739.901912358277
9273.231915394997
6084.299850175832
5560.653915592625
15264.977413777462
3133.5357924175305
2896.2833164609165
11346.739898561937
4776.392471718922
19250.861171880668
3237.8337497752436
33661.79108906885
4445.363332182077
47166.87642968773
3869.20894599955
3266.36353614533
79436.46450386634
9244.000684594497
8046.8925937194945
1475.09588074158
5440.020447080284
7795.869077432591
9844.938713045298
99690.89511045783
4795.591595533919
12202.16297953364
19597.2285543026
4335.63980659225
35730.43993705163
837.3071187036095
6273.920812208159
14468.674334192045
42320.14887481743
16069.847867834738
6220.5007942095035
5705.054430538223
3520.5325556842004
1019.9552240762785
17406.60932888335
5058.618917720662
2453.2729816101046
6816.066214683132
14569.200110313912
5684.784058002231
112638.36961628555
2183.744865286428
4438.595983989661
14975.308210800058
16607.58151198536
5070.336842851901
5063.31846046997
4831.582598662838
4010.6238816663117
10150.122423393723
3817.0207974578534
5649.896513021419
6249.430832819948
4740.863877450896
1678.1752866862516
6604.617891202569
4274.123018936118
32812.187016317075
5935.543327005738
2713.5423087882755
3217.020850283219
12139.332578039139
4437.596497626419
4542.935320749992
6220.42952531881
49140.04919640477
8358.857587523647
8931.479236090496
1480.4776815070418
9788.828436226819
2907.5498319520984
1229.3208227632856
2209.789794921084
2304.8293744328553
3435.947723243408
4763.506323901334
3687.145196543695
3392.6702025439354
6391.821265662252
1294.5711004209427
11180.472645608852
7303.158587688496
9563.033303277924
2912.655104895414
5476.922595718195
4402.050941869531
6039.822284519055
2308.1436222947254
899.1561826993552
1017.5476637585483
10196.387914886507
4450.189364942371
2210.493963239514
2042.5888448956937
10204.664907022523
9428.398510903298
4092.049593789663
2738.0165136175024
5593.541525890129
4035.9476978437283
2397.790301350835
3756.9512682772515
6278.889504635859
41010.95636449444
1952.0133040929431
34099.433169548516
2411.824272575651
7719.636692480072
6433.1415471384125
657.10709831596
39140.620545074315
30164.759289655063
4156.924420369247
6169.944241652723
20154.136061670324
3009.8936860664508
2541.4078337931137
6366.332697553369
32094.894401731526
55287.73646831418
1265.1044846963764
8127.54744993684
6273.360639256316
1101.3644252450165
6173.923697997089
2356.294117372343
9205.53525744638
20916.633457997505
19643.94443864956
16227.446424318616
1253.272374061251
5924.172823256742
20516.671001493203
2343.6118767546022
18699.833743909698
3371.361996675281
4088.1171288239825
2449.8458382733247
2304.1189544412664
1681.5308088342706
10904.462096301608
6330.452711273474
3546.0174518015915
3039.5365510923775
6514.882693611661
4735.543379565764
3632.9477921518596
16988.031925444226
797.3163319769687
3029.893799877243
12100.513471268805
5014.491614484924
2360.934744315773
4258.285013794719
4597.2299496718015
7377.506760693384
4439.15739281841
3920.3146223705517
2716.515018788827
8496.973755267667
5987.501021979622
10455.892275211543
6277.862764071454
1269.39446668662
1361.6240989833566
7550.871903462079
25268.07550784269
8703.257198520514
4772.340257029187
2800.5542929367703
2960.167324448576
952.9450128389312
5724.524464749549
4334.480565217675
4586.299976449146
5235.947598186268
7078.149787362879
5841.223778375776
6155.231761582845
1223.0344538312872
35701.31648871693
4034.773349848018
5470.953485688367
21087.639222120615
2641.1815200778747
7208.103511040081
16579.666958771522
13877.228129382496
3947.774229979277
7031.102663402574
3495.399551857881
4274.663421770151
4430.38619494011
2941.1344706075974
3589.2079578563807
15400.314409212586
5519.049337864423
27928.845824355874
6046.510515615573
4237.656856536908
16681.67627665443
3222.4343459854763
14993.236509207725
6049.200939830938
2077.9152882211897
5405.050154147466
15448.068253009931
1583.7448916364501
2430.8519562327374
18450.71868333548
3938.1368375725833
5090.866777800036
4783.6266767623965
2665.6103974308166
7236.029863985113
4846.327692452895
1652.0308453197904
14175.18870531233
4820.3115296207625
1478.6135794172217
3932.3117803963187
7550.745388821395
3833.9690509810694
1932.4810808855666
7124.612702869723
1794.4021016936294
4854.976956630215
7575.795827773867
4244.407409958004
6354.126877481324
2383.1728737073317
20331.371282530665
2617.823132796364
1254.6173639746648
3940.8161665960556
4251.224327993228
3955.177233012217
4786.547619908876
4247.834172784617
6347.94164281362
7838.806987683165
1422.595536112121
2310.3314641852267
4430.2725471743415
9782.42297829917
2580.126867352271
4339.92725455199
4247.998439080665
9903.256991280665
4900.843338356457
5649.430843630374
665.1045086244491
4729.860930713973
26905.75684936973
7531.783010021325
7197.728972459012
2028.110156214005
4232.5600812441035
4727.829988346131
6139.575744608949
18339.091357949837
6451.198871829484
57663.31015227714
14856.377639029817
2520.0821092975007
6457.328542850217
2550.22778360285
847.3230076437553
3863.323264417357
1362.809151681293
1657.9356054404604
10423.788408014545
4866.8105552015595
41298.38507505637
7477.147957832184
4646.714451191709
5297.558789861977
20259.73331594231
844.0562847307806
7682.4750808147965
9083.428740462063
35476.21438801591
946.8735902809261
14477.807320730511
6867.009977889062
7250.267986789338
5425.827317324087
5467.19075803509
2041.181552458619
4898.556080706941
9431.15369582518
5430.1352842942615
7166.017174076161
2988.7249737271027
18687.986321505137
4072.8740727416375
41610.95628608514
2403.519020858675
2389.345309004691
1321.3081657775738
9040.358452487626
3967.8949077087836
15307.927655214502
2266.9766742899956
2552.013301237478
2018.858260123346
7739.915336992062
44166.87730417232
11703.832070597038
70596.74241806428
13293.967157143079
9832.740395100027
6440.668546225782
1424.2472077388702
1946.59663565927
7554.126707365907
28825.175981080894
55254.75092322878
22325.386330569137
3696.1583637537415
28226.87865102585
2940.458124006809
6883.9651228830035
4786.760113142367
1132.5095479050888
2929.9980053520894
12802.162828097053
5534.490485015734
17015.5337637518
6677.527124941332
16659.095198851097
3287.9535635767156
42966.87782453771
3007.1832540562773
10239.710728983933
1790.531060493998
22287.639072240687
5400.351583900721
6807.646555434637
1644.6562477638563
6309.159262875807
13648.49279580836
2537.1366129710136
5751.650484292981
20857.738967667403
7485.180159473489
113238.36958160296
15171.102241339528
2888.654463645779
2442.220027079785
26216.316151789728
2813.8215103858793
4574.033552216513
5069.23722724996
5987.589553523535
5404.044239577313
3434.7733670849025
7244.101687244006
8688.893274890073
1600.5543372623247
2272.748169496244
5627.056625244399
44508.01348171722
2318.2500150844435
5416.048860962026
6368.368573958917
5439.822345096247
6844.5385100552
4832.815231294011
6275.041461268366
1194.9335104485947
8125.7699463353365
94694.35433671063
5554.178246879812
10186.169618796157
1950.0814651931098
2020.8316428285934
5061.971001809215
2423.034445837876
4828.893760774239
2595.735211673982
6059.0741263643295
3677.074996483798
4793.237947275223
2991.196327628045
1820.2951338775456
1386.3026203668223
3624.105245585085
1513.1330069288765
5663.815813570761
6502.765567020427
30025.175791907426
7588.242337446322
2968.2726198961227
6195.49819127054
10465.116421444967
6598.746501932704
1165.7417835843703
1364.9616686578174
6157.493211270947
1638.33673537562
3736.792750141911
2838.710994857313
4869.964425258243
974.6599007180515
5751.427939000914
6700.015521656122
9089.96383855868
1471.31556570598
5580.412564458015
1171.6071850273165
7987.297713759223
2902.28154781443
1499.1561532140836
2005.7793456006007
3844.164411772234
5132.529983523952
4297.738337774741
2676.025346178969
1152.4878644667194
9130.019963164992
8350.173455836266
4255.099296902092
2200.5543114124953
3236.4600801952715
5744.970214835443
8526.626426405679
58263.31013050151
9907.166512991535
29425.17584130359
2542.5264999250444
6446.71431448182
7227.773548101521
8583.727836464048
4706.095796623301
14002.162594376177
5469.7620580824805
3263.3267838210854
56672.31362892492
4433.637549933199
4468.627268568519
2360.5104601507774
4366.895641944918
6760.307398355985
852.4302876100323
93963.73528415684
5195.965415242883
2543.5349006983997
3839.210034950079
8053.420597131153
3734.7549280525454
5675.04147081984
1913.6844645555761
2358.393559914082
6274.682591068051
31012.187856964916
5953.620672208741
2973.4392629685995
1441.1815783555328
4236.71644663831
9036.029480580264
29794.462756934612
3663.6612387198743
3659.575771014091
5140.382131780447
3836.2269043433566
4299.550462103633
6191.5841631867
4911.874436986764
8791.46800616912
994.7385970143374
1002.6894148489101
4364.850337894792
3513.6638406306356
2176.20005214663
10529.544492378729
10771.233169614421
3850.1893754231023
9415.915295874092
1566.7852901891329
4469.340045729546
1260.258630044931
2411.8370942711613
3250.18937700939
2805.5681412102376
2141.792629752396
100565.59122951298
17294.80094462704
1756.7969767187305
6396.99321044066
7813.684630512795
2216.382331718993
4879.168289646113
4229.060271368119
1871.3395982014165
5546.429452149997
16985.333221413402
5618.135043770906
2825.920606520124
2506.617771964896
11818.565532930597
20432.075039773143
14156.902245326617
3728.508256337313
7745.796005406382
5593.367501754208
2246.6537149017263
4817.5907211348995
4129.860948307361
6104.8373316310535
6178.0187292452665
5856.803532167583
4818.147022342728
5244.563621509708
2947.503250491156
25747.089573314213
2818.0756807551406
792.8137898616967
16353.492011131842
6826.851431999384
21988.983354167838
2846.7144970783474
10100.284267448453
2827.9323555074043
6011.185366399595
2507.3455270587924
21478.738452267462
3673.5762819340252
2292.8734227245577
38149.11212285016
3729.6963004408635
4087.1687394861688
6270.536438743886
7513.098816448258
5134.913958855962
17377.24298455744
8987.675672629965
2015.7533130431173
3208.8865891983646
7680.57442136262
5778.866345389151
5068.239542443361
5826.052655359036
1861.3158680147671
2017.9831486624382
2424.303902513215
2440.426684965486
6515.883930964988
4427.367132970651
4062.086230002131
4603.5926218440845
5536.800368892059
5054.6966798108915
7555.086015644334
6511.701317251783
4342.499710147609
2409.0212293442514
9411.079853162408
4335.9157390417695
3510.4771184652445
2352.2183361919133
3776.6517991090145
6410.692663365792
3452.0307200272696
1392.8963161557876
2341.7142183615283
5729.992228112539
5111.6167767424695
6380.78974367584
6764.352894578309
4485.39468029309
3117.9746048285388
3761.5087836509006
2114.960059726344
18367.391089973036
140213.21982120437
3839.168222583581
4734.737891119301
141413.21963276796
5971.216847992413
3704.058016707307
1993.6065261489691
4118.944542240524
11384.802612436448
49740.049132140695
6171.957658231922
10293.917638691571
2948.36440641785
4630.65051367305
6118.994665261196
6069.495705254921
1992.8137788099332
3274.4848854952725
4184.878219386593
4524.679034025227
7776.076267813519
22319.0913940052
16329.548654874681
7126.300736986409
3340.0187070941824
4169.533031799074
6268.239520151584
5772.904457665553
4899.083611053227
7707.524988378567
4238.951641231099
6082.751608362033
80467.54896431255
22521.918657439553
5465.486032045882
1314.116178123511
5205.033182573223
3915.5187617316037
4049.639262957911
3513.121111712472
7465.169589110169
4022.3907559546096
5643.194404025013
13316.055286692366
5219.574118619616
5520.054279614699
4076.583809031716
3507.7394660109403
4263.301247615416
2972.578004066799
5406.125034822198
8634.928406992562
6528.152762472721
5416.563467746156
34139.88715661526
5703.522953371344
6273.829247106918
5838.571658519403
6199.076861017447
4248.20342124783
1925.95283746386
7137.394662084328
6134.928735619396
6347.863951103821
4597.663015429339
14712.499700215736
1983.1348503852842
7158.134016490811
2363.208214737856
6491.584889129839
10503.256972444984
3641.7551818231664
4295.548604702376
5745.874644721609
25554.33372625371
2311.2102996746694
6096.900122968171
1067.3480997982942
3490.0208068923066
3922.960271299905
5410.004399235134
5180.178575709395
4739.3090957112345
68614.86402862746
11373.393883406688
6068.355639886221
7292.717141885947
992.0023497774453
20924.574411332553
3247.1319136789753
4748.174904203377
21126.57433213897
2026.9999584913135
3501.8199693643005
93363.73530325374
2390.7433366230325
8676.38951555327
3607.055132316365
3970.9795003323547
4436.2269002942885
5462.180232738169
6277.627270950936
9959.10105630109
3635.4308840392605
1741.1277682570849
19232.916073358647
2363.4531054874983
7596.412058455374
1613.0818848178606
1743.1257156665542
2993.818496961184
3473.754962909306
7569.327941923704
4225.827368445462
5953.57915449291
4847.7086598762735
7286.524070703812
6387.797994727875
2591.558919649534
1988.626677607962
1757.1694294067522
2482.588642402248
6620.283134847519
4271.500317285884
17047.377830837268
4594.564983695856
3893.8940112829387
2088.416525915266
2339.7907033691044
8526.154054087905
3448.142719791711
2840.668706715554
1216.4157901047652
3169.536327027724
3210.801986675489
40098.385361762856
2405.019312584758
3078.1588520425626
6230.51288085837
2197.4159619154893
4473.867987269964
17133.355641282265
4410.8121297228
3599.240412856606
3822.4665118352946
3811.623962288717
9469.306069705613
14722.744970941494
5530.047545613429
48540.04930396244
3733.453649976517
6571.307228027354
3214.540243854763
1445.6138668323879
18236.093971267605
7164.656442373797
4156.81974110442
8271.332538794326
5245.749332089513
6109.468654865221
13240.95964808042
1063.312149692057
6490.973006616849
1990.3493231869554
19837.237208206607
954.8596412060282
7448.648268498593
6157.944166286317
5372.852891592309
6056.040573407128
3860.5656057551078
3613.8347064809977
2585.3660050040876
7825.015346831649
454.4156538860699
6884.4408022469825
1235.7800998067469
4077.576422026419
3235.0195166123426
5240.24814976756
5753.416783158593
2285.567865468359
2334.9451186868996
3959.4344172187602
3239.4732329054505
5418.172618860333
8365.520010394073
1980.1268962036638
2608.8865926366407
3737.4752073448444
3502.49504027477
3490.984353126822
2057.9415652785387
4403.560044778525
3510.058759660253
5730.665472245646
3308.8528346037847
5094.038202381616
5276.224080882495
3948.459240723281
7737.394586558369
3013.3914644399115
3344.852720798916
2933.9458519394293
2520.008169184175
17324.146199059676
4222.568269539572
8838.930928490725
5393.23793275187
3549.7919485081916
5004.0870447216375
5545.455580389992
5642.112714428346
5770.725730414124
2280.8367390082026
7123.558864305342
3103.051985581117
5852.288685351074
5327.517950375973
6384.477689438638
12927.470653810677
4595.705183212357
5586.782296302842
953.2826031968892
5443.648428824089
4259.7368198237555
19768.06054872695
4575.796323128122
4415.34936297826
4546.202551861206
1061.3596204722369
5491.27880369782
3616.8465640542668
2441.0698626607714
932.738206629369
6080.119286378479
3899.861350209365
121832.98234928577
1459.2244189042215
58254.75013114805
4065.878868736443
3083.5136409494235
6046.960937756011
2548.4256924344763
8056.86567893906
5232.835355570929
5540.0164706726855
19726.87213789596
4007.4588436212007
2689.035456661042
5568.974379417252
3141.1575459620694
7849.362012264882
5623.25923949869
5606.935468652302
3912.7384762893857
5559.074487319906
2780.871411521469
1429.190728276353
2819.144303413517
5219.118288373711
3234.5484323840838
1688.6545280625207
6596.38835859704
2939.4843473250226
6338.609031932363
6371.9529413873615
5554.826057097177
4240.452077295433
3697.8345950286794
4086.8002508472623
2352.1523407413556
17174.871505358467
3644.696043527142
3848.563968964197
3245.1449582708
1272.9501096771883
4249.834207552781
3023.7234563464763
101765.59122412751
2109.78773233121
8700.78577194838
1209.4225789483714
1611.2682905297693
19656.96846924138
6731.489071238655
3322.296112943639
2341.1344840623415
2224.9124485801713
2290.9843961617826
1061.7132975487796
19878.0196881151
4885.573102906991
4980.176477622596
5536.704161222135
5903.9533785382955
6222.246862056838
3814.718935537676
3096.5760743069536
7779.129912819931
28199.579463681872
5838.623035623193
2299.2507471512686
816.2003589599843
4054.9575606641497
1983.7921641292346
7173.138633500746
3662.03918311597
5720.026584790143
3320.314647633637
53469.747643533294
4386.882705408374
4244.113415768695
2969.386517393933
7362.002044284621
3775.774494851297
4392.642924331452
2290.4641601563458
14320.185573275252
4085.5612092805463
5575.401616342245
5142.737578832231
5537.786572509882
5789.2798498470975
20322.69747211241
12243.548528317828
2341.127741359007
1791.9973206149543
2937.940598884075
6659.750573883562
5795.873609286272
3446.7144772765328
5387.933160243185
2090.163806900556
102690.8941998584
5586.286628616201
4921.46815547819
4159.565625229813
2225.920632721441
2452.243574660497
3587.7667310449465
3079.8266953788834
3761.9810667148367
43686.74504567003
1923.0127353915052
5301.160135171881
4928.50819869442
2588.019865344262
3771.8283240193327
5562.626293854553
3041.0947560195123
3640.1165882311047
2347.697866631921
5709.1592721788975
3419.174021554053
3759.375327784217
7153.400846913501
15413.847031384934
4148.431272264755
3658.1795268735523
6402.06796304562
2267.8423500848608
17851.692723657732
5767.781114244024
4895.643463314763
1334.4820258883592
2911.7891967127343
2583.0000843802063
6223.38424894524
6277.265848272392
5434.132360988611
4973.398922438077
43520.14866983693
6217.553273000623
29892.444521856458
2965.4015504840404
6811.780490408865
3310.082868344163
2838.1654250141564
4387.125622971525
3776.150980910379
13016.659599845103
120632.98236077906
5668.23953490163
3454.021553518797
2406.241750446185
5765.102328623877
3552.878421765772
4122.15133662923
19272.946464782486
20105.843767584163
2370.4779287445867
3549.9713202010166
3579.7583898384623
3665.4926182610684
4745.527199601646
3912.149300895515
3489.011062289457
11774.467829221854
5748.121158198018
2243.180546477196
1937.1366284486085
3930.9880876363914
3808.0680933521357
3486.261101294191
11250.780101322998
4613.8212001172005
2546.5966309874843
5118.680941156441
2271.9585039411545
5792.473203955463
6339.234341536269
3925.2598675562363
3796.8514283622835
2347.503264663717
1478.7437299578846
1272.0783523091711
6073.961437442649
7082.99550673179
3732.6129251072607
2483.1045876741396
4485.170423719062
5858.639926377274
17405.192507394608
11423.7060988688
3001.7810217546253
3077.075004988067
2223.17302487103
6091.490953672169
6831.7749782922065
2153.6365792715537
5105.955278525973
2915.307291487268
2006.4562741735672
2716.514776101866
7166.949257792213
3563.7912462104746
2159.2652161862075
2834.7733876746815
9090.95841051954
6828.025004235253
3322.667382738814
4624.714796451908
2049.1544055054296
5296.2078724180055
1654.680749091567
3557.4249562605455
5987.457547797488
5311.8137196016
4034.289474529864
6342.985516980859
3634.2656108762394
3678.8883062058594
7520.02589580039
3957.769300699714
5335.546510445119
6173.979939762421
2809.7897694175913
5860.436201057192
2986.1798302337406
3190.4181001995344
6455.142113743721
7531.035469634475
1637.4816830449677
6353.552318612419
1134.0124515566072
2899.1274600702372
1882.588648289432
5604.742064821616
5471.7309812321455
3638.0976126022665
3774.91327699257
4367.983648930059
4898.89768305181
2543.044105842313
3771.8687495019894
1067.9893254256426
5044.053810696506
2279.11568713948
4129.3879041786
12536.095744895154
1733.6421067488147
8206.115880330308
2358.0190053310366
6949.83380470704
2959.917473565775
4723.168799571656
2577.857890083037
5078.846587920809
3675.880096477389
6155.377243088068
3067.547177730956
4934.480561990161
16813.641606955454
3278.0847628250485
2288.034438148204
5514.831650125976
5733.521052688775
3464.9782965868617
2920.9129663944477
3240.7690696796794
6167.181122146713
1987.4058216244252
3690.154444825646
7087.835420942467
5276.642394564065
1012.4360890338287
5226.789141294289
6190.459492843228
3797.155238107452
5114.971348956183
4643.398206229066
5535.915720284411
53454.751642596
18302.39873032591
3300.199396218536
6171.616704845093
3882.3960867673277
4470.025163399379
6507.983846223486
3484.8110269566355
1971.9543243737282
2057.7273921855985
3319.2923357127233
3142.152512684546
3003.247285669757
2797.1372701833407
2838.44968254249
3642.6971313035697
7642.461554441725
1684.3825640260275
1078.0855381513725
3877.89139653098
5797.58024537839
2453.349570581589
5325.986975609678
9435.42969524163
18486.121308740403
813.0905718315976
1256.487147670747
11138.168266675464
1463.8213851597152
40698.38516578084
3942.157906418448
3852.864580070522
4426.2632872282575
12487.04362783112
4219.624406682759
2943.585666876401
2020.3538264461542
3605.7603047128464
3366.153160216668
7381.4249214659785
3099.406928295727
1115.8298974575484
5096.990625629407
3225.9105292968225
4078.108815564821
1950.2277870785285
6505.777048364614
5770.81003886893
1156.8789851429508
10505.983379817477
6856.789229617538
5976.599891651652
2065.0987284123707
9891.067757874316
3134.78977663974
2063.821380605349
5388.439996616861
1080.5446120935994
2389.532125472798
4109.900811173396
1348.4257036728545
1634.6899123500268
984.3161006600022
22666.901330304856
1646.0439538623896
5535.70838582881
3492.988246246677
5736.719798159736
3289.2126148743328
2345.853566019521
2284.3825610794956
3784.449026204951
812.5609362525706
4038.73542361528
16659.052631238705
2677.329283612143
12726.424934815883
5524.380967349862
91575.0957750071
2886.7597417831544
1870.2658003563283
6826.61727570684
2290.0208536724917
1825.4152329273722
4453.604871966147
6272.492050613658
3245.773359888227
6948.891576460583
4513.021157996689
3021.215207124427
6378.782177366112
4430.460815898527
1213.7378493208366
3354.723263670981
5116.966686485721
5679.18708267838
5552.806722865921
7152.236724477416
3805.9848239206403
3639.726156603627
8633.870356483694
8440.358532041384
3178.4428559976027
4219.409845181914
7159.138021907457
3238.2231190783623
5129.992257193429
2909.8686419575047
4808.561743695563
4888.736093488542
5620.429544191664
6274.869064251254
2202.0690078672337
9266.438127939515
3111.795642950952
5671.521057601576
74408.08925363238
2925.5374613832896
3430.956914007094
3310.217910700184
6530.639433404571
3157.8528014973863
3736.1234199931214
19786.85443519686
5171.401793960505
3137.136607461439
1413.090564071867
23794.43517760199
5175.45319548687
4195.893902166298
11471.289532338636
4199.167370344869
804.5320761218563
5405.1052771748855
1666.976690092199
6603.526472387455
3719.777885730806
3348.4592697774824
5087.555555286601
5837.261265402412
6178.941586510925
1791.2861958337508
3263.0659578843392
2821.4926177193493
5661.151051604764
12048.838727336462
4376.6517948133815
5532.269796004171
10520.115601275344
23474.20892662844
9876.476646564894
22053.513613338462
5003.80976174013
10213.538173246307
2268.9575099411195
5523.757378064787
2800.399621557918
5013.317318836426
2583.987089212437
2324.275060957142
5335.396529640087
4786.459408705767
10757.02884286926
1743.6118897283443
2288.654501005502
3703.992656502107
4691.154751539768
9507.842185527
11636.754472699533
4021.09066543579
19330.281187242308
1621.020288674597
8065.80165784677
1932.0911321950578
2030.4047754826624
11192.132274389114
3727.344930539253
12882.712583349823
59472.039401060545
18675.303254865918
5674.359822246921
9122.482183265602
20213.909281634333
10741.006454088754
5679.828478842907
129014.59624521222
6906.901332748314
3953.842634164586
6051.899033505567
6076.887308143439
4072.8492528643437
5869.2017198102585
10485.763555336955
28364.759672518794
13491.496792633285
1020.5661498158108
6826.47255760425
18281.317003208474
5083.856445840277
5001.7591812572255
10107.842138515585
6075.281436507819
6031.441859309225
6270.207037343913
6282.639589913962
5453.978337377374
2689.0172623471426
4703.4309655975
3267.051952636216
3269.6617199146017
6249.450148887172
5115.489867486104
12214.008785259522
11736.27640951279
2795.426269201053
1994.6409324059305
5722.2008117251735
4978.456413830446
3895.99432262799
5430.534575611213
5849.823013872398
960.1742072286788
4672.679684890744
6326.9419032045325
2801.4916885607245
3019.3665104621186
21544.004091146915
4997.065665524044
4861.155243634559
6261.014803625673
1238.9818530843716
1061.2346083024738
2026.7549815354866
3156.0307587083516
5854.594566379828
1074.0837556385065
2373.6751226814313
6227.056617840142
6501.895796070306
1345.8921092950536
3154.1784578552847
3017.6822027927337
5134.23277541922
11509.101127871392
5054.742151381589
745.3282458799994
7496.649460191412
2122.1400346461414
2963.4005445509165
5390.42265656697
120032.98236542873
7527.547460896223
2253.534375597622
2249.9120369089246
3205.820293250047
12927.071609717947
6835.632858853519
12097.907561460486
26026.393348509868
4892.341597058025
5527.991475071102
6832.42450870583
4117.985443107661
4631.842202323424
4500.020313722394
2224.865987972138
2950.9777226979327
6336.833325124137
4020.7956861135044
6001.169661214651
7747.028968938572
8518.348257929849
4671.913733580264
4885.214181570949
5242.17825396433
5599.81268288933
2322.6612515616275
3065.792474539862
5810.69269184037
122432.98234620581
11103.832142587255
2207.0463872242876
13000.809051494783
1929.696344358614
5735.445564963038
2926.7949763323386
4909.593106966794
4617.477548481173
5422.671930537643
4771.518470863068
2254.2513996164985
2181.2190810025613
4626.912395065859
5460.855930569565
2263.7090312406444
1144.3157653028231
7238.8070218127095
4881.507792061257
14327.35571758519
3172.0358735922864
5206.270051157423
4726.918632378073
38327.704754954815
4154.729377005195
6496.220354903154
1672.548837038198
4616.13196742198
11863.736427209458
13037.363364547873
2979.5945139585847
2397.605906521502
12878.783831791932
6035.2063148108655
7055.89497951539
4051.8163217924543
9913.635116222351
2617.983122549393
6859.836052453123
16704.078380371742
7271.202541678976
4370.476935262968
7426.42496386296
5580.909088542907
5868.1275868960065
2828.9786493202605
5133.1604926898035
4264.832874669572
3683.8125448806168
4401.109693402502
3596.6482755732404
2024.8420767487678
3863.5962374217734
11040.231276679624
4351.603664386623
3663.172470561734
6831.3064684134215
3619.4709915709436
19303.26058183861
2255.9464307494172
4595.102430523182
12178.221381481026
9108.162133916383
4173.041384052152
5039.027439160899
4413.723932340854
4240.319635283577
13048.492879258867
5446.53193495499
5123.732587210666
1975.3388984835879
1920.0821278131975
2304.9214284945433
1589.2243406746395
2800.8954331570294
4614.02449024497
4658.259535854218
6075.087355693365
18730.1796592816
6818.910672972766
6199.812681709427
10650.780149614331
2165.8270283830825
122414.59837247228
1085.3128414515666
1978.598366261509
3694.73720031271
5882.62725955789
1811.8370973080214
4271.83514840793
3380.511609905017
13545.921503774402
3744.129780241098
6024.596451428275
3221.526821839937
2118.157779146271
4854.1033083517095
5218.875365423604
10202.374484098584
8509.191888197105
1962.865169296423
1020.0412358773422
5439.259749177162
2048.7412574069103
8877.404117402615
3501.092794863701
5574.177431594765
3156.4496358977535
6335.546989812039
5279.501710786738
4008.23296388013
3680.17248490587
12220.959058327784
5557.158061357047
1474.0279689281397
1069.9369420874846
11591.170156990127
2269.842937848183
6198.60891062322
3008.3131415283915
8301.107915499979
6980.105019814371
5166.332871623246
5009.509399132257
5576.8001810496
3812.557135766093
1691.7009718318172
11686.842095900169
12267.029809097947
4029.430486459236
10746.739963232187
4728.055869117897
1866.7879705343441
3104.4774723966643
1128.9266593975697
6651.023646764309
4993.367508376586
10258.339590121994
1476.7979329108412
2073.7010032028656
1073.996503596894
5236.945263107597
6842.022412033826
6292.782021632324
4784.970443793416
5736.403638182537
3305.1578392278334
5202.131935092637
5706.901401343522
4915.382294526558
4588.228745966527
4487.801247858305
6314.682609352266
5334.323444250087
3950.8295864924635
12542.897437128731
951.8425595234713
9100.944315276041
4666.844063267248
2957.7376029257925
11480.376899930494
6622.848256115947
20282.535741444477
12550.894181684302
3975.796416657124
5650.052646651649
5181.308401297781
4707.981182150976
2500.162100124419
3114.5174313679154
4566.258063234797
2997.202729337918
11126.930368315967
3067.623464763367
3236.718758342525
1939.8313408981176
4702.682453447603
12225.670158047626
9918.059748321131
66996.74418257739
9395.30140148749
7273.8221126813505
1329.2129315183533
3654.152764254987
10787.09447427453
10700.874308059309
12640.959707986238
5424.474485333662
19345.757021393725
2277.151379439516
6658.832089312781
1956.9093659706725
52869.74785640553
2111.1809031183298
3316.177917749613
62311.70599088354
6099.504141141256
4747.022024009014
4415.432011879219
17777.95018519697
11096.862014215087
52887.7367982345
4423.754049980115
2966.9372083624576
6789.9359984743705
2959.927993693525
5434.752257465741
5229.191347172766
11650.51399925859
6320.581334673559
5298.121363869611
10838.710543408053
10304.462143150076
5949.586034418501
6508.179712537647
5816.196014090018
3124.2144689411725
1072.6513121828882
1672.7481791838043
5252.961312165833
5268.67018067314
5751.46338300387
2895.588411502474
2311.8340871506016
4746.409058062008
3905.199220515842
4533.144195646419
7478.371717576998
4965.121007050212
8032.112658510624
86489.80752784247
8280.91682089612
4254.976972985822
2451.6529897721834
5933.189051176634
4417.712268452224
1095.3092461399933
8007.134040727256
7559.101415099231
4501.758555696214
3106.4356442616195
6644.937968611853
10280.24870713319
5751.62867561088
10725.412566108833
2112.7459892462657
5630.276773932278
1650.6460706427779
5499.022653622499
2573.850375747049
5831.102736770254
3724.343571558814
12996.757788092174
767.6867172072593
1141.7142369110265
1172.3370013163294
63963.81130837815
1250.2424304518972
4597.8476575933555
5265.778112114497
123032.98234586917
5127.211647630478
4743.474067854192
4463.14286493279
3301.208052447865
1089.559729176475
11513.71059407815
5822.390575270947
6597.501817613846
1075.4864123491443
9602.438116062911
1757.5593941275404
442.7269450956405
10330.038609007022
5702.49766583134
2525.9528330949774
2801.200619061167
4368.38411059346
969.8944144968199
2324.5761171897325
3410.879053178576
4832.560042262376
6174.543707389807
5660.72173020875
2355.0841815082476
18875.51793094447
12607.312380890991
3754.7870190713984
2008.886595016316
6077.527176454569
6306.376132051897
5319.76997572112
