5540.805430647706
4871.818239139066
4869.898147010887
5435.806504292473
5435.190292328309
5537.011681414402
5461.883133716169
5538.575522673504
5537.522580490194
4235.297438223968
5435.209540426105
5480.180215370724
4280.040252612436
5532.797314940415
5535.536879796678
1805.4128896541454
5482.408772316753
4236.09921773614
4282.308621816853
1804.4295162174087
4279.183692268212
4278.92682501713
4279.845520551774
2539.8906859345675
3019.232072963204
2542.6769426110704
5482.3966209248965
2535.70275636377
2546.9524744443074
3021.2199905941497
