61550.736126817195
60950.73642552117
53199.92513604214
75722.63633580561
53799.924938995326
52599.92539454109
60350.736749885575
54688.44672230403
53148.250458603
53748.25013083391
79951.58737639918
54348.249903599695
63586.965434044745
54088.447017184095
52548.250810331185
62150.73592188286
4147.392837409649
40358.95718035942
39758.95738730971
86858.8931431562
53488.4473433143
80551.58703212993
4154.5043672952825
121904.14019687814
107698.77295106443
4071.041295858585
51999.92563471241
82351.58587339832
2703.170975875887
71552.35702986358
4008.756650352079
19421.14844619745
3675.5199616107657
45367.2250665826
67593.45011553496
68198.94662640992
55288.446494454845
80754.49465355178
72152.35666148429
123104.13971348199
4457.910547798022
83551.58527049841
124304.13914184389
76322.6359114357
3666.8460567072416
4134.224042192268
87458.89275040678
20021.148312806643
3677.7821033036403
59750.73702383458
89258.89198275984
44101.964827363685
5057.910486011896
4612.980649402138
82951.58553772482
96518.79029785671
69998.94605352245
3404.4728519698
54399.92486138112
39158.95765437904
3176.382443532239
2704.720065564587
65800.91514483978
64600.91589011376
81151.58664860198
4921.96418744702
35580.073843961145
18433.66609997261
3979.156933866199
45967.224760930956
45301.964246701515
25852.994845457764
94118.79193530696
111898.77053455281
2271.0413415572293
43501.96511705583
84151.58509205296
3984.773500856586
5838.637090868096
3498.643789134668
29142.54500536683
3955.9889179348575
21289.24753653629
4734.223989218691
4141.244685389995
3995.1194328608585
4004.5173512985493
28542.545172200516
3701.3120485386503
70352.35766364304
42383.76338246831
64000.91627514738
61786.966563348076
22090.703460892135
22690.70331650758
18149.71320746502
3959.769047463924
75122.63675498491
21062.259315278854
46325.51519008787
2696.9730587894123
2052.8444430184286
16787.86160558991
36180.07368472843
95318.79113867473
4496.017784801631
61186.96685899549
4604.710120919808
51948.25110335934
26452.99467194546
41183.763841035754
40969.04246544009
3534.224103020262
37599.15653804619
3476.4816222251234
80154.49490908642
5852.620160717453
41783.763628703426
3896.0178407038147
3161.5357272755523
4098.643739696204
3476.865199498525
3692.1386864578126
86258.89353479422
5249.76941105045
4980.417364555268
2042.0692609920536
69393.44929741963
52963.45614934445
7480.41437760068
1970.900135987028
4287.834172559103
3474.0318165553285
22659.85099230009
111298.77079499493
4503.141101427007
68793.44952027453
26506.435639588803
4613.471109898831
62750.7358547475
942.7427591216689
4596.071196819155
3568.576798136925
3663.926715410365
6519.0689211869
17751.249271918667
88058.8924018557
8543.683016964702
30031.7294098066
2021.1342099744331
3857.9106172767833
1050.657695272753
36780.073557218384
38199.15628208927
19715.925493150502
79351.5876573033
1953.6117343477354
66400.91487211913
3394.758717282568
4277.78204573029
16187.861715482495
4492.1563391951295
25906.435774971957
69398.94619218724
3953.0391340173155
1609.1743226207182
1418.6008212205613
25761.80387379655
10607.539081829733
3359.1214442122205
60594.5822113448
3017.5164836483764
4169.783985390284
2715.210601873611
35046.61122920701
4603.562315446848
45725.51538001412
3279.147742723846
4604.517293725625
22300.97462665016
68193.44979992072
54043.751323111894
1676.4816807283999
1322.6527991749617
25252.995008679027
3296.017902383609
2006.3984875874626
10851.169376138792
4515.917657623139
1662.1739918423696
4293.752591210797
5203.269226027306
4380.417424342164
55639.07173430015
46925.51500858386
27234.263813164525
2715.015074735825
32487.691551026244
24652.07375289064
4003.269314691408
21158.505419904657
38703.84129461197
2040.8804829027183
23250.87055272659
3336.136945952931
70952.35738429529
39303.84111073325
5284.841327236006
54439.07204694186
34483.08688851669
53443.75156637849
10237.865354781392
5271.418064522378
3972.637930720463
1839.2301858537794
20689.247697132232
25252.07360367159
88658.89213635193
33625.90357303686
5369.783914093648
2020.0761685550378
2887.7709339739768
52888.447662735125
1957.6795592584363
4721.968174413008
4752.342012553323
1370.900168328255
88868.93072605808
2053.2541957003787
2553.787428556217
31887.691716526635
7755.659091623075
4741.523267736692
95918.79070844702
2898.6438347272338
1607.0012861377406
10706.121247929244
108683.8687492104
54643.75110761542
1477.4263468909196
16219.205038496006
4975.500096327866
3631.779949237278
4086.581162650975
65793.451045324
4674.141105230233
9350.1357067987
51763.45639208999
41569.04234790293
3552.342116046104
4603.269256552114
22650.870682832698
12456.333576969528
76189.56273368764
29767.109070546674
10588.388789929619
2967.1487379414043
55243.75093628374
4974.847346400501
12691.021425349372
12669.20528867989
3676.3678123992177
2688.322900260837
1340.975910286118
1940.9758770836947
2264.8106655268516
12784.82441048123
39903.840934012536
2747.567244385813
3990.067922368175
1353.6117670219346
23290.70321771081
27052.99451845854
33087.69142404463
52639.07309154833
93518.79224495703
1402.9052879403564
5657.910447164318
702.4923177114363
44701.964519564805
23259.850847010013
7401.890795130811
3832.7573723528812
33883.08699155638
85658.89387985818
55888.4463619679
5706.382718572171
3398.5699290664247
3400.0785011270873
59394.582519572876
5316.132915320845
21490.703614473583
9760.680167974837
4877.782008489054
4181.311889459845
4074.031754906561
5204.517269173613
847.6731614227988
2052.612655059302
46567.22454794971
98918.78937628068
5343.455004528238
2934.22415957158
3333.17738854224
2014.5152373453204
66993.450443843
4152.3420589089965
5278.746260896684
3359.829522657834
7160.371578460809
81751.58625283999
9104.818573787988
4676.865103553489
15150.074388860137
5547.743695657737
66393.45076121227
77389.56256633229
66987.1842070609
734.6325272185267
52363.45626655846
2694.539143171559
3675.334641900423
4997.013377304805
4062.173909739473
19115.925620427428
33687.691352532456
6668.192455166014
38799.156103816764
51688.44814049553
3354.206665884965
2638.763987792042
8783.313797817587
1391.7210877695277
40958.95710119048
31810.01921956708
43583.762902986105
826.4674988010192
27942.545342306734
766.0213586871962
10850.975213452464
3405.9005029666455
9946.054562147185
26768.04190759664
23850.870480813137
4654.873722972096
22900.97446503429
2990.2125677786617
2448.517255491031
4374.847387656329
26361.803765212044
99825.33671445757
5862.042805192846
25786.731610554147
30962.1902363632
37190.83901388858
44767.22539219546
2867.3679183570293
2018.6007962743433
5842.681142680801
3995.3558826601366
3365.391651422112
9381.654859221791
26386.73143636178
53563.45608206075
4659.438180122884
11221.294295996136
21402.965784046206
2540.9758538833516
20462.25944265169
3699.6443293469606
3671.6139284190517
9059.763633933302
14174.7297869993
2736.1369929711664
29167.109168501665
2024.6109467713795
2691.9032220431236
100425.33661184594
13056.333488666292
45265.9036445218
1842.1764342617141
4013.471162628071
8445.379453425427
2879.274197911683
3335.4039847588824
97425.3376980764
77522.63523858032
8146.103176971268
1448.8775073492254
24829.47297799765
3174.847449281441
5096.017746240743
805.3860086403204
73952.35603807948
16142.960532046958
10926.492258425846
2803.5520886707463
20202.966025743885
19602.966150716566
52039.07336131593
2098.8323489809354
5024.035763759509
108298.77265603819
2255.4147911314426
1329.4703199528428
4999.703027979973
4171.558945511226
4706.29188959526
4062.4106578572287
1956.8539864742936
11306.121171912915
5624.035718468906
12128.659218380057
2365.7679335847433
62386.96618382626
38103.84147229398
20802.965898328028
4385.41210665359
15550.985463854062
2482.0103318842557
81954.49417272615
2051.2055751588528
108898.77229892017
47386.91777425082
44783.76262632508
782.3140437787848
12091.021498050315
10237.074485623481
1666.2815922689028
6427.168342103601
9419.180723916415
9399.218444167942
3978.685341294923
11277.5999857848
55039.07182018548
10511.663005705892
3996.0712527560627
19033.66596404635
2821.5696145901416
2008.5841753312243
4321.964239138821
4120.716673871078
833.6717564812898
749.3192890622871
16742.960418195085
20315.925395785842
9041.214209879157
3761.535668276074
1115.756265302974
1670.1071925287063
3486.581221824983
831.0497175544983
14947.175247324298
73352.35612221262
2026.928245590045
11837.234084381436
3296.9730427279674
3866.0946675191126
10906.178107544867
4037.3287501361606
12277.927912291696
9889.435824471657
31287.69189998707
1507.701195599435
761.8020877921891
13771.675408855179
9433.463962777952
66387.18427228965
14035.971269173902
6560.371627504441
16770.197078582703
1332.3202914156223
2439.9519144773594
5521.964147245
7577.625503754738
1492.5273419996643
31867.397065937672
2797.737196623149
1485.0253459486162
8059.546014912615
1046.2902179912835
1944.388966057318
9122.328027996991
25161.804008003255
30687.69207944837
9433.056797287387
78751.5878554905
1664.8106969438381
2876.4816373816107
10618.597445111778
8753.547385956472
6446.504993903065
8546.178826892952
5574.5137575795325
4546.057565348985
2276.481645609439
3003.879184813459
818.6008448028197
19002.966258708166
1943.8242496450391
3569.784040347653
2032.2558662841245
3461.8733641314016
4030.257847711661
30631.729256105533
2491.1118251864
10926.932871082654
9171.3529868458
8227.903134384946
2012.9889071683176
2065.9140494866024
2278.402372097583
10132.297799209025
6698.467279508292
1953.7874482783095
3667.6185572371032
29742.544911466655
112498.7703621911
3276.5937631571587
7331.353924845785
5705.441651857806
92918.79246446995
4076.055078332634
10927.712340821585
1590.0679745246525
5020.999377154403
42983.76313068166
98318.78945816931
9749.87029451182
67598.9468243764
6762.449063248701
8243.799340357937
7938.247310392854
10949.648276038359
1661.9280101629522
12109.255192567278
14568.051818578107
9138.247242439258
4700.679150039488
1333.861570369199
5423.46544293213
7522.699919891551
8793.891414152213
1937.452459376248
1041.5351726045872
47525.51490541235
1926.5562440087874
3689.7349795084697
7961.301169870319
78589.56249896974
2021.3289983421118
1346.6376403669608
2065.9971888379637
885.0253651744262
21662.259265893925
17097.954698402074
2556.853968686222
10235.992940619826
1632.00112910281
1642.4754711093653
72752.35634137841
2018.3391701276876
7237.146533161189
8827.903098576877
9428.34780022819
9766.005867684498
4753.931312954497
5580.417329812484
9756.836187296789
9089.42029425347
5249.084978535344
2458.82190810323
10907.324806587965
3045.646079208789
1200.012068579333
10948.08340916954
9100.375640113009
2866.281545659468
9746.178764443794
2038.3367243377288
27771.403702170584
11856.333657524328
97718.78964932577
51043.75245899565
2988.9100923605056
10587.97347092856
1931.9993484946892
787.1005442590665
9146.17879473552
1382.3140367614499
126104.13846793196
41801.91424230189
9088.514301996624
28371.403542929656
3659.262901103356
3840.9166972511644
2463.2384685378534
40583.76399606373
5213.471069499654
18402.966337561185
9126.917742124391
16170.197176230597
9443.718168687179
3567.1486875615533
4864.525259800731
2008.9129859965778
96225.33814366853
3936.136904628825
2555.279884452392
3691.747868524724
912.758895997807
9427.567251666556
10504.070993486619
107098.77316181421
3436.823704511655
3825.65567337889
5165.97521688727
67587.18415959638
733.861581498489
1256.9221454071376
1499.6774313449544
37380.073526665845
4570.791053265198
6597.663493123396
26986.731301739557
5901.860283076726
9438.75546699992
9747.623673324493
47665.90279265657
15542.960619678173
4769.783942865341
10562.066736601939
1065.981460764566
5871.418061074923
4541.238489222488
67000.91471284711
8484.587753693242
11695.302923883974
9136.593642446162
10975.349717402112
10567.45183710363
8747.102212854603
3390.0679333035155
29840.58752966256
11674.48311495208
2457.45413545045
16075.10856060548
11526.492229782763
2096.0242762148146
9143.68298107018
9771.33791169083
2188.2620166458905
11191.507215563019
16860.32551008957
5846.504999340915
8173.267925872868
2231.0167416286226
1340.0178739732953
5195.119348665175
59994.58234329026
2822.722248086666
13171.67547920576
3362.8685609411255
10083.083622758615
17197.466080685095
847.1297622559705
2000.8545616757572
17151.249405378156
1337.4524644793544
52843.75181920395
6850.654738887918
65787.18433782128
3257.9106812011114
3082.0103037160407
2188.63032926824
5332.036146104366
1186.7945976304886
4006.2008804628194
2676.5937867387156
1324.8897750408576
10586.87655292529
22050.870815689294
4357.879849652498
6922.699975998434
1361.8020785116114
8415.119706209913
2712.831396276237
3068.730157373387
31313.805344616674
5523.92185865451
1128.9746855147268
1944.8245973912158
2181.9600807936763
8774.62417578416
5597.013331986437
1011.1306531452511
2438.608352560056
10092.921863330457
8765.229154041068
8901.793379437166
7974.847252672834
5704.062378793812
2040.5721593703913
17342.960297563965
7951.711902003761
9174.847210419844
7274.432298810936
6454.621132503981
40503.8407778048
3017.476550439204
3391.4277339477744
2755.996552423815
2023.7957930885623
3774.8474229968147
7602.759508820496
5255.745001309057
11168.728870145716
12650.430653883446
898.0661868628416
14704.725205026725
2455.8572666145546
6603.91421547857
8451.347544040444
89468.93063603678
33010.018994822945
10566.194143733854
1961.1822488937457
17460.3254560585
1940.0178703223025
8188.721470254564
5854.621138044728
12076.441437272972
14950.98553072651
75589.56281638281
2647.1682090732
908.0580277613345
4500.178677664322
64186.96519157801
6157.879766362287
84751.58501612434
4192.799295838651
3401.7233499418185
9730.410106997268
1582.4411897079244
1820.9736570371006
10085.178697214578
3947.801981230808
1767.6321545138157
18515.925735648718
1863.2384900668278
5737.497454171398
5567.80653295728
7971.272001028963
20573.360584644437
14216.170219801126
770.900191564737
2232.001117328188
7060.246292072588
1639.8370950376973
4496.214653086377
2367.6321402580356
12065.13992703211
46786.91783182769
4004.4712484502998
3331.7674573985882
12157.392323785576
113098.77028888288
10971.408101305653
33667.39646487895
3325.72382218739
5458.179057645566
27834.263741905288
9865.206064135738
1706.7537052827179
10326.492314516589
2318.89101689348
2739.998080388013
30440.587331421946
1106.7537165058811
5579.417548359371
94718.79155759122
8079.35751615416
2870.3589971512024
848.8775295796418
2387.3913473736507
2077.4263456177046
1431.0497034460523
4690.483770518983
5999.4319118871945
7340.928398667544
8488.587169102124
2570.9001207427423
6318.813818529966
6677.870614719568
21173.360499486167
9005.594907918225
13523.524762226301
8080.414354558356
1421.7773383399244
7001.25453132789
2652.8444386713436
5301.8603180630225
1588.6303526705321
11302.336120295116
5290.483751325746
2805.900510674756
5585.545732037149
2020.5582646135442
99225.33689538435
3583.101856626712
4173.875231179251
6174.811597441246
5281.550191539953
8211.30625233045
2530.4730737373943
5696.017730731873
25469.928037212423
7917.740696493596
13822.641136657265
21202.956324548613
3807.3906229449353
3999.3289871889256
4162.243992874122
1516.1702366961247
1085.5769494606889
1338.6985129559603
10832.995217725922
24182.093428512704
2990.9337587993987
32410.019079847367
1365.8467884234585
2024.0360252147152
6747.628218935548
3663.238439037523
1590.7758071253957
1943.4114338635206
5156.9687622491
3063.238448567347
8765.975107409378
10493.938127596924
3805.5152963006326
2679.147770587444
3776.3824004197672
17370.19698363065
7635.539320948912
6342.463254592801
2262.2174136545736
4803.381565870448
7805.594939039818
9422.194701161698
1069.0369664201037
3871.1104520647646
5720.847223042651
1641.5351715090328
9885.50458451471
3291.9032016933265
13843.850974697016
5422.663895758989
2552.3833171348624
1051.93955464909
31913.80523242332
4580.672271907999
2557.679551352864
50443.75258353287
10841.759505708305
9116.955610205774
19973.36069063585
5368.977744994115
9111.825110400616
2872.6813029610385
5581.622652438684
2220.337003141222
1496.5590084176388
2611.2791572635183
1573.1413685831985
68798.94639788641
7332.81501833953
5589.8302402612535
5773.108785501894
1671.0413783323881
2212.323920505284
11684.19912142466
8152.055171235588
8122.699894408422
6343.029839338723
3700.575071243526
5681.79174142454
3945.259048327084
3105.3564563152877
7884.795063203598
6965.9751818823315
8756.968671319413
4595.119374946624
1933.62835283007
8803.981482466517
4579.051065314641
7659.890967519192
8482.57401683751
3282.7602779119184
4605.335770732005
6982.598044969573
1502.4400237708824
3288.3228843502857
1179.844496523832
10085.197171760517
4755.391216656496
6178.14195040156
5896.035610235664
2867.9607252121914
1620.3370165750284
3838.7639217865512
899.6774482651946
8557.879702779594
3294.5391331861924
9950.135686689451
9098.986807770634
10335.831499011912
1636.426312797618
6850.497693277138
33846.61162718447
4171.482068704466
3808.865470053884
13291.02140036213
8797.4822011713
13989.27999626398
740.213767715435
753.6117899621369
3686.722583091199
9759.259032526114
1594.9713060624942
3388.7401157355007
10439.632662037024
42032.59262119585
996.8719327117943
4177.144401575619
6234.499983790204
1220.9736733837988
2533.6283456051433
4186.825402470048
8165.975136721827
5397.001800802065
109283.86863128994
19763.642027162114
96825.33795149066
12250.430241348042
13656.333422442183
54948.249830215376
34973.2905224031
7353.817607930171
4748.359937511833
46501.963986809154
4034.868120472573
4397.013436023426
3019.6409768968683
2797.618825193746
1645.9117738508842
2684.4619779983586
3334.9068862886343
8491.424422247113
2526.5562221870937
724.2652581480625
18724.249455581114
2078.8542802293996
3938.1095449874156
1178.2487837728374
1884.9934408031634
944.6441803178665
3461.820172681681
10847.79605727585
4299.644280695769
6630.985809376802
5303.642130806812
22002.965697370004
5586.954091459185
1928.954159959239
8039.479191748532
3397.618823081563
3797.0134909753315
5373.87514946649
3343.489923199186
27586.731253419915
9634.38981866582
2118.9559280983967
7983.5122301736965
2085.02534064709
38558.95789693368
5566.622188166649
2790.0679468678345
3212.27346336107
7613.523308794799
8213.471011053798
3975.5452527118
10096.951579131395
26168.042079185405
5590.623228599559
7031.8003688551635
2329.404515641592
1845.868558374029
2553.611716785715
8126.966550747445
4246.485174201436
8220.255920256011
20298.518372486335
2420.9736285052377
4889.734888907405
1575.1041003211035
26943.556351500167
690.4879102205832
7556.968721214528
1010.7831089483668
2057.9107625743372
58707.492814875026
992.2002381240076
1932.4180322208308
8532.829687899646
791.7211115882668
4855.027545752936
2323.9986657346312
13156.284044090358
8156.968698560764
2657.910730464834
3459.5256986206805
11366.217123150775
3058.942579338064
4024.3863257188473
3658.82185967245
2846.465706882035
5259.813527802907
8452.357771532883
1263.2385049633083
12730.347587731145
13784.308663172054
5481.152713159673
13726.312794459041
3997.737173623614
5221.004675022652
8510.455383645289
1356.853993681497
4368.592897006626
4575.545249834311
10901.830475194045
3043.939588073569
13098.862151281544
4350.439378200519
3165.3736302835096
5591.640173528248
6166.832729658356
6237.24735851264
8472.389957191432
7550.135786815002
4001.7233454147345
41201.914298432006
4034.57502305171
4348.910594365981
4036.823690518927
11202.01288708767
4681.813012137542
9107.202618736641
46186.917906927185
988.6303776360069
6111.800222676306
5377.114860148132
6652.476125686156
2058.7047984876067
1056.0370558612135
8888.693348572295
1071.0414193949648
2366.4429608580563
5428.488114193447
3486.3298096278386
6466.658849738457
4954.673474584778
1685.576942687989
3748.1269880506043
7918.246859746999
738.6985281354133
900.1480020356508
2195.2220291513318
2009.4205219342678
121304.14035646514
17942.960191624603
6365.975195255093
2359.903400105971
10212.529898523973
98625.33713750845
5217.406518250434
11397.041644886762
4698.643696046415
8793.002991851143
3356.605958749612
3375.103999005787
1965.887460002834
5414.913445372444
5424.066266826503
3330.7785941801426
3323.613358454708
4806.912859847259
695.9297286994062
3562.244000628157
1424.0360416383492
892.5273614124385
15395.699132001082
13561.745416036634
8263.054462676666
6174.847291587726
3480.1893375738464
32162.190081841974
1454.7477944565314
1786.7945870104747
11823.77037823635
5773.895830581435
1167.5980394422966
4356.608510312646
45865.90338319608
5066.797691684158
6812.688864257745
1581.624833906754
2907.2452761433865
2245.911768941745
1637.0396149753562
8812.837860669097
2968.5768271807992
7119.068882807291
5294.663324128097
1205.0423807176664
15168.051713418117
10109.987124697647
6793.143372241678
4289.053322813176
5750.135817619243
5620.999369143769
4013.298814735806
6350.569329857952
3991.4277307347284
5489.42037943586
10564.797928364476
4536.136882509308
6128.7063661902175
39399.15604930585
6105.652109120872
10301.830543422311
5547.122979807471
3465.8009300821946
4957.879814688243
5458.471459587665
6344.795634523658
3055.857238720273
4773.875182883217
11279.2802321456
46465.90309788516
864.4000945466368
6487.065439353313
6102.215900628357
13959.755269485162
8477.313250935029
1916.4113832956696
6076.498453239023
9389.172109127903
17565.83417775799
1513.446131626277
1349.8429259742145
1326.556272287624
4292.394677884588
1858.8219350370557
5106.3827296294
11289.133646955815
8821.429696824753
8403.234404894407
1965.8467752307545
1049.0875639404953
5882.173678079229
1081.6163755821703
7712.269343420205
1198.0910802219225
5462.624580009046
10233.7994873612
3785.412114756049
4676.055072731129
689.01900890589
13431.931611651877
7103.214942630214
3757.8798792582584
58794.58268765695
6146.178904014255
47167.22448059514
3414.7188038700797
3035.668745389653
4015.7912515681774
1631.016746267266
13902.990897141684
4297.598260230315
997.7092219315062
3739.644688443874
17820.678717864244
765.8467974338432
5242.681152981429
5071.816215131644
5807.2765068166955
5753.324331150988
3502.469071638176
20890.703740691526
1336.891181549224
320.72377033943417
5424.316540205563
6669.096052544894
6427.903199454997
5468.701661886993
7353.02241057505
3003.6416588287298
2136.137033964396
109498.77190585613
10208.455561012523
24652.995134034274
70598.9460071615
6089.420364167884
358.12102396652125
9356.968645204652
13057.42108694414
4828.102470376618
13464.141965712348
5437.196505252521
4305.263776077106
2328.135607537043
6068.701652545584
5571.308304417231
25852.07354536613
5569.663413665072
31562.190110583928
1658.4611977163545
6855.728430923478
2908.759539447971
1034.7134941379302
4571.5474759634235
791.421117546068
3574.3400929250292
73922.63739051134
12235.467236266599
709.7119804333744
5832.522994264414
11331.122765520675
1290.4879006096292
2234.1659799637528
4174.340084932108
6487.954989319832
2145.8516766788557
9298.407659524377
415.064128795549
155.46197936653994
2551.0687678379127
161.18033536981164
6032.826541734654
1032.001145187428
1045.911788890602
2601.4968179537004
2198.9010860724047
7943.683049035668
4309.0369424800265
30362.190392010638
2515.3466704883435
7690.963375569588
12652.600093044994
5817.068053566438
6675.751854434229
6787.117180010605
6306.608277931332
5800.910412251882
18307.770526091837
2441.46241143099
5662.277974820238
2654.8270905379627
1525.6503888608656
4921.200567176778
1926.6593562493363
5483.906057509303
3058.821879676506
5010.4199914941955
6929.078318718538
1200.2123732460059
4797.244465671256
9144.684983955824
10685.197098622757
2070.0833576831824
3067.618560521553
6829.966203253087
3053.7452292229354
47065.90287804819
5290.870244566921
10118.801546814262
746.6376521327587
5140.821367588386
16438.162596756014
16216.820115600007
4361.58674700728
5000.472473651168
5262.41065274046
16874.462271926208
9041.842507699876
2050.450007361801
136189.93615103842
4740.320682491917
1267.955631002345
1938.6984952373043
2466.378120865176
4302.051039700091
5740.556482070073
5148.209069836637
1122.4906239878962
2261.9280073769196
3169.497028302802
5728.80475033584
1258.8219533038043
5252.449681163306
3691.0655242872485
5280.232186810875
40832.592859042794
8811.700295065337
3776.9925629513923
82554.49402432333
37503.84163109391
14782.399524437536
14112.353486954697
2682.760299245722
9075.494093170742
11358.125995931094
1112.6578904265846
5588.459016643037
1353.3094549782813
1057.793016104465
3683.42588924239
4118.410012278384
5145.957348566195
2678.9194976645194
35573.290284510265
837.2593187478969
2690.6133731651316
37790.8389333248
2450.897909299632
8405.594925701373
68187.18413854839
4053.5224352732903
170.41779270020925
2726.1160179528765
13150.985825778065
2427.7849497858974
6396.834988417642
2324.001474408375
10123.83707444024
6315.635877440109
5267.981041638357
11301.894300431288
4889.049929244733
3967.0992532263476
2764.1114853670156
6197.013309368609
1623.8191876749802
16716.414060341394
13521.531398978264
2557.8799147909936
5419.449286686548
9689.42027409034
5023.591893000735
7840.497213902852
2543.411427332876
1326.6593616866287
4004.7101760991
6866.509973087697
5737.1537837494925
8665.206087915607
5368.969074382592
9947.10217132455
3463.926830543329
13421.810402010087
4345.60113946039
2204.2726830182637
10454.009369956857
11305.836143097657
4101.860422348945
76789.56264335423
1610.8427158999623
4238.872191577874
11673.093155216151
2495.9297106375748
331.8046762290723
5733.812739943672
3437.3287634423327
1315.244807856976
4723.025025458929
1997.013580231027
972.7000112974342
12382.375527512706
5557.801484810313
1001.4863468589327
4663.054533050682
14012.651249516153
4369.599147564214
2796.902073544595
2376.210456400624
7520.497713414562
7894.599179630542
21802.956303627474
2865.8009353961215
14454.254639398605
2396.0479459106027
14741.048786525995
715.4843473997365
5263.06330610119
15458.477280707046
1519.693235718228
27652.994413483673
15255.722389072227
7265.579099018274
4957.801812712385
1085.2908325677442
5593.825325392859
2329.8545093962193
8805.05796612327
2973.87534600955
9384.70687712138
4827.230368249405
9880.258481218238
5467.7471477150275
2574.84746543192
30949.032779513836
16147.316891535915
11821.294265019638
5707.116736619202
3832.4563269931755
3626.0386032966544
1915.2448054932406
1036.5504361674143
4718.410009858171
2312.3108674661703
7085.049282265024
1991.7210590253858
4125.32136527062
4988.88065490082
9732.829612447238
25177.239085341338
1284.9934443573413
1746.795753145196
1917.6177219033837
2336.49878069141
4674.152471323516
857.9826640323054
9989.172094987845
11789.298084717899
810.1317845965666
847.1787239472386
8644.500484214246
2298.6438703667027
6101.141933569201
1547.2483723877165
1974.847473079421
1523.1076615518107
2337.0548192621104
1601.6218643016775
6389.172440799686
7862.317319060645
965.3792147272427
571.2687639524283
13272.95034546555
6389.724120541702
896.5590273488319
6691.917026169524
33057.21144977441
8120.497706716599
7628.57338834611
11243.005008123619
2014.9912416893512
5460.461039852201
5916.840628276073
1162.8529606843479
14277.123971436313
2029.1556336484273
2390.135771893212
5264.810631875345
1118.9644126682433
1856.9221251183433
3105.1100670085734
2439.230175945569
1061.9280248812868
12186.977366437515
1559.1253214873093
3993.9724967789944
5334.223949772553
7096.956753945951
11179.39690768637
6262.3101455785545
2360.7423880408805
123704.13942814387
2869.7180063939186
6398.0984014831365
2730.7786205918915
1452.6214565166606
943.3580960889902
4054.3066519080276
14037.845217554448
3821.6191106090173
7928.138388605636
14514.89782301651
4247.934270560303
5802.071184921018
36903.84176004972
1649.5850658565198
6404.969652560199
13734.055568025835
3412.374169125501
2671.5118291946555
6546.3958690745485
990.6991219970761
2011.2791613336979
2847.791655430869
5805.710279309695
1654.5398319004375
5326.970217632875
620.973680215478
3364.0077980460974
733.4189096187574
4757.266501035726
5561.498765008938
6237.317098310977
14322.64339284403
4830.235324315973
146.17897750325304
949.3204276642781
15755.272703593313
3327.2847144623265
15561.242956371332
2442.1764232911414
7696.956739293376
4808.070834151078
22602.965650337745
5680.712531214181
5598.176038395849
3452.727563843038
2582.662206353377
2015.3164592464368
5568.107842092763
3165.846746258123
14996.011492115907
24229.47315126937
340.59205167748866
3387.2521580078583
2696.0179568357353
14372.037775101706
5294.207555579351
8108.949691589587
3598.3841735534743
1839.9519404858204
902.5977620913878
3047.3800726039776
285.8572009028563
3069.84755315925
22477.130231273222
62800.91685398306
3893.8037811336753
2340.277197042915
2952.342171521589
4012.9807054531893
6046.189111570961
2109.147601754693
8126.1703682991865
9726.492389879246
2586.747222816528
64593.451439073346
3979.0746708903516
2528.9541460626456
1332.4180648775323
1339.7662887348552
1072.1374145200425
2078.9195011250267
4647.791627687918
2329.734182694491
12370.809793135326
8189.172228243816
5408.673208180739
9347.102188143828
19698.518432730805
724.8897859737815
1358.9415566800492
2470.955835615898
5730.641743339309
1318.988373629643
9742.391027297204
935.6397170700849
5863.0545120945135
980.4747051718468
5852.382224419894
5411.978416562616
3385.0611110499644
5502.848715464744
1317.6177254851611
5105.441662603258
2403.4749465265477
2680.40077621018
52288.44793864875
3216.1394975359167
885.952254961757
5298.29759542284
1394.2118279513707
12427.021249291174
303.4359624047318
9427.90306484756
1971.7076097571116
59307.49277473673
2780.0716211693966
3359.7690710659313
2583.124151353063
6409.402405932629
3609.830777927731
1060.4072713905578
907.2752647250547
6663.375916097106
1604.6686986533202
11154.454990458766
5295.637212478839
5201.347582026835
2737.468186735912
6905.554715806803
5640.498097492283
451.93956583769364
4889.4204094531315
3020.9735919834866
3969.2938625489955
4736.027814318173
1699.597851219709
26069.927991123033
8098.407702190311
6797.013301017341
715.5292040393687
1330.475549277832
9820.724579065001
10830.45945268315
6744.7978796806665
2538.6984872872463
1388.4953229331688
2791.4277403650294
5016.568324940487
149.34364906716644
1484.2564622987265
27740.016555965805
4604.746281831031
5477.782002740875
1070.4203382256587
13559.278936976145
11986.103664228745
136789.93605099345
2864.862056571452
600.0120732386096
2081.103727516107
6394.359024904272
2905.6179178485213
6078.662332657591
2175.1040713872576
34373.29074602374
1061.440553398275
7397.353462889087
5023.152203003166
1409.4205277138228
3620.973552209173
3259.641887668167
5082.749103514994
4701.860370679384
3843.6748834525774
1592.7262079554873
6525.979583880375
14299.57299041578
15396.910117195088
3460.7168944664613
16150.985449098342
12757.39226768216
11259.855879653864
1098.643910363489
125504.13864530016
309.7875945778442
2725.829680082245
1004.6687237657085
5060.961553970628
2448.0900035114582
9756.352271065121
1106.0348394561438
2059.8761476924533
1656.0370549853064
2445.8685572544687
2422.2151033956925
14371.675367452333
3220.8709758972823
4683.11752318362
7258.182549537572
3083.425926589721
6989.17238400589
1612.5289363214972
5476.17042126683
10289.420262642683
7375.671754318259
857.2366888547357
5475.041317409192
15663.04053102505
3146.1789666420163
3555.8208485372893
5554.919389800018
946.2604608882094
2739.6499245322652
1044.748359742553
5341.5232592650445
973.1414084072409
3569.5910614277127
331.87819593815686
16643.111919781277
4146.336015984897
12945.707662937595
1321.4922110887007
3577.1444098107772
16276.515232617709
5562.776941015464
1173.8754424962278
3491.0083954057104
2869.0292443886497
4348.126947426952
13322.283477417011
1306.3514700352523
1649.0875491688666
2016.8196872785645
921.8358001858884
14380.869944597438
2675.992105039482
2826.956883330312
2126.72311832484
1838.6083753645262
903.8725168888213
6083.851104012563
158.22066372268293
3518.4100211944897
6400.910402549334
2404.847225008999
5190.104906860645
1371.1338377762854
8065.206102838087
3975.1039772613
3959.8454305372707
485.5769585094848
4509.31343710728
961.1293692407112
6757.879755131824
14554.442985033535
2150.5205372046958
5560.762884719351
3655.3692297352295
5277.455571264991
2728.999259681225
391.4973909239213
3220.1848310235464
1717.8378945756415
5478.394419897513
7111.388308929355
14810.968137992586
3970.5035358599735
5859.813522646443
1528.774806690265
2389.3054868853765
573.8754496702518
703.6078703806767
1451.9757752079743
264.2901810319077
1005.1724356579996
1281.8456142524624
2157.090683530494
4507.373604143256
1426.4674860420366
34446.611425954914
2725.7238433784996
9174.936663132401
1738.4707379111856
5765.97520422295
627.7218273005748
2112.8251503207794
1855.8572963384693
5739.0024590475205
10197.066575551597
124.88979986609193
2608.9469578166722
1398.4510394091376
6143.683100652872
3044.6583659832113
4063.05455053657
2040.4238917910436
3951.7314107933485
3166.9172760338797
2076.5938281486306
420.3370499264041
2591.693015986068
1499.3834306370952
5407.467236189917
1710.5907769702283
7731.822201120704
1033.6635456648746
2373.9580192748444
1716.4726343428324
288.53583451696693
1719.6805578370067
15152.120436951209
1556.1646718924267
3990.976898091977
5156.612264283853
188.82663747191918
466.7248957915558
4064.0522254843745
6041.842573069331
1449.8418177543629
949.273002890087
216.68620865889673
5543.683104984601
1608.4087144386265
740.9759323882033
8253.567495411524
21758.505318550186
12946.454113755473
1789.8656957092971
5574.687117998954
4360.23830877722
3112.5174573019717
5560.827960491812
1487.1381823939653
28841.452319453732
5023.021518856451
34848.98436640241
8787.978964130949
1625.8950062751599
16274.46237155751
14846.733372984318
42401.914215135424
4001.149155547757
9486.659524712728
3158.981067422368
1516.9739532652168
2354.1999499266603
4053.656902423096
5237.555211162809
10777.547477187485
3339.1559618203696
2863.691404969887
3160.4083859648263
7370.281728969553
1457.9107832623965
110098.77150547411
1627.9821405600085
9306.1144590291
2852.1575774459975
7326.492683426214
6480.948703076125
1756.9745606096644
8497.042533626945
28474.939141657494
4033.618649442671
912.7821056892448
5352.341979761695
2693.294136921566
2225.606565939344
2284.945660342901
243.2241318028343
27140.016694640744
2346.2834958611866
405.1724392404646
2115.210647965269
5390.76862412291
4751.292819197184
4076.865134312866
4972.202999815975
1637.4743297101588
4489.12667392604
2346.795748488008
1740.8606441629
1652.4471147791953
53839.072373334144
1769.7841671574042
19633.66594137399
715.2448095402481
1650.6576943626967
5850.28281356197
1898.864918314655
1406.234409352788
1132.9418481724435
2097.477580359443
926.315969093507
2775.1040347442204
23890.70319160806
2982.1742938673356
2115.015122047425
2428.8950587170516
3771.9693871241225
1227.721826495045
1857.7337209354193
837.2121030093484
1938.2572855346252
3697.250015163053
9738.247209111189
276.70496756893186
2454.767566519014
4351.232490245784
1833.085976263584
2846.023719202426
3214.5152333421015
23500.97443674034
2408.0612256032305
2634.8208833418
16065.28051390969
2048.877491974425
2118.81671753605
1033.9498915138583
1440.5721813123057
2491.7303634857753
4354.066656598888
5110.231792327571
1922.6527936225941
171.15643619287349
5122.700165101853
3728.606430738904
2173.141346269062
5706.035566393306
878.3501008203303
8220.529157027084
3066.992104864837
3963.9781654323288
8515.071211481369
2588.182309477881
1799.7121459156708
7396.186986304206
3780.417482473529
4979.538183954763
1521.1882801771678
12415.1741864069
4800.507482027697
753.5717418422098
7798.013171930525
127304.138305363
1751.2225905842236
1117.5098506323782
1759.2496979482798
12589.582546301093
4393.371394597645
2097.9115511338146
5594.242614576145
5718.242734521061
2157.064282981685
139.5533819085725
44183.762727328736
5884.73786683154
1914.7964830758474
15362.799736808776
1333.628366299563
1733.2736078599294
2057.1176063475573
187.10055302246482
2239.263320413346
31640.587154396217
2661.2896430998658
631.6467141088683
2978.641027323798
2323.05301264048
605.0423820362923
145.44414362907196
6289.046367463027
2038.7640245326618
1678.5299255296966
5563.468608085659
1244.6713779657518
2590.5136275508075
4493.462456741221
4694.207558152886
2045.1306839742563
1031.3353244775474
12711.286979856124
2359.2496949530223
4019.640582743696
15086.212144498386
500.2361516732635
3539.8136305160756
2768.737005814155
294.1471720800197
2331.8571809882746
4441.470731195263
388.6303908182658
7602.343031098803
1471.7866976227756
14916.657069694966
166.02136914583446
3202.129088803976
5076.184921369621
205.38602302567466
2524.675011523761
410.6911290736127
4574.415817397567
1446.7310078748512
2509.8384369521505
2947.6018584849617
1334.9967387608745
6106.413637353374
3361.9862176363754
2052.6214418239742
19217.17613070412
4487.9668763783575
10468.248627865896
3270.768268333643
127.29424673573617
1693.3508298123502
820.6464259568705
4634.8826686285665
870.8977072395099
3676.325535000016
5913.959816586492
6667.01234270522
3361.9201709005442
717.6177280531301
7868.701628663797
2222.7222564290855
35448.984319725336
4365.248275075325
201.57831776463527
161.80210255685304
7675.246729582672
4695.129732432429
1281.5192758999767
1578.2435784616684
2647.973664121844
2482.8304722659536
4633.933472852484
5434.101804502488
12672.922490060604
2082.045199694418
12053.414142089665
12805.950140548312
5983.313556788906
5815.129481166957
997.7372625718231
14331.236626151524
1287.876675695521
956.9374297355608
2354.114832737249
1045.5831222937695
1178.3586049499415
353.72839957800045
12969.265935290905
3567.78875360254
6115.60252377801
10735.483614112143
3197.0135347820283
7637.294156943309
10813.286217135828
1015.0641277191784
13020.466137093845
1651.9395408480013
6501.860278404565
4243.768656735849
1592.2002301095517
3069.832751824331
2513.2954062070107
2901.60745895581
1587.0581810854226
2440.7966307099578
2835.764143411764
4646.465678637084
2789.619001089886
8203.82159936574
7028.57339714684
2202.174862641469
78954.49523077834
3666.004347840163
4216.447018062812
1639.4398736322764
5418.911448747529
3363.978171233204
5803.646391377708
2357.1810810968736
1721.2477204098946
2305.019979117898
6743.683090003116
1009.2115252803703
228.03991555123403
2281.490667221081
1000.8233310554542
4117.092840225917
2716.654346459382
3169.440328336515
5395.68179469223
2096.9731063412296
752.2787773872973
4780.0556465327345
666.6732017165217
3284.461953186243
2840.4650601256435
14398.880516760286
2798.914880425906
5204.146957579858
3595.8974153766867
1506.4752049426297
1134.2242530493747
3433.4954060850055
4985.054391862884
6459.954771658705
14466.155052443146
4807.68490069768
1939.55337875514
3542.954825878456
2369.866543188285
5731.400529168907
4814.3205973550075
124.26527028128406
990.7758248564458
5414.413134143306
2069.1042225718143
1339.5533806014535
1371.7715527159114
4381.14153918164
1424.375750391018
554.5405579214288
1600.703943786586
798.9809648598412
1662.2174473038165
13802.487420623129
6193.143395991658
2468.730171442453
2501.7289408483443
6356.968746310631
9774.847188746513
6774.847280573072
6322.700046853446
4797.3257386839105
1451.2055964548777
1079.0147117982167
2497.165714845244
2402.245885137102
1963.6023151815464
3054.1648886261787
118.98839464243888
2223.997223994146
824.0360487306367
939.9922183404888
3281.1036556659456
2212.104262819325
3479.076239118999
4702.2904617100285
3860.3211568982397
1129.1809501646235
6119.407442566002
656.9221542683201
1946.178973444442
2544.46194591963
9157.879677351708
25186.73176783844
1096.130450697326
1073.993138053611
1414.5152596522655
47986.917756837705
2049.4074579866337
2847.106834483495
2326.5818901510424
7904.103719814332
986.5920045075109
15372.914596748757
1534.8003027663513
5204.746280858762
6241.299936177477
2040.4482956671404
1160.9561162258246
1478.6536069150852
14490.728950526052
671.8627397448493
1841.4624135556276
2428.510905925584
1715.7562625226833
45383.76261460116
3252.778284606301
2502.4922933085118
3696.541029317243
9834.862536166105
3346.304324532456
2853.5903364507194
4810.930910891641
2312.6578810803594
1554.1467427156667
3695.375742465649
1127.7484241652492
3520.7166818559895
3039.835582339719
5150.140250817917
2023.5734159316164
1844.3648967318957
5882.078020042003
5571.029414072255
5625.664081690379
1052.8263257167034
5481.355741602112
4977.282627437922
4297.250014101902
1314.79648482153
10381.690363905273
6100.211086031121
5369.118525367793
3461.5134382571428
5369.217110410538
6376.582015133973
2079.1478110351613
2209.9619355420323
3767.8687666162214
2199.0842278033756
3557.737206594685
12610.21291763514
2206.263242987771
1255.857318592673
5395.675598301799
2559.3052832744265
4607.880562901752
5040.4981084023075
3077.782143272975
347.4604544913608
3143.098390130955
948.8375061851976
4424.035829461755
7401.819477371446
3470.992852821072
2028.5295627931662
534.2242598928071
6981.642465658953
1169.3970348260411
1516.9774765190355
5795.858276392979
600.2123837387913
1010.8947311170328
13019.400432259188
1054.0758857734254
2801.6218602400018
517.5098561924318
9015.119686493326
5252.951339972236
2418.733044861478
1397.013590586667
3173.5921491530316
1957.8799211162493
140.9759406692564
7113.959179242362
1028.4954487327327
24782.093332966473
1344.3889859127696
4217.1137578824955
1876.4612027313478
11777.200013647709
4987.035494562267
7051.12713611668
373.8901644363423
5710.0245795066285
155.07629444263534
2797.9488472533685
2035.764701996821
1975.1950179484759
739.5533813841442
13921.449466472635
1197.0171932737776
149.31930096019968
1626.956423511326
3352.3972398609585
3661.957317307398
1630.9952149974067
433.2619359620094
5614.308352843172
5473.082525249563
5701.633788427354
869.0190743705105
5686.332635191743
802.5580595922563
2136.669367206297
3051.6307655884752
1234.9990969381915
14635.971226034539
1573.4418446195546
5714.980416888753
3875.348911538702
9491.231003117638
4308.558286125618
4133.924692317961
3515.6876668466593
715.8549497113329
1924.6238778510685
2369.78413896384
983.4645923293588
1419.6420677958658
9676.950819809439
6403.821625807806
4910.15966123317
1483.6329160604346
10823.134133981255
1020.3370374645643
845.3232002269702
1690.8428889002992
6463.054507791444
2561.535768191742
1854.4982129247612
5078.328583221723
5303.804056775413
3157.8799012891236
2065.8439391640413
2287.7710770363456
1855.6041507174164
2326.0896236398285
1076.4452606646314
5722.7001144220085
1470.0833686673473
5306.29188387577
719.4733224827871
2423.813850511014
98025.33741559282
5164.953540460934
5691.132860046784
3466.916936650335
182.43675127441085
783.2819131893101
1198.3219521496064
808.1929135786089
1827.784977714685
5475.19398911158
8777.203147869248
6522.762530261988
2028.500912125681
1419.046572742875
715.1327734535362
1075.264862789564
3871.454317788024
663.2385117874194
3223.0591413394613
857.9107928919037
4903.899531131598
3477.0343875125827
120704.14044093863
1459.8447611329875
1726.9814193075117
8012.812376664917
20469.09893560394
621.1595850820758
3459.862396074816
5626.764135642814
1154.6000136554876
12021.19702341708
1294.3841638281206
3692.0505417342065
15804.323260456464
4150.826866472884
2026.4511396615424
2825.6065565105664
2762.868608519131
1362.947671784957
1633.2982871738427
2307.2452777412846
6090.777285779685
673.4232484405652
4987.615698127047
334.4969081848423
886.6334297436882
3465.1050790224726
681.5428506553271
11564.482298866853
15995.69907023495
2726.0848449518844
855.5302312975659
1201.9100409571777
2642.0692537523096
170.90020018432327
1722.0210957039617
14182.862164534328
1374.847478703454
3136.8911706742197
6322.024917520839
2104.033748774488
5892.078464162308
1620.2580509022375
10230.45949427241
11681.235682000124
2829.1338329867244
4011.6923485443394
2974.340115097856
7207.504141336824
5733.624008253081
1222.734189501917
5594.315833700915
2990.2537715230374
990.0680165557166
794.2118675610313
1191.8613166678774
2555.8093361575143
2584.1887496243958
3746.1789578059684
51643.75228167997
9630.459548826466
191.72112102229673
3125.8117514373916
3988.057296275533
2008.0827666733308
7161.641096700556
1302.4923006353297
3469.3772054687047
2044.4086825980428
2969.591104707766
5286.738911000907
1063.0546451771947
2809.9065253663434
1170.9419124350518
3389.6949067271016
203.34248749759502
3322.408360089754
2383.686899813394
1726.563657884505
8245.652465431856
2668.3549606968113
2997.578802929085
5740.821357809785
1403.6490086939464
6392.924869752088
1847.538484719826
858.5659978510415
2327.0901559089407
2493.3683437530613
31040.587194169748
1528.0335382437947
44167.22566145844
2727.2847217204167
1610.5978389502854
4795.6818124970505
2919.74805637439
17970.19693287303
1756.225034299035
1945.5967825728717
15776.568975230628
208.6172313190193
2577.267484113756
1589.6412644824575
5804.710070012578
375.1041254253168
14510.082444583235
4046.6169302895923
2890.4992850070817
5193.462899494995
9783.604772977227
2623.810506458203
6554.383690311473
9448.072955349522
1738.6422214116492
5209.325040118866
1123.4890751862758
5731.1988767233515
190.60607471320094
1637.1774737208236
2392.212662319341
3099.644374770419
5128.646191593987
9975.91077575164
1734.224235378376
2336.2946844965873
1337.5545373244736
79554.49511473329
246.845303124542
6644.714917845755
3084.88080297488
5461.258702658153
85058.89413692715
1318.967985747538
6083.05586432186
837.7057456870269
1393.6727436349443
5412.397810684427
36399.15703322896
7161.343836971641
1845.4037538599473
5952.341972520723
1705.153175062087
31231.729232860856
1484.3081086109653
117.06785047713988
2750.263151496655
1011.3246362412538
11660.99625043621
132.41809428124728
1583.8656611503477
4176.604838396759
11086.67336664223
3013.030023177675
1054.621343984431
9421.161448556395
2963.080724185367
16589.15273734231
1001.1339454964033
14553.213746260288
2493.019237891772
2715.352472634661
1205.009629553928
3470.358985467976
1611.8139535600158
2743.4899529526247
4283.425884782312
1709.405060132534
776.5118726396366
2072.2990060807147
6368.373874341788
2277.1466255633063
2403.879226088314
15033.799814596287
4111.151175148181
53431.771925723544
115.52921513386322
1096.558934196461
1161.3168987637234
18542.960120555796
847.3635549215916
3414.494525347291
322.3381304256835
2096.7059659219954
966.7253566348455
708.2143278582888
12234.687354516785
792.1910001624183
1848.5172776434993
5052.115318197005
8432.245719429216
1423.0910484799633
3711.1960867074404
7190.54814932379
319.2522865209844
6689.420359774455
139.61301626907664
6381.032641625353
3432.761939401702
2956.841930084666
3835.6506099464964
585.5143908534319
742.7420593546348
3975.5734533489017
2067.744581493677
3108.368373430123
8756.503981814945
1522.3381059326525
2611.0084345737714
2689.778402081712
797.013594632607
1681.7491406113452
2602.0347961724933
2296.7343055897745
1447.1682351208447
403.79052131063946
3403.1406952511416
463.0546494543072
2095.990876579234
5039.900976308218
1654.309661691821
6530.548223054931
6183.821026357419
13009.385744778157
14618.618229841153
3398.0183644263684
1754.8644687674896
714.7964859062529
2413.9452834590043
6050.582902722799
1371.781093037173
1432.255888567469
10001.938167492224
2069.2328549944555
9471.653232207338
3033.9929240385454
4547.1022976201975
1357.2727960098946
942.2540042927775
6542.294656672157
16329.07236443981
3454.8824586956634
11105.304798265335
11123.421174751957
7571.473097162975
1921.4922035681877
721.4922155205279
14918.58538068941
12691.76392997736
1453.2542139553213
544.1492274059198
1853.1372928141968
3019.032452465758
8420.984989031263
1535.4662718498182
4754.504365085277
3403.269357785638
694.2600625666338
3533.3555008934827
1342.8859918284684
1743.2445309917878
745.8773848288399
3501.860453706194
706.97178312891
473.5221071080405
2775.282995070826
3391.5247915870127
12129.258555313454
5011.292165433846
213.51861303382807
5204.710082320009
4972.177322857939
15855.471560803238
2009.93722992177
2496.2114417727134
4739.926221313319
14425.781789700048
1414.7095829276223
15445.768865116162
2828.9439772396627
16018.489160082885
4234.909972712457
3708.2665221727116
971.5609461353929
3397.953277274595
1877.5043788969842
2203.5520969855274
15325.335060890813
133.86159586476666
12152.536917231362
2415.2213437828336
3751.8687622412763
1408.5841961560702
164.187036274603
3667.010317351038
234.89878448390155
727.4231676815256
6790.707375115753
5441.842577049947
1440.8805061543094
4471.816225753112
1118.8910329568141
1104.8428078911238
2055.6498057807153
12069.205364063586
3340.1932581150695
269.0188190080083
2541.625236275535
686.6984459388651
1634.0865784645364
2699.677416022853
5827.903206198246
1487.1002848770272
3103.875878435801
822.0066162015258
1109.6546927536738
1086.988479512766
5469.4259638461845
5431.626029196957
1581.981907353661
2423.0706225748186
241.01347294359624
33025.903705897756
6556.2309765818145
5803.269223654
3031.779958637526
110698.77112632869
4691.404682107986
3831.6917824898064
918.683416669235
41432.59272586439
8435.040617141767
2733.177407728017
5430.61634109677
5425.710294408445
1831.6553599278934
8130.558089274457
8147.102237827503
2018.1538728975652
877.4263540706178
720.9192064829249
3603.8791697013053
3092.138733171647
5420.0021709847115
1816.4016359586349
1734.9988827519308
2145.017396669164
5085.233237656079
1647.4012845403684
3370.52204112196
97.72513874469513
5052.463237085277
336.13708774402625
9774.936630904727
3961.8831766785997
1171.283976865942
4200.461043155705
2836.039892570088
6606.448962391435
2509.6042404660534
708.4478825331648
974.7087489133903
8823.783231419198
4006.5081952310084
2176.1757439227267
6201.890827624739
5637.236853806025
2573.863187438558
2094.539191050498
139789.93550710144
2967.0073680451037
3004.2290402558506
4834.101808235884
6360.6481786911745
2771.517663025102
135.98351808707795
727.2942381340484
5248.9498201063925
2004.4829078664939
6893.28379585223
9668.701555761958
1421.3706547773993
3124.247467140831
1640.1742241108016
2469.184827644135
5852.564841959321
12461.20594954946
400.71921320462377
5203.5622804160785
10343.682925260471
8484.882289542307
36173.29007350564
1719.1966332969364
2687.8026175772934
90068.93052966757
1328.9541833544997
5434.863634420467
3687.8341973966903
2733.1271550034694
2274.112475699943
15834.064070537202
5574.512366370671
38390.83891330889
2425.152486804544
116.56421582640345
2724.801835526743
4546.572928396097
6199.985004958815
2584.8393792361126
1155.5737354209687
3476.0550918971053
9778.940351530928
11172.936469245144
4636.713829675137
210.13178985558238
5261.51342040127
3860.5592253027294
8468.701607571938
3593.6801795300826
183.5066530563
917.6594097242286
13375.40927931997
15010.484789604961
4720.716671939342
179.3442613342586
2359.912696021697
547.6907341448748
10283.937696989437
249.95171634954627
3639.835577108035
2340.1691597044137
2492.1419178131137
2846.0245243587565
3182.4843501236405
13479.24226902066
1330.4730974440029
2839.6429494386166
1511.0543421002242
867.5586311850835
2241.0395556211465
2051.9556356050934
1139.8946721971508
4361.535632726942
976.6616690040362
3580.802238003027
2078.6536064228926
981.9819117057693
2727.774845206005
3215.5626208882195
4684.841345432979
2890.9966598136984
165.84680255704674
9261.455708131261
9743.682948057485
7450.654687261366
1020.6595522938361
13902.42902364647
2656.5913021040965
5654.19973263563
3957.0733531483756
4394.92221652284
1701.9102791952132
1462.143354480501
1340.2175902352787
8813.47099657731
1448.37567837892
34287.6913473673
3470.921797167024
4979.199609190843
1723.78210476397
748.5023511313871
1176.336509344275
7926.492630569477
6340.821355884938
1767.1215183097381
949.7898566706951
2591.721055563687
3755.6441817618747
216.05839155754725
5186.213763305296
11509.255241637697
5156.196863600355
1462.1011226258374
6475.246737798276
9485.197249542938
4705.075082537904
3784.1887360357173
7420.76898302843
334.13045298424726
4136.998780543351
1729.4045272415744
5187.887489294557
736.891184880408
14078.050635087482
2066.405773486365
4967.170957008803
134.6325393203993
4383.051767799027
4004.6385200258173
765.2699769943595
12420.46617435562
2709.0587257106986
1408.9130089345203
5036.462148138812
2367.5876388164293
12009.817551062697
1455.6680625505564
2269.7180072253786
886.827130958548
5321.59499882722
5061.853684819801
967.4180036575306
1066.9323807542826
1759.9126961897246
2086.731495904246
941.398539094955
107483.86894706127
2635.4232036436383
5196.071177392951
4184.697043343852
6260.241653099139
6396.207971222422
5922.7625625889
2991.267641632082
849.518998034725
2432.810349694246
6580.273443813359
5672.868351762489
1206.206803718958
5464.220289659823
4132.717732954882
6783.820975745588
1984.8750750502904
2721.106370042203
3197.6769218873233
11697.686632970215
1361.1822656106378
1773.875424220254
3021.232683014209
4243.2977010648665
2680.035178909694
142.74206203019344
10303.629528096028
6430.497082691656
1938.146589112512
5689.046405143441
12192.420005862394
76922.63553097936
5873.812843547696
3591.837321078192
4777.808971167523
1068.6271601058215
2696.024271746878
2414.6643406189196
3606.9304140946088
2157.6423239422697
975.8721691472738
1350.8308132087377
3329.5457808647475
4746.962234812027
153.61179850336953
1426.516239574809
7402.696066405158
172.30931004444955
2310.4530663434307
34225.903526521084
3326.532007312129
5013.443761260263
841.1511430565096
11830.309964618473
3565.4534801079503
14629.693710906211
795.5321104997422
3793.371397162021
9413.470988503985
838.5515717887349
1324.5280441866066
2301.4776546099715
5298.643661160466
1792.0486581500982
5165.341408815744
52243.75206339412
4215.185792521007
1363.2079000554925
3542.310196076851
2768.520957457791
1464.4717031365515
4946.178930275202
1168.3106569474696
2295.4268101896223
2844.4849551095926
1924.3628785301262
3740.2917408982344
1799.6580429327164
3378.6853709899333
7640.052564096232
387.55313313768727
1078.7394953247183
10397.01325028314
5273.94793772533
5558.613709037894
3045.899655969599
4918.902086747745
2344.248552757546
3167.5681199200835
871.1825766064958
3369.292301618884
1956.3958735391218
3219.2786449983346
3811.3075771407803
7893.594621696444
2157.4281187970164
899.6816268742402
1538.0664076773337
1765.1195756028162
1663.0546356976142
3141.625235954966
922.3381190044738
9804.511613378332
7435.438112204959
4478.32858628538
126.55630046267781
2470.424652637187
7660.0448001158875
1503.5893499617566
4384.18873261373
5542.878762633072
3865.8453337482106
2165.871705666965
3413.3346685863826
4170.68950334021
1346.178976297996
9463.054404264905
11776.840827784703
6091.384291671221
2512.6930695213528
10251.169447957482
2474.935488260183
1718.092042994702
10581.151972345362
2460.0835819108465
10374.312304666339
9669.05206626665
4020.53194766559
9390.1317597136
2083.6175784278043
5440.995006164467
3396.8124058227077
2462.503077425784
2418.45525995776
12211.417189611015
8781.989056801698
261.697160257263
1256.0590180093761
2208.150114396576
2939.04258297285
3584.697045151106
5499.16021497116
3069.0996308281156
2635.3746979234757
4219.438693752515
51399.92577957657
5409.757063926966
763.4942637541664
1362.212580210575
498.64391624909234
3004.596204962503
4547.587872545642
3621.8831158959847
10112.868911142388
106.97179054590036
1785.5607335278003
2340.576317679019
8657.97393413947
2247.2209887671224
121466.46551151092
11677.927975124434
252.7925519695606
1628.508829823998
1766.488626705804
3124.1630194444497
9075.172259410954
847.173067555886
356.93743967546305
865.7566327861347
10974.936600441215
13131.102960726346
4916.647088677591
1778.248770522128
9259.347516808382
2417.4765909613907
2676.921741195514
4486.922237378882
1633.85785933274
4840.995006998439
1413.8476733878267
4091.40321088086
3397.0005943838996
2054.7142532648813
860.8223138855672
23160.586266733382
7120.5169134251155
2703.3772613253295
145.87738618372458
5890.41066083374
6110.101131839125
3022.5711601609996
4692.664420869601
846.3511306248574
1036.7036787095972
3525.321371296564
2079.3918428922657
4298.974488465523
3707.896340049298
7905.339222586756
14940.483017932505
13616.170322010725
1213.3597728361922
3652.257372155354
6421.955618135113
3057.9967738451937
8863.310523564123
15619.205135242782
126704.13835282218
688.5072312351588
2071.481838415274
5439.595407196698
4899.64426934399
2269.0292601674996
1795.1139651220653
1857.4541576816005
1367.466261154091
3231.6918180256644
859.1862815449831
1415.3164677670436
6121.964131701976
3103.5850908431767
2198.1035807877765
3163.9653412446155
898.3479518677444
143.41144957041405
13133.099010185406
3570.839813618331
4058.362231441506
11476.441486181842
377.41746524862964
3386.3162122926465
56488.446343160096
822.7387553305741
10127.627635392217
233.67176973849485
20278.82327281075
197.01359561671973
4144.006311843408
2205.2818081744867
4083.483746957239
1570.4001646151244
321.190115052239
2831.7883661007563
1989.6265162676773
2065.887237402623
140389.93544395946
3111.195023932164
2862.922769931043
8805.159028580314
5411.502946035045
4522.700192066022
1631.3158979340744
11223.7704297302
9637.865403682825
40369.04267199358
5912.5740669306815
1075.0567714553054
1009.1743488942279
1152.3422545376718
5957.149542062779
2383.1762699877086
2797.5810251064763
3953.2796611669773
52831.77194308656
4490.431689235938
1902.053401522938
4803.50436073773
860.175632784101
1690.475524016317
6063.646116656009
2044.8703512859818
10702.336156086818
3408.975869091896
3739.2937862528483
4245.754648430251
2803.1406993914043
10627.90303427126
5030.176563417209
5275.232917504638
11770.809839972244
164.80571634125016
5407.684889613974
1357.87992621486
3372.6379617202147
34980.0739524846
901.4254819191333
2413.7247561245927
8522.987141915439
6381.010026614384
6391.011316800393
5798.378321504899
9664.746777648965
3692.959822519152
905.1009110548518
3712.5395720836977
1810.0536921791315
1779.3287485636606
5321.968166837559
7669.224373903379
1246.5252124415529
9759.083356362873
1025.390244020281
10821.851576611496
8950.832627919159
6174.513742678394
3518.35378245904
12923.524799766103
658.8219612551713
2531.9993401193824
5834.007829282276
1562.7283016334857
2981.406371734163
3204.105744792128
12105.982798126537
74989.56286787153
6823.602269173551
11711.30766427248
11927.354541228455
5472.679173840656
778.2998319263364
111083.86836365423
1513.3538654636081
3923.308779905911
3071.722773179884
8789.172157053597
12083.085744972639
2644.157623234909
5693.287236226855
9191.081534178145
12130.347616654404
1991.0750093018898
5263.054518111291
1886.0404019774805
1070.1072071019537
182.31405850226398
10268.701538004858
1135.2016315265953
3034.5758416137733
11386.103703001136
8180.813455245302
2972.057908570788
2548.6995467225747
755.2912315546008
146.6376666853111
10030.847721555145
1615.0641273782464
5358.983047419258
6716.08594050496
4743.544224933918
2709.1476006801045
12186.742544104938
2306.753704895935
5151.579899612453
20300.985709025186
2054.7412472649403
3055.4140271477345
2157.88586364029
12256.626762029175
1541.8864720042018
3695.0935294850583
8513.445082832226
9482.106114654298
1228.2560806697713
192.40483263562152
902.4400268442943
3125.9281928941273
1081.385645364182
2099.436800008795
1094.921847321673
10968.825013536836
4758.998991726817
2876.86524543654
5862.910585410074
1659.5568439046103
146.09798029013623
732.418086092524
3171.5607381505324
4511.840644397958
6138.247359170145
3197.505231520243
2229.16818798485
4685.8793640056365
5658.747237570959
12081.89227479511
5654.3245605235115
9731.042196439937
2752.0863872544487
5721.221240553956
3249.18451676436
3673.682537376438
1853.5755976795213
1416.8196950740737
717.0678398754708
9085.053870922278
96.40646322659157
833.9396550520096
3091.111806722755
1620.1518505959784
13460.910953874434
12061.999270516906
4540.82138199295
1297.6889533868587
1855.2595771609447
2747.4801196728204
8441.842533677765
7312.149429212931
7901.263433912035
14655.72239976912
3409.371663422629
5809.32503794275
3819.678994074738
4059.040792577993
8817.79131709176
2108.977559506159
3460.096920650382
1588.262051520585
1580.296916451866
1633.2396753803357
7107.780262903203
2231.9855210699743
3666.2225713813377
3059.2549632491477
4677.688164422978
10674.798106995346
9873.663445694503
3582.919643796963
2225.951403517586
3224.0359564637693
3981.2066567577617
1557.1426786402976
2381.9605161627887
3404.471271340323
1258.942669368997
1327.2942173557149
4094.120537105752
3026.3100454659325
12527.354496273156
12055.586468870764
2515.818975525257
1965.9926615041466
3243.732807633778
6338.635707354845
3061.46166661883
8541.761193626142
1769.8665432824178
5398.919085394582
9181.210129627585
10031.092137889464
2474.975814511945
45428.72355498658
6483.495566553919
15938.151892801108
2803.356265383955
128.95421005696954
4609.325042137845
2569.703315896773
4025.606543076927
3418.7178449314774
126.3204720332838
11606.860359181564
1494.039310075178
1869.3897497968348
2861.513443495539
14625.757057333147
12205.950187995186
9904.834117007698
3260.3211571586667
2534.995506293094
2226.956894589403
12821.810432604181
7803.59568481627
4153.556566432126
8145.088628590636
3394.082841858886
11568.824990092082
5527.015907676911
10659.85590558795
3246.0162997605926
20915.925363187
6342.890525425795
1180.4584885795368
174.84748081722205
2949.7167313274053
2459.210154359002
8784.706933781104
1902.4922983295176
4493.084586144458
10369.864189573243
26961.803742214208
2961.7277242702276
4993.4062339911525
3307.099876629223
3683.687519639593
2711.6289596645884
1189.4860057379926
16626.169947331953
864.2650481914828
6854.715958221416
120266.46551530284
888.0979992080692
11430.45945024343
951.4564573855085
912.823421991238
120866.46551259374
3133.883667318755
10486.673372031511
10834.38979274781
4765.90653396546
1252.0138452766234
8155.52228198134
10368.748471187366
2714.6573152115334
3225.655709480093
3617.516482372736
12150.831332294603
107.01598009232414
6066.745308656589
5813.590548908041
5019.591765831082
1721.723945821529
10098.453390019296
2100.361187505915
5932.4051918161595
1185.1162602154113
1961.5650487614644
5827.910765511287
2989.3862664952503
7040.618578910269
2837.474307778819
5259.901306958335
5408.070822705421
5546.034360607791
5861.908423365872
3978.1348917888363
871.580814320747
11910.867094953237
5264.50770235053
963.2437807008644
10306.178157305978
2409.8814344757507
5918.241575792557
1581.96011282313
2063.714210643756
8279.70456200676
248.87754054700343
5914.030115660158
2075.5644074900806
61194.58215787185
2987.6318459483145
4673.947943164091
3259.0516059503375
12841.22184228241
4151.201895376949
7897.701417955069
155.6001338984053
2493.749278055644
5563.16597663058
10677.600039840952
2727.049053514843
1718.8910233246875
8434.38986999289
752.9815140903754
5933.293378482519
12111.28700672136
5798.402121652966
11095.302970187771
6153.022422904983
2038.2828664293447
22285.27602762682
1305.7068381695708
10685.56835815323
990.2538200580825
3623.957346507922
5037.440387781237
109.7119897880271
14018.618246513279
3994.401771597398
6517.738933171792
8477.902604523662
4811.502959556936
1438.150617117506
373.9463773585564
10264.746771871494
10689.133679376897
3067.6046182504356
2081.2505273608035
1070.8378706135682
3606.7781668054404
10797.041694676951
2946.584399717198
17122.613311876466
2823.8360802583475
6714.65889417988
90.25812259928782
10288.60860102715
7453.165854331252
10842.445696127383
3849.861058463536
10346.178742755026
2859.5257086219303
12961.74545013878
3265.2153232763903
2084.308101598348
2366.0226320763095
5721.032028448773
5528.7871392930165
15337.85769225884
13582.862181481505
1218.6287087287394
2849.2193268339506
5015.006037001156
19939.116985100056
1377.2407285712784
2955.7543698570594
4127.140709208468
3446.5306366978543
2558.55009976051
2084.462020250715
7628.032348416909
6198.993559834222
1424.6109674203046
3994.6578828308925
15423.93509348785
1270.0835549817346
1348.4391701746977
5413.52228813119
192.47224770154517
2183.406121513928
32457.211493117433
4016.451476175172
6102.468807491313
5586.413472244307
1669.3077147869394
1936.8911762842586
2965.6344188120174
5800.328257171109
10007.539135942781
2990.512211014067
5899.262300182104
2729.727091561792
19097.128715950377
4993.746694326562
1624.7466515557617
15611.68192025495
3363.0829173700995
11465.139975439532
2076.055197037684
8327.651753873877
5426.009211376583
4424.395353647459
3792.5554965007655
73322.63753374161
137389.93593548896
2169.588887203675
3392.652963479904
60507.49274375997
3412.6339975799133
4526.685477058989
896.0180375352455
91868.930291397
24052.07387460109
1403.1522219618735
6827.67287057442
5072.362175891107
598.0910876970706
15900.7700695956
3894.1216186691304
3064.803944387638
8571.35305892576
2553.512410269536
285.0253767089634
110.35756014993902
11705.071231875401
934.1304501874528
29074.939116630725
980.4128744161918
4951.950752378434
5501.792393048587
13129.51159746543
1964.0619392856468
869.1385903867601
12369.26597410655
1491.4924631552165
3962.4076709307374
2713.5215318662713
6159.64399599084
11149.807857062126
10375.34977067732
6099.251475994009
5476.8208866503255
1978.5691576979216
12479.756889643475
5304.584671999324
2108.8838735778777
4010.076085373548
2884.326143574332
1286.5753400697952
2951.9400363963177
1013.5430219591377
3232.583871610433
245.66354022537323
9662.315696521478
3226.616058712233
5171.275570054381
4000.458772989767
265.9611852948912
2737.472926665423
7157.697129396262
3176.6990717395806
3451.279408980984
2240.6371368860873
913.4461385934738
3396.0715810539978
15489.68176025575
12379.730748910746
979.9956353256085
123.06428310258133
7397.013293408416
5212.980611694577
1442.4496993568223
4497.0830210384365
800.0083233440383
3554.6657989276655
8334.114101199339
2892.730940008799
4518.217164405201
4974.663311372465
1692.347699295704
7993.322564500786
5410.930897875852
13005.58365548196
3002.00832833138
9456.938991889096
3108.266523383283
970.2320476245972
2633.4480720035517
24577.239212926022
8482.745203046743
9906.386889272799
1699.0266287825623
1282.26742674065
4703.026350659978
8294.180136509432
2069.0190630565185
1648.7943862529867
4667.633885430561
1738.235582533914
6401.254571534908
7155.659122288374
12556.284078321269
4276.597081984947
10374.936607668915
919.0079973113994
759.8249918495632
2813.6708548417337
1009.8705604062641
353.7543915056595
14433.799828992082
6740.134441091763
10146.359058261198
3758.0415523309116
9425.661114331997
4289.73492282874
3410.731865334459
3466.7193103565355
4775.386989592395
2214.6785587667946
6141.855822245671
4964.541808434606
5538.247362016837
5593.143445618731
1791.912495091706
9532.297851745318
7627.903165011125
931.8454709207604
10853.341692722457
4381.491530359937
2969.784095390644
11601.055381136717
3657.996768598303
18749.71311515644
6581.848411813346
3325.310489549309
4730.076106887922
15300.770097872053
3081.2024430136944
1942.8859901668168
5790.21562626158
4769.118542267761
4316.647095346986
2530.057090278643
106883.8689965677
8163.072130729785
1643.6725466870005
1103.9347532530578
6413.799213939652
4066.4904546064927
3034.0065255306836
2583.685798351315
477.75823772147936
10494.771621858963
3198.610119171123
9665.606028196244
1459.2552456056717
859.1005125957672
10577.490033960528
774.8474805555815
9507.402771332556
2124.3345028494296
1018.9634232800577
5413.444851068651
5494.369084613351
3111.368027864121
2458.9426123499807
751.3314318720898
2483.4259591172813
1316.5641984800377
8469.152849768938
14029.693722844271
6496.956760839839
296.0180426582849
9479.422203605354
2302.1433119146336
3635.8182106444724
7546.103219724731
1635.4234090198106
2262.410685618932
2417.5165232335116
2059.2552438325056
2691.5404781206225
6776.115826410048
2786.384456293418
10643.00503041684
609.954054288354
2600.8119917409117
1295.9297152767965
2334.623763120774
10734.98274215215
6431.800407256449
10867.135259236518
3134.586580454669
4318.39827279785
4548.724940841639
3046.2235399202195
7418.586903312061
1228.6588564778442
863.5320847804506
1625.6065751240678
5047.313693533488
5353.786537370633
1752.3422422923602
918.801409305935
3413.7907952752544
1542.934996531233
2754.2067001964533
2594.8646780154595
1694.5583211749852
3848.306451876978
8457.960785407464
1415.0154881956073
5249.19317649694
15632.517011613361
28252.994378142143
6255.898384751041
3250.8147071774024
1792.2127032568196
1405.0033989788717
10169.805463052326
1940.824470409137
977.3190010748153
3642.303340110095
1412.9889313742372
8174.624223701845
69752.35781793042
12546.958007483185
1666.6594805682769
5192.463662119815
3051.132238471466
5933.102540632956
4055.01568528479
956.1646790884827
3075.5200177020793
5500.731145596215
199.4648263693579
4754.3825642664815
838.1056737901841
6108.325031833404
12474.370640283318
972.8347921956581
3985.652766496154
7285.123626404833
7150.5872366624735
2317.284040524151
9803.246295344485
1959.6582608055023
10636.716384146166
3477.688213921261
784.0499294618893
1657.1989736167452
2803.2364396446424
3356.246759773264
456.09080512505693
3691.676441500533
81354.49439378234
2215.1590907730797
2971.2411583730805
5320.709578919496
5613.5966904255965
2207.2182825813616
14058.208835997375
302.22514338356274
16118.56419574486
5932.077893145508
9171.337961764875
7020.529171110025
1406.290567194613
3504.4220705757216
2210.6910788767477
6721.705568624558
3287.9671694751555
746.1789772226492
8793.29438078901
3691.7808475754964
3150.2167930012015
1674.577233094732
4219.156116821
9637.074532146653
11084.199165903783
9481.79658721387
3410.6910415144116
2419.0126316268847
5360.013836404086
859.5037650587004
788.6027001117461
10351.325839955316
14795.699210253051
3710.5329853536578
1676.5116179780734
3441.2997974906584
2900.4114467417453
3237.8236623065686
2290.9966664412627
6814.749447413777
3136.1168071506077
11256.333704739016
987.695288584227
2072.5488158838575
2487.5364561838155
26634.26393919477
173.653843170664
9987.973522883896
4950.247938941588
645.1033211124027
4082.3031782730072
7915.071261312191
9029.097625813773
1638.3918471885888
6076.813177537168
1828.6306424372358
15234.064093152138
12399.317200462287
10392.890333088417
7910.4554257255695
10326.932924047376
3238.76393887148
2751.122458270529
2891.008404143503
1704.9557958431785
4758.9830764831895
3006.0956776846638
1927.2941869928975
9880.579392002717
77989.5625164615
5705.6358885607915
7466.500472822746
13237.411920973995
1703.3842999764533
1375.1950194712247
892.7766080017988
2230.0821943203077
9635.99298457553
5271.105002904154
5592.110478511968
1162.7581575687775
678.9471567425086
3162.843722813827
30087.692234211896
2696.558991323698
2919.189321070704
9924.543318443477
207.6617494919145
10213.2862257285
3197.441682277269
6078.120207483958
390.0680349837604
2742.8821744019447
11284.076877073161
21700.974772356312
2746.6240944950023
2789.1485400170013
12901.27490986589
4220.473345228358
1894.6951279063667
8828.347851254843
497.70680268893346
11794.728329725784
5631.667303155861
13731.102958462732
10177.547482729155
4111.6951293485845
6561.911267240305
3084.452483255259
760.8577704200619
9052.028839602066
1999.3750619542009
1500.6470226225833
5207.880561208571
37373.28987539332
5175.775874954663
7136.810898142317
3423.627745757531
2484.864717066014
2904.53079206551
3194.581188856864
3656.9220518030497
2123.9671477838942
11836.714620788855
5635.671793383025
17833.666221546828
15882.88091173838
3000.410984023752
1563.0101960768716
2995.2903868780327
3397.2168784531314
5137.497467611597
12438.191677555082
7723.565697989232
9115.071197029336
5477.51961620459
820.7225526767949
1803.57705429821
12345.171457297107
1734.48583891176
11029.5572722744
2761.5053946937473
8413.63528764347
696.6097909877169
220.408412301664
4053.6943623246075
2754.5333675100464
5324.044599770318
5490.354073989881
738.8699295228056
5450.000805809484
543.6630371133108
2467.7029595510103
1887.769831430295
8112.219038014359
2013.2348373714228
4627.903207927393
14481.563566078721
4047.7916285809024
2950.813968912425
6121.2765747208705
703.4432583172787
3174.9684213482674
4540.4071391688385
4357.164703301179
1999.192441521516
13837.411886762915
35083.08688008358
3251.5943778971873
6407.98673324769
3167.8000522622724
991.4973830511118
9004.586671459625
1703.1700979484847
5946.099837584792
7514.825287747189
5360.3341748779
7395.876353912007
3417.7701160611464
779.774961351285
1985.0237948153854
8022.691883442251
31210.019324128403
5049.856987313943
2548.1270890429037
2003.6489848712959
1007.3255989593698
3108.3281878949033
3996.6949158675875
8503.099410511299
13038.191650013832
10801.262144018478
3278.204821696966
14576.476511463765
65187.18438108565
4752.337638228513
2922.5176642669358
1671.4775952493446
8686.033487005076
5624.400962138951
1216.9647387514908
2459.651005625696
12625.004336774591
2812.393448370061
11348.565678537057
5674.80423900247
5565.0478234838065
1336.1117663992268
4960.827968236039
6350.135812897321
3856.097063638635
34267.39639988019
9150.795208179421
3685.8708247336785
7573.267968263832
202.6880684796737
10560.961854322328
4311.960844401365
2321.4933200637615
5449.273837572958
1024.9314567658048
153.08119475247605
2754.267764346342
13638.075339218705
1520.997004902677
1614.4110362127042
471.0414336901952
2175.3687918955984
8132.305894827394
4726.970229344745
5801.522572617203
5383.31357566205
3698.1081817961044
3408.611119943061
2106.621757096238
5070.895769225769
870.560867909658
2147.393602075642
2388.9101070008646
557.8461651292151
2634.4630564723943
3964.3994683392693
14275.782489044906
2146.084446797923
1133.3315106218067
10606.08444677656
3182.1740208610067
1610.8961042747667
3253.2713034263334
4205.943763119607
4123.0250268589125
5853.181599534282
4387.171118017584
2315.7562577835015
6726.492711004745
5201.522579838714
3420.2731255498015
4741.16224331459
2613.131037145077
10602.012905108228
2605.2937145595683
17802.966378885165
16514.647994425766
3961.986213244499
367.6230855739566
4168.283071704576
27543.55633913111
3992.558391095271
1725.2168306501321
3958.2121728776847
11060.996290245726
1170.4861022272585
4902.848716829577
5891.965780855751
4083.35176972744
5450.3821581247
2804.2726768351195
10523.42118306585
9962.066776372752
122.29557275682753
7573.807658568854
3771.48477011286
9365.975079881544
194.34998169349794
3552.0491004273695
10086.112242169773
2397.238005996904
20175.941894546824
15951.348819839237
3551.201898964565
3592.044255720453
12809.675745131539
3966.288612357276
49194.663993721406
12311.218507479949
3372.0351068689783
13699.573021762553
6780.477071194519
45586.91796199029
5413.594456418607
5434.457129120971
3748.891007716879
7086.564349944558
12647.97810591449
1404.552103259697
4411.292166301653
12602.487505150606
2834.575048383944
902.4393098603189
270.33771525691196
2448.0503543213395
15470.763896063838
6852.791231589119
2374.7688964590257
5073.180933200134
5257.715288784929
2828.877810053863
4612.181913551366
1400.9278967255539
29799.21712586084
628.2484550697338
3368.2271241275093
7761.343832978049
36773.28992764652
9098.004852226204
3165.7054126352778
8840.683565750336
4556.6122705205225
3741.79699949291
12518.37611721253
1577.6875756614916
2636.223815521983
8595.482390464878
7451.853324113994
7887.825441576972
10267.135274423857
3151.6416428957755
1405.3860074020458
2117.396446915589
9774.312304901678
2663.733122842101
900.647026030652
2753.3476776212106
3462.196761554632
1169.7841796676526
33773.290917786835
2746.383655109439
1684.0982575097964
157.87992830427336
6698.03798853375
6458.825397638846
1591.487155814527
5934.028087844163
6732.815049743803
1723.3255012209754
8260.60430839354
3996.58338920018
317.2738048130715
16306.460266505634
4257.302808113681
9854.974126713225
2576.3824891006293
2259.1587800196403
1156.4359334248982
62986.96578463775
3404.4139648423075
2113.4461266586545
3698.0043291578345
4962.776943968946
4487.828530842038
5304.06133066461
6956.968737079806
5271.199261771205
1744.248561449666
8685.959279030643
1696.0839109802234
8472.666679562666
6380.632295887332
13722.643422334779
8912.505019197786
3155.6441886731504
1962.3118317599874
1930.0571010294752
9724.182793754582
8441.491012983577
3466.373403602911
2969.296626600295
218.600854844742
690.839916774454
3922.835523230505
3673.1218450726524
1741.253528375612
4269.388584400756
5567.058295801525
5351.201889680123
6674.432342509109
12657.369144153841
5974.173360395275
13137.091600680054
793.6469128397518
2554.392726703001
2640.2093518932293
5552.080826008266
2684.036941103765
1790.4583992979187
29441.452164663126
11073.09319758024
3366.288617958088
8574.93669590475
2290.496764044372
5306.878140126862
2579.1914646005016
13763.799816647403
4777.280099199905
6667.733859829965
1520.2343320860064
4347.549140786379
2148.8308115326254
5543.339341142751
16467.882314917286
20602.956401456337
42632.59259480987
9760.879773237279
3225.783837999993
8756.695058031055
3697.295361462787
8193.891455563307
7383.820952473071
10314.034353819015
3173.777426579011
3697.598264101727
10351.385572532885
4012.1677044406156
173.17027274251308
1911.7304590869542
766.2889281144635
3255.062961928275
4875.194021247325
2940.1541447453105
11001.055411244448
2370.339305299182
5467.26118369193
4658.64945466572
3695.5242073149466
3076.7654512068752
5859.580174328701
4637.555217630741
5362.180220886149
8488.514353788714
5450.25305194456
2935.5767203767377
20089.24786519004
8726.791133480085
6740.9284382633305
6252.088486949935
757.8539765985679
16397.64104980239
2863.0545986664797
3404.710211625088
4870.999370885124
4835.130846829522
474.47158312600914
1075.9063488415136
1093.6142520639605
4152.912789289951
1733.8587045874424
840.2551289246976
3621.407804119417
7513.204708000346
118.42257538265473
1911.729266805553
12813.556050052077
9588.894829409755
9721.31259906584
51163.4564750137
9450.325742913425
9476.27024024378
1220.3343939726203
30349.032813788286
3616.00351554316
1062.41074626168
4736.934211321523
5756.968751265654
5960.371681480099
4495.835992854127
2765.3916879575504
2468.0913568351216
1517.8244032619104
1426.8682348116758
2051.975774333018
9130.410119485452
3131.2903917228464
196.60498964928752
3493.871797472188
10554.45500193395
7932.829724290541
36999.15680960692
5526.849011297225
5461.78209586469
1123.5572247970292
1441.428099824099
7297.157244186215
2094.2045972787523
5234.007832052045
5263.974729491681
3238.5602916695257
11677.118801174098
1390.192479064685
15534.627571291561
3476.501985136671
686.441087868689
16551.249544306276
3980.792666203913
14104.725261532732
2749.3091955622326
13464.823327297456
1072.5983224180345
2852.483885765737
3517.5685033630402
115.80547192267603
1085.8800726627128
16429.274038083415
4690.87027244326
4258.821858271951
6746.178892512602
2146.624108924803
1242.2697971260454
13257.28333525597
160.0534381876522
2707.808529923434
910.4229192340756
4394.485639137169
3790.265444624288
1250.539100507727
4515.793724624514
11757.91196328669
10205.594875746596
3762.932355223805
699.0534507854628
3747.0528604601946
1697.761479852089
96.60979913486189
6728.4959745830965
4346.178945857344
5205.94993017721
2363.806800192716
1447.673155561689
6758.043546123161
12498.862182535682
2376.1234265003372
6958.56441289512
2466.891926974936
2807.2182780046332
2374.0604767584873
4010.731843329926
3434.331867456577
3470.3951124925375
1182.9110216951701
49843.75264752489
2415.077293214196
919.3360596197954
2805.2818025753963
4517.022735396495
5252.095355438833
3401.1769100277297
18682.04589548791
6721.5150862801265
1480.6453838280775
3090.0894018640997
5059.01448297365
6485.049306440078
6258.851675990307
3639.0924303490906
6372.9120001121855
16151.010374474292
2262.173953976441
4311.436208531128
3600.0358932689373
10349.996748073145
10242.445708202406
4121.968202230503
1413.131061567625
2832.419756537931
3554.5044215534977
105.47543901896904
7479.787405158708
16420.844417571294
4741.094701081294
5195.858279516824
4960.351588152279
9478.545964633593
3353.858955919485
1026.1868014859144
2342.7288105658613
7884.8822976026995
4174.847086843616
8696.056607759223
522.3698076861364
39169.04301878024
426.1868060744395
2999.2790529581653
1664.816111139766
3971.269161432969
5473.111889093042
3182.467930615092
12537.091634286518
1027.363534355642
7149.285964927065
10997.706371768787
351.2991224490165
66998.94694090243
9685.205608141216
3991.1866188118365
5463.64612886931
2197.662834934871
2263.054619353611
4181.837218890658
877.1688755138453
13222.641201653343
3574.4063305793557
13996.322437086992
4083.11752813284
7135.7748371031585
5860.481405195556
3754.676058715653
1283.4216617403604
9603.959078872394
1192.3142763821174
2565.8874545547706
3412.0070845912273
160.59542354692
3455.171362608707
217.31471771686384
3617.969542975909
1682.0975697228537
5609.5553059904505
2726.3693861479032
3735.335215215405
5635.9676390381355
1636.6003802474775
848.8667311070832
2579.6473092004317
2565.846759490384
12969.438352345864
2456.922096719175
3354.4423878361795
1924.8325331441163
5253.181600341196
2559.83502097505
4311.030454687524
3395.11947845122
1893.0192433741113
40232.59295208645
2759.1214805130876
2546.178971735176
1068.37461609801
1010.6911212497783
5513.637565843778
12800.933379681854
3744.684963595187
16401.818785570646
3666.902278061545
11666.09411461268
15043.267152770311
5387.93182995072
4003.5623728292603
18941.816135414167
1811.6499021441452
2617.104726142146
2103.1710235986066
2334.2242040763413
2851.513644445985
5569.8584661204295
5109.313424333756
10193.265015677509
1879.65090399777
8500.909543105201
981.9717813710873
11760.289486292457
3736.1168019877027
4653.220022527133
4763.848307498786
2892.516045596044
3109.84111010852
9683.933809974118
1798.8804869732933
2420.4167937830157
1734.1717720275371
31267.39718460356
3675.944396283811
3051.6577112180025
3389.0075819953786
4653.656900163514
100507.93025941658
2985.7569798179065
793.7274662283521
3307.6531876967133
9052.622426644482
4971.488702785107
2079.433434087275
2744.449219453803
3592.799321068818
9513.584844516365
2725.6215738005158
5743.756008784892
4500.286510911539
16634.44398094455
9681.184377655318
10614.663321535181
7479.081888541539
4087.0774775966634
5727.230931514556
1472.9789835857196
2309.6546820018157
507.3989010970406
4817.540807757314
48594.66400338025
2722.4083741387103
3413.131308316382
4054.2877896996083
5561.022654519627
2240.5792932567897
2984.854837528583
4061.7136928594023
4288.950184150111
3519.5929080911833
12277.118785206343
2739.1559935376163
3232.75741213462
773.3186444840106
3260.6745627612836
5065.996920219544
10234.162616346828
10247.987908599402
6112.642039880617
2682.0451953991087
16354.370109732075
1423.043955785839
11534.930456636894
950.7177784103296
12483.734076659288
4349.517319630475
2971.4820976199876
24616.563219037944
3185.3940250431287
2261.3636493499794
2467.6046318650365
12479.778850911183
3437.0988986829366
15971.36363879622
6634.389907073001
5565.137361749565
4979.181261448374
14791.210998821194
1511.6289756054407
45125.51550153614
4777.4654197509635
4825.1025545018365
2917.305935333099
3335.0508498108807
2941.2897528157737
5147.102283213303
7143.340273933027
10195.155848285893
6743.336270717432
851.0531144671199
2638.851475533076
3337.4681614475608
5869.661506436158
2730.3236042244953
3651.1037008329295
3607.989181771645
5747.10227403937
1552.722751330986
3406.2009330618275
1548.162158466688
13129.600240164411
38924.486319062904
970.577710695016
3692.377770084833
24016.563240499436
12805.770857074083
8050.654685072915
22177.23960003371
6243.252229074576
13136.68225007834
1653.7600360795263
494.9218536642388
1034.086588986318
10135.483616537336
1712.6578845444685
2104.720113596646
2721.235660627514
14769.733315673086
1615.4753140199691
835.4161784140194
3225.501813910412
3367.52872576415
29487.692347124776
4319.084703493663
4102.3609914574545
3750.3538957631063
14124.2444889963
1140.8358588963765
4073.947949017171
969.1480414277752
1373.1228876303833
6507.23035182546
19678.823313595327
3885.973661028476
2266.2815546738457
643.6164800441628
173.6697273322616
1406.5984913625357
7883.954997648167
3547.3928921712422
939.1583548862502
1657.793014983098
3337.4728966151315
1401.2357704312642
10579.396922633343
11271.350655583254
237.2593200410089
3640.0411681836617
88.74557482319888
3165.7477133569164
3171.991220087769
3402.921796583928
4393.976682096327
2802.17485520585
3434.882112055885
3179.0323457563104
5580.1559309793465
9120.72086193258
4558.07011807516
3696.7955301343827
16876.366877045853
2549.842899491812
2071.603579585117
2131.581279330906
8705.46697136559
1465.997204694901
1708.6892293197056
13128.019735478143
847.8521058755904
3404.5173976907704
11998.468832192042
6837.170085566905
28177.23870079828
3990.9421255647753
2731.76748739806
2111.9338760095243
