10
12
2
4
12
0
19
10
11
11
9
10
2
4
11
0
2
0
2
11
15
14
8
1
21
10
1
11
321
2
16
26
16
2
3
1
10
4
37
2
16
3
7
9
5
17
18
31
3
6
7
4
3
13
18
10
4
10
3
2
29
32
38
13
2
11
5
355
12
3
2
3
11
1
0
26
3
12
8
2
6
5
2
3
5
2
44
3
335
1
8
1
33
14
4
1
1
3
1
4
27
350
20
4
19
7
4
336
1
62
3
5
2
10
3
23
4
1
315
0
1
3
1
2
353
1
6
3
7
0
38
11
10
1
6
3
320
5
48
4
1
7
0
1
9
46
2
21
316
1
5
9
4
9
5
7
3
337
15
8
8
5
17
5
11
6
1
2
28
21
15
12
4
6
2
3
7
2
1
1
7
32
1
5
30
26
0
0
389
2
0
9
2
39
10
373
40
27
26
5
36
37
3
1
5
34
383
11
387
9
4
2
319
7
350
39
3
66
47
0
14
0
21
315
9
24
23
14
29
37
346
2
4
2
307
9
42
327
1
4
317
1
33
386
18
40
349
3
55
7
16
5
14
7
26
1
2
387
4
2
2
1
2
386
349
25
28
4
76
1
3
261
260
21
0
54
335
0
0
312
