24226.206106301364
39560.36588003616
38960.371291370866
19042.85673584447
13600.54984846084
9114.2572145817
62790.08682609487
8111.355400726599
19706.218868984684
81553.71763997077
54243.634612111826
109299.17701081253
22628.77070896701
13924.4819946996
6122.575951295194
52443.65406776321
72549.21841300625
6461.667167094384
71949.22441267937
7061.666134910019
81135.96589196051
9692.22900274339
10292.227544921901
5287.956172275316
18293.621472338775
18461.921863930736
38360.37615714282
10659.484518081097
13707.418267101044
22317.323361490493
3479.3881320297046
65006.18220130663
51843.659039475715
43976.4089120001
8626.100196458636
80953.72475060807
7118.876884352094
10693.30010224807
75528.32714197059
10059.486232606225
24826.202382797375
17203.269738938816
34168.4832972509
42176.42111684594
35968.470649549854
12251.09377238639
46861.116237653616
17473.49977787914
68589.84418166165
3582.6280910207756
5684.726841566824
5895.675075583919
54489.52106791769
7093.512530312441
7887.042150033623
8475.565305772141
3943.3306577848134
14116.932088907428
8597.915818213387
65606.17571128196
3370.887453658965
25272.538112904193
12702.442023349176
70749.23782154884
66806.1675847287
14716.930058390179
51780.928605099165
7287.042817872464
34861.59596845403
40868.49465165938
15254.698329895877
13139.098924606575
43304.02996256228
19451.079683171924
31308.866697037858
25635.667728826607
96322.260485631
17772.68735735197
13516.93419818407
9714.25612180298
60140.20437957315
3986.0794451886927
5559.598939110765
8927.760821976202
8911.18404793705
87260.44689361575
12826.084019233802
46261.12076111361
74928.33474685712
31782.37582692496
2750.6034213685653
18305.17149948503
60344.03975089731
7916.832571725201
23065.893100758713
45769.130335129856
36045.34490906953
5366.577251717214
2649.875818305938
30661.475823910074
4887.047855854084
12226.085890428352
86660.4540530687
7801.291472721982
67367.56564914322
28960.62251264803
8892.9699099141
9188.371928203755
9106.027398402784
20674.780886125784
42776.41648266997
2955.7763744906006
55089.51679748501
63390.080260521914
66206.1706394927
10687.349685277444
70149.24296894402
3278.0179232925807
10141.155963744277
51489.546927079435
76728.31243914017
73749.21251111905
26235.664440336976
8321.195464617023
31665.89805468745
61340.19241411078
76128.31941411593
36645.34166209687
22917.319776644137
52980.91853754089
5226.39147159069
67389.85500899315
2622.135877800614
15879.637603242852
26835.66147342309
4089.8200052942175
8521.04003404132
46708.17919867207
63990.07564272303
19991.38515077859
6087.0454872725895
8443.534831686979
30837.203824990764
19326.917084184748
45508.18741926483
93922.2898452871
8682.600737368033
30237.20758823269
83353.69978118321
52089.543284515225
20103.97221435214
53889.526508379924
21157.428892450404
32265.894934509673
29121.09800487307
31908.86434284882
30235.278278835656
3595.9711542849554
5743.3274490439235
5310.529088767176
96922.25392635082
83953.69642687314
12916.935904853523
5460.718513251199
9259.420686143088
4596.404401227567
37063.75367820501
3647.2184974121005
11164.155222829551
19391.38814466227
18477.911108664204
11287.34814409147
3584.969732019828
15733.43539949105
55028.41733680148
16873.500863843463
45061.13177601287
15168.070065162088
5547.5699254674
6922.7420617435555
24672.541603796497
3913.4797024249633
4703.143670118911
50828.44501714945
87860.44049512495
3513.987920868234
3865.013063910612
11626.087542179528
3706.3203064637537
37663.7517218027
4478.355920063496
17775.08842593595
74328.34135550617
10087.351204831883
10925.07394113712
27108.950789170216
79935.9755020794
3846.3744241334352
4706.674006514546
3193.344948834702
23074.77054466727
21757.42715326592
34522.50421796239
29265.909625232274
10278.421987586167
2646.496627882674
5468.551156819733
35445.34882795787
27435.659356128406
2464.8072258477196
41576.42561209498
64590.073750964344
20557.431094635893
29721.09589989026
69767.55071485367
23039.603053053248
67967.56186903072
24435.673106854054
11651.417897469499
13107.420045496481
5491.302692486844
2954.6477975850853
8659.359643799527
9949.271473734734
15785.05339678353
4571.8371104759
13426.082518248846
6343.327203531749
8350.914024536789
30232.768035460806
7510.155648047101
12872.900778868867
18372.684980468068
89802.36708365237
6105.693998918943
109028.22254108332
6100.367529377302
3246.496169368673
30465.90475827564
33922.50646002342
14307.417055569134
18216.352138480117
4699.190946080164
4697.745012322302
46108.18324446117
6518.878100546583
7451.010607322734
54428.42054936834
16385.052685400795
3985.2640564658727
3554.6468074216714
96614.05953111887
15916.928092025008
4052.0805496479416
3979.214639456684
6818.788026833031
4113.801019084704
19503.974329004686
9209.0278737749
5510.073631947172
5202.464281853527
32382.372245966108
7447.652033718791
3787.9451968688973
106899.19943534992
2433.4904742125013
2593.3453166261506
124092.43077940795
10697.934816664165
35368.47466931327
17134.226365338753
11236.589384481897
6106.034016486973
61940.18838654029
67246.27664506355
2462.2255429759766
2457.162505529473
73728.34622328007
1242.0959063757819
45169.13624328109
3075.1103634632354
6785.946423444665
14842.256275346337
5056.346258197776
7162.0447037814465
6706.032960374067
52093.836750496805
92722.29925899595
21087.274287806827
79335.97930509498
3672.840318498926
1972.0738669370128
24379.893429501393
4762.04883763112
40773.981908797236
29635.282162758962
6783.830217234711
3722.8119109946256
3766.8549788216687
2452.740246120202
2113.4770182294583
1558.435313061446
5487.046844467839
5065.633622819117
98722.24344981542
20344.363860806618
3423.806875211247
3835.3679168039216
2127.359020537314
1403.4665665380023
2447.342633038012
9593.642510078154
2634.7058887843295
5887.955897717863
32865.89247245926
20262.061670849245
18057.367654786707
4159.04301771916
2470.655003809737
56289.51366820704
37168.466614316276
3331.171252135765
5313.583753028314
50228.44723498621
18111.18955530929
40976.429468637885
2443.4450468375803
75298.8758276363
8649.841039079614
17742.01332378711
3336.9059667051083
35432.247090266144
12669.9166203218
7855.019590132274
3254.017704914205
3893.9528385246545
23073.394772372332
1951.257664289768
7868.545375742289
4905.697122018379
4154.6464083010505
137731.15437118226
5250.968587647631
32987.19927086521
19957.433494848166
40672.24905758861
9271.64997195081
4940.211599665097
11957.616271225943
47308.17681266902
1967.235512095052
5477.218275358128
42364.91987360202
9939.87755172758
3410.1245442355885
2240.3408512928922
4581.881477055085
2338.2430053933035
8516.83222541061
4581.258859696903
