4273.854891924886
3181.3564630071023
1919.1347882789664
1923.1350915523296
2040.7120766642608
3188.3512740785577
4452.259309433162
3977.923664353493
4577.923644343718
4575.181874000059
4567.193658150058
4277.623372041272
4275.3098215388245
3799.64981213017
3037.414538649742
4709.91672908629
1313.617866124085
4837.549618387143
1937.0685176568159
2721.173795005961
1928.7076156914575
3029.2585142635307
4763.651142748291
2302.572324689891
4463.355601308217
4450.363836608407
2296.6788751758954
4473.365178883915
3067.423844327441
3967.19367604713
4427.404595269564
1603.964462698655
3975.1818934751454
2488.883066365265
2354.430043704723
1305.0916821500896
1641.408345904768
1595.2710100464176
3025.3662637220514
4449.53077963494
4457.451930207856
1636.6276898553494
5934.542059483873
1635.377601800205
4444.461389390159
4569.858860881882
4454.647477962184
5720.704277814431
4707.85018903618
1756.7710128159708
4703.815598918424
4394.5844670428005
4002.979072503515
1916.4177420347019
2494.9778846728996
4693.413596573314
1918.2183853453455
3185.53993331354
4691.3200830892065
1920.0695021360223
4262.888287481293
4549.458470949475
1037.6298634186473
4447.502887665297
1758.1841243149497
4118.627645580435
1637.8570285697704
4255.75282336702
4178.443569102803
4465.426379795431
2485.7232163005488
4467.480186889776
4448.956840222093
4547.859929963939
4464.1874508332585
2304.6607538754897
2168.5900223200388
2045.8968420677177
4799.733061655196
1300.1013548152362
1597.4917055281821
4391.110462510184
1753.995417239113
4802.815836128363
4301.648214763354
5621.328456450748
6900.658490479168
6142.458507126002
3369.536414811175
1035.416509403071
1646.866267144492
4118.979515904484
4452.316048818995
3876.1176742949356
2047.6396262936312
5038.318017480084
6035.198870492493
4701.7822049768965
4842.520027589938
4571.650745834191
3068.8993647384236
2497.9187176629052
4454.304624645412
6577.641328748785
3506.861756851251
3073.266808018146
3967.8824097773013
5740.224211624448
4283.793380640595
6534.542046825085
1868.8993899174823
4448.017538143979
1642.5433750639404
4434.911906523147
2849.0584414808022
2020.8826281718189
4655.72654671292
6055.752787137104
1865.9354387323085
1935.7648545872696
6580.851677693304
4471.470060192739
5550.6886807069095
6594.481220174081
4702.5722656252165
5756.2620752467155
4685.593931975306
5566.102531735585
2042.4384868804875
1517.8534453502475
1917.3149425535537
3969.7074674700107
5553.560021853986
3184.1469124486994
3246.278051636022
4423.301641892182
3762.3099160623306
4007.247524044328
2586.1136227723973
1529.1500758498548
5154.890288818122
15801.679749845322
6354.4172684829455
1325.9005607173792
7050.9078493984525
5538.794067200249
3761.243888721463
2460.252371030941
3738.379919641406
5814.42268606203
1251.6414594196074
3470.264388057558
1044.5534113097692
2603.725539584267
3495.450276228624
5715.969531669498
5883.695728238558
5858.194950776871
3509.194308479258
1755.3750162764059
4282.800851630946
4433.124746868717
5627.886326229875
4670.103005488133
4106.861740364722
3504.9441291749745
1299.556395746352
4425.835355202134
4800.440184224002
1251.845580031283
2344.8870667677124
5339.121362222472
5622.883118303433
3518.1618565919375
6152.996101144893
4607.161869154779
3494.3118830691146
3493.2369721945493
6750.68865833834
1523.9414637977331
2708.959662424094
4384.75686182135
5550.042777070755
4943.929877651514
3860.70348335422
1315.939774286269
2906.8617724022947
1748.5821889530935
5344.887007974958
11546.72839834981
5822.459807241691
3253.1462642590272
1870.3649368805545
1527.4156691994192
4392.871240178776
2227.022128001746
1999.6498581558944
4699.688939377106
4286.878810589566
4269.2843736979
3182.753997396468
4658.194989070261
6356.262053633684
7403.829994631601
2727.2991523539977
1644.7465938599473
1421.5097427842884
4913.913749160573
3969.8588792448177
2718.1120535020955
6193.734284858578
5399.733057056132
5754.417290141446
4950.688688726975
3171.274395457082
3225.8459348232996
2944.8870599962383
2904.660740509451
3171.784550858391
5307.10642392304
4058.1950132811294
4280.658189181806
4100.560513286201
1039.8991297151304
4109.194291085372
1263.843717338269
5026.110522946345
1650.6616709235013
4561.792549468206
1751.2849591204522
4704.660693521497
2309.1943381598126
4159.790367689367
5562.221248681368
5855.726508150574
4001.667471079539
4119.107467835834
2558.0384085202513
5031.399413457658
2621.1716060280146
5958.7096747620435
5152.567085840481
4839.219585623073
3152.732788581215
5402.048769630664
3799.6291816624775
6354.890271656229
1635.4165000061048
3504.660723559593
5287.473856655663
12055.351520952965
1986.1136456804838
4339.213177828084
7048.592870230836
6578.00137989295
5150.8901891875585
2533.0281643514377
5551.865711119505
6249.665211192719
1250.333369986346
5360.220249250131
1260.3295999318686
5482.104043635269
1915.5191744545286
4672.501314728762
1933.050432683167
2308.1803713188156
3415.1203760310714
6897.323380380078
4551.017844814355
2029.3962728327872
1420.5075670403378
4582.78647616885
6144.368580105934
1645.816738171677
4419.538301531922
3070.3649123013947
3763.4508118086956
4176.8672868657195
4580.624617623752
4420.962520089325
5636.5117375066475
5083.964880717281
6586.31945319589
4157.853759755328
5397.248483574854
6159.1819308542135
1540.9914976700702
5664.18742545703
1761.0379453772669
2542.4585863574525
4492.270113972161
4278.539457777438
2010.3692256462612
1871.819541137243
2482.512302652146
5810.900460040442
4689.402039804654
3251.4223019325573
5030.330466509798
4773.323098720268
2433.2650532651455
1553.5304320046178
4431.283096753478
4691.305052902476
4489.125654664532
10922.990916549164
3507.1467746658464
4108.287346756988
1747.2109034913067
2271.3651621734048
1301.720340866985
6107.978248387246
3500.560527728085
4570.244915524673
2625.8459482331614
4469.5030202127045
4349.741487945635
5291.320081000515
4104.660707873483
6027.622834689512
2580.4614885042665
4483.964890754653
1330.916264094805
2167.0358398592725
5881.7943354459585
5874.109007261903
4109.713801342336
3539.8577041195954
5716.52404724593
4952.996165971058
1914.6112370218584
4298.684907235808
2142.557945627622
1300.3809702011945
6472.501273520793
4667.650548438731
4248.50079785101
4522.20172658051
4181.403648473482
1301.8821452903492
3465.112200301906
5206.516641798505
6544.8869814230475
3631.813521628878
5807.25240796082
4487.45820562528
5843.636907103523
4695.522155755065
4949.54060284551
14904.950210172456
1531.0408610409404
3326.3333200462394
2899.9044787922667
3242.864214656578
1042.2142892086886
3980.161623663367
5753.7952657427295
2246.917562557684
4962.221287470346
4016.8944977570063
7916.063411559321
4490.734760219345
4768.314994764246
5349.15186005864
7386.506037286168
4862.888274438586
4598.782746452156
4067.650560679514
2812.8521093401773
5265.112170538435
5368.68973258403
5551.196215468638
1153.9954445921455
4280.582257846078
5334.542080579037
2464.9766571482983
1062.1376469148886
5638.318013801294
2900.5605468713625
3186.715259864754
5207.252420776005
3972.4950484769215
1678.7990099188307
3571.8142280994975
1649.3520762568292
3065.9354124241922
3166.458234313159
5272.501306536525
3854.3046472410606
7410.310583992519
5090.734752658753
3874.8358660318754
3005.1873562235032
1848.034202508203
2904.9441347888533
1872.1682041487984
2715.0425727149773
2562.221337740413
3221.1715845103495
3473.297846699452
3798.3259684021978
7375.944997752739
3159.181992992392
820.5075732365967
2413.7859208521036
4607.252433767109
1535.377160179165
3571.792648307544
1299.7769699012906
6588.4969306453195
5049.665249077951
5754.890279835251
3958.1827796647713
4050.1892694854596
5029.637567101821
4608.446466948614
3203.725527521825
4687.473863738456
3138.3799352721308
5131.2072251628615
6017.567695605262
6146.15112861625
4432.495524752394
6465.112137374719
7053.644778779983
3496.678845862778
3401.8247711153294
5750.043003635811
3773.5563683880364
6336.484381058637
5258.754001432053
1918.3346817603262
3980.624642547358
4554.417319810754
4179.950963683692
2526.0191078762896
5399.5224706292265
3507.8502289034077
5885.59392513681
2277.794768942619
2178.839229135447
821.5097496186761
1243.9309160445216
4552.56710025055
2042.042204786604
2177.429713306018
3977.6255629427937
4055.7265702055847
2729.930716806204
5341.308932338784
2244.553405467359
2035.4175723720411
5738.3484243405255
4613.371134550737
2472.0828977431947
6470.1029649767725
1637.6298552621179
3405.826696826349
3173.556381106058
5032.117756069386
2049.384262221699
5724.9597826026875
3033.265034603692
3150.688731319963
4956.550805780359
4944.368616238903
2425.366282707491
2195.0296365541076
6766.1024991995155
4665.112176633471
1708.18037227274
3159.7561999818627
3582.81445081335
6338.348402614556
2248.914848934238
4574.396449483209
7044.016422301456
5667.751445248261
4352.732769608587
4247.264344824239
6485.865333713969
3499.904472622524
5343.474928649635
5553.093116628933
5370.210361231296
4283.214048947869
4042.899742263508
5286.239899484823
7141.477926024293
8221.354942936257
3369.8588982902534
5529.379131163988
1201.7639334412133
4820.005622861526
4966.10253742603
3199.5482804544395
3367.1936941530257
5462.888266729831
4818.866787506431
5531.100127864032
7732.38882980575
5719.557503033343
1276.6745701511882
2178.021770586866
1844.505117923347
3173.343051815985
5480.308234345225
4389.888376405244
3162.6766642797106
4615.088944466594
5638.918844998361
1644.5534067204255
4411.894475967301
2271.689396415528
4483.887312166207
1931.6403602893834
5194.39056006561
5824.297679613719
5997.282941268259
8853.268792292125
4314.948389772877
6586.497775056807
2272.501353955635
1639.6491151318849
6054.131541399235
4868.056652251185
3975.0271045548643
4323.29331373249
2675.2091307590927
7058.006284030592
5889.4020353445
4338.794133692669
4602.8913671487935
5347.405087093544
4275.76325377978
5573.556343433924
5641.219013250629
6162.676570136098
4840.878058534163
4410.25199274025
1333.3192314255418
1438.9762072416647
3186.1136069013664
2352.274578385766
1244.0124840234823
2809.040036815652
6171.274307197836
6062.888260090216
5006.6358484360935
5287.494254149663
1930.1923083285171
4258.504706013913
5255.726533226802
4696.678820448052
4110.29105721214
2481.746195558626
6902.510625638405
2573.556402275512
3372.385878545259
1408.2233135289275
6120.413810213318
5805.750878002521
5809.872095972507
4523.46875456068
6367.675630702494
5887.3837975007
5282.685932700107
4938.794100634278
4578.452535699467
5699.320852532226
6437.629518642538
1514.9483699151501
3277.7849040808856
4134.542120349018
3185.034875928722
5182.786472470428
4168.379327325368
2125.2743432472716
2541.180230356693
3352.5230632159064
6264.187419127215
2182.1825589826644
3146.151204976589
3629.316985833696
6492.760575527336
2642.864229621964
5348.537472919429
6000.78105849513
6458.194942887294
4344.368632564332
4835.198919218734
1646.9175642762777
4418.222868883746
5532.576901424614
2134.9784719488935
5205.300582847684
1557.9361688748343
1710.589747687212
3364.1918300591665
2339.8577161095336
3101.949935290432
5521.4497463845155
1877.1850683505968
5829.74185199044
5260.4407508220265
5532.633214355835
6021.893463999766
5420.00561907564
4592.009907193855
5380.487303655249
5613.239338931731
4292.654584867025
3112.7339813786994
2838.459886812422
1601.7713665830213
4370.9883222063345
5036.604720583159
3605.8525867565727
5438.31429813298
4605.300603441932
6908.341154126794
6268.401335943343
2118.1120743385727
1927.1852293691647
2155.831288956939
5178.452530605759
4869.284363251945
1537.4894494023977
3066.2111142011886
1240.9209255567941
2459.856972985821
2435.5726781265776
7392.452301195564
5374.687906824511
4072.501329327838
6166.10250682065
2025.8459671972073
1910.0539691075564
2029.7104648895581
3354.417344831037
4855.752807761161
1631.4042524060499
4685.865357183051
7397.8160110055305
3509.9167680352534
3519.107485605538
2134.792756299172
4575.295552861134
5150.043015875233
5041.2190166782
2764.002246189322
3176.413073801734
6012.1342309674055
5421.108859651761
1247.260241905307
5531.879989298035
3192.245625568641
5060.901543676124
6006.458816870598
2547.204544022916
16324.661248071252
3185.88320643859
5092.111290161089
5727.148763192936
4844.136051789667
3961.5285742115752
2353.8172406593094
4060.6212615989725
2279.3044342589724
4000.326961352912
3933.506133057843
3534.542125221113
3175.3565700016243
5654.304587947161
4357.116566554577
4372.20193682158
4389.306208166716
5668.641104651206
1242.2056980003538
2724.236374466654
5207.05429192193
5884.2660987183945
4984.04412811733
4768.397347059929
5661.844545004484
2711.978969975037
6028.735229855625
2044.164105001782
4976.092165225767
5349.2146937987045
3005.4394954335303
5027.886332680127
3815.1234128852193
4556.262106436431
5422.19326863121
2181.0295371161183
3510.937505101455
7540.156801238055
5087.458196666582
4959.181960091568
3358.182787885894
2962.811019566226
7238.861524362946
6353.795257600238
3910.1553522830973
7944.511928375358
6624.618506645538
1398.7150660626019
1703.3935902179396
6460.621190950124
6210.530040393365
1617.507027359205
5736.813676058626
3174.8851581191966
5428.590424805088
1528.6883234651696
1254.997500632565
1525.1504054227623
3137.0296174520468
1958.038413517629
9636.52610410773
4149.151871238106
2437.5800137205006
2518.334677266272
4007.252449076844
4249.713374117532
5817.694725882642
3456.185538057394
4405.201373178987
5882.685928846725
3498.6024022056854
5091.023202103388
5875.681034177775
4119.179372290784
5484.178296507361
3195.1415969491077
1640.249049707327
2747.983200477684
1400.7464714934551
1715.7421290677066
5216.789173399225
6149.027594665532
950.4748124872779
5096.326649736547
3380.1616307854797
5603.097822493425
8846.26445815658
3302.8457511059737
3518.979533039913
1832.9402684007098
5624.360745588396
5733.992886779377
7903.565852491643
3234.9119467285245
3623.6053884010894
5088.409215066171
4215.9437643872425
6236.069073124738
1410.6639786775584
5053.311209495044
5033.813422823396
1229.3669619746256
6021.420415034415
5745.3470609608075
6357.50083585668
6484.266084051149
2534.5160309141593
3027.0831886214874
6905.027041134472
5516.965388971885
5164.066326184726
1323.3356693647086
6044.72183556862
6216.519916465483
5717.190874078135
4303.565655580935
2852.580086868523
3971.6507548144014
6051.00255984327
3502.506336943062
6742.458500234614
5069.093987227283
5426.481957087347
5140.224237223898
3874.0492797974885
3009.624562843232
2123.9414590993188
2090.7441154232156
4297.111502313243
4794.872041371443
2129.9307310542695
3082.859656269861
4438.318027409472
1251.6156361865717
2179.8550938401304
4675.0422260091145
4163.775981758803
1759.60939024621
2251.8473186871583
1482.9653992278354
3375.181914207489
5418.866782867718
5351.501401393674
4757.898984372873
4744.887020312569
7586.064879547877
5197.55506029886
1036.6277126074845
2164.6469398577824
1707.6653549482555
3124.111810162971
4010.900481262895
4025.699448720339
5710.7488591133915
4098.60238824168
5888.5342745216485
5696.12289740533
2578.213883000966
6337.455076653067
4080.9750967577133
6229.409038234636
5636.604717323663
3440.035129534652
1572.416293472002
4583.588632666285
3152.996207071141
2643.395073154873
1120.0710730122205
1216.8991245492539
4145.5184282816
5750.8901774775595
1959.1820385880064
3144.36865487477
1520.7462832840058
6260.901520596623
2757.8685508765057
2649.8469031075942
4055.465379633955
2131.0408573690356
3919.7454425295714
5285.865350656452
2188.6422577598896
2940.947499234486
2854.5820259633874
2467.423868309745
8253.2688083612
1328.4511706462988
4436.697443137489
5814.23837093754
7141.262125946226
4875.3098136492135
4280.753594573953
5423.733930121697
2676.1176930532774
5752.763704530216
1376.9947423297285
6010.046267078576
4741.308939571713
3356.2621311790954
17925.39669840816
2354.190812973105
7584.133311890585
2909.1943224198785
2250.3742716525726
1731.3996986641966
5806.368330140608
5262.118911231547
3490.974680975175
10513.364231152542
5175.5017078857245
1445.896867155727
6025.246424528061
5660.901527589044
17135.673962521694
5911.897631480189
3352.567125418758
4100.92709740228
2956.8164310960287
5725.08749819112
1386.9009744873852
2340.9475075068885
5815.7633771032715
3120.66876126026
5099.655495486608
2644.575317049184
1925.6265872013742
6188.799692048271
6134.515920836533
2550.6887384884176
3166.10256859297
2890.9747038700125
3674.3932376983175
4015.1203728176383
5909.001948363204
1855.1537342911047
5098.010808344776
3471.7763573205048
5090.845999206979
6331.895336150936
8821.908373228513
1236.0283443675655
4673.828704202087
2520.795267849603
4934.515970079173
1420.8826423290632
5138.613808950798
8792.862169509142
4609.8721312136295
4426.110538431344
2620.882625531141
3286.4228478810624
1534.7927592741603
3142.458579888742
1530.8818899580012
6003.01838843617
3229.3781730501737
1705.5712445145873
19343.062382823544
5124.019250228279
5121.829020028918
5284.266101759712
5094.6138991231255
754.0409550416738
3889.125668517976
6475.025509594155
5267.650541694675
2874.829580514495
2134.7504308186917
4607.247518939098
5525.969486308716
5637.726529896408
5433.111272619345
2377.4033199629566
5887.473855340582
2571.2744175046632
1517.7132271757416
2653.146274333703
2008.8909589742677
3663.464170048187
2135.9785927683756
3386.0650263709863
4739.1213686348565
7465.446629512331
3866.9417263310916
1568.590046163623
5345.518415498668
9388.243001511253
5597.344528247908
4258.791793045152
6352.763696422198
5550.483617602967
2132.042639734694
5001.255101591537
2558.5653397763735
4826.433588876317
6600.146838105646
4425.898229518047
4118.990278229036
6004.861921347651
3113.612324586298
4373.396477181818
1968.7979854795242
6350.8901694317365
5092.082026927767
5435.152955573999
4244.887097410927
6129.113556182924
4101.782237385276
3028.9988246082653
1828.9343723542888
6348.981861814899
17722.25703096883
5215.986620161651
3875.1922238204224
1639.8991227871977
4362.221317592369
4305.936915224496
6355.893476080377
3377.9236859378516
5118.386784264253
4147.405099046261
6894.724574242337
4854.4185409717265
3969.0882701728497
6455.7265002361455
3508.161413469019
5092.270107266601
5061.322959825475
2139.3425690652534
2768.5900209881815
3277.862621403776
1250.910433892494
4247.767026232911
5998.19655358979
1228.499211790366
1946.3742278782927
5428.702218660418
4342.563731809092
2298.60243202068
4276.754514396245
8786.064838080385
6744.368572362078
7379.288358515168
2176.3169435264767
5729.608791946255
3162.2213285695084
7928.444611453138
2249.35207419455
4268.056674536882
4986.45379594331
8508.40263983261
5993.776227708505
1386.5121800003492
1223.792929763593
5756.384244633487
5627.8705808934965
4228.590468194245
5903.051521315623
13809.087839720243
1744.8870726063858
6065.070479676668
6052.554067739305
5224.297691273717
1978.2139070185945
1402.7486098003435
5631.399411085977
3859.1395384101224
5740.083037173476
16410.897619195348
5798.380607362797
4406.018233101701
3502.5722943536666
4168.315022159552
5830.284364004298
1713.1107903685654
9658.791614714293
3648.500812333954
2377.5516894476186
1538.6416050228106
1645.0102486131038
4314.152852446055
3183.1943371767084
1994.4453550831033
2246.1019227615293
5003.241950497894
5712.202403060102
5532.040576688316
3915.0241058414504
9097.111369284552
2549.2405941966995
3762.0094593181157
5004.462122779129
3956.262124043248
2831.646738383165
5114.364235999219
5426.205108244395
2858.1950281196996
1967.7597026029257
4170.0887945925015
3887.4582186924044
4333.02421105252
4984.75685962328
1526.8922784999586
5092.822617310044
6333.836870741834
6666.633634297074
4276.438887311361
1915.9397709032983
3447.0948269543287
1625.661242539575
2829.106937154434
6350.042995618857
15936.40945148629
2217.960405166423
3366.983597037442
3164.6729519169926
4573.418257873325
4337.685337613936
1765.9475549406097
1405.6376729433491
1389.5147847325493
3236.4860175614517
1616.584510581158
3197.0202069454954
4609.7538417652895
6043.18149473586
5969.242430629658
3135.445104605599
3143.6075611424008
4276.44947900986
1255.764506883585
1996.9230733893062
2115.0425935831026
4143.474942311087
2865.112211297896
1400.3802420616996
2438.647982136992
4595.347015700811
5992.832603813098
5209.065311608889
4283.775865932141
3002.6412233968326
3375.1026275465433
6335.370641792913
4520.95905137857
3972.385869391082
1906.548496939087
5755.703775160871
3188.2970977483556
5520.579945161773
6462.50520380156
3322.2835252012956
2835.0317830430786
3213.684660385885
5337.02553839815
1161.0379721711292
3964.002238945275
4248.860145557634
2254.098827500609
3195.1110009471904
3060.25236631775
3954.4173371633356
2824.8485698423424
3930.563080946563
1545.4733120116402
3709.715042078472
5764.066323012134
2254.0984394126895
1725.6692217963196
2686.852863327516
2051.1194576065213
5749.014236856783
5089.107679236995
3155.231973789346
5226.4055739196865
3744.3686441506725
1003.9644842392511
8214.566498893555
4794.306577496506
4833.359281370221
5085.735943815241
9110.367198847272
2901.2176674202437
1416.8570594815124
6055.73973721321
2689.0574296282757
4475.1921994099575
3703.2532093084696
4320.668756611873
4320.413861638149
4421.328466910137
6219.403322542346
3505.825653413492
5101.261444586544
2246.4567901497207
2752.567133226003
2017.4344667305922
3675.696850042791
6622.58650602801
15599.979297461881
1911.2489290359858
4117.438664608391
1202.7632733462958
2911.014723308818
4614.422719921862
1156.7710400104884
2816.5871140783047
6069.284354433977
5569.213562817451
4995.700648550528
3766.1285041254073
7908.402654123403
6329.554493325013
6026.969025134587
6655.752785730427
5151.795928309165
3821.1715783662885
4326.887393981625
5283.695733436071
3634.161243701267
2761.4856566744497
926.6173701686389
5368.038676305603
1394.7425499160108
5821.658329156203
4988.16439687142
3890.734774917044
5714.122427333608
5754.6400960451465
1333.0504534250201
2437.4145568750264
3066.9688224247348
3972.8768237246504
5709.27947045419
1429.3962785936571
4235.198925179432
1754.4300644835898
7251.542676634453
5353.7284848937525
4737.025544087731
3167.3516407647853
2795.874976242833
1945.7604980471028
2781.0295338405763
4223.119368064928
6701.413630916615
5974.0887350560215
4824.301034355718
3680.658213795044
1159.6094171609138
3810.251994885587
3055.4349412604006
2872.501351757021
991.5958337501442
5095.149734339706
3800.9327879306734
2748.860791875439
4671.59095250142
2045.508586325822
3145.5909645970432
2892.6689798605885
8759.875697758309
2651.422312830131
5695.531787476769
1530.5482926109835
6521.08219153847
3491.2583305805356
1193.470846156534
2971.792657337077
1119.0349539955384
6324.423760415799
1464.9851917419435
5521.513278587416
4700.560500206302
4911.072981953688
5006.343223912182
4342.826470329718
2265.1122114022146
2082.906756578932
2721.042542212535
1942.4585904436128
5751.103137702955
3174.4887326498188
4182.814430966994
5808.72759549313
2909.8046126646573
1725.3330500505756
1711.4649196648459
1731.2284203767322
4019.568874734794
2359.8186080704236
4012.4083789447245
5694.609097222048
3492.221016984884
3864.1874831502478
2610.3692186702824
3745.750651315168
4433.147828539841
4305.112608343387
4706.732752091183
1238.7314753864785
3467.6505733098
6328.116437048862
2021.1716295791384
3430.9884727984254
4585.808989368323
2163.943225217881
3375.0271129900534
7344.464434398281
4747.405096451808
2102.845763941242
994.3994412520397
4837.937926864725
5899.841026556164
5212.364700266357
2876.3730623254987
1335.7648756901183
8840.055579511594
1542.6954818650593
2229.106942260448
4449.665264051196
5437.937900421372
3362.753927281398
9884.186756855712
2799.2054865262107
2936.3515441361683
2906.0759691323588
4097.711780543557
5055.377838697592
2491.9702308405235
2734.953399870194
8455.627728661499
15656.474001816567
4296.965574529486
2174.054212569917
2466.1037322165666
4756.489921418283
2677.0444012607995
3443.021953235404
2740.756001890556
2251.8711991715854
1223.7294808072581
3847.5029088261144
8801.218637275611
4825.36110870153
14123.159266489403
1536.6526208938353
3327.6486521981255
3781.1480681079
1704.660771373705
4924.61223692629
3392.8623507569823
5138.348449817408
3031.5211594429597
1481.530152498615
3412.408380458705
4794.049467280261
2939.8577074009067
9069.963673440885
4289.59002788483
2675.0391300395786
4011.9945102805596
3706.509259227685
5008.28163074594
5524.363051108568
4311.073004396943
4276.543951752803
553.8870035055793
3647.5331026520826
2533.4162675013094
2860.6212753063705
2675.0443867729905
6336.813668232686
5741.287080446199
6196.282337407714
4076.295926621691
1811.9821848494366
3200.9327924860295
3411.272614801384
654.4647616700292
2853.160819083711
4878.539454969572
2392.1767932011635
3086.7977710214063
4944.941257089565
1415.196236910395
8222.71742011598
2821.7870468999763
2646.278065049266
4734.542095908266
4933.555962501906
3184.1402935551746
3658.5047166876316
8705.116925750206
5438.168352140065
1320.0695223782757
649.4679881466824
9691.43119893765
4424.411360166538
4988.7996986489225
2421.271536624413
3000.166795908507
2870.2644070575157
4962.676623139136
5700.752739140628
6351.795909122781
4310.554599249156
6341.287073441528
5722.933464591544
6127.699100275948
3254.867012012545
553.8894611077602
5063.562960184
6359.123172144248
4658.844245846987
2396.1486741756207
7396.654738076663
5624.819711740596
5981.963095906693
8744.074502865864
1908.8846227530717
2527.1944558666523
2815.120384841321
6231.062549480639
5003.641121345365
6429.741845248899
2678.6086954766974
3270.8600514217414
5080.273558843123
4718.990270742984
3214.085284954065
2099.8936384771705
3759.18198149248
3667.7808794626785
933.2717176986429
4916.965413385049
2896.6788665536506
2579.4323657202654
5422.185245156632
2588.3512978981616
3186.937798514642
1837.210730600103
5350.7890850333415
1685.50106402634
2965.863996919567
3682.8008772529697
5525.170149800089
5412.134243435933
1736.3515668336468
3275.666784850354
2648.102330782807
2581.3564886790023
4460.901554398435
3501.2176614083655
3831.283130450048
4590.452296809922
4399.7792241617535
1628.2020361285215
2931.520094015714
2599.6498427571037
1297.7778894889739
9903.536836430947
6592.046929085762
3856.7847754556465
20254.536464348093
3201.4671241112073
6222.270283307068
4660.621236778804
3199.629186200131
2394.310152563911
2376.8835301452414
15624.342603792868
5214.628543277896
6282.695345836072
5038.918849083128
4202.461689860235
3210.166112000294
5033.147816119406
6320.51964775996
6746.151120830398
3937.341279322983
1471.439534302722
9043.461255014707
4925.369591694523
6156.533027890341
5407.769719702921
2224.848574387439
4827.758382005762
4214.064363022143
5634.8291723344355
1872.0829145507207
975.5799798469398
3089.068833010529
17512.602262380624
2542.5821266923767
2543.236032237723
1881.7462143894463
1520.712333891619
1891.7960460283525
2422.4384883778935
1716.46747912268
3873.3652039902267
3793.064155324897
5156.262089956046
6714.152797081106
3953.530189794941
3639.9198144674942
1944.5248603215102
1496.3145202465662
4827.522609724675
5048.06252738552
3732.273680239289
3159.5221765934143
5532.958692741069
3581.4036689382215
4323.488164509286
3010.04370894284
4175.226362516753
1321.026267130975
4015.147643612094
6034.205436776209
1851.6156312366581
9068.05651198086
9986.064802537278
2380.6998162445734
2769.536436744508
6331.045836793566
5449.988894258191
3651.6042371414514
4815.774097344168
6467.6505085977715
4817.824980662342
2502.5674228641737
6958.122983231492
2802.892440986958
4109.91676193066
4519.745441176714
5386.86176971903
1837.6791197272194
2352.330992124287
3414.0128621328963
4039.346100780251
1666.9232603051769
935.2726455827701
5633.14781348612
4897.821060362957
10851.177620082177
6793.734282404434
3757.051982446914
6018.529626670772
1515.6547917593414
5522.9843545722315
5823.984148150493
2913.072526139782
5070.65801714652
2532.1119616929664
3159.387599752952
3865.4264077236985
3703.5656762841504
2270.103043308925
1706.861803750122
1812.393202691251
7949.949595497399
5873.325743073094
5452.899796191498
2582.7540228089238
8267.415501300395
2538.384917206688
4424.360763265622
1245.7487078698928
3568.943369549125
4951.739766606638
2965.635598853992
2416.4097697857787
2909.126431702648
2194.6456345075558
9392.862144783134
2808.8408871696693
14148.669086120535
6666.73809610525
4530.487492492792
2248.2599391833646
2247.490856652268
5966.800393711297
5681.224303986248
3728.6902585089097
4858.79177112817
4726.00294060013
3518.990296518285
4592.6200042358605
2240.963180010292
6952.567047147996
3186.690545889393
1996.523601685592
5059.184827990192
3067.7989352093427
3220.919922269468
6345.347054979586
6127.678741223385
8773.668687637022
6637.937877387981
1582.182571986541
3823.301674404912
6128.767454543448
4284.178343193468
2966.4222693740726
5040.084001277286
8748.858325707839
3077.375588937139
8261.769813376519
5820.500102975137
3721.9198955840575
2310.589747348319
3857.910285335826
3037.771245172199
995.3991283563857
5067.625095490108
5136.484428013296
5961.45452017242
1951.322261239278
4052.529598161987
1466.8665941325298
2823.701079398759
8423.521380326581
1502.8915730756557
2460.463736857887
6573.060999262391
5004.179991837133
4091.021390689355
8442.453456177762
5721.829012326028
3982.7865020295367
4332.273662515634
6387.985590212811
5204.1151676428035
5244.063254390352
1855.3113322391748
8768.578984173086
4988.318183819017
4042.6518446127216
9500.1615947625
5088.053215043243
1945.1458093312242
6632.015253640888
5077.17719507466
2365.8400669907783
3653.0011175531604
4687.494256681755
2754.1366418904745
5870.102972859832
5290.648968061043
3784.1402894533458
6482.685914261695
3003.0910897346876
1920.7952724435374
6308.640322819803
4350.688713973173
6617.567690166105
5435.1988926802005
5727.801452204517
6700.3471397818685
3106.994380089281
3954.5171126585014
3755.589465114318
1292.141461277648
3165.045819051489
1883.7746988968252
1304.0977226114433
1504.0469788124556
12333.184981623184
1104.6607785720337
2005.1025848483396
4237.937934107291
3970.244925271763
4745.518424281312
4250.101037352636
2754.113117411282
6326.558433242173
19747.152299749585
2907.1467803178234
4882.800850628561
1682.1576478938775
5180.6424927044645
4061.7457317520093
4304.383733106443
4101.531058217364
12671.051283313975
5448.869887916071
2754.41735292842
3988.2431628931395
3955.08087139886
1273.2668556453327
5722.941141845509
4590.751293441139
1622.490647412185
6602.194986153827
5245.049999985161
5593.734287519964
2256.2211582644286
2250.5197637073265
3195.712627574219
4738.970374610569
4030.2404604310063
8209.871396740466
4150.789095483157
2195.87346913898
3403.720240446651
1492.056962530322
4847.767005877815
4397.936613469246
1385.69122937719
5729.932801616489
5108.640361142197
3576.867308796358
3492.861601982465
7046.529401168429
5263.803724648773
9473.007979375183
8272.588340759135
4430.055255173637
2108.716356002396
7027.888374203543
8472.955508132887
2428.729087587686
4087.494277382987
985.3878425238787
4408.663950999754
2123.4482383396603
1906.8584244303715
6676.03816076466
1006.7884454806807
4564.066336402382
4254.412320950226
1270.7814094813796
5362.37284577124
5431.055538424988
5085.90649001984
4020.8173764106523
5451.116128231186
2276.4171607187345
3216.4264572418074
4989.572057961441
7380.9791960931725
1533.1825588290853
3049.404192412305
3072.0828960801914
3959.2471207804506
6601.439818161401
6711.072938224945
1629.6246731312317
3507.876858572748
2910.9375115250004
3175.3869691132854
7588.243065831736
5027.8705827802005
2465.9354367759406
1779.3320406715495
9324.47219025432
2181.714270555874
2361.31449059755
1882.512317994581
6126.630137756731
8505.05486192691
5733.240371067641
4485.735953350229
3190.568191239003
2285.479685554527
5694.031527183965
5624.144838339999
9893.471092515114
6784.178565394499
1567.0358638752066
1403.725577623748
5241.158596032088
3034.965578293489
613.3382842380106
6771.863961898501
3272.996946139367
7191.050168830382
1237.210734993451
3022.4384859275483
4350.371203620436
7115.193825028863
7373.74737688885
1511.7677175035753
4933.024200215614
1617.1635496452395
1244.5051228824584
5265.508960716643
1613.711837321592
4091.320105337687
4023.7162174630867
3307.6874488513768
2674.049293693765
2673.9615288198293
4014.538831889499
2245.2226891277737
5082.0982848179365
4200.4401913144075
2800.326982324804
3786.113595507443
4508.640383730638
1398.665334552657
4781.451218947866
2927.743268399327
3455.465383826332
3856.886076398624
3388.243186255928
3194.445319369576
3181.1480718084968
6564.564588924898
1655.9095036517876
6345.266465611179
3510.923234634619
3189.462867549204
2093.5010558914746
3762.2213257172325
5626.1105212777675
1148.5822160241141
15600.880515960325
1625.4895845325343
3607.182988881598
2808.8430449048287
2099.5431880194324
5178.185144299223
2427.0831983013586
3369.7074773811673
2255.7265914783484
2536.9649284383777
3647.767045315519
3656.7130350231623
1733.7351655949792
5967.780979157656
7145.476810071436
3035.9506798684974
2006.312872868764
5375.848484088925
4661.875339717192
2793.4233768894283
2477.1850503903297
1442.438512318798
3470.1030315469247
2181.7155556459234
5898.333712089665
3060.329590336923
3339.4892486111776
3608.080128246954
1834.33774310386
5786.0649396558065
7188.475174477893
816.7782653778025
4991.379916459181
3416.1551918979826
1787.5780998105806
3411.944010958442
4035.897581195892
6608.516881390548
4037.9272546696307
4202.815843266825
2378.1157168935424
5890.839252040267
1401.8614209302557
5697.325180371382
3460.6212714064677
1292.41488091281
1726.4598219576526
5819.339737189143
3158.0967445660394
4095.522173395178
5093.339395922901
7858.791663404022
4923.488164055297
3396.74770150778
1699.5104353941117
5252.616035060825
4926.887382098186
1399.6498758177422
2493.407965107406
6602.0431112199885
5896.82903626339
6115.917501564071
4434.881757886956
6666.851498271649
1003.0982452960844
4621.558824735697
2265.6164377064247
6149.7414114113035
8827.331380994501
4897.111482994967
5732.12321544844
1618.8007746454373
4832.372687246635
2098.433819846229
3925.191284361428
2272.6245275536057
6364.344125663849
2005.6424385825503
4352.996198361912
6325.616676306081
5064.247211852063
3274.049289051005
5567.564149975785
9379.295386622623
1629.8916586638773
5709.300601033849
5790.135609690112
3510.291071341548
8517.69222987063
3187.463057193448
4307.288314995935
2792.276435088892
4102.572279343238
1368.7635992694923
6684.178256085068
9521.798414099288
4604.955491182046
2649.6652987037623
5602.649849237466
10141.136004470869
2792.578659059323
2805.8613540181495
5169.799585643263
5591.275164501238
11998.786645167622
794.7229139401438
5817.120450198356
4343.149955997367
1497.8289620385383
3303.5369763950907
5726.576855948117
3713.9137757574654
3402.030753437647
3453.2746360315236
5684.442944492317
5244.513944326548
5570.886529502741
3824.1224793732413
4912.685411662356
4405.2104123187155
3936.5475920248655
7917.553587673865
2544.368658137277
5837.62952452479
3836.486016267158
642.7022905171889
18292.622450814943
2359.105000016426
1734.5421379735467
3458.19502330989
5726.008109920058
12937.52155639613
2833.014249170635
5007.312352014107
7922.997491194007
4874.382949639438
3683.793405793897
1903.4879507197932
3370.173786103366
6111.318262240341
4857.110533439197
2781.7155528867597
2667.7855074871713
3883.9649024484906
5708.64033902571
934.7927722369334
8657.895437678037
3605.5009118081784
2237.090859991071
4581.516417994932
4603.700684439522
1409.1688276572465
1845.7486968047428
2909.0097741700574
2701.3589387729744
4107.8768456378575
3316.5125028587863
3229.24060321953
5543.929845302865
2185.137117217564
5980.701915809943
2564.388095490957
1609.3651070913832
8179.363295403826
3425.6994620833607
10675.19982287149
1952.9962209694313
5083.548266396188
3724.989183182642
1316.4177643439482
8186.064859188829
1557.2146017519583
8392.910828214877
2543.929942116272
2792.119473854593
3938.555933128572
4487.876237117475
3753.0314636063954
3336.5476023044434
4884.178321103345
6472.36140484365
6890.269798491457
7871.204149747459
1116.0844926928207
2573.6153028325703
3675.8455833262033
5066.068103709846
6294.111053437634
4536.060509640134
4138.201228426279
4058.835638781529
4536.484430901556
2177.0528273915756
4493.711002615946
4136.379066300955
3934.4529926137466
3050.345679138319
5692.672835258675
3030.9890200349832
6899.974041895077
1107.9222548513058
928.0375271174556
5208.650195506931
855.002131448691
3298.4553206877704
1155.3750435644886
5792.862266703854
3937.9685127333664
1260.3892979024222
1594.6456370102228
3135.566582574781
3163.450822886203
4558.354191925583
2543.951730375972
3676.4495016357077
4588.243141735014
2181.07014678738
2918.1618713191165
1836.3497404076086
2546.700772741923
8492.57989923415
4407.907944518574
6524.0734547481325
6348.94334682995
3538.3800829527695
5986.861763788647
4392.760008768914
3790.3617443613657
1844.01247304636
4309.347834439202
4110.923220483884
5237.859946271537
2136.761838053753
5889.687638319287
2584.142574074573
3020.970629737897
4858.113618138726
8782.24555252531
6322.773509337416
954.8375313352244
3184.0990769235264
9108.402628822181
809.1688307305393
962.6976141423355
2811.272618773454
1449.3842866588861
8097.044874460751
7051.183492831536
5214.2383767405745
3303.4845750498584
4791.089561889132
1734.9622783457037
3005.086551975435
6787.08101552446
3578.443590585347
5655.3875247557235
3519.1793808626426
1965.5845982727412
4396.159060536991
3367.035816222706
5810.500506079323
3435.8975926278704
1712.638123964551
5204.489115698819
959.1065499770242
20788.7748967774
5422.485834861246
8809.871388190866
4993.282683614035
14168.938331697113
4815.473123542797
3687.0991949119557
3346.5863473331083
1031.2351945603273
3322.7736060692578
3110.2613279673037
5491.431332162375
1059.6052373280909
3752.996206647604
1784.6765821052093
4507.435335255873
4550.890195059805
5132.33863156053
3935.404361238914
5024.360747080234
4922.196190787083
3143.535624069274
499.4170223423166
5492.220561910042
5634.881743336921
6986.06490163475
1234.0012252192982
9806.35762687579
2805.6657672922474
4305.84446865143
2183.305539407168
4310.367324046108
5424.3527179014545
5231.452210589494
4898.0868843723565
1194.6419752538688
2303.15925601827
2383.6925769395866
3682.8381272630686
5006.296415703837
20690.57328575381
5051.163102229134
7562.787027083182
2244.7578535003495
9473.013584350581
3327.294798750952
3256.5781496267273
2910.0488996813506
2844.4906530009634
7911.737302887912
5124.970535794889
6234.387464258598
3415.147648137858
1585.7731467615574
4291.431374416565
2513.040420378289
5306.448930506995
3795.7126233306926
995.2710313069955
5532.8770895095
6549.1382806057845
8104.33038872353
5534.570399978993
3811.894477351503
10233.804521191076
5260.029566249909
2498.299634180422
1410.241517536011
1293.8318360955127
6047.766954591695
3726.8874081618305
5472.079451085726
2536.6267523579345
5887.494250991295
5064.187440874783
4828.590449043925
3061.220325916122
3849.530802840623
5216.861726335005
3249.700032604495
5860.621198822096
1444.1641302977885
6124.532119099225
2855.7265860916427
5050.0307139671295
3705.936925975847
8959.424415358404
5547.628986355101
3508.2873601159577
3198.3259728817593
1654.1526246370142
5738.527843314143
4147.752977763711
5478.556813995431
2052.8363080166714
4598.123245742978
4799.522482356367
4684.266107673736
6028.59040017916
2566.1025689075313
2934.9957409883064
4429.637581078196
6326.576848792261
3160.2031047578607
6702.146833132419
3133.726270433648
707.3257500626817
1220.2681012491305
5236.677846110104
3515.1673157261253
3485.91155790688
5986.964313432502
957.5880148138809
4165.450702399672
6333.510285200755
4028.8083458036554
3135.6113244970597
1570.6458774386358
6772.930176463985
728.4150317231461
2860.7114365649204
5000.018199818103
8412.73790075283
5245.206347644368
4855.500396141583
4202.04878133753
3370.570643535707
2486.859740071509
3719.060589399072
2495.855465468324
4832.85665976123
8748.145088483527
4457.910265035677
5847.13241380006
5632.0012024061
5637.67802647742
2497.3806336351795
6461.037709183346
5089.125646360091
3307.9136872173253
8424.019716518429
1028.1500627374387
4156.33207788896
4180.53270440924
9003.836058497325
4922.632206930685
5250.511477730485
9065.03434834137
655.9530488686989
4406.914843406746
701.7203551129049
4966.128486350544
5380.53268553236
1400.3390783878315
3517.9913665105937
3660.329589512103
2498.8391327000872
1702.737837817309
1317.31496450408
6880.176109759767
6509.242419227246
1324.3203519191584
4650.189264179354
6231.9461528645015
3200.990303363715
1740.7074243328411
5718.386773479649
1203.9450196053099
3760.645739605122
7291.431282432744
3843.5536634818886
2997.763380552568
3703.656492333453
6386.06492232848
3039.9198247875097
4985.506977858518
2893.3813140502275
2190.7322135092736
6636.728974044045
2054.5246363339093
5287.3837997386645
2846.4567773593526
10923.223670152393
4346.770779478718
3377.2543389182797
6060.842548185802
1255.3040602693043
3494.435856342499
1516.9250822109918
4263.116799702232
6384.151742048687
2133.836050400014
2565.451843331193
2417.454275054832
1463.948146272582
701.8821654135376
1759.1050037761167
5943.228469148144
5696.6662848794085
3499.8430245530435
4106.861585240147
5735.486934226657
5988.010239160315
2505.6992514644926
4595.825100786564
1504.1606343788942
3713.7552217856255
1091.9711168050126
4199.733068636203
3867.480214148967
3512.1203624380696
1966.1285624545237
5384.649187797985
795.6131027090977
4035.607456263326
1838.6479846975437
7512.106636361844
3584.205600558431
2847.7718012244095
5857.3739860029555
5885.865348460477
3272.261549765255
5089.624222399402
2918.627665989371
9308.640263516678
4875.054591385731
8795.961143211982
3490.5037884137346
5666.1612765645805
2299.894709989747
2549.7561521062426
1039.0644939385152
2520.9533235135937
5968.020450664118
5207.068391102811
4181.906701895303
11626.997062231983
3607.3538322362897
5086.158809356876
1262.1217283851815
1002.0307787875121
3521.4456181722853
4289.1930437493465
4657.685189877789
2202.8924469541703
2285.574670731811
18245.470053862446
6364.6766526288475
8841.580857506176
6296.502294339502
9894.0008862096
5359.545037612886
1359.1820537757774
3907.687447700137
8093.0078468052225
3087.818704124398
7162.981233569778
10480.42639282775
4356.550816184107
2846.183606108987
2238.4657902183376
1606.7884329868211
1615.7945427014286
1392.9106356691993
2364.316680010864
1631.5432732426186
4311.27691344717
3904.6868909037635
3412.8521090805757
923.7395119090554
1402.9129071020434
5425.756258714769
4421.207827535443
4617.031022121134
3653.3347947466586
6854.64010027062
3710.367345279335
3905.8063387651423
2147.983206791983
5791.567275987785
4736.19124013353
3337.545857714553
2365.947552419224
6415.147564023405
1380.3485767703464
1242.562056566778
8444.654100638072
2691.361438551582
901.7008625583591
1405.6424458716726
3379.9064756888606
3965.330140845459
2541.9486086382058
2541.1963976346524
1498.2343263662008
3149.8814769980845
6082.104038684696
4929.113565309417
9091.431224148295
9293.471106830893
4654.133409376399
6537.080199140696
1705.8166435545509
5072.188935391305
4731.283814286149
3259.7704728077833
5898.013973739798
2163.893528799527
3188.8642062641284
6068.056602942102
1291.2233320597234
2576.413092204211
8125.802925883913
1320.6201728460744
8434.878773319882
5415.943728693729
1200.223883112863
3647.645074499706
6540.562961205745
8834.496602098694
5816.143742136806
4216.563619165761
1604.9692146993063
4479.5149059608875
3713.136539648542
5406.458818496054
1935.9580602020105
4213.044202869682
6364.585104019189
5596.626419378104
6364.527781710375
3749.9468673301503
1513.6749442486562
4436.604731384765
6213.590287527893
1245.6372668227527
1232.7341712419934
3573.5350746708373
4580.351269074307
4027.7254046135627
4346.665219576711
3676.5439605186507
3075.696852955347
4517.369975703451
4700.333300870412
4142.454915938137
2315.5051190121167
3903.998678442727
5899.934397487496
5248.466175818623
2698.455324443409
8115.527865350068
3187.262992922575
435.4165227949108
2910.641399414353
2077.062824692626
1947.2045466082234
2381.511947885748
2290.035328618787
4273.753968841045
5752.427603080065
3499.6889818605355
3632.1203223137973
1265.935463169266
1655.969037570652
17053.68044739959
4982.992321971778
1316.1533020059921
2801.6674923011315
996.7697237812563
1638.880571039039
5421.228065011273
4060.3128872253205
3829.3781636273225
7938.940687781764
1905.2327437627669
2082.214427951714
4325.29671994217
1529.6439241410988
3382.984352418755
3493.824740986694
3962.753920523488
8426.555366375054
5624.715850357264
1003.7991141817756
5521.080753647847
2249.0462919328343
2492.1783536992034
11985.418492396635
6385.693229562336
13198.974341207539
4501.361571692417
3916.1961632796406
3485.04730202804
5213.269181266577
4802.461678869415
5549.231064032345
6373.262522558437
1220.671398772596
3099.546391928193
3308.6404195839013
2048.0151355720554
3030.6827330686133
6523.406250358229
3111.3182024119674
2647.9836467768478
5584.75685853478
1564.646942054676
4043.942687078829
5216.817324569191
709.6306346926606
6114.152798776632
4327.678753206235
10236.526094794468
2369.6361101285866
3361.7925629653882
9130.882095714533
4972.20193614371
3714.948399014969
2272.727379975146
4479.8906168731655
6335.204633028062
3720.9533012754673
4756.907191415636
3442.8997424750673
3721.1156142514733
5942.690285428503
2523.6613863203065
1506.2908173963879
2153.981010192564
3509.713815402458
5076.173154626887
4275.617330399904
2670.8926878533116
3031.4816954217545
3397.52387276624
7310.367256050709
5971.6696328800945
5654.243804093865
4908.099051254542
1648.5383377393746
4506.850192867268
8673.838997930638
6669.7369888485655
5369.990278119554
2350.8554776144197
13598.761659425283
4586.064980231548
4388.864198692446
6342.137980797383
5719.904901360881
7459.0111424071765
5741.669996194804
3273.129197895216
3124.5289819179716
2423.407140289957
2185.773134896041
2403.7725613941248
4950.039940760139
3807.1231087309347
1525.6818507042326
2090.817588537357
5220.420013681444
2537.02963238245
6938.348402378198
9684.178157279805
4429.378130141852
14159.56091711567
2101.3589481368294
5034.881746257522
1639.064471301147
1395.6130978132426
5906.071733504241
1710.0575304550923
2287.6056085799587
2444.012471800573
2438.173075130051
4564.100595119184
2530.797660757449
10140.32568148979
2653.5390981324795
3519.467086975534
3368.1901372342386
1253.1045529399576
5800.030753531967
5972.884105635971
667.7055650346065
420.9350929141417
7911.520491409576
4614.974855537745
8708.640280852156
1511.3666692923587
5292.761253438441
3301.358935159032
1571.1849268635556
5901.900750230531
3103.3075334272526
1851.4833390472336
2775.6253006431566
2535.5427743372747
4277.706105718827
2286.9400978156746
3952.567117289949
4823.092458368095
5214.558129240611
1688.8553668508648
10810.35729171629
5811.431767911318
1608.460794760263
4702.1345822672665
4501.209262227121
20478.74964311981
2498.3032050146076
3622.4384821870062
3366.6245438298047
5371.7156950093295
2403.0910985627097
2539.797135383313
5840.775599349865
3399.7348006245807
3518.627664318216
3507.808157078528
4950.4836280767495
3138.7941522743336
3606.4296388906105
6601.096516882229
4599.455024766631
2356.8164397322944
9790.876821211812
4026.907168687245
5249.412422840582
712.9389467855176
3113.5846647440376
4233.359288063739
1004.2231057042837
6228.133586130133
5126.172140943018
5805.501411948334
3247.0321804288883
2254.7828719111685
4730.180906809443
4319.060580874267
5850.4845541546265
5128.293703135978
4461.266875378868
3159.512444261732
610.4531014103698
1262.0944719217293
2554.7839734106506
6849.6652103190445
5689.237386472235
1295.4906674035228
19182.324059292543
2359.1420178795984
5872.42850484018
5640.517860595678
17054.306494099994
4242.193472536814
657.566155138245
718.7711329820736
5636.499377992403
3091.2839961210097
3388.338257589109
5402.461665244653
6111.0729403688865
903.8106480523454
1513.1608062187229
4923.18703454262
2509.5352299298147
9808.387850162448
4560.021038644618
1500.1267610017435
5176.221478619148
5625.065587232074
6696.519127652053
1626.9292682367002
4522.992136003629
1381.8970764896492
12916.126112653144
4576.587141106141
1331.640380857167
1971.274434988463
5352.807480794316
4253.334781868493
2513.6123327482974
4729.111501473088
1888.8830808817138
1904.3784010863255
5914.718676026827
3848.95686627139
2702.8457545966594
1467.6657179523334
5507.057745387002
3103.426692195117
2435.6044828437407
3297.0449685713224
2758.1400593875587
3364.0253518308427
5735.37064801794
2435.9506832117954
5447.409961825836
6940.224189568662
3039.3817901808893
5378.213101327621
961.0613536564812
11037.273364806453
4255.434928197104
2336.6359478685245
7205.088239399936
5252.169232101315
1287.003689357304
10875.470029297636
3009.261214151996
1739.020832565918
1203.3250562300723
7552.507820146696
4583.658143928938
776.6190648599826
4991.2751677251
1660.4317393719
2413.6461540450246
2312.592510880144
15429.43282722735
2538.0371360472773
1109.1943644116352
4945.2609877275645
1655.2803554783536
5717.979922725243
831.5499094071358
4180.223805913153
3030.8182624991955
3389.060962559588
721.2157363069202
6526.765685109561
2703.2500960068946
3500.52489176128
3820.962527736545
2756.7859170180704
2936.6863758787704
5247.132415822924
10840.328131381502
1054.4353148700504
1203.091101305723
4393.862005135479
11963.84171069692
6344.340240216116
1326.5529762927895
1260.8386997568007
7812.190338641436
923.5218129320195
876.6616145126796
1921.0262476459848
7609.871405891716
1393.169245666747
6207.239697422035
1867.423870071343
8503.565834305771
2096.1948660505627
4501.10553150522
2274.79280289714
2873.297865225087
3066.0202776206324
5516.960325449429
5223.84693308512
6367.515478683479
7215.410161512248
3938.7541510256183
1897.9187306682984
3036.3497339603105
2873.128094422861
2530.219196161292
3697.774266385766
1343.5189647344594
7869.498960254763
3330.5375247006727
6030.653296987903
9852.272096482728
1559.140949953642
4933.5534087920805
12493.49807099206
7113.081153626372
2496.302787550841
5115.969544421209
13306.057291347157
2671.790935138223
3338.5559429571035
1429.710470722603
2954.0623959921677
7424.040581507684
10734.274775260692
5049.537180136778
8278.282389520122
2170.7633156984875
10472.819724203506
962.45404454883
2896.917633324501
3273.9615260530773
2627.2340083394065
824.6593728076857
5120.481332534056
7093.954609106749
5249.409080041359
5217.120455959065
8449.951537240388
3303.9986798832697
3327.1691569017194
1378.2139255655293
4706.861580991944
953.5304361391139
3135.7178686457587
3322.9921604508245
4138.380078035887
6369.377245925553
6176.581521253292
7522.7734848875425
2573.343071084733
2181.117872108787
7317.692261243327
9467.176591561707
955.7400758818924
3510.0488935056974
4156.907206495517
6205.193516329914
3079.4232555248814
4273.126375711229
7294.777154299117
5513.913736841451
4230.946821272215
9032.957010490836
8192.862190729855
5381.236742776852
2345.604083737294
3992.096118872904
3202.1830990845697
8356.176548568448
3248.901511115401
5072.598664792097
1521.7657515397525
5126.048705957926
1218.6037271569478
1628.4003897244447
4605.378045949452
4112.381336172039
1096.6788959517876
10251.177630169144
1324.3686092122518
3411.5698492341235
438.6330918545463
4795.675429778283
3176.048811808817
1002.683059516535
4491.186857694054
6870.175210120811
6409.872094319575
3180.0538517508276
3495.6887034885567
9034.278189832967
2847.886242158278
6560.730868514758
2315.1673296748195
12945.603475440641
3788.407799492115
5518.405170378001
3279.8906431458977
1290.0710108795479
4727.032895980971
5633.006649257696
6341.663908276045
3382.7342901517104
3871.4700860146695
1048.8436497270086
816.8570629021102
9303.536843564632
4574.61218000543
1322.699705645231
8684.604567273453
6472.394360571668
4732.427422108544
8830.655098748008
2437.679116262663
2816.0418553016902
5076.3063511035025
6486.973567986493
4850.97759573652
8402.468879034073
7228.739019312514
3893.7110192156047
5994.204156301528
4860.842522609259
3778.213853796643
2229.407307251845
890.6857726686874
12015.355860349537
1377.5316351795077
3263.125021505294
4930.41836058307
5604.212129769526
2812.408387379414
4514.92247203056
4463.584736152893
6706.460248017252
4733.620101018311
4260.329580022853
1509.5943301163134
2967.245312515497
8747.344174214977
2651.66431492402
718.3537282429894
5179.032055982
6165.500017930814
2938.2471202818024
5072.141504663869
4530.537498899707
1288.9690778930785
1906.0560306319828
10851.461072514458
4600.822971150833
5427.429497485187
5122.773546779052
3132.3781405399222
1203.065408072022
3651.3168462631843
3474.402582315168
1137.0076402287666
5853.673056565421
2896.4393009751197
1716.636758664729
13209.087866912687
5258.194975553148
9900.039625520018
4924.317173557607
2452.3135688292978
5667.401833788847
4139.247167026024
1232.0327722472673
3279.031449093974
6385.0159690755245
3187.3569207299543
3854.6475092376586
4539.0877230738915
5595.723130488059
9072.241889416664
7011.738104786254
4993.931626490514
2293.544981970677
7590.020352482642
1539.53794278947
5226.07374781892
4630.980948723381
3046.0649087142147
1417.4344799539033
1536.0297467955158
5086.404556717367
994.5478924914505
3990.751301844075
2815.896833977816
1602.520157864921
7557.646985899314
9426.983481622126
1601.7866856551223
5788.243112754772
3305.8063413229534
4955.25034178053
6058.79171857829
889.6281781295352
4805.023682717575
3235.984225653311
4558.0770586850795
5695.685702413239
801.8614234555237
2133.041954469645
1409.028972718911
3936.3654085998487
3791.7202006877483
5603.438058621559
3892.270129582255
805.7610091693498
1110.074615772293
1161.858102488226
2262.4777549064293
4579.032077678097
8992.91081179323
6414.422684706015
6347.107969337397
7247.766921321444
1391.012561147154
4476.756666558982
3142.7473994003462
3857.4519612610147
1949.7561632287643
1330.192328739933
5178.527968774819
1839.9720730427257
4316.965435417607
2276.8959819748816
3622.570737843821
2181.957188693986
3631.119247030482
5509.983844441369
6922.773498402455
2798.926152321085
2401.672249120137
12660.718213958575
3991.3446912150853
4506.025978647188
3937.5458475706987
6392.862250855676
1656.1524205630712
5540.913007692204
3877.8697951656277
2614.085321139299
1856.7130493345396
2437.2045603004417
10760.266773264733
5220.817368158909
2547.652567304143
3444.9873184271764
4629.365244712105
4551.795934987761
9453.268778051666
2183.1380020993906
5808.65019014438
2900.6252822562165
7135.135978974718
1907.7216160389382
5985.719636085177
9810.244148995362
3784.909317165579
3472.8457477069837
1408.460583916984
5546.151154421326
5809.442995944626
2636.519408096944
5210.152830668612
3314.0813340742225
1854.3769235794798
1100.8232645991857
5213.299446910598
6301.160861983641
3708.6768815494597
4709.194275588085
12990.68636660506
6352.567050563432
3390.969030625184
995.6627657384281
4109.191599024659
2550.9151297111425
4917.692292223896
1794.6419690703492
1771.8494562292121
3785.8832017239697
435.75810060125883
1397.8289070069757
4948.326442330912
2140.7560121284923
4173.323120984963
5651.418963357424
1737.0076326690569
917.7864497828107
1321.4369218514319
503.429704454626
5137.952724028524
3275.6801912735073
6801.702072282279
23459.69549091836
4505.046921827825
3797.936627262294
2502.8283035007153
7181.897821493947
1230.4890517851652
8428.426545814189
4138.436679804528
6774.151729845469
1005.1214915356138
956.5951130408437
5873.003118638456
3506.075963536032
1405.3708896378207
3673.8549249864686
3324.804770645699
5210.5005116352495
1251.4833441222124
2160.7545382837166
1880.346723799959
6935.558523794152
656.7130579616517
3970.570642801321
9793.509040068784
2082.400414638681
5170.14532571059
2574.126867902408
5451.078362289904
8134.294184427084
6021.37537872145
4349.877874251451
4407.123104910231
2410.0437266759745
700.3809836319142
6571.5169379503905
1161.291917042902
5446.173948858474
3934.9234295218357
10692.167647519302
4262.091743109448
3668.056696723654
1324.9953977256514
5361.390235259115
9472.825510862056
1328.7076359367281
6325.506199302711
5508.505828375403
2287.6741995031166
705.0916980459652
3650.219613635234
1347.1157658187133
6254.3045739664485
3610.95441059366
1203.663564868785
6007.769717772512
6871.946364733653
713.8587103106819
2544.0425148041695
4797.248495454945
4185.739508980519
5820.340441876097
4696.458578634057
996.47113405916
4851.116129177658
3458.079537722513
2184.3578305179044
1228.2450530201295
3954.214757645124
5858.631850383226
2098.4553336767235
5082.768296047766
5036.511742307031
3954.9760030281664
1736.6359591389403
4254.803188767714
1172.4853049463445
2059.22811144675
647.2602513670403
5035.41529227552
3518.6479969929883
1248.5583956391442
7828.590358133658
1807.6568850973672
7204.377916593663
3652.3135550002826
3404.5177608004333
2407.0077692063205
957.4401822974072
4827.9218718731945
5619.624480385477
2755.8312874809585
17473.97948964281
4925.29671917122
2338.6407893460255
1563.1303235022046
2894.112439598133
5984.47196460023
1640.597242564304
3372.4950683683437
2008.1454751810409
4604.190247019466
1147.2109304464645
4932.633215255303
6174.928250218386
2288.4023051029644
3684.9532837995553
2450.345691860393
629.3669699943405
3741.0190744932065
10240.32814100911
8227.755847532355
454.4353352793962
5877.336604736674
5366.107032283726
6946.493553244996
5054.304610063508
5175.442495996606
2383.2609947934843
2210.144629660539
5364.195216379322
1004.5093367531865
7228.5325138146945
1290.381030764031
1029.7722837836416
5208.259316185319
4522.773569352461
6621.42041074251
645.6372757482286
3665.808689255944
5304.7035704741065
2541.274379116332
3000.9249971239124
1245.4690640817362
1284.767577373551
1924.3203509197363
1263.991601885686
1024.672199479654
1985.2625975475842
3677.3755860719957
3501.268312294806
6480.634757815623
2796.8296416685757
3159.0003700882326
2434.965579031915
6534.798540757981
8458.79164811251
1245.3590355775636
7809.188580540745
4332.870202134694
3340.991507088139
8080.7842404061685
5560.926348336984
5452.230031167205
1215.095654270629
3185.8423920320142
9795.781051159092
3178.292773837496
5653.097495821603
2187.3363974527856
4874.9972923493715
3879.742620057621
6966.223182706391
6133.024182549964
3174.6657564221864
4306.572850948647
4173.7606407584435
3024.564794534668
6370.340321651979
3608.970684785255
2976.8010716685226
963.131526888274
3190.3617478013757
5661.879455614037
3015.328479066122
1046.8662884424236
10942.67688507599
5063.318771484035
4147.284811181632
1639.749978714497
4089.4020612940685
827.8098019570812
1222.7082469550346
5189.672740394997
10534.3436505723
2240.4067243586965
4905.268324337823
5148.665620341205
2474.7078913739197
4957.116556939774
3281.9203820662847
4357.852509486006
2258.195033895877
11231.059929967234
7236.526156278052
1119.6888896808912
1374.5070508681652
2259.0442750468555
3095.9570545506613
2254.4353119647503
2209.499579792372
2233.629422450728
2477.3755953271752
1008.0847867737294
3475.5461253476687
4313.136531182514
3471.027902178612
4371.274374099904
4821.108862537934
3228.1801391608724
4144.887047621968
5122.9921308128105
6820.217842722308
4244.136074190423
3461.745751251379
3648.860148103316
2403.2074259183364
3569.823492161114
4831.408976534906
5984.619983998864
653.9490203609143
1046.9473233830124
8453.508500362603
2751.5004347036606
1356.0014233323948
3579.163753382257
5635.804452873292
6334.226310715755
3641.1936701828904
4841.929192436565
2535.5167021152347
5669.875500935629
3088.833251711945
998.8749647596073
4537.010091591487
1292.1744668572144
10715.91957634166
3887.0695273709493
4155.35744284792
6879.8905662894
2497.277908838615
6325.426443242211
5363.252450056357
1217.7581049956361
4178.265058113549
5454.276818317307
2134.047107879366
1005.4390365750382
5005.2425181288745
696.5406638364922
8873.007989482394
3570.088818264171
6736.750878034911
5533.72082837396
3714.3759776586553
4426.975252403624
2827.0221231545393
3159.1801057392095
2567.3476105071554
4700.215710353113
3966.9835863035214
6878.755680442712
3990.150501704047
10138.430454242189
2132.743838061822
2100.6529317703194
3770.988345376005
2238.0809392587435
6716.744275960679
6744.464497258152
2279.892446158268
3218.220608150148
3359.2471286672812
6854.30457336346
1340.0981734667696
700.1013660827824
5134.582416139842
5642.271050273581
845.5490466837549
3489.7879424346847
8469.498953366963
3527.606829538094
3276.1176861960002
5666.159290982721
2242.673203231848
1482.4004198584223
7153.799966996329
1693.074399445369
10297.111339308358
949.6388760500657
1029.1133356739974
6762.676565430441
2200.3348098746374
10143.535975677632
3568.379351423423
2643.562821196324
6865.446658830027
1205.731265316622
1685.479701873477
2189.702046480153
7041.509041099234
2518.7619560690546
5853.3304471639485
5791.4076502783855
5576.4309024862805
769.003721727059
2486.7484490730358
6596.578261078634
3330.563091445099
2429.2585331436594
3287.303051852319
6500.086663750353
4354.135482046675
2437.771255307805
4976.58152767658
2991.9542615920454
1319.1348091905566
3940.575190179677
2186.0650428106323
5122.941141988724
1182.7781373228115
2375.17699351879
1721.1628913158481
637.2107446940814
6874.5918554141135
2163.131523939473
10671.679894519373
5381.906683002965
1389.0213064214445
1201.9351093971447
1370.3164615906906
1204.4378640119503
4922.98443659228
4723.923409607207
4802.0487744653365
23263.82718063994
2706.7430796946883
5157.787805405724
965.744082800223
7043.794625991072
4173.789903509328
2480.1823134026845
1226.131029134043
16029.432790329329
1329.726432810818
1804.872671342348
4895.612174110116
2445.7486954851847
2182.899353891897
1815.775031298161
1308.8093163506062
2129.178476095523
3179.645377645844
2671.717076477606
3299.232753799601
735.4217934190546
1966.688295979473
4053.120543106148
2559.000373930192
1117.0537537469863
5373.207135856493
6788.833587714011
7212.248916557952
2230.303410721866
4898.176787318428
1927.9505968509118
1624.9050844959277
1435.4175825459276
7052.980042486162
2134.9534124947018
1232.4089729765594
439.6386195154864
8389.563704485858
2417.4974536600876
5150.552876175535
5715.101453793481
3995.9503560522367
4257.054778023096
8414.46560416659
1735.302588934471
507.2533152375576
10250.908521391466
4952.732753650657
1252.2971279706
9386.06481332591
9912.577197663437
4234.303859987547
7855.627759469534
1001.4720826250337
1238.234325766551
4030.9884703007874
5948.864381936855
865.4127574114594
2511.9739043492505
4922.25192685992
2054.304661806477
1999.0916937040815
3922.201728335688
1584.128377237231
2132.8815576854195
5375.891087064542
9880.784200187383
10739.99231748052
5095.901120608998
12044.380500908586
7304.930497932799
720.6201770178053
1204.4970056763223
8519.076352503334
851.333839317763
6202.980301304121
1066.4172880579536
3195.5797844380204
5204.115149989061
3306.5613856730465
5946.067332685043
2451.316860466283
15053.82737992329
2554.0884605185597
1045.0102514706207
4871.93760545121
4502.99067189265
6483.823431898472
4816.805900829733
6125.170142771094
3018.2812194241574
11172.330996343138
5240.0879549495985
6325.430897429393
2191.7357231098413
3310.297859015314
5234.630706995586
2275.8482094044402
1926.5167393216398
4389.396525626447
3336.677673406452
2316.8448168910318
2081.560411419885
6360.766775936028
4205.228533174627
2198.7074948140257
3711.073009646054
2429.927327286652
1243.7651664590817
4925.969553674206
1315.519197013836
12062.05139768425
1257.7407347555943
3199.6498284588674
6180.479115766334
4487.522220858156
1834.9389688323354
3136.626739154978
1266.1169080905215
1050.5484109623526
4577.614374931137
7183.938776450196
4425.039665613281
2926.7549531104664
8565.777436305101
1196.9870752903978
3633.8015848748096
5210.047738060587
6538.025551030449
1426.5435397129318
3332.3164664576484
7231.467388791762
3109.01757887226
2405.439511985164
1529.7136693514324
4575.501719925036
2677.7849115974886
5003.145415366716
6736.405204168979
754.9289076083703
3086.145098626371
6012.710773748323
2293.466713224738
4386.453798165366
6111.025142939557
4505.433828545543
3426.7553303154446
18258.84818497129
9081.150162506916
5793.116818582638
1447.6396510846844
3978.4525596335357
4921.513335517688
2476.5439697524885
1291.2628665574962
5479.063131530074
2493.782463495907
3261.8769819543745
2950.8554659515644
2126.6253306729463
17087.590885355603
3996.747699192459
6970.359454341301
2492.601611644612
1099.344411020454
7145.359842177222
12420.397449638835
3130.2413013548735
3953.957383765695
1197.686355937009
3405.539313145666
5484.1611438267655
6880.968580096306
6912.237901548625
8736.466506963667
5780.97138298506
1470.3120624263436
1026.3080560365524
3378.7908516492143
2535.6113274587374
9835.725855206247
7073.314814488255
979.5655925390096
1340.4823261671247
3395.1374171715006
3021.271533951227
6997.405985120683
3833.576050689326
9393.110198116101
2468.152628789928
4655.895191886671
2365.248486098322
2615.5407127770936
2804.1359215447146
9811.735032893575
1242.5234848284554
9690.26714948408
5896.350412087778
4199.7519506536155
8808.967559991437
10931.50157345133
4434.262083785083
2091.092204165518
3263.5847514810007
9294.00089931602
5629.200179647888
1348.4440528436107
6113.597211299842
906.2908199850166
9035.518835065035
6172.745848670148
5588.7996952444
6698.966479941731
346.14939889123133
1022.4906600959439
5079.890599679064
1836.4609765308803
1602.0307689167823
1066.7461325028091
3637.5800578900707
1704.4080408840418
4563.924140213008
4118.018705317582
5436.525000052545
1569.7562725686412
3540.560455235349
6192.302836124679
7210.739650312424
3963.661623031869
1445.5085866808884
4656.53070367412
1210.2436209641075
1149.9360976712371
1312.00409687012
2010.1004973050678
2850.835757193319
4956.20385870407
4926.606737178968
2513.866641803544
10852.136387762215
12617.624505620548
2565.1223862723245
703.3277199333944
1855.3846781990808
2285.5687110684235
1807.0077716792769
1463.9536701282743
992.5231635502274
912.4008509007506
1207.65688713634
3152.2964735553414
639.0530411208259
10832.310435378526
505.3478573887433
6325.490003637598
3061.4454649449904
3527.6056522915837
1801.6722503858673
6292.032336554164
2141.1116656615122
1256.0897710270485
3179.280892648565
8359.424429274988
1924.113363598072
923.357945256156
916.9250838149306
2750.1782260486552
352.14602280790143
3828.0658391410184
9901.647022876228
6110.367281701317
9795.250190962519
3840.667899054746
1280.7269731347342
3178.830180861761
3056.8750863082455
8724.472216261014
3150.2907427958653
9050.696948165534
4554.890297288834
1306.5745925993162
9471.670847482388
5664.924986424451
2260.6212813866264
12316.126119439472
6168.826693738529
5821.469419202104
2428.9988345646366
1604.3576122226866
3697.1115244032926
5577.861510136596
5183.612912752965
4606.532611755134
8697.04487380267
10696.382265018527
4579.286035480437
2684.0701905550013
12453.172758039127
3454.305892672175
1783.6198972130526
5994.701206660703
4311.898543035645
6295.818633459511
639.919863350256
1036.1106723250912
1577.4333529197927
4017.0310355853767
6394.631113934084
5447.7669803823555
934.8666589791716
2198.9261569485557
2930.2848536627725
1299.090156259155
3844.597655846525
1860.3295990591546
1214.8644380472501
2845.015940227323
1394.4453737261763
796.5667540845826
6119.8429246781025
2913.517680804549
9032.982410826648
2639.5700646419987
1703.0197899723062
3350.712784302386
3039.5104239161897
4540.00229119146
3218.698345249781
1315.3698932185155
3363.6886095365353
3848.017561720839
2156.047880541929
4081.7943624630047
1516.1930124341059
3716.965441675803
4429.378055360138
20116.52118430555
3709.34784496423
4951.865723133923
3861.266904508188
4152.351764561956
1447.0487010964603
2251.773834048191
11193.35598878984
4521.004300239738
3068.9648050640703
1198.5954122947003
4904.1793293418605
1205.609947250848
5549.088571096588
914.9324376945963
2023.121006841622
3325.1912922495667
7706.874119306667
1549.3666163848613
1422.0357747175146
880.581634868262
2147.308122899706
2458.9481450683866
1131.3997061589512
6912.005721619471
4233.316448230504
6902.963619736798
11904.18465544301
1099.9008966936244
1211.1034916648398
5649.372765070077
2284.9812272508293
4701.938389338802
2282.991486029028
7109.410789127227
8117.45570834126
2256.264308721478
3076.5439634332033
2646.5363603036035
6713.597207441074
936.0297481370527
3937.85257748221
4684.774502665991
2890.051408467445
2002.6941867740115
2875.890383693889
3507.492591319453
2135.7364968895845
715.9299939566773
2376.714524643854
1733.0196511833303
1403.6437603787017
1054.5145839412007
6908.640312307459
3678.539481384183
4354.369550030016
2099.6782310288186
4581.447779483188
3579.9509846990877
648.8124920813422
1761.5397164095175
2850.97881608607
3098.017220034768
5826.323966054503
800.698160960587
5169.143934198629
718.4629678541265
3805.1598685074055
6708.402668992005
9446.26445721338
4227.758389870717
4273.656436637485
1008.7283151196076
5830.290641863149
5826.289090269423
1702.5723427025898
2400.925005818304
930.952090821182
7210.362550426468
5519.908125000845
10807.890836330143
6158.648834362285
3409.8721631162966
2510.8545095125082
2546.108989054524
4055.7381226982193
7206.850670491277
3062.1583044507324
3070.577222368349
632.8303120924141
10640.409148622204
5922.710870596349
7816.249711071902
10783.85084266214
3886.1710199520103
6574.598035033626
9628.590331597223
2870.3648517496063
1749.9360704724975
7111.0577069093815
3955.8297289420243
4796.1824937297315
449.35209836258
1167.8914960895097
1320.7952732893207
660.3296068245706
5812.8520578580565
934.582986548616
7317.06723416892
2393.61792655499
2429.9779748729297
1348.0797514315025
3511.639002661929
5541.378411501235
4020.698645461528
1632.761617420291
9886.952408348585
5284.843546282831
4148.291102597857
6908.379176674795
5548.346275551638
604.6504384052894
5985.784161924184
7492.628055684491
2407.656882605272
5480.9339897611135
7308.27143302218
4223.407119825527
3394.54787516236
1355.2412007731468
5069.135683899356
1507.325595820047
8133.559567241899
19702.75684516148
1784.7112290433347
1156.8799075503105
5244.93323774759
2132.521849725606
7548.858363717657
4540.94015378493
5262.076149791757
11888.060594659924
4965.106473291691
1104.8260884684798
933.5934429917285
2456.71304645015
13690.880715675492
5367.071436813449
2918.990300248166
650.6984727247466
5120.704286551454
3901.2092760622922
5076.665003799377
5473.91549092391
1083.6942056839373
8415.530425050069
4425.372452880665
6032.615299852964
4907.978284710178
5000.427473966146
1269.2397043029976
2376.62245565912
7488.202593740396
5617.085609759471
6496.121252368823
8376.55677794139
3710.6451535395136
1595.6627600231543
2193.686372872041
2552.7233231265723
1014.1114842083779
5131.4787527613935
3103.6437316093825
2672.4597259338316
4831.884762760918
5059.352495162467
1044.74661573784
6635.198870201753
1206.0203321538681
4730.09746972489
1505.8776208651382
5833.336333696258
2260.3390379605003
14756.015200657768
5006.513070517006
3102.4679233248544
2828.4807285363822
4781.906693286286
7917.692248463769
10764.581609175044
2138.8426252225822
4100.653126345819
2845.4744295125715
8779.363293694722
2334.2496156245556
5176.145305905393
5691.60065964232
3367.882414765404
993.4852414320183
3771.6002320421794
7035.715385068733
5323.92340860916
2134.521357915089
9409.871385727134
2553.404579675231
2845.385600248596
3712.5215364610776
4660.3458406157315
2398.524740414239
2952.3309811025297
4544.942571012113
14832.419789524278
1182.3804476756504
5174.425276080974
1224.4734300434534
3329.162149479946
6759.139971852266
4542.00466488259
2176.4820201713774
2039.883097956053
2076.124719938073
2511.365722028764
4703.482509321156
3162.30992690488
8681.470830289132
4889.193037252602
1894.9778981868956
6435.61497725798
3165.932900059265
2566.128537527325
1093.3352483836716
2914.3014408244276
10246.479257239975
5780.958689381323
907.1648509632505
5995.625939658268
3632.819599589883
5163.297919656004
1248.8124822783452
2670.95445251186
4003.148508003673
1352.3913586366702
3288.092328633297
1205.8596120136158
2714.4680969053456
6143.929830419582
1928.6954507409937
1002.733047033812
953.1264218945342
5600.17255383522
657.2769921757665
1022.4513536282941
7486.1109891664155
5162.312058502373
2473.266830239077
3482.9694521074716
14823.620117178416
465.4114688692581
1406.802011638509
2270.2620021017424
4734.870028418017
4312.521527743215
6469.208907808829
1656.6210281223023
8113.347996695937
4795.621119366621
1950.8886315555144
5247.224662885931
7592.862210366366
5217.3513401532955
2202.0307676677085
5255.313183977584
4705.825612694096
2284.5888210813837
3279.7426327184958
9795.533668910493
12644.380494481507
3799.5366787591115
3988.9309105163497
1135.54140791107
5671.8115629640015
9488.026835673712
4914.669034836096
1831.6046356316706
12361.969589749502
12224.587500354493
6861.224038512294
6611.276978533296
2235.911698747624
10184.060841018792
1336.933833795721
3502.1346133408097
950.5071396762519
6458.235662326142
3517.4386719092545
398.9261892523715
6497.467721220821
2001.6004255508235
1006.1047169780567
9208.387860371102
829.3962802988044
3403.0982192108013
2494.7676719857377
8117.437934177263
12444.327371917594
5905.774588857039
1370.3738512281798
3986.5259466769935
2475.696859175903
2124.8799648098334
2436.3497379669216
5355.795601143411
2858.4178305311284
7270.564093696322
3753.7253600652693
3785.0348715541
17251.492903616112
439.6513152351713
1263.2588047230863
4016.6089548657183
1596.7697173241675
