542
513
549
544
545
509
549
496
559
562
555
507
562
566
540
504
509
505
546
507
547
519
528
515
508
465
538
551
511
506
266
545
560
550
495
543
503
548
514
504
547
543
507
552
508
10
532
504
503
1
539
535
11
18
521
710
518
524
527
714
557
516
549
527
320
505
494
290
287
613
535
500
500
544
531
302
565
507
264
300
564
518
285
558
300
519
517
536
512
296
514
290
558
530
19
336
286
708
517
265
554
550
711
319
526
786
537
19
546
541
19
555
298
712
523
524
496
516
526
286
550
533
537
561
284
509
545
503
554
559
527
542
547
543
320
503
552
514
511
656
537
511
20
510
509
506
540
55
288
285
287
10
278
1
654
496
313
563
519
721
530
497
538
555
11
567
818
537
541
611
20
0
335
509
503
549
523
313
381
9
554
305
903
11
318
317
521
390
710
535
264
576
538
544
553
513
505
337
713
9
493
384
820
318
553
711
0
338
0
546
783
338
338
770
597
770
283
309
11
539
309
316
292
503
16
281
596
513
569
641
300
673
517
542
501
337
505
299
266
512
513
550
284
750
321
9
336
329
17
19
535
292
540
351
305
543
772
286
713
556
301
316
564
353
314
717
565
304
305
318
64
714
297
551
300
520
514
9
36
715
265
714
537
499
502
525
287
614
534
545
310
315
315
559
539
287
823
500
552
577
662
772
299
515
668
776
521
541
300
498
315
283
573
505
565
552
512
775
16
720
511
338
551
316
332
21
318
514
710
340
555
0
311
551
785
18
568
531
337
337
820
347
391
291
780
720
506
377
709
66
563
500
2
581
2
311
706
524
537
300
733
715
779
716
298
512
335
311
281
655
302
510
536
546
533
530
315
909
337
515
334
662
2
355
525
533
505
515
368
711
616
293
725
660
319
279
662
2
558
384
304
517
500
673
547
575
301
509
533
336
772
906
798
744
536
544
306
26
707
525
16
16
548
266
412
314
369
566
316
331
315
513
340
319
285
650
545
608
534
704
606
703
284
557
309
334
324
499
292
304
352
731
287
729
778
316
535
350
55
511
312
372
502
530
535
294
713
320
329
603
298
553
600
281
715
36
290
549
287
898
679
565
531
21
544
754
340
504
295
777
287
416
317
295
375
353
354
308
770
574
335
383
266
611
500
660
306
62
704
693
341
899
334
323
387
620
606
341
547
760
294
288
775
546
37
551
334
646
415
333
309
320
312
568
11
300
566
506
773
329
362
1
278
3
501
574
3
0
785
569
518
295
588
557
614
280
316
508
698
572
562
578
571
353
342
374
305
599
339
519
572
316
560
692
650
395
26
748
371
330
784
311
416
606
608
662
502
540
318
298
11
669
537
392
378
766
556
905
297
643
781
657
319
308
328
338
299
734
665
556
738
494
657
400
538
508
544
723
340
2
336
787
286
366
323
350
541
722
547
0
566
539
549
762
51
752
1
561
631
704
598
554
8
532
707
768
517
538
313
36
305
554
332
475
555
667
657
336
528
500
348
332
658
374
506
499
297
315
393
353
680
465
285
343
803
778
34
500
759
518
760
656
585
737
421
897
373
361
1
641
524
327
313
583
354
784
287
502
826
297
3
0
1
769
501
805
306
552
532
11
2
513
714
362
286
520
610
326
511
512
749
656
714
781
711
780
910
1
22
2
266
265
347
7
498
515
762
648
650
371
385
514
737
293
647
638
757
653
572
344
331
324
10
301
696
27
776
545
838
302
614
3
573
789
343
333
375
412
576
531
339
649
299
33
675
662
358
548
570
324
516
671
285
345
571
814
691
88
20
347
627
314
317
906
908
612
307
722
660
10
812
327
355
634
334
498
69
32
27
386
504
378
658
607
653
614
289
385
7
33
555
758
327
0
309
711
283
823
737
532
281
542
753
659
756
784
12
564
653
612
371
349
328
1
645
395
291
2
530
337
785
562
73
706
25
742
502
499
905
677
386
806
705
331
645
508
920
653
39
650
365
347
697
615
340
58
349
675
661
41
14
303
15
392
39
518
666
706
382
910
736
9
725
2
376
707
11
758
314
640
22
833
496
326
394
549
76
379
307
360
