3
3
4
3
3
4
3
1
4
3
1
3
0
2
1
0
0
3
351
4
350
613
551
4
1
520
0
2
294
336
352
1
11
0
4
2
0
311
669
312
289
299
329
557
350
289
9
11
2
755
6
2
3
0
0
1
3
5
1
349
518
0
3
299
666
4
5
3
337
2
295
613
298
12
347
4
2
315
1
319
288
316
339
0
341
354
527
2
550
679
660
380
11
1
379
0
316
317
330
0
351
523
1
610
353
1
611
10
2
0
11
303
299
5
298
611
560
511
286
5
1
318
3
352
517
537
0
513
3
668
673
329
290
558
335
11
321
0
614
23
322
8
5
2
328
8
330
5
295
1
299
333
0
329
310
309
761
332
673
348
6
9
614
290
2
8
11
1
0
519
2
0
59
318
3
5
611
549
316
1
244
2
6
0
0
322
728
1
11
8
294
318
0
1
3
331
0
288
9
558
302
3
315
4
1
314
764
568
294
314
320
3
712
245
5
2
2
0
614
4
2
555
288
610
1
9
514
314
4
60
654
11
3
233
12
542
5
583
373
290
339
0
550
323
0
316
283
325
67
978
9
562
6
6
643
2
23
548
663
0
0
2
4
314
8
514
3
1
2
19
901
2
298
0
12
295
2
315
0
361
385
346
731
525
9
10
560
0
0
19
314
364
10
338
11
387
519
367
317
11
7
357
314
10
0
43
525
559
286
1
11
317
67
24
521
671
391
319
606
334
14
524
538
353
287
5
669
352
557
519
311
544
724
786
23
59
0
304
51
1
1
1
4
2
4
5
0
1
13
9
315
10
678
9
8
765
2
4
5
369
607
548
9
7
769
5
656
386
1
296
1
567
1
390
4
13
705
894
18
1
4
362
3
289
36
291
541
4
282
351
50
324
3
4
36
10
51
29
355
334
7
340
347
519
613
526
12
676
660
1
3
17
8
0
5
2
9
363
0
3
377
5
612
50
333
389
303
332
17
18
57
1
756
512
3
54
353
308
1
856
10
1
13
9
26
358
309
582
293
345
4
2
674
13
729
318
813
516
13
654
62
43
390
381
2
29
896
566
336
667
286
311
5
24
49
0
19
897
655
0
518
522
291
539
60
2
31
969
2
318
4
18
819
67
7
882
3
2
388
373
68
20
647
721
9
285
0
672
284
612
371
4
652
508
305
337
1
58
346
29
3
329
5
22
3
5
711
6
758
45
8
301
37
52
349
76
350
296
609
554
31
755
4
1
371
5
24
3
57
365
536
519
8
58
286
721
62
4
389
12
1
302
6
306
76
3
735
666
320
1
676
48
391
515
661
303
4
304
6
293
5
59
0
12
620
10
370
1
12
650
351
319
26
9
7
69
63
555
20
3
307
740
68
388
348
4
334
1
529
778
60
285
677
4
289
306
304
14
374
54
50
45
293
309
323
16
5
65
285
384
565
757
52
675
707
0
36
348
66
936
853
29
382
6
662
1
558
61
4
770
323
728
605
0
3
22
3
569
529
355
0
331
535
287
304
1
26
503
305
15
31
57
941
15
55
728
849
339
581
544
17
310
48
653
30
4
1
64
1
300
813
705
556
320
504
528
344
0
570
7
655
19
34
709
725
760
312
549
2
1
37
289
4
820
812
356
302
3
23
10
372
914
306
561
565
64
52
391
53
350
375
67
349
40
387
309
55
657
11
1
970
5
510
10
388
317
347
557
300
588
754
3
3
546
315
35
5
797
49
555
56
9
515
316
938
633
67
17
566
42
16
624
524
595
580
18
339
56
512
32
305
734
6
575
662
561
889
505
40
890
510
69
546
887
726
18
551
25
775
359
354
940
1
280
6
687
4
63
305
0
2
17
781
905
53
7
786
634
13
10
34
736
816
7
7
774
0
392
596
56
506
11
382
5
451
30
870
279
2
659
590
62
13
320
286
821
742
879
4
68
341
59
3
758
525
77
8
767
330
316
302
563
385
329
36
917
647
603
33
715
303
27
321
645
41
244
54
716
366
61
806
52
850
1
0
61
972
3
0
817
283
736
387
537
759
602
7
360
282
462
18
376
552
552
573
296
346
21
20
320
632
527
377
544
12
316
1
954
290
35
287
879
717
67
2
240
9
741
1
30
337
557
829
68
499
713
371
712
332
49
298
38
301
322
301
335
494
12
23
292
60
4
385
585
10
1
15
765
892
301
334
60
383
24
289
572
297
0
1
306
76
302
43
348
32
609
0
2
711
47
817
933
5
629
667
558
58
36
289
288
768
303
738
565
77
2
605
27
304
66
42
81
541
774
577
734
70
341
731
196
765
883
42
309
691
354
6
291
940
0
651
754
481
304
830
288
342
307
527
22
681
897
5
3
384
567
819
305
292
561
335
731
627
34
758
37
6
246
302
698
516
564
588
854
465
289
4
29
342
732
4
77
53
769
71
5
772
716
28
722
283
936
344
56
598
71
25
30
671
65
767
883
29
332
663
794
824
20
303
311
297
329
359
557
539
792
553
289
645
10
304
31
893
42
690
7
385
354
51
558
721
378
27
846
290
852
773
561
424
757
533
311
234
586
457
19
39
35
953
566
725
651
542
579
971
582
763
14
301
676
355
646
581
782
553
761
69
742
6
338
770
617
524
44
392
335
626
41
307
338
17
9
506
608
292
22
44
938
287
743
616
615
824
58
300
781
74
700
648
70
60
328
341
387
333
626
962
50
234
3
720
830
17
218
384
266
21
8
280
881
330
54
43
304
855
340
46
939
576
676
810
7
294
709
683
76
70
732
226
293
13
804
1
1
661
12
551
592
733
713
321
988
2
285
619
688
46
279
306
296
21
305
3
685
5
309
751
589
6
342
43
735
579
538
52
38
5
81
162
334
994
302
80
381
646
1003
21
562
1
76
8
776
283
386
233
4
442
545
47
44
453
540
722
459
292
788
38
6
39
347
316
720
0
949
309
297
711
643
276
13
234
683
668
286
34
298
213
69
39
806
738
2
573
277
77
786
262
14
899
384
305
437
82
435
658
661
533
621
544
636
704
179
468
72
633
785
309
658
63
40
5
610
72
37
44
273
22
65
283
507
672
294
556
713
349
896
393
478
743
197
51
757
15
13
762
217
792
647
284
317
313
6
678
440
333
556
337
3
463
327
47
216
261
369
292
553
41
331
45
362
496
315
45
574
583
239
40
291
281
240
2
10
892
943
0
31
46
570
374
291
776
318
38
308
666
281
441
41
12
362
343
10
702
336
76
382
301
734
36
16
2
16
297
318
45
2
62
28
71
331
24
376
379
239
299
507
66
741
26
684
505
842
28
390
338
654
681
373
766
12
857
146
195
375
489
642
392
500
605
276
677
303
799
80
13
275
284
653
792
28
261
83
30
48
33
816
307
839
218
44
277
306
33
47
562
21
888
730
684
424
283
317
334
800
723
0
304
17
635
539
346
312
832
339
374
299
621
262
279
89
62
577
301
848
643
917
841
12
248
34
277
82
997
565
68
514
257
2
756
54
8
7
74
311
306
621
433
286
613
260
296
702
956
729
260
285
752
313
760
312
330
914
710
336
860
238
32
16
75
299
597
547
13
6
771
243
43
80
998
78
959
6
296
667
240
46
8
271
287
805
623
28
237
285
263
733
197
973
27
3
308
217
804
258
5
9
207
186
177
451
677
998
412
295
28
161
70
751
351
920
728
44
8
651
676
708
282
236
975
427
804
275
264
880
353
259
50
290
215
443
2
391
323
376
539
54
178
374
372
293
363
556
277
691
945
469
292
9
627
67
41
100
80
626
686
835
340
376
624
526
506
310
285
768
625
305
40
776
904
332
781
90
784
1003
436
423
577
263
302
57
25
970
955
584
368
65
3
492
783
78
10
371
363
552
363
339
696
7
176
678
650
759
434
347
671
436
856
306
259
227
686
271
261
682
291
622
293
35
377
151
2
330
369
299
1
185
79
539
843
394
418
286
929
274
679
669
818
48
11
30
39
322
596
369
515
6
2
238
314
76
218
234
349
749
15
338
280
272
375
72
205
375
8
237
35
570
731
898
38
64
644
734
5
519
32
783
648
809
920
44
891
512
289
84
480
196
719
345
105
669
4
771
663
37
890
278
300
25
74
47
386
47
20
917
82
619
279
553
66
101
197
768
103
931
42
236
1
455
3
58
388
815
331
89
1391
289
283
328
0
55
235
364
292
48
33
701
496
53
78
544
70
167
342
2
31
49
259
366
466
10
812
405
618
283
45
490
578
831
329
226
964
968
284
155
638
258
352
673
306
259
225
416
796
760
25
18
891
72
300
803
0
375
242
571
293
908
286
686
69
554
763
57
91
363
19
63
718
215
1
893
395
802
261
113
912
284
41
237
47
160
206
376
670
515
0
3
40
630
727
283
256
19
82
352
436
694
79
64
274
27
196
291
433
704
48
0
5
765
49
92
894
929
279
602
88
276
55
745
726
32
297
8
26
278
261
249
346
1005
390
286
460
66
391
414
235
1252
796
84
661
705
617
571
59
507
299
81
172
313
90
469
3
622
698
333
283
264
24
903
249
266
71
22
323
619
199
284
624
260
61
0
55
773
340
926
152
181
333
373
352
918
623
56
679
413
425
963
203
344
701
272
795
548
64
298
84
0
251
632
327
71
271
49
277
415
268
36
79
91
395
6
770
221
216
435
880
599
377
347
835
420
689
631
333
893
275
356
649
3
126
949
304
405
930
564
854
88
356
168
171
620
531
551
75
42
55
298
258
710
328
125
301
232
289
137
899
991
354
435
725
77
535
677
284
554
477
437
85
25
122
465
523
760
882
485
599
259
713
389
10
833
312
326
225
292
62
260
413
387
317
389
300
4
274
14
886
1
41
362
588
720
30
819
114
910
57
89
859
450
910
314
73
847
708
511
679
322
508
327
6
310
956
738
486
511
314
726
288
187
265
396
404
78
996
197
49
22
354
387
275
691
724
238
779
252
91
387
278
874
372
273
169
610
256
250
8
350
316
927
1392
772
237
28
244
964
422
247
848
77
55
214
453
734
482
247
296
280
94
72
195
265
858
290
838
76
276
407
582
487
470
628
823
560
10
239
177
138
297
63
718
94
246
422
392
264
274
3
16
281
683
504
871
374
96
419
67
798
378
993
224
321
278
917
94
736
129
801
283
211
178
11
334
6
388
49
671
312
517
951
53
245
307
56
259
797
750
270
2
250
98
976
58
389
887
112
997
66
134
307
767
252
236
239
277
932
946
711
245
132
238
501
277
182
217
470
580
370
730
764
551
238
426
889
375
200
936
56
608
193
928
841
882
771
292
73
601
162
326
17
1008
403
573
777
606
104
307
268
46
270
1
87
42
292
9
278
23
250
74
942
132
44
281
39
390
204
216
279
249
244
378
40
887
69
14
247
399
825
380
56
276
640
112
142
743
317
312
44
875
356
250
313
234
995
139
318
833
721
262
237
91
283
58
240
12
260
306
146
1003
358
273
335
1000
428
9
544
528
944
55
477
117
764
71
914
807
244
327
406
110
905
675
243
394
864
150
365
93
367
93
331
693
88
156
23
196
943
287
265
261
115
179
348
235
214
81
554
344
238
184
48
307
694
31
756
652
631
370
677
198
251
70
679
360
707
275
472
552
489
5
392
207
61
622
21
341
903
736
189
386
215
866
297
693
388
3
269
288
212
266
345
974
137
880
89
67
606
84
396
75
831
287
9
131
426
233
247
948
870
414
249
298
747
176
273
84
379
568
193
275
179
228
102
272
246
95
375
892
420
785
809
261
248
325
262
11
162
587
640
88
55
23
114
974
194
246
643
203
433
283
68
874
268
86
90
696
315
81
386
20
286
582
248
415
546
235
796
680
63
258
217
271
677
397
258
48
2
282
373
206
83
263
35
70
928
2
521
275
683
227
304
262
979
83
664
176
640
741
417
245
246
379
554
995
145
43
90
398
419
375
345
877
270
473
471
291
195
136
93
0
963
518
587
406
10
78
228
273
687
269
907
314
934
203
817
583
188
297
188
801
913
233
227
284
857
208
43
277
384
386
826
66
896
245
86
680
376
653
65
1
321
901
214
943
501
296
235
390
767
22
59
98
52
169
116
669
72
146
213
681
281
50
152
13
393
416
274
848
108
355
39
314
821
99
368
146
164
23
35
13
111
192
930
763
699
272
896
676
305
323
149
397
287
109
223
218
97
846
19
6
34
862
938
229
532
6
360
275
417
38
125
525
257
874
1090
950
54
147
229
239
222
350
744
58
139
67
297
868
138
1085
124
791
869
314
61
574
319
408
57
62
257
473
273
203
27
22
53
769
928
63
232
488
43
266
621
24
474
179
110
14
63
287
165
105
428
93
236
817
233
589
618
128
194
264
244
279
302
57
981
353
141
3
857
817
49
50
811
234
102
791
921
449
349
82
14
177
270
5
262
240
274
76
18
36
44
406
908
178
194
3
46
624
587
4
925
1
390
255
452
848
93
218
0
774
689
345
168
263
162
8
292
615
536
82
822
212
36
873
786
732
887
895
322
283
364
21
29
284
404
917
438
100
714
23
504
248
177
816
193
849
35
87
101
243
242
290
434
923
272
50
852
443
185
43
319
108
313
298
376
173
761
716
599
222
842
83
184
244
95
207
718
6
621
699
833
855
213
226
559
133
95
311
253
33
241
593
429
850
965
967
266
266
471
76
720
281
678
392
391
29
378
1
257
81
370
623
135
921
24
261
73
131
51
476
769
33
177
371
680
599
290
67
179
909
85
450
65
851
207
156
60
78
270
416
944
295
318
217
755
153
576
79
959
247
214
89
280
836
266
202
251
356
205
73
224
287
66
260
214
232
277
235
435
896
197
113
581
85
342
824
88
277
72
383
849
343
109
601
153
400
202
42
728
849
888
697
529
944
409
133
58
154
36
281
206
25
437
670
146
140
209
870
249
231
321
187
256
825
264
53
898
26
530
76
684
75
61
998
225
49
188
557
246
930
212
374
999
89
241
243
155
852
58
345
77
1007
427
6
92
3
442
51
127
18
427
585
170
758
142
783
70
435
210
259
236
60
392
67
428
878
230
1007
437
556
92
356
13
223
85
108
988
25
67
81
202
74
642
50
319
91
96
1008
329
725
168
270
218
73
310
218
382
222
201
814
66
66
83
606
227
341
654
3
273
100
727
90
286
1102
205
12
230
238
90
204
432
130
115
987
77
717
351
166
941
12
218
134
79
689
132
46
475
303
60
201
250
75
362
2
673
29
239
120
75
49
109
714
351
36
109
348
115
257
38
997
121
426
90
103
64
71
1
8
408
619
233
262
52
66
102
221
104
320
45
1
359
77
891
577
923
420
190
141
407
269
8
166
273
376
54
526
175
256
215
79
835
248
80
426
1001
330
136
77
74
951
255
580
484
107
21
655
933
94
290
91
132
267
123
432
104
285
386
365
179
31
638
91
875
60
268
740
473
29
121
71
455
274
400
4
101
646
3
43
201
127
12
6
340
1
80
802
265
234
414
702
1101
68
353
347
385
161
870
430
9
14
85
76
121
478
1
384
286
184
85
178
833
205
8
258
5
32
703
157
104
119
136
99
800
193
385
204
623
867
111
95
195
226
337
871
16
838
8
431
57
86
236
84
248
255
8
245
82
179
6
87
344
332
248
269
129
75
194
881
269
10
102
135
176
47
897
284
107
118
202
281
262
254
46
15
715
283
241
422
961
219
9
135
686
60
840
867
120
161
99
956
332
256
6
99
296
460
7
763
1
342
285
995
476
951
23
44
31
477
219
179
0
113
227
925
418
94
193
984
511
140
216
27
56
52
195
377
107
854
600
53
96
201
119
118
202
43
182
472
79
91
188
706
527
116
702
87
359
9
438
103
107
214
37
762
248
0
755
123
287
644
251
195
232
40
2
147
789
30
118
186
246
163
784
102
42
211
161
408
45
18
229
147
224
85
1
21
72
221
86
76
394
173
398
217
150
68
70
69
893
254
225
308
257
850
131
174
91
931
4
205
343
43
31
217
311
473
100
109
284
408
168
198
117
132
101
186
878
97
960
59
131
812
139
30
1231
421
182
205
14
126
878
824
211
237
249
160
57
724
105
988
990
401
128
89
133
149
231
12
159
81
61
6
30
697
145
213
80
58
157
955
109
142
102
90
964
86
29
69
14
63
628
379
128
119
256
62
37
253
164
4
352
150
8
37
3
124
202
69
281
192
89
119
941
2
117
149
421
240
70
105
104
674
430
953
323
895
247
613
454
544
55
550
130
158
511
881
19
80
143
247
122
140
991
939
13
206
1
952
92
671
195
85
72
255
24
654
865
74
86
276
196
948
235
489
98
446
119
526
599
898
285
407
173
326
239
59
421
674
196
0
1
572
274
59
66
32
49
52
234
51
176
156
758
78
70
16
97
553
742
221
216
172
361
154
43
859
84
1
121
124
866
90
786
92
73
1
756
70
310
230
82
759
461
90
83
125
95
106
117
198
97
309
106
889
266
50
163
123
902
577
97
293
171
86
528
968
200
4
329
26
253
155
218
202
952
248
249
305
718
15
49
357
178
14
956
158
14
0
75
36
10
518
230
252
767
84
393
147
224
693
170
223
357
65
162
92
144
83
0
338
7
341
90
208
764
827
79
194
210
