2
543
3
0
2
1
542
1
1
0
2
4
2
1
2
1
1
378
319
3
521
1
1
1
0
1
1
3
317
4
542
347
1
11
4
0
548
513
2
0
4
507
4
11
604
351
372
2
5
2
2
387
0
506
4
2
3
379
4
1
564
542
5
6
1
4
378
372
1
513
547
2
0
388
4
908
318
349
334
0
5
0
5
1
512
4
371
2
0
3
2
352
4
0
1
5
554
503
3
541
506
550
313
349
4
3
528
506
520
541
5
3
6
314
0
5
0
2
553
386
517
301
3
11
1
2
730
338
2
542
320
315
3
390
900
317
334
2
0
2
1
4
3
316
553
2
327
381
331
373
519
374
316
6
375
3
4
346
515
3
522
549
3
5
1
69
3
2
894
314
336
345
317
308
6
355
9
0
549
2
0
8
8
337
10
7
562
376
3
318
816
314
8
1
0
5
349
505
12
359
350
517
3
823
4
2
1
392
521
360
333
513
2
348
356
5
392
2
0
1
0
1
346
548
295
3
2
7
352
307
2
898
1
5
350
328
391
673
365
672
286
1
509
384
543
352
8
373
314
509
327
315
9
354
13
5
508
348
317
541
523
291
534
290
351
6
63
3
7
826
669
1
335
12
5
8
323
4
6
541
315
11
62
538
351
5
529
9
0
783
339
354
509
347
515
511
6
1
351
899
8
0
375
316
2
374
8
319
312
516
1
300
2
237
548
381
341
0
522
483
11
9
514
373
903
351
299
1
10
0
811
676
546
4
4
514
43
332
9
322
2
0
539
562
731
287
391
2
12
338
337
555
783
314
5
313
355
368
296
334
9
640
12
348
904
354
5
311
12
7
308
378
804
2
349
3
10
1
10
4
523
551
555
339
64
1
529
594
7
5
327
570
2
785
3
733
504
389
300
551
614
394
2
558
317
316
3
64
1
292
76
556
316
322
541
289
510
3
285
302
367
314
21
292
384
10
349
11
299
552
319
652
5
309
1
7
380
552
503
17
313
9
326
320
5
6
308
335
4
338
334
5
563
289
559
20
356
333
77
731
11
4
326
634
904
291
305
307
286
567
654
329
337
809
6
72
0
595
361
9
2
646
10
1
344
725
388
610
346
414
4
709
288
3
831
315
365
406
1
0
26
504
71
10
347
549
342
550
10
5
6
768
774
307
2
335
424
322
297
560
4
315
8
12
546
514
7
559
62
352
4
318
375
1
295
10
530
679
326
319
284
508
9
53
370
537
590
657
79
525
549
9
312
632
918
905
911
78
909
356
4
3
72
26
371
809
292
536
4
288
504
57
3
339
4
350
290
535
7
417
348
657
79
350
896
69
391
381
521
667
21
595
39
562
348
4
503
288
673
54
295
31
387
376
56
383
25
399
50
39
368
648
296
368
612
503
13
511
4
617
572
897
19
71
235
327
330
51
290
21
370
358
695
561
0
294
340
346
653
405
570
667
5
808
6
292
656
344
11
366
428
551
722
321
377
29
805
31
683
512
2
427
568
12
392
640
342
382
48
319
804
413
331
2
12
708
8
700
295
37
5
293
294
900
332
433
7
1
11
540
714
418
381
292
304
297
746
569
509
530
396
637
696
563
337
620
798
436
82
3
630
398
326
652
391
607
1
3
558
545
357
344
507
10
6
420
637
334
690
41
537
520
552
10
910
0
645
730
808
392
674
674
726
727
779
237
654
305
658
2
331
678
353
593
505
314
635
512
658
16
2
304
623
8
599
438
656
12
10
28
539
344
898
335
11
335
3
672
4
322
681
284
9
293
603
318
6
374
500
59
626
664
1
776
376
659
289
292
652
720
