-0.006171591369180811
-0.008256658417514443
0.009126341371161847
0.00441327594018487
0.00714530510212229
-0.006130819767118675
-0.009275085098252063
0.0056423864054644815
0.00758324688132086
-0.0067498041310081166
0.0065095103260487735
0.0045801818148211125
0.004137487775978211
-0.005131028970121557
0.005054287387189863
0.003504884635557967
-0.006211274687558939
-0.005157820532703298
-0.00853730499191158
0.005417468146762299
-0.004263039142119068
0.005904998163063686
-0.014440621266424779
0.0031547487511544062
-0.005825583884320383
-0.004265001624890091
-0.003839207683577967
0.0035557797971781727
0.00562052903202244
-0.005215194663204637
-0.0037718228263736806
-0.004531126612566686
-0.005157819872106168
0.009482741723158494
-0.005693380279170806
0.005542589855011682
0.005649502861943005
0.00339094508808235
-0.0034613282553604963
0.011996594416868098
-0.011245200313913531
-0.004237045837214673
0.003951650481535317
-0.007200329455364482
0.004049633751416922
0.0037307432174302313
0.0031225641746493644
0.003356595882946706
0.0038377573777454268
-0.009949346158130331
0.009544147319002811
0.009230888545173682
0.005416279617056939
-0.0033067912536668743
0.0038722974172737622
-0.003925030332378276
0.00866637227896064
0.0027887920967938074
0.008726644201558874
-0.009203175238944972
-0.0069968853994667275
0.0024094494263541513
0.003924178128657363
0.008000856595170159
-0.008489085525110563
-0.003289702672022341
-0.008394237004277773
-0.002009236377982057
-0.003454503236129572
-0.002595451917141478
-0.003869075529072457
-0.008121479339140364
0.002069234017118963
0.007906179770898405
0.00743411567284101
-0.0045091820738172705
0.0071877908700475526
-0.002096204619622155
-0.006880591726421036
0.007141232782463321
0.006305487541572172
-0.0032251527601907986
-0.00221045925945884
0.006473885845258805
0.0028813049162291927
-0.0024391615075449505
-0.006515454475372007
-0.005283053639965149
0.0015533884450887802
-1.671515405492643E-4
-0.002293174560814163
0.00643041611448569
0.006168637172413379
0.004144804316445763
-0.005822911642061619
0.003642394918979652
-0.00397740149663271
-0.0026146000740687007
-0.0058099650836492996
-0.005690650658481288
0.003242644968169314
0.003359547395432472
0.003492389992904263
0.001689001248689923
0.0029279932904719653
-0.00475304204943633
-0.004347514114648152
0.0015234513930950928
0.002358688453644621
-0.00537625744114775
0.004783988075849181
-0.00524223078945659
-0.00503382812046953
-0.005460223386667581
-0.004896828757690948
-0.00527991622662912
-0.004148143424945923
6.604813501965789E-4
0.005709370864569083
0.006579437013997061
0.00495467687138076
0.0019451550033409502
0.004384870885882365
0.005028783757205409
-0.004654591036695277
-0.004878462738650061
0.005734468231755674
-0.004882416909954565
0.0017882075440396844
0.00284791301027093
0.004528454748407452
0.004431071826421897
-0.004693014767739042
-0.00440631806122336
-0.004125704532228375
0.004449979857059225
-0.0025670856377737958
0.0024256743995996343
0.0027010224082356306
0.0033127708865094718
-0.004425848772038631
-0.004225916216315989
0.004183331256264197
0.004302751601572563
0.001829330936465678
0.0050011908135612565
-0.0021722080005112995
-0.004221451466569737
0.0035428538899409667
0.004611616430706562
0.003915597141517448
0.005017338114543111
-0.003236696423934014
-0.0027683792511097264
-0.0039755787587147234
-0.003946898379365651
0.004606453246713315
0.001983037589216666
0.004044502050145294
-0.004070276247156906
-0.0036633955323639123
0.004108712655328346
-0.004240588909577465
0.0038310855805982987
-0.0033856985943555213
0.002168277184449444
-0.003689934668789255
-0.003671302382661222
0.003425677645843237
0.0038255852661535587
-0.003724745356067266
0.00306543594174247
-0.004705754537537324
-0.0035168422703484594
0.004137069641054037
-0.002034091627797366
0.0034397889597065825
-0.004324114904116024
-0.003875044826897732
0.003365279454583699
0.0033322654273094006
5.892340261024012E-4
0.0042049854699057285
0.0022066221464621377
0.0032873437733863553
-0.002545037964544127
-0.0035485112312633313
0.0033389734372743173
0.0012046434376106767
-0.0028734735466826237
0.0033067564804270485
-0.004675197350820709
0.0031295221000442954
0.0031416004692164943
-0.0040245290495854735
0.003247312791674393
-0.001992456953594641
0.001894434594928455
0.003020038549657414
0.0030649183452324522
-0.001941106532713581
-0.0023710124643655382
0.0010743300023188494
0.0028656675554928276
0.0028163455570032418
0.003068510469461099
-0.002957799546896031
-0.002660123974608815
0.0019280183225072883
0.0015441382850725533
-0.0019935330451751002
-0.0031301637852107025
0.002790229252878612
0.002808800503232235
0.0024583045774931047
-0.002540764667563108
-0.002597214734829564
-0.002821942557089781
0.0010200908747103913
-0.002612204867389408
0.0010186980006816528
-0.002267833361568425
0.001959822249591471
0.0029948262174516126
-0.002629512820381828
-0.002602266448949821
-0.00276975622742532
0.002575202553697099
0.002494389934786984
0.0024618654994385935
0.0025348940391113368
0.0023866364387580027
-0.002461439644078679
6.121818087879823E-4
0.0022506021674212505
-0.0020699594603440243
-0.0010620431101340897
-0.002304589168094506
-0.0023424432111630363
-0.0014206884316555585
0.0024664233055058187
0.0023440607660771178
-0.00205975283754135
-0.002208177068653065
0.0021828104727399373
-0.001752231511406143
8.761243402785152E-4
-0.002224543023056895
0.0022133801418175772
0.0020954754090427787
-0.002211121131444207
0.0018246450730891762
-0.0019613304726449664
-0.0018891940022570956
-0.0020517896808044263
0.0012185565684031206
8.422940352720918E-4
-0.0017339073804752982
0.0026665478466404886
0.0011175269207642335
0.002085294674639451
9.434807158223362E-4
0.0018225692919051728
-0.001655075389798326
-0.0011658909206035772
0.0019391410959881824
-0.0014255981194061
-0.0012273759626838133
0.002816300431115224
-0.0015769172816157988
-0.0015263436718380358
-0.0017517769877862298
-0.001752785632761495
-6.252454110352478E-4
-0.001717068717155396
1.3655359316940902E-4
-2.3109718070098848E-6
-0.0016409423374848145
-0.0014502375363087253
0.001498703328939181
0.0011940646135249666
0.0012203510351758479
-0.0017796681557051574
-0.0010171269993952798
-0.0013561129723182437
0.001336940106140234
-0.0014120814654657206
0.0013099590412731373
-0.0010770472735681844
-0.0012188358269553312
-0.002219344518055445
-2.442436072747779E-4
-0.0014024594145029378
3.861120274263872E-4
9.487833346702311E-4
-2.6314616569465956E-4
6.208458432771934E-4
8.460853280095845E-5
-0.001273511170871135
1.8406905191486794E-4
