-0.9939082705983543
1.0643203835341966
-1.320251307253805
-1.5834111880527293
11.417594662988964
-1.8798967559397655
-14.265630469866387
-1.1060552085044542
0.494788198057725
-2.4564013217970326
2.7289806339747833
-1.2981013597618904
-0.12380453457618246
2.0262496433450035
-1.0029427786216043
-1.1227592041016623
0.13192211621392266
0.5739560975756802
-2.325295229647421
-1.5884525121709592
0.9670753189507687
-1.9494758921969035
0.15161700771442924
1.0271471703045305
-13.314014272017719
-1.6791582661812412
-2.4089871976074724
-0.7480707239328227
0.06056705489884292
0.936777857881577
0.11350211547727806
0.16310477519028913
0.30762151544434396
5.274232642170669
-1.0550158463591144
-0.24038999160079255
0.8581990259444984
0.3354778565839236
0.664999660164157
0.6513585483783243
-1.894935234654395
0.04521641908671335
0.6890748430137053
1.3233344796352728
2.474042360487914
0.9382473966672243
-1.573245543198155
0.5385441264562856
1.4093405189319435
-1.330717878135088
0.6972465891530534
-3.160504890813984
4.413610481146403
0.25287133434040854
2.024653255594662
0.7561860472163378
-2.2961451193379525
-0.5188356586186768
0.8099306202260516
0.7147795236788989
0.743348377666057
1.1576915077663106
-0.6332967595120494
4.370935612860588
2.995554655139205
-0.9005292092447543
2.2620481549416054
-0.6117374105543625
-3.9498723377296043
4.654161564092514
1.4183799607466006
64.8651873296293
-2.597638335686027
-0.005325473772022435
0.2110719810786679
0.6897347364036747
6.808871694271469
-3.338220236915746
0.8301319269512172
-0.34122031250092977
3.456929774716166
-0.055437303658729155
-1.3174114793676506
-1.5556006792965003
-0.41324642700740427
0.4717874050958985
-0.7245561880350051
-3.2820045432627114
0.6489969626629478
0.18966295029434085
0.5457598178793152
-0.07387353846639592
-12.889115582964866
-0.8664262522172179
-0.1523368380001041
-0.8316778266102391
3.4794415308319175
1.3247331373504156
0.938783690526099
0.49702193660590877
-1.5734673470331628
-0.7343868585209717
3.8177432039323693
-0.6819194704297027
0.5794090160271579
-0.785652931742668
1.7290567624729984
1.2426396021864345
-0.6187889499104723
-0.14779626599837314
0.7066373805770104
0.564170040983142
-2.277576869158861
0.5117736024604005
7.884346245410731
0.656173926348078
0.026892640042831237
-1.9280925188506868
-0.26622248084880135
1.5825852130877143
1.1192246244493125
-0.7460768283584794
7.817692517112023
-0.12678484728204742
0.5708476124484729
0.17362923610314915
-3.150802060800515
-0.10386139196809126
1.7766463685604943
2.5300043021359544
4.463065296628249
-9.330384848096099
0.39416742032075963
-0.6771449952609386
-1.7979744738840553
2.8401970090903847
-1.1060180926832448
2.7107448353696455
-0.7701679866355543
3.1118363359510286
0.9247289495329021
1.9224049757077901
0.16578558754205225
-41.95579896332671
6.484108613627611
-0.5730639126074334
0.8475737006044282
-4.999635684345827
0.5806436089298292
2.338604996309116
1.36976521219858
0.13612566208018534
-0.2377666572000636
14.36134140090796
3.0632627912782757
9.89686789951564
-1.5332063262332647
0.11829169007265256
-3.2812163507812175
-4.854426695614189
0.4878805153963999
-3.7829814617261714
0.44449788865870615
-1.6514274309968762
-0.12339794158180116
0.5378064372129973
-0.9264197113143697
6.9015579876660285
-0.1360441561538214
-0.6988764609211722
-0.6939663805846488
1.4226877272181657
-0.6661114123924206
0.04864362566794052
-0.06906857128320894
-5.365710149780384
-10.239562300307652
17.402125822492863
-0.003659850715355498
0.088787693549958
0.17572420112369244
0.21676039933047872
7.170215534984815
0.13642276368608225
0.16437054893932493
-0.6590324794536002
0.10921520547479624
0.12583781143180936
10.236021165896824
1.2438540294971998
3.871725119391485
-0.33127686706474724
0.3034095956136403
8.572083103914423
-1.812310719083031
0.8654062485311858
0.15266352353215726
-0.9518174246261154
-0.18233549572484242
1.2895003865040022
-3.457571007227993
-2.3381906624897493
-0.010388304094255155
6.070357316787161
0.459703692532801
-0.03220311496957884
0.4923894040391038
2.2530451398588522
0.34141777944220253
-12.493280369533428
-2.291210127725738
-1.5441996581142667
-7.953146990738538
0.6241153378598978
0.2758769850122883
1.2981354428946348
2.512025311568644
1.4221685134638522
-0.5583698601352779
-1.5179535739605212
0.15199945500805
4.666112347201241
0.12769929585504297
-0.30177631893096707
0.46064842842341025
-3.571772801135157
11.128354409621148
-0.8217081267811267
0.1763696528223667
0.5668547080703299
1.4568676015985016
-0.18185570610124047
0.5419414939604746
0.28790714917041615
2.810296637692923
0.8241417857248172
0.4380535460826331
0.4884732538199609
-0.28399514439360257
12.916590873505115
-0.4052207247280503
34.183809530870384
-0.803573332842331
0.6471889990008918
-0.1320452104566518
-0.8402611963781856
0.2700923365467832
0.16767565542330257
-0.13478230938405483
0.3238572489245778
-0.3427802814082079
3.0695080532802548
-0.17523972393200915
1.7309206653276337
-0.02127593553547921
-1.1103901721469769
-3.1318493239134306
1.159976470194743
0.20846263420369265
-1.312519879339715
0.7831209642668843
0.26333560240608755
-0.19244079918319504
-6.791535764234733
0.26342888227873595
-0.1359006564253306
0.8152311843551365
-8.190611514996116
1.2807610160051401
17.673414222399092
-8.573645759158095
-1.923157416586937
0.15368209914814823
5.375611567003667
2.2514321307199188
2.332039173812921
0.672421186106003
0.32134106289464237
-0.9609127160501347
-0.6600235928254015
-12.990612446194762
-1.4255621678805412
-0.25796231497341593
0.7125522089170546
0.582611051729349
-0.05668268772429481
0.694700216272088
0.7378981277583953
12.505134263335242
1.3522000273643557
1.645561190980822
4.775580322788842
29.407552772655535
0.5622111674250178
4.870589934376599
34.149738727592045
-8.585252932667144
-8.71276166829539
0.25302572494139086
0.6457307983276279
0.2597425341236736
-1.6738982566780507
0.22985256716721275
-1.587450912809805
-2.32020706324302
0.48663681897596367
-8.147817261958513
0.29584701277516795
-0.056154581782989134
-0.10642487124230773
44.27701397639175
1.1345145520724516
0.46429326548075217
0.7530254648643278
0.5481212617712538
8.662840856094402
-3.1364023424496614
-23.245135185628836
6.495649307765773
-0.11605015738983063
10.240750225356214
-3.2994267028151882
1.6395046834939595
2.0441508246290585
-6.316384165122041
-27.261270634812337
-10.005064831719427
4.8264781811258795
-1.0032377216747081
0.44140899059509575
-0.5618803602856127
1.3730887287141342
0.32011513089019755
0.3467419722089173
1.837473897595108
0.002436592638385214
-2.2363282226893677
-21.279551898584767
-0.0679838520340003
2.2711074990402786
-12.020662668639801
1.1808453634308973
3.1712556840130053
-9.390600472770844
-10.873587059284603
-0.46128983577549476
-8.249920645428494
-0.8772954533142671
1.8981680641212362
0.06924001213885317
0.6848859322786685
0.04836395607006643
-0.8963891922304078
0.8282487072776521
0.21661294423617072
2.6136651334537238
-0.12655346978683554
0.34269613382939745
-0.3948015952147952
19.81010556682217
-0.3646891010047487
-3.7795074776853013
6.275068456031845
1.5760059740201529
3.628203902818147
0.18054634065344885
-2.2951124540190992
-1.3829650680101948
8.48148669811876
-1.2628382022524345
0.012015680389324646
-0.8802087137866195
17.845636912728168
-20.478470895975565
-0.395755723312989
5.655606070202591
-0.3337563398864048
-0.30871620996479915
0.4841717457125301
-0.14296718875563907
-1.0830714739721046
-0.14276352119203747
-1.7519680251586356
-7.62101665392737
0.2758318216108657
-0.2835229733957918
-0.07749593315572416
-6.273285862711384
1.4356900025358925
-1.337656821293126
0.5936561472384941
-0.5580384588583338
-0.2603001191533711
0.19284744560852193
-3.1295194730027034
-0.8086630088418371
-1.4988490880947094
9.589613755857902
-1.3697922247785468
-1.0230100424778479
11.025998189445163
0.08812272101983792
-0.8061634144623381
11.226777488811292
-0.7273518053943283
3.613759596608284
-0.13448576516430216
0.16620342177568687
1.7689051456207008
0.7737716483967118
-5.262265205360079
0.9470706547421056
-0.1594146712328738
-3.593136145223695
-1.0075323366994868
-5.051352908860087
-0.7459682852664986
-0.07968748896239887
0.30324712101942075
12.818771127972887
-1.0799313720564878
-11.51749113651674
1.664626709599751
3.4089901037140495
0.37592603788609047
11.735808578538482
-1.4497403967851736
-1.7005809321043945
-0.6415332487966965
0.5641635671529523
0.3612815588104973
9.102343951932028
-3.7073368580409825
0.4532587758686753
9.32325095555645
-0.29794798137702516
0.6059364270792467
-3.5246522402036486
5.179799082464008
5.059477884791701
8.760595687254602
-0.416571711875101
-2.7891824294311856
0.18009782498799692
0.021936980012410005
0.28436186149830145
0.9523118923114346
-3.899503756016634
-15.637806620515287
0.6270702917224852
7.308199210733815
-0.08477804363286365
4.250124637072473
1.9315712426819773
0.7646017958290823
0.5733774504714108
11.367663258627527
7.621002965122729
0.1713209257572973
19.139846356283506
0.3455497761286935
0.08114875156780044
-0.7774870375833144
-1.2924539622876825
1.0326804999434163
-10.02703791185489
1.5776771642298877
5.45164166888242
1.0278370847991878
-0.3589936249951826
-0.05342108859271139
-1.0353585552690658
-4.99470663221773
-21.57977970350328
-0.9067911126923642
-1.4105485700603935
-3.0193900596907692
0.017556908968953937
-25.18291252114368
1.5483248810008152
-9.375361556226899
11.129520308551818
1.5393709033123504
1.586674631483658
-2.84417296407793
8.981073011538154
-1.4901076026746527
2.2377929249627444
-8.126346984634283
8.000608527214485
1.5709535168475004
0.14553464049290535
-0.26250034989425175
4.163567926012882
0.09882720927668415
-0.6646527397830133
1.0328604463671898
5.476555505306202
0.0470853509890818
0.36489079223498416
-0.029974016282982015
17.51119962892965
0.9029658641794402
-0.23158978605816585
-0.032889601689212206
0.31788262531645284
0.564314474320761
0.0090817820890987
0.3411199526160015
-7.2129476294177675
5.007608481922535
0.14887904941908534
2.459043433986708
-0.5427092604157095
2.3771696002612894
-2.1007811147517916
4.927282667109581
-0.48925964032033137
-6.554702430549488
0.8962522886756433
16.565243857136725
-1.3312241686607844
-0.027081557616190088
0.9006298534937285
5.46201805730323
-8.529985535981824
-0.5870027696870332
1.776872067002106
-0.14357733768630881
-2.210592339140082
-0.38823139870469364
1.258378199824076
-0.11942333694569629
4.318258709875285
-0.30668897128486816
0.8204977090601185
0.7781806945732771
8.082768524381367
0.22219052439000925
-12.00106265987065
-10.07376178355911
0.9614772683747985
-1.2965803893024788
-0.13529225958067292
-0.018376811488378754
6.911044785620029
0.06377952559683596
-4.930281569678276
-0.001065213451034646
-17.99490903288794
1.8642840168554837
-0.49945766397845304
2.7176801132238033
-0.19342132648162666
1.2950290450508701
-0.10654142274339895
-5.208488837389039
9.000289954378694
-4.654763904511915
0.5020447764532008
-2.7507013483799008
-0.17364789025245939
5.660610167098625
2.5862758476289973
0.49859736332359184
-0.6645874597507111
2.63515666675811
-0.48612085892456136
-0.414234034120551
6.9350124922492276
0.7662139407253447
-0.24014977066597282
-0.4603731296570693
-0.6597888297602941
-0.6783577961550181
0.14361063967295237
-2.5585397220794124
0.6586557883713078
-0.025663554436182224
-7.647384180623543
-0.3023786827685737
0.4319466923378453
-0.6167656637027564
-5.698834065531345
0.30091961368231257
6.387129519733119
0.037452612417093335
-2.8141790455711138
0.36479695338052653
1.6065079199180914
-0.890948785440931
-15.162831764643128
1.4490597376350975
-0.14780872200954276
0.6964310834176125
8.30888213239976
-2.494388127257563
0.3832714974490335
-6.927295307433594
-0.9950913907922241
0.1849960791372863
18.054362347671987
-1.1700984881691394
1.5765439653679276
-0.11318407853295359
0.1011408315343623
8.045713446372966
0.14319316361324677
-0.5016495280906711
-0.4978608974854919
-0.3193323221554924
0.4241471736094881
-1.4852716021476193
0.5313419684129531
29.907742672969658
0.6499034422339652
1.1819503599395624
-4.813855834761989
12.172942751141859
10.112964255606792
-1.7180414710660488
0.05376252448621308
6.6850369916769194
0.5344832089086136
1.5390744525441382
-0.4050747210485692
0.12110384005691677
-1.035580655196115
-1.2266314652992552
0.6435145879940518
-0.9715120735416874
-0.08851548755026448
0.7819297071513757
0.211600457123142
17.020500964209887
-0.4171578112112505
-24.115138121780088
-0.3656011191028075
0.33598314716653044
0.8598444241316852
0.566862451046564
1.7488300531067262
-0.16907139035098934
-2.0155540601483946
17.428575301957228
-0.23723307372732838
-0.5086861366610858
-8.191040635060666
0.019334436212479336
-1.5560740132637798
1.6497865250255976
0.8958464693544917
0.36071530177393196
-0.854509172249637
-3.5169016756485902
4.602083967542137
0.6118001028231898
-8.429721871989521
-0.3420076111020797
-2.050455811892539
1.1951943586765106
-0.49300546750881497
-2.194705870838232
0.12711067063894965
0.298802691608988
9.064981292427127
-0.6578553108275165
-2.401128562677062
-2.717483006714339
2.955419429824521
3.121173116420348
0.019881248271102603
0.018010990205728543
4.473354913940549
0.12595318459419852
-1.0659820052119866
0.1366975072124447
-2.775623119101925
0.24031457989812546
-0.030443745565853962
-5.118745656248917
-4.9076095465856024
1.8100618434641786
0.21772664665120184
2.1619761808873457
-1.3132484134032272
-9.194705015669415
0.3268602691460201
-1.1510155620922822
0.32204107509556945
2.939398591725829
-0.6424718169587008
5.882506301728419
-0.2797786882953299
-3.5371311566455677
-1.1500989956781766
0.20090640961523412
0.17775207143752023
-0.539002916456965
1.3610123650043593
0.9193501057896752
0.011035777235809337
-16.882854882953264
-0.8218740881864964
-0.5097187468557155
0.921494971256991
5.6510354369083595
0.2579845586022127
0.36076289646131815
0.7198577910284679
2.0153230918552354
-3.3085836914454307
-0.5715619704872258
0.7591688230225372
2.375995790923145
-0.1647510935447495
-3.908386031674019
18.403980865464458
0.9087365548326258
10.018953778287255
-2.773482325883917
8.132908022640697
-0.049323921912567056
-4.605400360019649
0.33257217710432185
6.5446990756643055
-0.5657270587194698
-0.9257052303754422
-0.3907291598609101
-0.33632905256281953
1.354458868274932
-1.6837166500105925
11.86116038310843
0.08552064222324607
-9.107846499384504
9.829804042445316
-0.6649106894383358
-0.2906672877366536
0.39920371373616725
-13.719555809382845
-0.02065973074888638
0.2354564447317533
2.275141472489858
-0.11361434945581594
1.1651056034326117
0.11024523564091482
-0.15133089885759018
-0.355317032044651
0.879247972695222
0.26406446921359017
0.20414543156102888
3.2973970845936966
15.564959532938513
0.28901522708131977
-0.27146731060079743
1.2230039857385888
-3.3679910779604554
-0.055662976253773616
-0.37733236791877045
6.338278969546483
0.2906858470119236
4.104102250982972
0.21912875452306357
9.343493910201625
0.6516474514734406
16.080763234065774
-0.06438334988661958
0.15451113905350738
-0.36905388401308686
-0.43986426708929927
6.544480798647936
2.3567506676596772
-10.524446855411803
0.09503952223743883
-0.9122668344676684
0.08219671401166116
2.069621602072574
1.5998125512022663
0.19224040175637233
-5.4052255033632575
0.25979493249960917
-11.012284869873964
0.07794977038663868
-0.3160200707670727
0.3007977047990767
-0.4336984603284934
3.425795270368488
0.4638655250111831
-3.139871086609385
-14.762269175348191
-0.7111021276327832
-1.0236768257107534
0.7328138677291691
7.047444163567347
-0.5194734178911666
-6.691759970419928
0.1761942655445607
-13.261511653285309
-2.9943597144932728
0.014608302995558407
-0.26401286714128064
-4.914837498696654
-1.0944374114313427
0.2312443956554943
-8.46640545184893
-0.2893476530814763
-0.08933185265336006
-22.157951740475198
-10.516097201966032
14.674537961666724
-9.019307192060293
-23.831775945881546
1.1640511904084345
0.13507062908709
-10.222165672565172
-6.937107202648325
-0.4764426406114074
-0.04663773069211089
2.0798559509182764
0.1946588785129789
8.460010084405242
14.556952339057558
1.0187580230217612
-6.918081023484332
1.174405640990375
-0.3770366637025783
0.054654921512841334
-0.45022032791439187
-0.7569268528316158
-1.6657841558304294
-1.5496714139608345
1.5906683093378635
0.6444923471512021
-4.8143346055500436
-0.26426865484246603
-0.9333020524982278
1.1254268895539201
2.3242775328218332
1.475960428632163
-0.10443552017783299
1.0636031664903423
-10.922802591858753
0.3919296046348871
0.9767298593118292
1.9434451284953433
0.3124211503044078
-5.814528326866286
1.2495876382403808
-0.9576134122989199
0.3443869090825988
1.1603450052547182
2.9223402508054637
-4.521022998060763
6.668342249132374
-0.7272334968429508
-9.576260761732659
-1.8210746954759798
1.2636397662772683
-0.0765895121979664
0.7245785485755281
-0.48346948286057523
-2.2559061507386207
6.664980921687349
15.869198552524296
4.4569644111281725
1.7994582778580737
-0.18711346149609018
16.914307398411257
-0.8370593062647657
0.33546133207861323
-0.30482935081671203
-4.146840506974678
1.3150541697223652
-0.4924421761038621
-1.329445203030519
2.2016714938085844
-0.7302397437506989
-0.43597094928244445
2.739115344824996
1.1087429478673565
-0.3876171829241004
5.092713266409227
-0.4571286868362896
-0.10347116307203078
-0.16986192699292274
0.05504529143615188
0.06855263087688106
-0.785158653998101
10.0986628472522
0.0665423416002206
0.41500159612331705
1.2097747140989816
0.5212493127628302
2.6297719625462186
-24.277426138525104
0.31922696999540356
-9.37021951085263
-0.14847611206418448
-0.31369607397703386
2.1477478705404973
-0.37361331610849147
0.059971758278184406
-0.2122676306117733
-6.6138938408630885
-0.5291291799922432
-0.562921897297159
0.783044682913587
0.025933676733983013
-20.05957535977621
7.347558903528886
1.7875587335007954
3.827994549305858
16.975976257334604
6.314642134302847
0.12227879394333632
0.901291052257411
2.0550614099580358
0.31577202374647806
1.1553983378399384
5.017278411680525
0.25859164187624545
0.4188280115616684
-2.7119674549515733
4.104013623513655
-11.967256235846493
1.1442636691473749
0.3130583387814752
-2.7878301212114835
1.1400043900928165
-14.33092619657929
9.588408808145184
-0.05693260261184399
-0.24348121959144953
0.4055842208972274
-0.11378250874823022
0.3283866745649324
-33.114324814950564
-7.879783405220956
2.430279868503935
-37.859636585506976
-0.6966079694739101
-0.12685224320557148
0.6148949900068105
-2.6043938736798036
-2.284167679726674
-0.3866780082594821
5.334547327540278
-1.0215660684547556
-1.9663184815316241
-5.901440678130267
0.39500160543308677
0.20734032755483472
-0.04791073574742159
-20.06728997432078
0.49380838922532366
-0.09998270383123721
-4.236365763421647
-0.7098709560323904
-4.074600771013784
0.5522032037370728
-0.17984610439299895
-1.7185413793235682
0.009823594803646498
-1.0855318045538473
4.0802868549001445
-0.42569689941744815
-0.8571884351921082
1.7160942669195516
0.20351354909617203
0.29228341026749904
0.07241904426582635
3.147598658320616
0.5299373894316943
0.2156949225661253
1.3573983263084057
0.1866736884476817
-5.171278542693326
0.4039157791203004
0.8389358896025586
-6.228278631269991
-0.7937298023136442
-0.2821454960780303
0.12326740230015855
-20.735022358758314
-0.04160951882204945
-0.06317453761332043
-0.687898972031537
-3.939048735478748
4.578707174845642
7.685338757979585
1.2118058567671521
0.9813738859746355
-0.9847987264019802
0.36271710490658104
-1.2399706143347526
-0.5209603835597653
32.867846550679886
-0.8010530787969437
12.48034584078153
0.21462837752475772
-4.4528335615358134
-0.6163582288931648
-14.530802305547336
-0.5252987370438926
1.97644596387914
-1.8365400531318616
6.3652062509816965
1.1952769552481273
-1.1787924014789442
-6.666582827242458
-2.824289437675261
2.0202514798889872
9.31853434567541
-0.81950663639573
-0.22434433723226205
5.117508163820075
-4.991808028700318
0.1144286096503108
-0.6109156124385566
-1.2585268314039044
-0.13707515667900982
-0.5851828274035673
4.098208110032715
0.38147962395177526
1.1411362719920917
0.050687385416863524
-8.80882929226014
-0.3856428030542702
0.24436828862249546
0.5048235233720666
-0.1935272082174773
0.529438572004516
1.8274123315992312
0.6175679880707069
-1.455706673113893
7.220694437127881
-0.47536429341958625
2.0626913663048665
0.3084820607793974
-12.556423658792463
2.028657832094859
0.3673999081363204
-5.905750499815897
-5.119550435530839
1.7882302246138433
-1.0661477791397913
0.5139498370134781
5.073959024235896
0.09951610269156386
0.2182763059979752
0.7580013226589065
0.15375262985185612
0.1074709210925363
0.6072839923604654
0.17010495830549086
1.5627942053180253
1.517939625542496
5.885332787552738
-7.832546951520529
1.1468178265431357
-1.0145581230752425
-8.604822715430599
0.14692638102710373
-9.545939032086544
-0.13759129868418338
0.6020843674662538
-3.02552400535238
8.265835283208387
-0.5915159364127285
11.640144007163281
-9.234781267238734
0.1784882877290546
5.094747022340357
-1.3046411750818303
-1.1760962357630589
1.2769551351001769
-5.136705879648359
0.854266100256539
0.841938674347542
4.366328767229434
-0.21161153773604843
0.1731671317562962
0.07415560748076136
4.19314352658639
-0.3138696763261245
1.7752996690497813
-0.26190233827298953
-2.8128712551601276
0.33936129932140097
-1.8427066289814624
-0.5866913092398133
0.1783761970330707
7.152808651307635
1.3498532625781428
-0.0034099478416310678
0.01919851739415615
-29.785975778563618
-0.302008964714385
-3.9968147610176965
27.142066985898058
-1.3071149165001437
-0.007163526018086786
-0.29148843693459814
4.87671591167959
0.5243882327156597
1.637095180722304
-5.312044538637818
0.6798185990059689
0.13275956561430263
-12.780117966739471
0.03110180603983602
-1.4812266638411982
-2.309036142828263
-0.11622329082782012
0.2880529282782982
1.9603702455423957
-3.6860985985918586
-0.922374445845261
1.5552729910538914
-7.407757370502632
0.2983282616440903
0.16318238888417705
0.15495173295178266
-0.1653930184203539
0.8262972423700626
11.978211201484317
9.903095599253778
0.5046811549351166
9.00822030816824
0.33393663684686925
0.09945400774216269
0.5074024379912027
1.3348103997028185
-1.008453489218431
0.6824840726723835
-1.489104912273754
-2.1273950121684213
-1.7133528968897986
-1.5050548403600073
-1.4039964215304088
-2.0021933413957917
-0.0651619822359758
-0.8513491104096976
0.24860898584643745
-2.7734914977581036
-0.34673321187731154
0.019449837578663566
-1.4297358423279833
-1.2331796455051218
-3.1837297054819045
-10.112984970866739
-1.1210406642733806
-4.259138561775419
-0.3899072431763546
-0.46451482056659926
0.43477442902398133
1.0845852187382008
0.5994443723356655
-3.475626738661103
-0.981808638278135
-0.3933269946703679
3.648301362442033
-5.169042862622308
-0.25021638156648984
3.92202728806056
-0.5580396946570988
8.719365608723557
-1.2950929212000568
-1.5081397512502268
1.1645053503455691
0.38305981801396705
0.35195331842105976
2.3677705892093512
-0.012282186439942172
0.20382040882434027
-4.702041594829805
6.048680886588903
3.399475089311285
1.3403708906052798
-4.265791379393581
3.616834581209443
-0.07189362215250163
-2.1233814202359325
1.0100231044389631
-24.838514946274817
-0.45106996546356043
0.17509895313838572
0.23894534662060704
-1.5812113806859351
-0.5728362949541653
-1.0949647413426487
0.8382678840443876
0.3220150581728089
0.97174850657042
4.4533450787579705
1.8261997377604322
-15.261892655351225
-0.7279241880368624
-0.894731772597993
-0.05732294571030112
1.3654670371107582
-1.0136647529872134
21.63038598919646
-6.464856178255094
1.5512558623378143
0.5275936727112234
3.126675250114803
0.9093539119397407
0.07001833692720691
2.9355332663190623
-7.555130945753089
0.35909347296251887
4.457206997734704
2.0007936867931915
0.3864099862365549
5.849596444538127
2.3526793037591616
3.9861019239147404
-0.055830859706321324
-1.2341588302955697
9.685900461239806
-0.29430025751568467
0.1334173046837151
-0.2732945221201789
-0.15269105435531952
-3.054126020543066
0.06602017352055525
0.8660349768967964
-10.743609900650918
-3.4229336833511868
4.203004734465076
-0.3776113336806812
3.069895044216213
1.3376078137700524
-0.48392416563814983
-0.055725940902625705
0.19277982616523992
-0.9295439810163613
-30.89334538935321
-0.7173561400260245
0.3805203825972087
0.22260204024580518
-0.8705961051406912
1.5776516082238152
-0.5311310525061389
-0.25247576620264983
-7.995211482313487
-9.269244402957053
-0.48639222675107535
-0.6593232194942759
0.19946172751954153
-0.14970978454179845
0.5283500340343052
-1.303271476075921
4.647473595086436
0.05111880777432014
-0.8149349232586537
-0.036029039847230195
5.518006937204186
0.6492122493632569
-0.28026514090751703
-6.154178399117532
0.291298256340421
-0.04079238897235063
-0.08794565078568535
0.44046269993033804
-4.511228279979053
3.8870860028170258
-0.6411604778313358
-0.7716131514467346
2.9862594864637173
-1.522665777580027
-0.9409348697812427
-0.03824012084866859
1.068401901179205
-0.6458257843440969
1.7769414191359643
0.4261721243036968
-1.0066108904054736
-0.1418762766393197
-3.4736913896647725
12.044450194412407
-6.704837644314628
-2.213734575285571
-3.3468316681488925
-3.9181285386952087
-0.15340688152992538
4.4919842939727825
-4.6669942961052735
-0.7979435720396093
-0.2692082759326653
0.31514259952766277
-1.2293606920630993
-7.463958673465829
-3.033920346706557
1.3308663071289613
-0.7071885343431553
-4.635684042617237
-0.10949305360388045
3.965181160786857
0.560774793213091
-0.21807930905495967
4.667223543778104
-0.1756121111088112
-0.6056233199338287
-4.475536020031659
8.430292230750572
6.665032135688993
-0.6228977125135319
-0.38128161956724915
-0.74760105289134
-5.29901478302953
-0.4704547573308441
0.07978371123547617
0.30843857803882285
17.0072868887135
7.928482803094546
3.8666953507305006
5.637230075169149
-2.3112897336292626
-0.10499068882380463
2.2338073562929517
0.06616771821909785
0.05149513594341548
-0.7112881464791359
10.258081181913079
10.696779743042871
-3.7029021281774757
0.15785680114487968
-13.164346818855623
-1.9410941032585745
3.4664489247527226
-4.12956026834786
0.005789911514669942
-3.729703856216087
-0.10033158444724281
0.11470293950369945
-7.735800635340435
-4.056901044474897
-0.035674503178445366
-0.9669824699820173
-2.5960682188884645
1.0908241201618813
2.2031768235638656
3.471211390767909
-1.6984965279272002
-5.586674272823224
0.3212525812227756
-1.9542463226155464
-15.373482656335627
-1.7792263891836413
3.4690154639880526
6.010228263861334
0.8081386851909748
-4.792004849182018
-0.05489124532973156
-0.06910136509206109
11.1971798491143
0.6272743238395844
6.268792608076829
1.8488870197087373
1.3469000056632008
-0.26990824813667097
-1.7094621887675563
-0.066959062921895
-0.5616722225137657
-0.17714380214751538
-0.35570384523613086
-0.3188406809294333
-1.0826497723061637
1.925735124804192
2.287306773250007
-0.9912633690005582
-9.076377493572922
0.02231226621573124
-0.3717900665337404
-0.014858532996375278
1.1110468110919671
1.689000658751739
-0.38533416870456905
0.26722485117204875
16.341324226618138
0.5375258806229373
0.6281981971079171
0.9534858599704208
1.0049248991277686
-4.011780806236083
1.1102762939784445
2.307129862472716
0.09925679194300882
-3.19983990853217
-0.05336371462761807
-12.405261878203566
-1.2187000460783763
-2.815932707013265
0.013475254869225288
6.70897316348858
-0.24058522285151282
-3.3960776636240717
-0.07736883283184037
-9.367595953617684
12.69889083488762
-23.613892811861472
4.3166606946688075
-4.466401869143121
-7.811215226754228
-6.328005273222018
1.5853334912019579
8.210293034409716
-3.9232981794023565
-0.8332131674820036
0.07879279513086929
11.328103362922729
-0.5890643633371982
-1.571362414915937
0.08886101899864904
1.2204101275100205
-1.0254471958895095
0.04361500057925456
-0.23386955134445164
0.9799605351323079
0.18691505051827972
-0.0514432268120913
1.8603522899162346
-7.881847693555032
-0.35630278024445516
-14.277929012072441
0.07530827512626634
0.6123279828198047
0.1027481380943615
-0.09883810290580633
4.852564305733013
-4.915603117290102
11.997181301075715
-0.04458773926065572
-0.5403898382790256
-1.972639157950808
0.40395848821135094
1.135180096829482
0.4441466200728195
-0.1995826236489358
-0.045241726705883806
11.49952803862193
-3.403599272635144
-1.1649125131661053
-0.08735314976520456
-0.17882285116984334
-5.956301733355871
4.654201966848325
5.508996313388838
0.13959092004579426
0.34800017172904996
-9.79535044154712
-16.411295416313457
-2.4120120872268607
-0.532053025666845
4.728347137673101
-0.06118839443350203
-2.4664119707526684
0.3608713167763819
-11.632287911250149
-9.503786227145838
-2.6338017565515264
1.6295553433470003
1.5383786056223192
-0.8678015984061882
0.08644326858447264
-0.027743670583634923
0.4210864014155149
-0.49384580285072965
0.15273656134063365
0.43756862074516134
-0.01863404547196078
2.6615832669135746
-3.438953184509833
18.456457037962092
2.9677296875736525
1.2507157315507855
-1.251973395720566
-1.1632586978882171
3.6138297380980404
-8.291880416789535
-3.3192495529288895
0.5499541816206835
-19.560369400512997
1.9691261595089362
1.6151017710782165
11.430213106565258
-3.704486555795965
1.0812760637104075
1.4418098180704897
0.17913196019017727
-1.7206870676804276
-0.2421809332169444
-0.9779103641427214
5.810522689209292
0.652600646759872
0.9912450412576508
4.720650382895132
7.329153506310566
-0.2858026495743332
0.18130198501681938
-3.1177353086095434
-1.538813849737009
-0.0498328701712799
4.238087566424391
0.6805562284901038
-0.5523412372613181
0.48964371765107256
2.2272532075215703
9.377373506310587
0.05156214708820905
2.2494840977374637
-4.264387957939502
0.6949474237329554
0.3285864500277869
-0.1247524707742883
-1.8298464919553856
-2.5473793036681713
5.20061028056105
0.5689705513846306
0.5280803941926778
0.24369558459735882
-0.0902089037970812
-6.854493641259871
0.002058403415329869
1.7262584841783648
0.03208701390893542
0.22275876352987992
-0.4512579397263651
-0.715027618980125
-0.23223504611241994
4.9262600636364855
-0.20569232766831763
-0.7452267324841841
-0.14985519132519542
-5.208082327820291
0.1406538108761986
-6.761328052125074
2.9969155648272627
-0.051102269988812156
-0.22442270692775065
-0.15003208524321485
-0.036460281325449574
7.585568753854703
1.7245911979893602
0.28409843508731025
7.118306756528778
-2.7328423750777007
-0.5615403034330047
0.7097054494041568
7.110033241791775
-5.936127104092741
-1.1705774765610086
0.07701953262013819
10.080644517767992
-0.4826992833855942
0.4112710036686226
0.07750312043460221
0.5083837842057918
-0.19569119994235226
-0.07901610884418894
2.1880247870243377
-0.4159171877339727
-2.5323623530635855
-0.190955408368111
0.315019151074251
0.08626974258110014
-5.067705286129144
-0.4396603146563551
-0.8435436911763348
1.5016884564305695
-1.7194918524096208
-1.6270264875507947
-7.144407447656162
0.1432155741812009
0.6949226436128341
0.5528204449530216
22.31725132509192
0.5328407661385055
2.7175752018149537
-0.17151868054764563
0.39337773465938825
0.49252592997409567
-8.303273564993846
-0.18871988519608696
-2.6291898227311448
0.6311347583305221
0.018004961343500263
2.184712059181024
0.269794163826922
-2.0467751968806795
-0.09094159470420352
1.5053457198123767
-2.079758970498394
-20.95444750758731
8.550466325462544
0.46996726151703394
2.0934656506566744
-0.7433782744216555
3.397844820676235
0.621424599828483
-17.408749715335105
5.904425199585632
-0.14362412694193266
0.6937150395129593
-0.24448745683050674
1.064888517818689
-0.5782307135577628
-0.041218519788659855
-2.487743132399644
4.179183683303413
-1.7466196970437595
5.597578211442848
-0.04018193156575603
-1.7347005328520584
14.814090650240074
-7.561228247381201
-0.12899396291757179
0.1646798120472511
-4.321605247416873
-1.042457433750671
-1.2422974160473528
10.025766716241497
0.8626585348177377
-0.4545443348489686
-4.166508144703879
0.22408321405741258
-2.8526911717010437
-0.032791753033052866
-3.684532412528325
2.3519199337164327
-6.5297876417574745
-6.502572859398756
-2.9926813377197217
12.212487810610961
0.45528173447912
0.456434719374048
0.6540956185229807
-2.8784338101366753
14.632648065667576
-0.8299763305196111
-0.1205374524533439
2.670911898917307
-0.5397379687829087
-0.3139525153067353
-0.0684861274243713
2.907556884798195
-0.5060015108729281
-4.679729167056619
2.8143001633883085
2.6867128705838996
-0.10768816171705008
-8.038201987030321
2.443763116842357
-0.8383535121974411
0.14407467594304338
-1.956017564439678
3.7743149412485733
3.3129914717877202
-1.4021903204235155
4.587763152100566
5.455390286874357
0.15353730438940302
16.416290747648535
0.07411507378061596
-0.2557526794065984
0.2970554124576795
1.3388949631091638
0.21566253780831
0.440891961823922
-0.902703915202919
-3.1651447246374236
-3.775607232620092
-1.7826883061879757
0.23300445413386847
-0.12071929164969304
-1.8934750273969132
-1.1158336939614124
-2.171595632884731
0.5148819067525867
0.12568037620714814
-5.005927358577403
-0.4864778740179093
0.5466296822069784
-0.1366726528557248
-11.867981196779553
-1.1469693516042863
4.925472612923126
16.71747866618122
-1.4107361345201195
-0.047190309635364615
2.0123410971008355
0.25570374878344787
2.081288688614175
-0.02951988753642763
19.024908409779286
11.504841475574926
11.943874229488088
0.19464296627049554
1.8202236498531466
-0.28692375852474195
3.2013766319588552
-1.3796076004832611
-0.8296015075653604
1.2254289069872268
0.036405243038207954
-0.2036458620310428
-0.10619187437151575
5.809794090232929
-3.7351597609839065
19.137234273417832
27.131572229471836
0.5998651089144023
-3.1947993494090787
-0.10602837236536254
-0.26756197921319547
-3.229328280036033
3.113528859519302
-7.234143872205368
3.634796130076883
0.03465635379625588
-0.8867469804833801
-0.10616659886873883
0.1176324499347054
0.644427594110379
0.6464624596259616
3.85570407729113
-0.7271224599930843
-0.14743098372559985
-0.02863954972381932
-0.07588356051634619
-4.404625647016896
-1.7824248378976641
-1.0557029671307765
-2.5848581656052105
-0.5886802591246305
-0.1532872193319904
0.6038973226204454
0.407461476471839
2.132567705218649
-2.8256910262369934
0.23640822431496739
0.4389797333345218
-0.27362800054474684
0.11649192113705989
-3.8116299723589275
4.6071250095645295
-0.9588317050470723
-0.4642689877018184
3.7997413936082483
0.09717812794429952
-1.5000830465678994
-8.611094344022948
-1.118098016581003
-1.8111412799100715
0.2537928151188946
0.18024670416830546
-1.791192675643349
-0.13910848713606974
-0.05737426806001089
-0.0823970653763131
0.1830894904436814
0.188475960482433
-0.9662361934350946
-0.27402654344396316
-0.17076358152527693
-3.6150405750091523
-0.1366823691976389
-3.178041094411509
0.5544950081538761
0.27310634335244266
0.15832710179957693
-5.82287097908218
14.546191451943756
2.1833456908054436
0.08174826563804889
-0.23162296438305016
0.4504564168795058
-9.821121012490243
-2.6213148719349664
-0.1174931735412508
1.107485859833608
-3.434722422020613
0.2876727646130271
-0.10744197591367771
-0.6528214897505421
-0.44123628347251925
-0.9556421538278255
-4.994598668805947
3.109750235547972
12.299202003261513
1.4041345846882498
-29.027374645844194
0.10151180276471722
-0.0036797583683361263
-0.17428103746242746
3.8923995486127603
6.249787666008385
1.7412643390365723
-0.2886005242923364
-0.4638737680427416
0.26443870345363685
-0.7516716013576807
-0.1509000813418889
8.709155924728757
-0.3187334179939718
-11.832354447292133
1.1843718930387928
0.1925746285330961
3.5972407625801854
0.30465475378040086
11.389213213151585
-0.9404432359763883
0.031130521966976653
0.2560617070111606
-4.515691425063878
0.45300718306957216
0.44178229707500444
-0.7110364872470619
-0.025890848731782764
-2.6540059383469217
9.592289374655547
-0.03460453048613655
3.5287156106771085
0.3778357457884524
-0.8177058934468178
0.4759953846297783
-3.6352317069033937
-3.18084131469386
-0.2457049930405403
-6.074439209630095
1.7001614879930214
-9.049467166541245
-4.99158009991559
-2.2704362211936875
0.5311150553282133
-7.055501309988403
-0.10816503591246678
-0.43724221270903424
4.956141099806274
0.1925138616288361
0.019618393381585306
0.16411324001866273
0.10146124404357025
0.18249801391204368
-0.7554187087516713
-0.33797593483606464
0.07092434710969511
0.10962684365154861
8.607398268004033
-0.022899272564610447
5.190632038200377
-0.3947291594254507
7.834148842644182
-16.439857815363677
-1.4150994909990615
0.9364698602053839
1.0398520347031965
0.7589983981313959
0.20919835708917042
-4.408429797528731
-0.17909157581315976
-2.44317239556362
-6.212831889586856
-0.3648538462413169
-0.841918362760632
-7.628964107940184
0.2601928625633907
-20.71372094851796
-3.87307117601828
5.1040407816643
0.16479755219185935
-1.1614109282386835
-0.5874848933902209
-1.3134353077079306
0.23216900404336413
-1.9046402295520926
1.3231144449290335
6.577788362150511
-1.4236665366865062
2.2059257523257427
-2.678704820647641
-7.287128225551192
-0.0800530723822194
1.1540383237059235
2.0769437734449587
0.6099569846880317
-1.251054286106499
0.2170175673541894
0.038599198765981356
2.884945348029377
-0.17008401627288636
0.9450776220533759
-0.44160107624588435
11.044604263954074
-0.005604498246973127
0.4334102942348292
-5.707713029597988
-5.493626392954859
1.6857398315422778
-0.3669461849827652
-0.008871769197210026
-0.12228067725408007
-4.294051779347957
8.030046300643239
-0.696606705612254
-0.014311868057175565
-3.0211174971541306
-0.20397648918080558
4.985339898068909
-0.02335876674222098
0.8866399241604702
-1.1040280563061236
-0.24006556022081166
-0.1521536824920191
0.7056393329300678
-0.39057623522520796
-5.094014371959446
0.3716533833656326
-0.61668316891968
4.928213937169235
-15.111106226493108
1.306262166836403
-0.10698856064802398
9.237108180530933
-3.6084381387726148
-0.5246553163161548
-4.12768537238435
-8.604886714943865
0.22721711405780645
-6.38874265281234
-1.6177795196274745
3.133533509508964
0.5513908916376062
0.46383712053861403
0.22571667949412855
-0.16716856527879803
11.617843429088131
-1.3677811678234204
1.2030467311304553
-0.02730536983148657
0.17340574167617234
-3.5014814824256466
-1.596836608580545
0.45305067307422053
-0.22820020839136676
0.6625944567979095
-0.3644708523158624
-0.4249938207925982
-3.0911038490595932
0.15320293681780187
-7.6698393664103826
0.24638042271016206
2.7500078669272017
-0.4455403776758062
-8.802935393221615
0.10413696613151754
-4.186279939762519
7.571914600446116
-0.15662077813299635
2.766556390619774
-0.3984896550393271
7.856017546418168
1.2348144787737525
-0.2338930451000918
-1.0526947982648558
-8.96004937200022
0.038686971936843284
-3.693517460003885
-2.5633443781972796
2.12412273039059
-2.7866275006564574
-0.49258466816541263
-6.049438148902764
15.849853380653945
-7.665970574283212
-4.021719417752118
6.140772957512177
1.4187603941749432
1.016865066313091
0.02029591499289126
-0.09895692244121637
-6.061762657757718
0.6271048783410679
-0.1696642453653325
-0.7277445151420461
-0.2707656674177362
3.100812503072643
-0.471894965673346
-4.092152459589709
-0.3248928098812894
-0.8689042111814307
-0.11602729148363941
-1.4039043052215285
-3.428420902809207
-10.378046640049412
-2.15537879343897
4.784944963211449
-1.518890903062085
-5.397521245953912
-0.4478777911881328
0.13484299973361702
2.07003217809432
0.6106088487903875
2.6079837881073926
7.408090658975651
-0.042776922050076605
-2.626814361636508
0.8165671976592759
1.9213166064732163
1.1972678998675954
-0.34690541578305883
-0.8934727342654066
0.9279520040699106
0.5098092199579418
-0.012734997464430669
0.6444966686660295
1.154384268858154
9.27234032499207
-3.2260448570616336
-1.4756051705583288
4.854590547931844
0.12311135086620552
-14.241508555267123
11.750304883132864
0.3790106837412023
0.06514096498154037
2.86423485723408
0.3483605630300023
-0.1385507301419819
6.90908413711068
1.2263956257191935
0.1690630882116923
-2.4764898900915937
-1.302833673715589
2.378996294095461
-0.10584887315371969
4.658462991437468
0.39034911767919384
1.5958083559450764
-1.9876832433023586
-2.7156212005700415
-0.30932289867748936
0.7330179916649672
-3.440543903659234
0.7500362223255865
0.7783828987190576
-7.492991000670927
-5.9400639417679235
1.2967569598411037
-5.542873222738954
-0.19074300788029597
-3.6647478009780596
0.49967574325766656
0.13899638956635232
-3.822242632826073
-5.374419551527406
-2.792680717547005
0.37313357533885416
5.2820889151194335
1.0049096724580948
1.7487454952271106
0.555289317152556
0.07616864805629034
-3.7737787200735977
1.538818677297297
-0.2193299350613103
-3.3827718424878133
-0.15136724697761358
10.426952327920137
-0.3723317498923292
-6.107368569253743
-0.09621357876670336
0.16828603459128824
0.1705756743098511
0.15491265838883986
0.16597999478233372
7.320155022748558
-0.5434846194529033
-10.161242999469039
0.2318501850204386
-0.0292439742783318
-3.2320038741984116
0.05864883148531947
-6.198406856377088
1.7620999663562078
-0.32566723825843
0.4442653381152868
-1.7201306957216416
0.2857635157766844
-3.676564077275024
0.23600205797284238
-0.19565124019506333
-0.6342909928824674
-0.34095535642576713
-2.1384322476268802
-5.412802857362123
-1.89763696090487
4.0360785818111
1.6427039159058212
0.06500366124938001
0.24582560301863052
-0.6757735595128278
-1.5080577965504263
-0.7348551406580699
0.5148472196441972
-1.7202233972859946
-3.8109638701825057
-0.05860348727796186
0.2969280805782071
-0.6019746657546884
-1.0668997870083552
-0.29188553222221986
0.8467468107097716
0.920351671938477
1.394449015195511
-0.870535658896942
0.33418793623998516
-0.09003135847772295
-1.7171553019957082
0.03086735089002814
-0.6711933257781884
-2.1043743177696883
-0.6707615120460385
0.5838729020189465
-0.04079882898805741
-4.901796807246457
-5.113337288253883
4.343228904503688
-26.984753983840996
-6.57054307810921
-0.23240179343679787
-0.09182179847168362
-0.9079415637542129
-0.06538553090765438
-0.5509018121539099
1.5043006943243626
1.071914270608755
-0.05881983289967453
-1.2002629895537096
5.118969318449627
5.043859533119911
-0.7451489209878139
0.29417900088136945
0.019148749292513617
21.924941198570835
-6.853315225047343
-1.3632657713915357
3.072805194460141
-0.11270635587942222
1.4056849846570072
-0.22586215326321063
0.3287403368128325
0.31867070619964316
-3.7110071029803913
3.5846442622261527
5.758034174601956
-2.058534868824609
0.6442555587566066
0.19151539164252748
14.773470866893877
-3.6868608442488946
0.1631765364242313
0.1949600955960329
-0.818731350799815
-4.253955860770136
0.9661733351654881
0.6937782044065313
0.19565131992280385
0.1464006173089182
0.2038882462092227
-0.8359615835081126
0.5656360205764479
-1.237553025352228
0.5343326085632581
0.6432097202117771
-4.107788368248712
-3.403936693823006
0.23571149788243836
-0.11684288840106512
0.10650378293435199
1.7700555528282895
-0.18220965765332553
-0.15962204969844584
0.14253061716981988
0.09568581174415683
-3.9213442921716486
-0.1127426335232599
-9.64971442353226
0.15977189711294557
4.8814894759040985
-1.1088837925008954
-2.1876480429928864
-3.806375311595945
-0.3148389281557332
-0.12770283748646807
-0.9925311774022065
1.544487120572669
-0.16287946982475307
-1.2292773313485252
-4.2080766347147005
3.5901371611436574
-0.09367431877970953
1.0613406056192574
-0.24062421686639718
-1.0591662517262845
0.40198200527310135
2.9909376144510573
-0.10702746018855568
0.1044790710674421
0.4479499750409124
0.07247923589512588
-1.114602886653963
0.37146454452422645
-0.23573247699949496
-1.3833122642308775
-1.391697503516559
0.732703469618781
0.23642413954562053
0.23431099302951253
7.986998477541709
6.294844271648194
0.18844495673404787
0.9013818778575179
0.5360918909569927
0.6445156166802285
1.3978588819318798
0.3484860414316011
-36.26821663429414
1.7535314098541792
0.004791585612909877
3.6215329395116527
0.3415672893555863
-1.6181412898185696
4.1364973809312096
4.060714817330983
2.641776533028593
0.08645482572211469
3.586658335139719
0.43066422211157823
7.649373211510862
0.3751379825585169
-1.5687345923590976
0.09531801560527599
0.21532908407685322
0.2347037247044728
1.5921231977735841
3.6661286095575134
-0.15358844456416954
1.1798433847848049
-0.1983107110715712
-2.439860794263357
-0.08093981498224294
-0.22581658486605125
-3.8161458277939255
0.15172763109001222
0.15906915552420192
-0.2191503011328212
-0.32758915135583755
0.12406519640609051
0.08244594838477125
-1.4383213638094827
2.2749919944121118
0.779061207365444
-2.3952951247466214
-0.2104313401831067
0.34761650776326114
-0.21476518199270986
0.49875290025266505
0.1656366090782183
4.854426730424973
1.190136217107736
-0.5438333332585413
0.49561662034904136
-0.4387135911522702
-1.6526469612224588
-0.5569452841620247
-0.1654375475800527
-0.624252400147215
-0.19985196532000016
2.1509724711551934
-0.12568315025932053
2.0549902316224613
0.9075767930950953
0.37913290846282555
-0.2188263385617955
-0.03770380428625042
0.7380504269619925
0.22029729949268745
-0.5115367175907134
0.17940028837417474
1.683327704643584
0.26555903866396946
-1.3437088276482207
-0.10132373576926347
2.6344832673100687
-0.19964851380687879
-0.29332168352846544
1.3648230186264423
-0.16205971928538349
0.06512223669878947
2.9662278548610854
-0.024288112104844155
0.399355920676937
-2.039494074595625
3.5023106661229493
-0.7986572862097748
-0.07189441649908068
-0.4029750525397733
-0.6513188215685606
0.9598164752165848
4.0038845285996825
11.578476363220005
0.24544163138067715
0.6321293061580162
-1.1317169558314235
-0.17568455335912075
2.921038901317533
-0.6591517277403943
2.152262752501593
-3.1735553035380284
1.5903669984884055
-4.441950600456366
0.06682496580146663
0.7846206989031026
0.7487372923193222
0.34791654393212773
3.1948333236575777
0.8238423717822164
1.1434537762425658
2.122091344638739
-5.281973338528074
-0.508602533264285
1.8356647675106104
-4.192762469277153
-2.7423559046611152
-10.712918512924507
0.21756250202709976
-0.1836815212230633
0.12844297777559843
0.2658053364991995
-6.26771263965357
0.5828066570721938
-0.12504869143526576
4.533224820335023
2.331970287833211
1.2235316305869666
2.2352554365189996
-0.37342143443976994
0.1636557410053518
0.07985918873254003
-0.11099310804898073
0.8882898849022508
-3.3180228330129444
-0.2636330712989859
-0.11168642518945453
-0.6956285446567094
-0.07186614132811472
-0.9721247384749544
-0.5001247386634402
0.12646109782486248
-3.6005924905563775
-1.6341858201011472
1.5696031579452854
-0.940724543414179
12.241014193320801
0.314534835855993
-0.03475772230728703
0.143328326112752
2.186709257182208
-3.554878275369138
0.5204073496599928
2.9729750956488665
-0.5203409957909515
-0.39366323124555214
0.5300823318320921
-0.38532817418263066
-0.8391246015686067
-0.5449638823531177
-0.9140835766057742
-0.11755721488123212
0.06799895014592407
-2.643783486480468
-2.061382959704432
0.020325285197049795
1.3984880178524155
-2.331248293534128
5.887760563117579
-4.810166154226807
-0.3832705149970137
-0.3971858379750172
3.6408620318665155
1.8692196605409588
-4.802152907849301
0.3308795683691015
-3.9687505901115467
0.12732633436209856
-0.8061318572979951
0.5392997190006389
-0.7080143721977449
9.576981915533793
-1.658666987728951
-0.3846740883129088
-1.525844968113272
-0.7984649893592894
1.920098804463539
-2.238785425034323
-4.6393197085846944
2.2480571488853673
0.5538374441545026
0.31505251741906054
-7.445445408181085
-0.337789638989184
-2.9688397266987234
-0.37531001471427433
0.08661500015319368
0.09680095224750662
2.902375895783735
-2.535312582564738
-1.083457665052528
-0.23793055726435847
-1.0106501869933586
-0.041860056247097904
0.04903325408668009
3.176941380459814
-0.9656353513692001
1.5156077986708938
-0.5387340882623338
0.07517226120973602
-2.5933993093868803
9.972908628973194
-0.04471078342845593
6.667086331389612
-0.3312018045849126
7.516971737174321
1.7289558579382587
-0.32727358123588174
1.265845344652557
-3.173472636100444
0.15052629347266339
0.007358074912539438
0.04623357795727812
0.04899353374705756
-0.08295061878500756
-0.20086446871997501
0.7570157677373002
0.21031863258135877
0.8054684823731708
-1.1458293658749026
-0.14063977508544648
-0.19848466554085034
0.7088548387628006
1.6240607201029968
36.441917477280334
-5.607350803128598
-0.27648342354104916
-0.7665688108709057
-1.9607535244591472
-0.09403638383157023
4.090698663650502
11.109400802249066
-3.942637819529677
0.12331655461451586
-0.6283837768114646
-0.09391532331054983
-2.167376259143617
0.40340272903592145
2.086012406810437
-0.11622037996269562
-2.2811508950374004
0.08195919202980098
8.637507336197531
-0.0275017985605244
0.10638268844223339
0.47838730981434424
-0.6167586603327503
-2.930935737204189
0.37477873249012833
-0.11960755700231208
16.707216751579654
-1.646997056883678
-0.07730979954830906
0.6171340227293599
0.17641369875141039
-1.1315705024652067
4.949942819683785
-0.08740807797214814
-1.623266926773158
2.297831592769457
1.561223116580317
-0.2507458895556819
0.05120696059007481
-1.0521185590289839
0.09961219509854498
0.09603587979189038
-6.734419252854206
-0.1017977461963116
-0.1229012279066079
0.02415358302314942
0.7954462926322248
0.2395313255063122
0.7280522596609446
0.026870837421800922
-0.21333001314410746
-0.22592282091548455
0.060629117539343726
0.022706654309077864
-0.3612075403878591
3.883312364382658
-0.3297506187189601
-8.086287010373677
-0.8278750751062376
-0.29948963290762687
0.0765696375540476
-0.4077978495368112
1.6422694218969993
0.2954506979065946
0.03469828387020696
-12.31891758943416
-0.3985434277160121
0.3607288683996126
-0.31243120126532964
-6.672512968293069
-0.15943637253162735
-2.372862879322767
-0.33322928393353834
-2.225667899545507
-5.228069004167608
0.06591944427888313
-3.704958518460179
3.007424957918733
-0.7325690256470608
0.4325861505331856
2.6353249689200444
-0.881110085901356
-0.002818611632179102
-0.1444622025569044
4.748627203926054
-0.9602718509485954
-0.3401534851522033
1.7320655821692283
0.06563841167901001
0.2606757546759881
-0.4167231136313151
-0.14148718805248447
1.1020077915980837
0.2925492025459625
-0.34438782391108075
-1.9559985019532151
0.2437842090775803
-0.01145832886541494
-3.786743077288887
3.542725947884984
-1.3413229340414765
-0.3636336162187193
-0.6919161321483565
-0.2955768496877533
-0.42082598856792597
-1.4328550763135195
0.1379313750475741
0.12286454282198168
1.4775751534287922
1.2767692554176566
-1.0546955689009114
0.43416970922144404
4.8681329257159005
3.6629625125041456
0.007674680593736459
-0.5874198189623536
-0.20061807736218135
-0.37893761787107216
-1.7373287080048339
0.07221221577981528
-0.8989435449191729
-0.16619686372417208
3.328969530890561
-0.22398142643825986
-0.0838564923612119
-0.2765664568711949
-0.26934508407079305
4.05833294432103
2.2997735276912694
0.7165638431457688
-4.297079838196627
17.215808653156266
-1.7946884220007902
6.189022290607356
0.47085727310916314
-0.23379284703362
1.3858951628936387
0.07231527412500827
-0.053450492125164076
3.6910735845874916
25.952651769804753
1.7510054308977003
0.0292863567903582
0.11686049879381759
-0.6777109238426413
0.6075527548239357
