736
682
676
524
811
613
680
673
735
505
809
674
566
659
503
612
612
657
671
543
896
805
510
506
675
543
817
902
357
673
819
366
656
509
317
518
322
733
534
889
356
365
828
373
664
661
311
723
672
336
333
669
314
358
510
550
514
511
818
892
660
767
779
778
658
558
911
940
516
981
353
769
705
288
810
554
714
766
858
379
710
894
323
914
720
893
751
527
796
713
711
291
612
560
713
972
544
518
506
614
827
505
672
714
372
829
783
301
671
739
823
550
727
670
368
765
506
732
712
960
318
821
898
663
898
599
782
701
715
525
662
510
819
1058
830
781
676
375
655
321
892
319
799
726
681
545
894
974
897
812
976
773
789
289
905
642
903
806
614
559
905
820
760
710
520
861
530
669
784
825
798
808
893
797
748
822
720
811
784
685
779
528
663
854
770
769
534
771
545
723
785
766
699
697
741
777
627
736
722
907
678
762
722
936
384
920
812
584
773
811
302
780
669
736
906
684
626
332
887
795
586
773
803
607
708
719
680
724
822
768
919
719
754
754
765
1050
598
725
289
859
534
736
352
809
337
793
685
716
626
890
730
657
673
737
776
812
655
771
671
681
760
557
361
607
834
903
686
965
680
775
880
807
843
714
937
936
715
668
981
726
796
893
895
696
776
735
867
755
702
792
290
944
945
711
894
292
786
642
1214
817
750
627
764
1064
624
599
741
1062
868
716
677
606
664
639
613
846
918
772
857
918
657
766
882
757
788
553
893
822
684
889
725
766
881
614
767
751
773
979
733
741
1210
795
283
710
902
811
293
734
584
1003
940
791
661
603
717
788
972
543
1204
487
575
714
914
635
783
1326
722
807
781
896
1212
860
662
801
933
670
740
944
700
837
308
581
1209
859
851
910
896
833
645
315
1066
302
910
926
1201
914
676
1021
604
1011
955
582
582
772
840
931
743
303
578
840
887
664
270
661
951
788
669
374
712
1164
1067
276
768
925
1043
500
835
597
903
863
928
732
764
668
998
285
994
885
672
1018
1192
658
866
1077
926
1018
1127
831
501
777
