4043.3207337874132
7081.0176873442715
2040.3007334743909
5948.5126446931445
12382.573840717894
9108.358166711252
12044.651120944829
6488.756487062774
6958.91394058622
6489.938116463
4818.829788609934
2636.4451402784434
4759.930942181044
4207.270612035259
13969.483032331567
7558.913870032735
7597.664110219984
2343.247502106766
3435.2511712601477
2042.7078865323235
2348.414327349664
6675.047844944672
5079.1764178483445
2659.8579837753687
14411.073936772405
4392.108241294794
8719.707034092497
4866.775515981356
5077.473927251693
11067.336881299188
5735.125377944305
2053.903107758571
8490.75312900408
2865.9905497257328
4750.663787454378
6271.346992059174
6157.340811863415
3458.236104197302
4056.9781089328803
2058.512448348327
3462.1388546004705
8767.46836578496
3935.1255323795945
4593.653556960083
2107.5832714940634
4557.268808770338
6029.77174607871
8201.179834162725
4104.646887380236
3491.1234551957064
6929.2097178830845
9403.082985174167
5466.775432735204
8119.89432503493
6263.341229726396
6484.259882696636
14319.537206130908
3992.9803969795494
13987.040112330373
6159.077774292054
6666.724266554114
15737.805755596593
7685.119791820509
10343.004315154769
4753.915794797427
5732.265072688385
3718.261525329141
6161.700712478368
12848.606207171832
7449.523187526018
2652.577551303057
5685.869501580163
6002.476977870222
8187.192602668582
4307.514616299116
8383.422772591928
6033.62870262092
4799.74195073316
4040.105140438965
4675.79941024569
6745.53242104093
9032.30902936261
4871.272878487959
3621.5145963021187
6757.340715432318
4167.717934955878
4731.266406901617
13626.896314854388
4572.1990149482845
4352.2915248409245
2932.378842088792
14822.90692375209
5996.210682016527
4553.306357129572
8168.135514512637
19765.81903198182
6006.33271104763
4545.523262842442
7275.047767927841
11699.057378214615
5417.155054134417
2038.5772221037985
4116.366579496215
4190.158809005276
5858.180540164781
6975.049632952551
4033.168384787252
9324.342506190591
6090.753446799677
4424.5431816823975
6162.622368817556
4985.71215265333
4629.751091729258
16029.358188183602
4340.68093272766
7364.790607884768
6186.206330693618
13997.683573602917
5053.710226147516
9392.56986903139
4499.077342446956
4350.485962164739
4052.7303323425895
8124.342647426947
3608.9716469456885
4236.516799088771
2010.597677789072
4159.062615579752
4064.8058059406794
4501.220731002609
6268.646704708359
6052.454366074467
4874.97478122997
7357.69264811609
4875.7989221426715
4124.279513294986
9335.09654455393
12719.779894738824
5965.727552789625
2012.9551993638552
4573.392450182545
3900.537361340942
12876.595224586723
17773.570177644135
6133.50654322561
5183.794516931136
2024.83895530755
3683.678913859506
4497.495649444286
6368.135659878416
5970.054852597391
7060.725138726614
7572.999899947306
6145.532516531739
5988.74550228389
2022.80001355219
2813.200984462882
8024.8153218356965
5407.270511727178
4026.2153367146443
4872.796048923939
5767.630999832252
4275.1724542237
5188.715712285688
3892.9712139735116
5577.685174885074
5570.781599790622
5454.147101489228
6185.945347712879
6532.472217057524
4085.3647971494156
4653.204080360314
9987.192381962295
4353.207549567772
7354.1849527038075
4960.918531277752
6454.582333298769
5418.829753066475
7313.743231524678
2347.249473958266
5273.175390086253
3608.560774273261
8938.755687253108
5989.007886973719
5044.968250953757
6279.752465905365
2778.88545109635
4477.864916625723
3618.9974098092716
7347.195132811058
2017.9498079874354
4808.971578087048
4683.59757342943
6920.203795692493
4752.031206874653
8459.980281305066
4560.6301257373625
3801.8130189267667
2341.247640161862
3785.46908962028
4144.507286628922
5193.653460456328
7494.969364893107
9147.955304762152
1555.4008368691984
2010.2738703308014
5042.389151922095
8724.342567372763
4954.6197297227645
9968.135293503014
4959.25988242955
5959.062513917185
8092.3307568965565
1779.8101765940887
2027.4404769045725
6599.741785338613
5896.951655146549
13934.786867464863
1857.3836113870761
7952.184942987453
1858.6163740716822
1791.0306470466805
5254.582420622462
4881.758071175091
45236.78496993321
6295.535384526585
4469.856956335947
5552.049125503134
5471.272866235633
11179.902009925467
6325.523104322803
8649.523090394785
3777.590459350874
10285.47902001203
3085.0768353067024
8612.524385077111
7308.358270048572
3624.511302070285
6156.102372699927
5147.884921178208
