14
374
539
516
517
515
386
377
718
304
542
537
310
572
574
310
717
527
42
564
12
59
375
539
383
300
516
290
693
43
283
571
320
385
340
282
295
319
49
325
334
681
382
316
70
508
347
518
41
46
32
523
510
509
716
32
295
303
331
540
281
291
42
378
346
341
326
315
294
673
331
9
295
708
332
418
281
305
419
768
519
705
391
47
390
529
49
547
507
22
562
19
30
508
394
20
505
345
39
310
544
393
553
308
617
56
284
284
512
61
416
16
506
356
15
19
543
284
29
313
21
301
330
298
390
662
285
17
36
538
339
541
10
384
334
312
358
15
552
542
339
300
757
361
46
15
766
707
557
290
286
368
506
9
388
734
20
326
333
27
298
306
298
36
342
671
48
307
61
329
347
465
547
334
282
696
662
299
304
334
706
558
314
298
304
414
355
289
523
365
666
554
368
17
419
732
51
304
313
331
712
256
338
390
548
563
58
332
725
550
289
739
330
543
319
414
359
318
37
12
292
520
299
323
66
281
317
560
518
37
40
322
300
333
41
40
34
301
29
396
778
13
551
507
290
306
341
299
56
675
35
388
483
669
504
15
30
780
61
787
287
35
397
295
373
370
542
360
676
334
73
546
519
286
39
363
511
778
292
343
658
542
335
332
329
552
76
416
760
341
291
549
53
728
294
390
42
332
533
307
460
344
562
534
26
421
284
609
653
764
356
684
423
72
558
350
563
20
281
69
455
340
333
542
68
530
536
60
507
320
508
710
29
558
68
543
484
698
305
30
66
547
280
730
398
563
316
934
552
291
339
668
345
291
566
551
64
37
38
55
288
414
304
288
256
318
773
413
24
413
301
309
67
325
758
312
715
557
549
40
400
751
283
735
534
777
674
351
500
44
28
315
43
666
33
685
325
401
302
326
33
330
560
321
558
298
723
785
730
554
353
283
369
399
361
43
738
559
19
507
393
518
302
795
285
735
393
51
293
389
665
527
337
540
381
850
17
362
651
524
797
587
41
300
282
420
372
309
507
314
697
337
336
311
343
544
520
386
805
705
12
52
324
54
18
492
556
56
557
512
346
281
708
323
81
299
417
298
566
544
677
545
611
525
549
376
325
330
698
302
16
535
331
661
707
60
23
328
524
347
60
294
65
729
539
556
67
523
526
694
779
62
54
720
14
697
386
567
11
382
24
510
768
425
385
309
660
422
71
43
562
28
344
286
333
541
672
659
367
74
385
421
76
779
539
526
758
897
668
555
302
37
319
323
61
290
779
364
71
756
365
517
392
462
751
324
464
51
8
750
54
314
564
494
400
29
550
394
550
491
281
314
27
797
694
556
560
498
699
706
16
713
502
39
50
64
521
293
283
292
85
482
43
303
326
44
677
661
611
541
784
741
297
12
21
36
330
10
731
62
568
561
19
793
795
19
291
310
354
282
307
43
309
79
491
405
26
300
54
7
528
51
62
317
283
489
348
505
322
290
23
728
771
457
671
265
463
280
613
41
19
700
500
367
520
301
369
319
287
283
585
665
36
28
22
63
320
525
329
724
764
561
356
19
501
319
37
716
539
737
347
650
52
11
428
524
659
647
367
513
609
55
488
58
574
51
44
331
553
555
324
715
274
718
322
297
612
315
707
272
769
522
528
660
382
571
796
360
61
525
288
529
567
309
93
57
303
506
72
319
777
552
285
347
529
302
729
296
776
337
