0.09140053931990796
0.10407330906739377
-0.09191960955780236
0.0796952357003962
0.06425260085855831
-0.08505058515873573
0.050131584604217946
-0.047129559269190054
-0.0512830459163349
-0.06285766834410951
0.051869191862449315
0.057058879918105654
0.06374063373999615
-0.05258978766770625
-0.0852876661722984
0.10697715152279508
0.08160990697931637
0.04586914414182974
-0.06707172053308312
-0.03393282298987632
0.04761780265493979
0.028246078250461555
-0.04022601388209339
-0.058692069848018745
-0.0369804681481653
0.03555451531018854
0.08506510847489347
0.046816800886005504
-0.04061137082603306
-0.07931650355916497
0.05054055072745869
0.05768736161689192
0.049812053362058746
-0.06673436664643033
0.04780267393932345
0.05404149335311259
0.07176532311164985
-0.06847610830048273
-0.03748966877788987
0.04597819545145639
0.04569950724352402
-0.06456940547748154
-0.05626966877834497
0.0396797248046413
-0.05290056820672702
0.039648836402002355
-0.041676431163389434
0.051239398118980914
-0.049913430976306704
-0.03963465097913226
0.057870733211953886
0.07399470074476323
0.04831214753537329
-0.05628381731065483
-0.053871386702449585
-0.04824680012351916
0.022779158852600026
0.08621699390971736
0.04017554791022078
-0.06303014842366314
-0.02195280296945127
0.08090944372939089
0.039064656237815805
0.030937763028350572
-0.03983287802409681
-0.0625295116172228
0.02398715968461075
-0.05298412963302058
0.06659462099046809
-0.04281538071515645
-0.12889351602619076
-0.04411891437954015
-0.052142351299092726
-0.04872914222699783
0.03771132859804247
-0.049911936049181274
-0.03970431925771425
0.019488750882532747
0.03105614011264523
0.02857702441928441
0.05970283481463497
-0.02645386034394231
0.02895605391964121
-0.043884752072707645
-0.05226391560422034
0.06525518195318208
-0.06887402959770073
0.05452604765513212
0.03664065668797993
-0.022109247879450487
0.074936810060791
0.059615098786096735
-0.06769956169246844
0.04456596875518676
-0.033163337707410846
0.029740192091272426
0.041275057475919336
0.0428693101194168
0.022614841569643922
-0.03779436390828387
-0.044628491102475645
-0.05454422661069281
-0.09015548491549481
-0.04935182989375468
-0.0242518942006899
-0.024035905162853543
-0.024650147142618324
0.023195520797485686
-0.021612418921614855
0.05273615244098576
-0.02626639443130751
0.056192915917398834
-0.02729853042324191
-0.04930342179670562
-0.01583739545645813
0.01740020372923623
0.040181374936351745
0.04033666900956564
0.018761743777692436
-0.033993987141371106
-0.01984131603828703
-0.018609696492959932
-0.05445025904160784
-0.07947546567955928
-0.04842783046082659
-0.020900459991696645
0.040985618121039305
-0.033046877248072114
0.030423774263728016
-0.02733329582850798
0.035560077294424924
-0.04195598672642352
0.03377512814573547
0.03085246051732093
0.03682405244999963
-0.02298012807495933
0.04985361600783824
0.03374058544585936
-0.035377203561292855
-0.020989206377148992
0.019927775698958906
0.09949506450626835
0.03273291193164495
0.05595211444589513
0.04884223324261654
-0.03210258032869269
0.02902573929120027
0.030937440386316777
0.06222770490541893
-0.03337335066480978
0.01859419188792551
0.01457905365108051
-0.03917352935802363
-0.06429113698890512
0.04275941909216924
0.09734335130901829
-0.03444020668376444
0.05687805403854362
0.05265126579570158
0.09861237670039281
-0.046570353204266834
0.08847272912130331
0.04903064671206222
0.016176455412399655
0.05255702612072984
0.053948322421472926
-0.04231173800678511
0.017186733630276087
0.030967379118640375
-0.031271331619852405
-0.016245868319604072
0.03252189368788265
0.020899509075648835
0.04412164403704092
-0.019084957074497085
-0.03661924389361786
0.012077082782760056
0.018032844821221725
-0.05012046127398214
-0.037468652867439965
0.024521455230810847
0.015994319447980406
0.026095920132350844
-0.06523300752039075
-0.027849936620476613
-0.01457638302655161
-0.08492080157835058
0.04898940840199032
-0.03493911312187827
0.04781017024648458
-0.07824951190087229
0.030968653006836707
0.06928297474475155
-0.0632426310191316
-0.04954027771226434
0.017737085910123258
-0.055907981864732205
-0.026510013770335256
-0.04262469661979285
-0.03708454027986836
-0.024099946065517852
-0.03215831436046523
-0.024241198957982324
0.026908783365483684
-0.016834968791483683
-0.053656265020846985
0.021648509722661195
-0.05449679209294555
0.06665184100106171
0.011346662588818059
0.050003201472926015
0.03549569558185949
0.0121614119010856
-0.027322008618739044
0.07947838282487593
-0.02557139357832007
-0.02237064917345514
-0.01140187615576466
-0.061006823167622154
-0.024274422147764364
0.01973104180261936
-0.05397069596532596
0.02336768803955425
-0.006713694321968264
-0.04330232265902703
-0.018021163597805374
0.0304901318986374
0.07907785164672418
-0.026155863217279588
-0.02099002134357667
-0.057587982485505264
-0.02515546697026687
0.010577712726829048
0.024544391142269088
-0.019916050859719436
-0.10673682122273875
-0.028564008236573218
0.05492667816866001
0.035431356394298
-0.038232393602500594
0.02676466916959983
-0.03069183835870278
0.016505906462922323
-0.009841540105223657
-0.02848754515179025
-0.0028980777325870815
0.053859666788155416
0.06605559313665202
0.027755653599165934
0.10057611223408043
-0.0399253104171188
0.02606413433788204
0.03515920186345184
0.047552679210097655
0.05932477591167417
0.02767418980883456
-0.01069882574676787
0.006144706241540505
0.004725425614062172
-0.032906282553670695
0.03377135523883971
-0.009839080435814902
-0.017052923281268444
-0.021304583156184338
-0.01171135315446532
-0.016725358364428355
0.06909767826693246
0.027446404699304514
0.05223199300373312
0.023482134040888305
-0.027667643198221056
-0.0200407752688807
-0.023486233443566838
-0.01986129133539894
-0.009610543483429082
0.035554341955623944
-0.013172886501909124
0.012180385001677582
-0.0365498497965034
0.022808852986879274
-0.059009105594214274
0.02546238495024992
0.004594934667428951
0.028473702788559204
0.007612210589793016
-0.039940474440479184
0.027428559357905457
0.022710296562084068
-0.02110654708015484
-0.018621146144612435
-0.021155099062803988
-0.015140052513129543
-0.07869924287625545
-0.02155819436939354
0.029142935690391284
0.01924856472450998
0.05193413134854537
-0.01330165180976219
0.1012036243124269
-0.0163382665227835
0.009129417046375257
-0.023962336209431976
0.024746326350743426
0.012623004609713342
0.014899884921932293
-0.017425970211953835
0.02013238343348384
-0.015184943870751757
0.014569409877721895
0.014181129443699975
0.018914685482475765
0.023887835525736523
-0.010885650533239926
0.03236031806922964
-0.02187035775359799
-0.021686420004527245
-0.017499729865713166
-0.04647587527569938
-0.013066800695415765
-0.03200140205975788
0.011526248841702167
0.07210496539794967
-0.013223648796281497
-0.04978955589484279
0.01784804767845188
-0.00436620158251984
-0.04043986400393743
-0.02519771114283555
-0.011518421771425045
-0.033202695548106786
-0.016078597701000195
-0.028910232560520062
0.059727052179291716
-0.05571777089721172
-0.023212982005073487
-0.03330124792864498
0.008444756023249875
-0.021576760982323136
-0.025909539277285294
-0.02544899438947653
0.01552702080474272
-0.013264852375312408
-0.03368355163734161
-0.024156464892599067
0.04069439933796216
0.008046401777308284
0.04437803508088271
-0.018770911049184658
-0.02600727536883691
0.023579556884633274
0.03233523762838289
-0.027051425551627664
-0.007404931867527038
-0.029361303159146732
-0.006992529119961237
-0.009927306896956438
0.01538345439897133
0.01962653312449086
0.007810860689323055
-0.01368529022981972
-0.0255003212247529
0.0329356745807029
0.14320672887796945
0.008477004575165427
-0.016277469973594673
-0.042182731430354024
-0.027841248204493782
0.02219002555005258
0.01923815098894799
-0.04973856484628264
0.04829371625913744
-0.02448175459686788
0.01297289713208117
-0.024855149573846762
-0.010327661189863769
0.04784735931835279
-0.03081988386630414
0.012968111443367649
-0.006963797741104397
-0.02832615267525764
-0.0033065901120732516
-0.03149343985769187
0.01926327044158965
0.02556515600389079
0.032762719695677074
0.019795952168592715
-0.023230071381488148
-0.004777042285459573
-0.021316111189534713
0.010395324918692533
0.08359480320035668
0.044682687713070754
-0.004919946032237013
0.030754579948129024
-0.017469328694498215
0.017127283435348806
0.03333337619463888
0.01329923130562885
0.020927682267164606
0.023138864986381794
-0.04051840259575159
-0.049493015577325994
0.020569232371427867
0.02434330315281941
-0.02197622103948416
0.011591125708014138
-0.04537687381693368
0.04729439316070511
-0.0035466211755503627
-0.015942956428870208
0.03573936863960283
-0.01823473388875359
-0.008043658885373207
0.02377417335911769
-0.031745079586242356
-0.04429878160025981
-0.024289271878200184
-0.050258881946779715
0.022568801639871627
-0.029610672250442425
0.010113594517506009
0.0720747104954702
0.00860082411919241
0.07999573085152129
-0.013610154079711086
0.004754677805356996
-0.01975508610788337
-0.03048185833130178
-0.0222557750246362
-0.045882103556635044
0.005315924775208942
0.06785521902869647
0.039681275436877904
0.005911922148172057
0.012231568762435512
0.014183420340109778
0.04939159322857591
-0.033586874279969994
0.0351309509484053
0.029516952311367157
0.04710513887477546
0.0053763113576584705
-0.039075898465781356
-0.027919396331375305
0.011564635833301253
0.029958551602290905
-0.010084554742172036
-0.022751919296329772
-0.005525863542324372
-0.002795091377464717
0.09421832745783415
-0.023685063918801458
0.06370569422783331
-0.04710120832846377
0.0033309210206740555
0.06487326812945968
-0.006847627937156558
0.0392586414318294
0.04205642673353577
-0.03461857384604586
-0.01376160479778035
0.027384222126034592
-0.033595138328069464
0.07694072599983981
0.025344127929677506
0.059434160822634925
-0.014806921566111804
0.06653688030217089
0.05434658934647785
-0.00863596648639299
0.014277565741153408
0.02290670484569243
0.02187045364063094
-0.029698001265480407
0.0037498580919793686
-0.008328989768255038
-0.07314446398801379
0.08189209167929415
-0.007866614461036163
0.1020146748248713
-0.01345079204725575
0.02011344673021114
0.06339386675338521
-0.020076816631089213
-0.04300338976461952
0.023715088129923827
0.02959710505375927
0.004759087522171661
0.036938160062544405
-0.018483659564301244
0.059500102751836904
-0.013097112521587533
0.01803248272443113
0.01366750477244912
-0.008631624112621084
0.03613375150327444
-0.019277712548319618
-0.02472592694790645
0.00783706299261867
0.009491376257841137
0.052319677419686315
0.008459776157232817
-0.0063631348653483254
-0.01138521928738805
-0.02970983277472517
0.005284394055444097
0.013310983439975539
0.014670673577522948
0.11349192651281012
-0.10767050361687948
0.007898750286517575
0.0022224498728089597
0.005104646444940373
0.04057853367854943
-0.020281111528535744
-0.0028798637286929015
0.013732583161126601
0.0390766756280352
-0.010368118150826082
-0.014734672660941505
-0.016149752058046616
-0.009698881433901999
0.026283820002290948
-0.0097665964290639
-0.027925161579882722
0.013285633954384026
-0.042885876260341405
0.03711933238399472
-0.028754317169626814
-0.02405727894238622
-0.008313592297233165
0.013910843865698292
0.03610977123829524
-0.0533617286640596
0.03456883098428318
-0.01931147275370118
0.037052436042275275
-0.002907089529225931
-0.030905589878819955
-6.640750648198129E-5
0.02530434800117912
-0.05948807515118543
-0.07343020286093963
-0.005338722834374311
-0.011052746174253005
0.017211447233437524
-0.025437665811445673
0.013220904302047193
0.025263718686623127
-0.0050524495024011845
