6155.678275520119
4667.307295734812
6146.975289933321
5018.262730319791
7126.285136040493
6147.0407035150765
4067.321130857937
4691.11020878899
4505.239018684906
4693.745954516888
5853.753119735042
5634.07823370972
5120.870234380972
4679.479953599733
5830.835930815934
5217.0390576748505
6147.2562306980135
6657.826639569864
4079.016106549542
6596.755499355076
6642.165908738967
4588.649939819107
5111.08043443853
13089.789451638468
7197.096858471283
5481.680298762509
3322.6448574388346
5717.356660851978
5341.215289339913
5442.192834439955
4500.274176783866
6467.984593838476
6042.177260021843
6300.955086164003
6747.856376991225
3059.4623167918476
6628.680203825367
3634.9807677971953
3250.4552631862616
6640.22140362366
5488.343608561118
6198.500574072421
14806.172639847471
5954.488667566095
6317.3468191751035
13094.488322318999
4951.407231130236
2435.2379141005913
2447.3409064726725
5820.054131047622
14762.144207630135
6588.770731312184
4167.789212866808
6633.168561968625
5114.325719932588
6311.0536420706785
6088.329381059312
4451.995424371485
6620.008385555608
9594.617478801802
5104.433072115964
6672.067154014082
5536.912649768741
4079.4920253740656
6679.356059115153
4351.420735731604
3654.7623385480747
4936.922592637569
5492.7287169955825
6633.687729405389
4418.281055644406
9712.707379728434
5188.63229209149
7261.581071507024
4456.591240070159
5432.5127999272845
5191.344993439677
3074.549438758454
4365.155046443165
2792.4153830825194
5700.966581350801
13065.109884070174
5352.480570359412
4243.351782523743
6165.111722862407
6573.0469976433515
5821.907013581529
14715.576442716467
5828.710421469199
5618.247566687724
6081.6647289382245
4497.314438600745
4844.1002685632875
6909.2020470814705
5278.997872816374
6428.107224220823
3047.3312275159997
3119.977213369737
7071.392586208682
6554.475887856264
8076.432520027096
6836.620124228929
15131.30016960289
5707.4793415893255
6314.297769427289
5399.90841013588
4675.75676450873
5100.98222044404
6755.672485190653
3834.124438373002
4091.1218662752117
2810.4540509761014
5267.731184848578
5598.509886902459
5143.597847036884
7748.78337476422
6320.843846643568
6479.371224059251
6428.705336823291
6756.804982466148
4990.740147888049
3875.826401907864
5711.062415522788
3922.6340757636876
11360.288522815372
2697.3511599402177
3845.178927042359
5962.15656229146
8073.546079423734
5293.729997665478
14663.495867539918
2863.48791628771
6307.4691683985475
14331.825926465535
11682.54094857997
12739.531304027672
3048.104769476925
3035.1282791182607
15488.949270972233
5267.301771698449
5110.847741708572
2487.6684068925283
6149.027350303644
4398.544101915375
5720.8521842932805
3428.129522216288
3948.826774013359
6617.693438819173
5428.220774891345
2579.1148468920264
4881.698956189974
10521.248747642785
7173.042808008232
6923.013598576872
7272.063156261865
12746.153922154841
7196.749161742022
3897.326132076293
11384.859681695654
5190.294111681825
3869.9869426673386
9964.184872446815
14353.794767280833
7141.96221782342
3035.22793892193
4383.759518334159
4254.753471649271
3870.118695085618
13758.855535407589
3370.833423527329
3410.446560722256
6747.03294237189
6745.230923753754
4174.3224840962475
3140.4096420190617
4757.271321734256
2650.465879150546
4578.902684956752
4087.4981831365185
6830.60170863616
5288.551681901213
3635.2201059429667
2846.74779299471
6718.649399187894
4892.747487266231
6632.617095837055
6400.19345217698
7400.055064777305
4062.6621876899208
7573.744199402461
3392.406216359423
6733.287930302443
7248.50775839492
2148.8549336644287
4102.3815583478645
8081.140211175683
11669.140539385837
6033.698905777155
4845.875863699212
5710.83175861383
12724.389211188069
5577.863822774665
4465.349280086947
8036.075450166821
3044.128337872102
4501.095941212068
13754.669692218746
10809.469669455531
3198.571778318924
7742.06363288217
12734.058445402026
7076.175025527624
2474.55780235689
3234.1380943071927
5829.218197498264
6493.703897852512
10178.360666761464
5996.766563483208
7080.491023902642
7660.8325322612445
6747.251934429445
6681.660849097831
6420.048546176151
3054.7725317786535
6625.526435857483
5416.055299931896
14738.941578400381
7511.2170689344075
6430.833172697716
7083.804830190359
7717.232434610092
7117.409084538366
6156.205975911058
6917.239699738918
7118.154322732166
9159.294864582436
7269.402223636787
3674.5448864819123
7723.162905913991
3957.1469608533002
6725.365250175002
5988.781508282835
8955.656924567631
14404.772655377095
7265.204769268766
9684.696601267138
15217.687197361587
4073.8544265423693
3644.1172502999125
3118.6861619811375
2128.0454860600294
3751.430983444017
3982.6336324087297
5050.410660661521
6755.5110170743565
3645.8943439076897
6762.7712654486695
12073.766315475848
6502.79724526599
3034.9892262571598
4548.823715814704
5574.02008747844
5464.189326873415
3900.281947388986
3667.454300036822
3218.309968634251
6615.83420052
11413.14343758868
3165.177329026029
5875.731766443692
7079.361641441032
5480.543336200853
12881.540864454966
7542.201402763237
4679.002681738458
7758.302404749457
41384.46733025919
6832.07927200817
7130.446339539578
10839.870147528025
6768.763580926241
5051.985380223225
3179.1129452831938
1940.4198695829148
3647.3237092711656
5746.955557830243
6305.13616819891
4498.285655403068
3648.928868049678
41984.45927966635
4522.627866396039
5984.933814415752
3275.840619653644
4091.3970135291506
5788.624007200755
8550.94516300334
6343.288243701325
6741.922159626917
7142.060585261987
1232.0848516115268
3905.248922460481
2210.4618873151103
3943.7434105968587
6771.894099181628
4774.319546867707
8191.8261593484785
34381.07428870317
7215.580898873643
6839.434453781423
8092.044049992068
4419.415089457117
7130.30480904459
3958.9863734189
7139.013113080336
5478.64190944532
5791.343141035761
5582.638722400224
7193.6514942042495
4848.914516973452
6837.068485295409
3567.7961724639213
5034.090360466321
8106.9888262408895
3885.4831217315977
3928.9567372207925
4759.513142644377
4472.218600521988
6156.813576373512
3718.6820577580397
12878.489872312473
7116.189276588832
7272.655622093008
8516.395453383566
4485.473547019586
7076.048900580923
6783.711627868382
17309.44818902112
6335.897092806685
8127.024982195425
6314.709278071331
9303.633833660955
5453.680627734987
1919.9882110575497
10234.321828165359
9506.840576885446
3798.559986115668
6347.287683241687
7024.052693356139
7128.952003174042
4111.94681774549
7778.94602033381
5094.034654764711
7125.986043667911
6625.435182766136
2443.8955792421166
7934.85438116184
7162.1387361062525
5097.309170536005
5942.448367442368
4512.802797201403
4775.996847480968
3687.658940811643
16993.514528709777
13555.968718034428
9517.224470012134
8060.968117326078
3860.1087848159673
6483.814646473503
6845.059409003439
3850.441016851507
7764.249134039847
5321.0940230572605
6665.208906340825
3455.7594047322386
13579.206947463685
6502.69989295416
13207.512782675623
7117.237677162202
8028.484024049986
6536.596744978877
5828.1141618763295
7067.975357917039
10800.24346712103
6105.487353010255
6352.299537870042
8011.296583243934
7242.164021904214
5082.264264331424
4767.786668387907
10869.066003191045
5778.872830947469
3067.5986332164543
3902.362057826294
8111.748751064198
4133.246251281989
3576.0070918073448
8029.867266720931
3048.9393491647393
4075.7668228475586
3992.4025855288655
5070.102184969037
4248.91983632332
7954.712278014603
6047.827501086471
2062.3703155590956
7736.590168833739
2441.616589655051
8488.222723917494
3856.603301344396
6824.115063485824
5227.759879220496
5279.477203237121
6542.065384243726
3946.857866379327
4469.327723392239
6183.715161116376
8483.886768966502
7096.921470553874
3887.9415805983353
6751.37846211132
3865.3508650774997
35788.87181437188
4175.999028489802
8471.258989885824
8450.420848911128
6312.646812468748
6441.0539801621135
3889.4170819967285
7742.058742836281
6468.297356985494
7093.699806096239
7997.465096555446
12062.69278971019
3522.097960050714
12066.443782965163
7121.689010692496
5586.261525676885
16077.434419181796
3887.4532013306343
6827.174219307403
13237.20294212365
6710.337261268516
5070.428735760974
2598.5796721627426
30204.38970918835
5441.998594668348
1600.3264002992348
6840.552277684123
13963.26972892915
6849.954281837362
7120.714621831502
8860.824870174018
7251.323894714893
5145.382097610368
41962.537654414285
8917.22788379667
4312.58610091431
3948.2131681714523
13606.430959292218
7233.686961143286
7509.195749662194
5470.924066155121
13240.642444113219
8665.472936408623
9311.210782190385
7041.050783243848
3736.9391678896764
2697.276034031938
10349.430516983179
15589.851465947397
2170.851407608659
6232.0829665383235
28902.9965713838
48050.39424614613
3348.835769995988
1505.763736033303
7436.043827054058
10776.70320214472
3557.2806256527747
55416.31672394803
7089.442547618804
6292.949368243764
6078.293600623612
5087.443856289709
6437.9660857786275
3513.9511755095973
8100.0962668067805
6759.801148933703
6573.573816233719
8558.149368088682
1485.3917454208008
27547.76392921744
5412.499598015526
9114.431764673513
8323.160686214149
13583.18867748395
8111.213699989875
6227.17771548207
16879.832860002287
2758.8034911902864
5134.896027829029
5714.308664832488
3441.0802882846097
7123.421365367613
1342.231386193403
3704.2510537225226
15340.170511622811
6489.452360242654
6765.107609726326
6018.589458550568
6539.017547106659
4336.93220182971
2583.7901367632376
1344.100110059574
4765.772727209553
7993.618665459295
48441.3895933742
5100.27352264872
11473.528554221743
6836.04574865167
5448.515357588746
9520.035504150721
48273.58294341905
4847.498424730086
6176.356033292385
15748.022681058155
8137.024934927137
1548.8586322706758
12842.468293075664
6118.653243449937
6455.714718693838
3132.2138739335937
3876.694125447897
8802.088346304316
12178.013517329737
12064.269379018097
4433.200254953743
5454.747007090311
7645.902220371422
7437.066512441855
7731.870593022433
1943.6566387902697
6547.058749718348
1326.2139978051075
10767.615706568095
9157.61617150444
1904.2651419576507
3103.967160522613
6032.497568237784
5056.5854539241445
13458.076776032787
3888.325447573995
9120.69328569423
3055.5877496158455
1522.667334237462
6547.794876875045
6344.898845488696
48298.892754873435
10491.06209654542
8553.600373719348
6757.067646274973
8129.666854449731
8123.006643344367
1833.8501588889128
7721.687270241891
7125.260935622607
5291.386457674642
6688.328378445193
8109.19533398323
9105.3982336254
1370.2597069632018
44487.211391933946
5704.416264623337
6756.202245656904
5185.394780546024
3087.661159547364
6224.1167460787165
1947.3519885851292
7441.073278613979
53515.14917400143
6704.161417028842
9429.985438129415
6536.8931852409105
4580.014038432363
5902.029517828073
54979.60251376315
7093.524774018856
5444.874245033568
7736.887687469719
2255.7668240555704
6751.1516241212075
9484.683813042373
8734.293924898499
1916.9481029145793
45087.2072481787
3820.9433025677104
43704.352483187955
2685.3883307758542
7741.9602744379
10229.463685101122
