762
767
520
663
517
701
661
766
515
565
732
541
712
662
772
719
611
768
741
550
537
509
673
676
727
551
771
501
687
536
646
678
658
504
540
741
660
530
813
538
540
981
718
671
761
704
552
818
890
733
500
672
529
534
733
768
904
718
651
728
537
639
766
778
598
683
566
776
530
518
647
903
996
712
820
514
777
701
662
525
773
517
905
734
792
734
565
742
909
669
801
626
720
756
499
760
702
539
774
784
536
581
512
751
894
772
760
889
608
437
683
740
649
969
553
639
1002
691
774
677
510
542
607
634
634
979
778
798
635
780
794
720
623
732
620
648
784
668
1009
830
986
917
722
626
665
783
691
513
649
908
831
572
988
647
587
973
784
724
782
837
581
667
624
747
710
592
735
851
694
664
575
711
653
287
739
541
580
527
685
670
653
805
523
916
286
605
745
739
911
748
768
827
582
641
979
770
627
593
592
671
802
456
905
719
770
922
978
524
808
971
435
577
942
832
846
876
859
814
893
678
643
561
973
665
774
777
829
834
905
992
819
842
858
773
185
686
579
583
631
663
706
900
633
902
835
840
769
886
816
911
605
737
514
932
1
797
720
574
838
823
791
950
738
724
1068
710
859
830
698
888
636
1061
717
696
752
796
838
929
575
931
767
825
893
721
919
711
501
816
741
845
812
817
863
723
862
850
1229
762
890
825
799
841
625
514
866
497
863
691
715
766
977
631
817
929
739
927
902
910
934
967
613
726
707
829
646
750
868
521
1022
664
856
894
919
791
1002
867
909
747
839
856
723
851
870
616
957
919
716
550
761
801
596
834
565
890
915
546
945
854
833
818
738
825
634
860
971
658
822
816
513
719
977
886
882
806
928
322
950
808
697
792
1085
932
786
829
671
706
890
611
853
483
857
871
936
835
940
912
776
817
590
552
1
772
768
894
711
849
1011
816
734
1040
938
798
1083
851
959
658
895
827
923
1334
794
749
465
786
594
944
831
1010
960
866
993
1221
903
176
225
473
848
1175
920
741
1009
912
746
857
851
874
933
860
990
920
508
798
620
531
899
827
875
784
934
822
752
783
673
901
1014
1211
832
1220
824
838
840
750
757
919
863
746
856
187
645
707
553
885
1213
990
896
672
812
989
772
838
668
844
969
917
860
896
836
960
1014
661
932
1010
979
469
907
930
925
937
339
847
955
887
795
1209
779
987
990
847
874
954
580
806
952
861
826
1019
1004
962
910
841
1166
1291
799
478
886
1084
737
940
346
949
517
1032
686
858
1169
929
887
836
864
924
841
613
837
1006
626
945
351
837
688
991
1418
881
839
355
847
684
902
980
949
671
861
907
371
1210
633
496
948
1025
989
1193
848
968
1204
765
785
1323
482
777
962
1024
790
951
757
973
605
790
900
994
875
927
968
1083
786
809
895
933
989
613
852
947
968
1075
1285
872
965
906
532
550
634
827
828
931
918
803
717
823
1042
657
1217
956
857
936
630
715
483
1014
676
965
759
369
638
992
949
968
918
645
881
923
829
624
880
832
809
575
990
1297
590
986
869
839
946
947
216
581
742
723
957
923
897
820
1208
829
823
782
935
1230
1239
959
408
957
1024
881
738
941
774
881
627
1
826
912
950
857
1229
1097
943
955
1046
1422
672
214
932
624
926
933
941
869
1419
1010
902
922
975
1416
988
871
841
778
527
1034
909
985
755
994
696
1409
582
957
982
891
927
1286
931
770
1035
1031
988
971
1317
658
660
640
951
650
944
956
961
1209
389
1026
745
1412
916
858
807
1411
882
951
876
835
1117
672
1120
880
628
1091
871
818
866
1248
1097
844
939
780
526
744
878
980
779
993
910
1039
1008
934
932
1122
614
534
965
625
1256
767
934
845
852
1046
1216
780
724
949
796
974
1051
931
195
1021
1042
1001
1079
860
758
637
1200
946
957
1170
1025
997
197
657
1038
283
174
815
1027
964
840
1207
303
996
1249
1033
835
1106
1324
929
1081
555
234
633
922
1104
