4588.649939819107
4091.1218662752117
3428.129522216288
5018.262730319791
3348.835769995988
3370.833423527329
2846.74779299471
3234.1380943071927
3074.549438758454
3667.454300036822
4451.995424371485
4243.351782523743
2792.4153830825194
7083.804830190359
6165.111722862407
3044.128337872102
2863.48791628771
4254.753471649271
6917.239699738918
4456.591240070159
3059.4623167918476
6632.617095837055
5050.410660661521
6633.168561968625
3654.7623385480747
3165.177329026029
2810.4540509761014
7117.237677162202
4951.407231130236
3674.5448864819123
6633.687729405389
6155.678275520119
6317.3468191751035
3198.571778318924
5293.729997665478
6146.975289933321
3218.309968634251
7067.975357917039
5352.480570359412
4497.314438600745
