0.00357494868127361
0.0024273378951886583
0.003001061510027739
0.0017581723088113536
0.0023644076334421115
0.0022030434000975987
0.00234816448619102
0.002043949936531727
0.0014840370910344334
0.006843820815656522
0.001565684562410068
0.002824405758349152
0.0014027508591045084
0.0024931362289252177
0.006855860252893848
0.002333076212635536
-0.002228521558637729
0.00246234883051395
0.001554244581833599
0.005448983218635145
0.0014320503706593546
0.001461960182139192
0.001316171825943692
0.0018876815850957156
0.0010701958381532158
0.0020743438684939653
0.01923716992118078
7.162388402362729E-4
0.001903856214319212
-0.0016468672670954065
0.0011581422398349135
7.070047332457122E-4
0.0015913285122908189
-0.0017840532219054737
0.006157258639675472
0.0023533466788376207
-0.002664339746173462
4.140085168150696E-4
0.0011969912157546463
9.034785713652639E-4
0.0013022792542082345
0.001579148175294651
0.0067830260571769855
-0.00200087987917453
0.016193997006432464
0.0010691136110490371
-0.0020228601277770108
0.004789341582435749
0.00131332989169434
9.457105895603712E-4
-5.797171209567125E-4
-0.008846592224415221
-8.00379717723744E-4
0.014242969320081457
6.903707362583043E-4
0.001992135821161966
-0.009668746409511285
0.0012663301060708944
-7.698916480148152E-4
0.0013864542463478467
-0.0012260747539652903
6.912006379017612E-4
0.001482197708450899
0.0013204463462507296
0.0027964439323758966
-0.015005915389257798
8.625694494140579E-4
-6.951422329710541E-4
-0.001042473611797752
-3.380382777860439E-4
-0.0017027205910785186
0.020260948106845467
0.0076995406713749525
0.010452547471195766
3.030189614403412E-4
0.0013576542510258549
-0.0012136232956828032
-0.009659053287112732
-0.007643534063468316
-5.974701851523851E-4
-0.009492060763144078
0.004416656538983362
0.009378170621048235
5.994192736780659E-4
0.005250618731665104
0.0010029348157426735
-0.008484254445554812
6.608712700764097E-4
0.0013206031791954506
0.0014239264201392808
0.0049067619358599025
0.012185461198916671
0.001494691946319438
-0.0018974159131406852
0.00134848711293611
-0.008783338943237025
7.498143000872532E-4
3.489114178570363E-4
-0.013434078529207406
7.451964605501788E-4
-0.0013170660296747878
-0.0035213876902777086
0.0012160450714993848
4.9299779005822E-4
-0.010399367246735366
-0.0013753190461000921
-0.007892285589472489
-0.0115269434817965
0.004462842972544428
0.001408788115303042
-0.007550055697923208
0.005802524953832421
7.495146263879182E-4
-0.00687780424194328
0.001052771712781599
0.010972761196940026
0.010822333852544625
0.002817126271157476
-0.014190056995589137
-0.0027252740505810534
0.015618943943413656
0.001310325790204178
0.0012038828153125016
0.007118739607849264
9.197813956056998E-4
-0.0017677570506258798
7.950117222721721E-4
-6.495112423849921E-4
0.0013866735887720866
-0.009961343467752804
-0.008872150724925374
-7.409613040543134E-4
6.686908015773027E-4
4.541753686983653E-4
0.012748910252243057
-0.007613063382778302
0.012333720282423815
-0.002037110574689175
0.004257631696933205
-0.0032305219008973217
-7.898374684108867E-4
0.004999644518367113
0.0012007160677012152
-9.121741646432266E-4
0.0016455143655157182
0.001223292347547828
0.0098134270491171
5.143588887029161E-4
-0.00115463401673733
-0.00652118203813686
0.01253920810413365
-0.0032065301023539838
0.002735648065151854
-0.018719919988941482
0.004243372520786452
-0.0017537522298052925
0.0016545041458837155
0.004092580680901631
-0.01319460095883403
0.0029128061817725853
0.005783578172753235
-0.012913305288660025
0.00687766992486278
-3.3330032738818755E-4
0.0021401835004252238
0.0015109586441237808
-0.014250994789418662
-0.002655133959164107
0.004087709397445514
0.0048176121790489855
0.001858419591775006
0.0028001697907409
-0.010784951813651543
0.0013282545844782846
0.00900986817428631
-0.001702743641679115
-0.004218800258246998
0.0014573820033209673
0.006633135119612264
-0.001822372452772638
-3.225647655098186E-4
-5.242300313689854E-4
-7.805777670086933E-4
0.0018504964814062884
1.0611568092388359E-4
-8.656884900629556E-4
0.0014777672608469322
0.0013574620153213675
-9.116911035185263E-4
-0.005720714268490746
-0.0015654051609231177
-0.0010537454924119203
0.00855785500559853
0.002107818206720891
-0.006312121441755533
-0.00189536168912779
0.0010573230580248644
0.0032564003387825333
-0.010745812669098305
-0.003226637214519101
5.14163432913627E-4
-0.0014645426489789044
0.001124656680262285
0.0018935472353544885
-0.012028319502007313
-2.874433529861293E-4
-0.0015365274463131943
-0.004079922663649246
-0.0014375667119751045
0.002810146698433653
0.012277111444881222
1.7266195235456425E-4
0.002889104409850155
-5.991719579943259E-4
7.218398129651251E-4
0.0010697683370191325
0.00808173185811011
0.0010589495927784904
-0.0022617275146110376
-0.0012766812301768884
9.919504497567253E-4
-0.0013726453287673799
0.008883148460731372
9.544008308307388E-4
0.0016961301600579898
0.0027333725460700984
-0.001546877385516001
0.0011448260122208878
-0.009919465672930158
0.0018048812634156005
0.0015696399532467245
0.008532569891489804
0.0012468157786662839
0.0020182471151282003
0.011751546415116271
4.927932391591848E-4
-0.016731403413286258
0.009565165095154248
0.007010222252882245
0.0053810179091746116
0.012417352058726574
-0.0018508352196800566
-9.135288601960886E-4
0.001058379829623835
-0.0028423630121110666
0.0018244642637334479
0.0017911601158475026
0.002145620304965688
-0.001419119485763319
0.00895884509928393
-0.006933779018314248
5.905823413206715E-4
-6.33921754987886E-4
0.001063328900643823
-0.001464601716913486
7.763248234564789E-4
0.0010601538803871808
0.0031001221205423186
-0.0025112704912898295
0.0015424137339656071
0.0016369945409296888
0.0020166950024807827
-0.0015602480956031406
-0.0015459090059579755
-0.0013986736099380222
-0.01722272650494647
0.001202537050993407
-0.009080554703202721
0.01381111855016622
-0.013753866696921678
0.006383200047261138
-0.0021304297497994522
-9.41881162925827E-4
-1.283610572359272E-4
0.006820419201907248
9.519907351938513E-4
0.0012659850235434765
-0.001057932157345658
0.003261249160235927
-0.0017366898894378634
0.002349439318765574
0.005707897047897115
0.0030443481117528744
-7.339821939002317E-4
0.0018127563228905546
-0.0015519804734193962
-0.005145603463025522
-0.0019344690521750593
-0.00951237276462703
9.842847574592381E-4
-0.001574983512632795
0.0017777206412409165
0.0010365188922225044
-0.009851995054996482
0.0016576078830726371
0.014655859712965819
0.002873926667330202
0.012494023300678088
-0.0010586260001208723
-1.8385665852998224E-4
3.3903768941110626E-4
-0.002791132847160299
-9.127426372563078E-4
-0.0016766985329066675
-0.002417757941759506
-0.0010412342249392817
-0.0025050933242776957
-0.003426378299890731
-4.1935851226574473E-4
0.0054283555165518605
-0.001349060772123359
-9.325565360099027E-4
0.002589970629526829
0.009064629844635583
0.00213930757181535
0.0017706702962303417
-0.001618112342807479
-0.005497799905020281
0.0011806701880028635
0.007766212807596167
-0.0012952897989254154
0.007417385107301004
6.183701686620333E-4
-0.0015023342111608433
0.0013041008512400584
0.0015885854375585998
-0.00564271247655314
-0.0016862840989882453
0.003704996342974499
0.007750467325096475
0.01030399951523995
0.0016500081274991342
-1.2957809050495332E-4
8.837117849132675E-4
-0.0011835027183200145
0.0035914510882784877
0.0017567185055149123
-0.0014593236082752778
0.0025910892856027606
0.0010457728448504476
-2.171465675973391E-4
0.0014353695140058263
0.0012663574730876748
2.0381811709715443E-4
-0.01018649952690665
0.004661463372442344
-0.0011492786843860625
-0.0022174618611755037
-0.0020180136681828605
9.276067735052646E-4
-8.34133381035289E-4
0.012250224800719361
0.001991614933079929
0.001183398272000744
-0.0010404194532843386
-9.053819021155384E-4
-5.08210636324035E-4
0.002507681904709606
0.0056007978217728314
-0.0021543144961596143
-0.0013598861649581641
-0.0017431584305674997
-3.474273457725036E-4
0.0017514314448481552
-0.0016761124907441454
0.0050851043309963345
0.002231566358401976
-7.834023898787443E-4
-6.708969991518718E-4
-0.001127419157981421
-0.0030019994241109803
-0.0010315900612492574
-0.005017937550638215
0.0022592408639274496
-3.3568197426008905E-4
0.002538988910377692
-5.743890185545313E-4
0.0015760831256529217
0.002736110143871825
4.4382719604182865E-4
-0.0015971645844149041
-0.005707563430809892
2.881675284614507E-5
-0.0018211765703475527
-0.009924547493387713
-7.59866341950023E-4
0.001955915900006827
-0.007474045634336224
-5.874030154502057E-4
0.003997343556013018
0.0017351873200227616
-3.539814796201488E-4
7.716498109213156E-6
0.0022029003397051536
0.0020839419888504414
-0.005293121673135059
-0.0011937785815064482
-0.002172944562369995
0.002447094436309801
-0.005548185578747909
-0.0014476756889443545
0.004976530287072526
0.011727436469812292
-0.0022017531574526333
0.00612165505808656
-0.007812529394924037
1.1839609868396461E-4
0.0010920211650424267
-0.0024508703819958507
-6.899854805751522E-4
0.006848622088487228
0.002300416099083951
0.009495566448570452
0.0022396785174482866
8.620944011718451E-4
6.39361062763613E-4
2.3255541378956615E-4
-0.007048326575954266
9.192532426481349E-4
0.0012993532443895642
0.002002542217119561
-4.5982057937262995E-4
0.0013687780274321281
3.152045947160935E-4
0.005448722261950515
-0.005806141216556911
0.0031034996972995627
7.744830068083465E-4
8.835541799885627E-4
6.839580974959216E-6
-0.0011059724526073793
3.080178089158479E-4
0.004118208858958121
-4.453249479442658E-4
0.002033350332454705
-5.208278799717934E-4
-0.0012580378182338277
0.0019332265138122429
5.52666592092628E-4
-6.051638704357435E-4
0.016376797108317406
0.0016199780081816693
0.0021290668260748667
-8.638284007809597E-4
-0.004428486196365083
0.00804548209446507
9.130294865340196E-4
0.003322498669661919
-4.0518707369666E-4
-0.0017085572780550329
0.007510666274705071
-0.005595897747108957
0.005870060907384276
-0.0012691180671303654
-0.004586013572131147
-0.009787603837741486
-0.0016132362472257673
0.001021351383298951
-0.008321213976866151
0.0046611134547753785
-6.040839507446167E-4
-0.001211769551991359
-0.0017073804666447
-0.0034749557004069708
0.00343997616332189
-0.0011089095701488291
3.4775399645377915E-4
-0.0019824213110848717
0.0015250124462231744
0.002805234746996175
-0.0017611693918837515
-3.8613070652600945E-4
-0.0012363187438453854
0.007689137601646827
-0.010461134188963016
-2.811966065992255E-4
0.003514018506535457
-8.12388980400546E-4
-0.00983275866979047
-0.006505021784916749
2.2902940964483865E-4
-0.009368593220994672
0.002342649259778241
0.008098086094484381
-0.007449512891371411
-4.4763326627900994E-5
-6.792185095839164E-4
-2.290949361624569E-4
-0.0037620179078910122
0.002657943637338514
0.007284585243405579
-0.0013515794293632642
0.004156784454782405
0.009781301759246318
7.998642629103508E-5
0.002106992898827476
-0.0027024504478046444
0.004511879671212669
-9.120315135549133E-5
-0.0037749009033572704
-0.002857693509855517
-0.0011162656281460156
-0.0013830455651080715
-0.0010781572149877697
-0.0013333601692600598
0.0034178090257199105
-8.3666935089265E-4
-0.0074940157086118096
0.0037119687996113896
0.009369312156833147
-0.0023168981345157626
-6.993327075783765E-4
0.004448286923835104
0.006792931745791866
-1.83144672361818E-4
9.530160131104085E-4
-4.274445329424931E-4
0.0015404770026000321
-0.008573229369755016
0.0013263353719904427
0.005383156760041825
-4.0532424245971174E-4
0.00729638620382229
0.010179391277036596
-0.004687706162957937
-0.0052078679030728905
0.006551854903989187
-0.005708421755238197
-9.597163584892356E-4
-0.0045921455778740496
0.005609951793916092
-0.007357917271435282
0.0010591929338895584
-0.004296952366302427
0.0025685428411918367
-0.0016090369631313053
-5.722584067546238E-4
0.0031601993835108652
-6.418122027252374E-4
-0.0014697877064947672
0.0037362481696190594
-7.084329030190399E-4
2.9314400859093234E-4
-7.27630401103634E-4
-8.155837759016664E-4
5.157928741371733E-4
-5.733048380974473E-4
0.003371804838868985
5.75403542621933E-4
-8.511233669236743E-4
0.005218327283619941
-1.3285903239595358E-4
0.0032778849563218967
2.32385721243275E-4
6.260280548665074E-4
1.1880528210050177E-4
-8.34440190170335E-5
-0.0033888144780537706
0.0016103956861519858
-0.004717276365147179
-0.0010611174328048908
0.0031376887071427515
-7.429776428736714E-4
0.006289565275682447
-0.001892568578286481
0.0012038335280488825
-0.0013907322779137881
0.002857814864668029
8.012563433737581E-4
0.003457495193980992
5.933500914607388E-4
0.0010721334771548146
2.159791026634842E-4
7.792481872500614E-4
0.003385181641251942
0.00861929002350825
0.00628424613465323
2.706573356483577E-4
8.540283650699879E-4
9.49011568416242E-4
0.0010575319273335069
3.0560250563084934E-4
-0.0015620099172026266
-0.008353323776431242
-0.0014002502460053376
-0.0016976339498908691
-0.008250712236712171
-0.011686534885672197
0.009507219251536221
-0.002576279373332127
-0.0018684650699676987
-0.008577904527317512
-0.003913126264023288
-0.011776837759623045
-9.181947541140334E-4
-0.0030912294589650565
0.002254168490380729
-6.433406082351803E-4
-8.300164315905902E-4
-0.0028052699328462187
-0.001757426611529777
0.0013976557685060848
-0.0011599657709856852
-0.0021573301226943346
-0.0017571569606445825
0.0014533873498682411
-0.0013862336783394453
0.0024756829485696303
0.006258906959909341
0.0019578322613400144
-6.862609618721374E-4
0.006484054283236075
3.9424322063343883E-4
0.00586552244300697
-6.716777352580704E-4
-0.001967722806119335
-0.0010918811675376071
-3.4895431587374145E-4
-0.002700112094764728
-0.007974726540719474
-0.0045031404035268995
-0.0024544136510839623
0.002516263385367593
4.2807653190095926E-4
-0.002214266190395014
-0.0037102287230474347
7.705651711104689E-6
-0.0015445096873719568
8.769817919033846E-4
-0.0027782430622737913
0.002246300444477421
-0.004860816819072381
0.005500754426108092
-0.010843515438746834
-0.001412934948322827
0.0010788857725975605
0.0019739710669839437
0.0024826734670185557
-0.005479694693406625
-7.892348979787509E-4
0.0061340148058200835
-7.499345712227848E-4
-0.006577678109710241
0.001602870754517399
1.6812225185219815E-4
0.0025335371466624515
7.429196433195127E-4
0.0017190230642692274
0.0024900122088268462
0.0010407089016478824
-0.00157766645568947
0.004259280729810742
0.0050380865445820554
-0.0016097166598082694
3.0174931236732284E-4
0.0010302134571420392
0.001859844623829838
5.420043218903892E-4
0.001689587574025869
0.0020415631429229362
-5.123146015722238E-4
-0.0011651597378076178
-0.0014481521421482774
-0.004188148940027013
0.0021238509660891874
-5.503740324834469E-4
8.553502254687277E-4
9.711486792932455E-4
-9.93260217097225E-4
4.4262408746208984E-4
0.004664817478698672
0.004144711612026299
-0.007132449937242328
0.004841566865637399
0.0022380169175822474
3.268708997513919E-4
-0.0017446569323830109
-0.0012144435711740204
0.0036633895741124485
0.0068367007203851875
-3.813770446916834E-4
-0.001462945185985525
-0.0056719326039207305
-8.115042724679106E-4
0.005578020768343389
-0.005131968516604132
0.0011770614626576655
-8.472699043960341E-4
0.0011385850892516682
0.0013886526871671834
2.5559662499177396E-4
1.919224626647331E-4
-4.155228757105432E-4
-9.951873700891972E-4
-5.239806600426388E-4
-0.005196278351819589
-4.4287301237117086E-4
-0.001061237953960511
0.0021678990055992685
3.0587761260196907E-4
-0.005892057773699517
-8.152023887296944E-4
-0.010060747514492933
-2.746307319548991E-4
0.005819775420653614
-6.244003537455536E-4
0.0025020845645511223
-4.4955116098514163E-4
0.0033176071757492175
0.0025261039355186157
0.001128109231143162
9.483570375466633E-5
0.002485471763895713
-5.227630980496698E-4
0.002567036352713643
1.9939218673136616E-4
7.567351698467532E-4
4.3227609113150235E-4
-0.002714349253669238
1.7884550720151978E-4
-0.0013510016670231497
0.002400245578932668
4.995483807388154E-4
0.0026384719497168957
-4.5921372620370826E-4
-1.875991292963279E-4
0.0014691908919288862
-0.002649161497456971
-0.0023492033018987545
0.0035678336673888355
-2.587655189003676E-4
-1.3404973234280268E-4
-0.008159275766982117
0.0028281216880297567
-4.4660243241266784E-4
-0.0016691756304831635
-2.943173499353681E-4
-0.0029325320984688813
4.4957247536636647E-4
-0.0030008300798965177
0.012064457354229025
-0.003205539615245893
-0.012289241918172725
0.007715288122952988
-0.010279054549680491
-0.0037842143311619765
0.0010521393796528008
0.005849519289069539
-0.0026101112486185997
-6.904332754057638E-4
0.0015402217578055232
3.8479052280276775E-4
0.001631781232631912
-5.564097988390559E-4
0.009261270183095631
0.004266958095384233
-0.004166677892584813
-5.298591698424749E-4
0.0021264602205178767
0.0013917561161982187
0.0011414739225083029
-1.74757940282345E-4
0.005550339893224412
0.0052619290471002346
-0.001321796936339936
0.0046416090305093135
-0.0013781733684091904
0.00827127690447911
0.005712394769325935
0.0013268645739702267
0.0024215859597839094
5.550675368383684E-4
-9.342072875152705E-4
0.00439782985603805
-0.0011290024329088319
-0.002762362006190984
-0.004264237301968735
-0.0027801243087433687
0.005120587105489837
6.896662142243914E-4
0.0015594787900977231
-8.100739358253229E-4
-0.0014526114747461967
-0.00114802185182853
-0.0015187736863339183
-6.975068885094758E-4
-0.004482469341653535
3.2062722156094643E-4
9.716175635232709E-4
-0.011019807375853178
0.005705628107177292
-0.0023745736865709564
8.293182204412083E-4
-0.0013528940205398737
0.001834857003203385
-0.006541865404276975
0.006126826685019756
-0.0030795492102165417
-0.006522147820120696
0.0021571448381881254
-6.892066718018475E-4
0.002139312933654638
0.0026411828738841714
1.5299648374496018E-4
0.0023062131554618353
0.002179234106838475
0.004645060124546476
0.002258485747598403
0.0010685990018558988
0.0024982891580575314
0.002494393400861269
-0.0017408335804602792
5.384339870517741E-4
8.56213359588128E-4
-9.63009071689671E-4
0.0020623578821293395
6.074040223729281E-4
0.0041765506646005675
0.004868214363217108
-0.005779160449771525
-0.004372951712890232
0.004693094242869081
2.454862706237246E-4
-0.0037172119037520573
0.012676729897225774
0.002983278618948263
0.001300506239937347
1.3525687983283408E-4
8.933026707961914E-4
-1.283923688658117E-5
-4.5426411337098866E-4
8.160846484079738E-4
-8.567299138280451E-4
-0.005361773729972877
0.007496153017001048
0.0013493651878861603
0.0018347572446939435
6.556129166226646E-4
0.002095221465027619
-2.1661605984515326E-4
-7.727088505107971E-4
0.00104239572786283
-0.007923178300004375
0.0031353055567082235
0.003731072566632028
4.739829095914694E-4
0.0030914564160765823
-0.0012116032260113057
3.67699461819043E-4
0.004991599051585922
-0.0024654196055397246
0.0013351470026456472
0.008250679163952609
2.81426135310409E-4
0.0014797518414989095
-9.773632016509292E-4
0.004963801900368663
-7.115297015401581E-4
0.0010098871365238004
-0.0027765789655840654
0.0032650347125568035
-1.1000909493565452E-4
0.0012958307598706729
0.004170098007694748
-0.0034359062554222236
0.005226726260112378
0.0012612271428501447
-0.006564814288301525
-0.002649110845428028
0.003323617194900617
8.629903100200353E-4
-6.104340556412216E-4
-0.006998709409957057
0.004239256382286552
0.003223631482443639
-0.007170896999169489
0.0032261747382417052
0.003544232461211591
3.5865065423317926E-4
5.476157051483354E-4
-0.0018431652146969596
-8.120674572288379E-4
-1.4480407735871956E-4
-0.003278339473357468
-4.979980881414366E-4
0.013108879907943438
-6.605175565432305E-4
-0.0024154044248430144
-1.7867495575514544E-4
0.004567981390454924
0.002635296466151327
6.317559944860372E-4
-0.0031187560401332863
0.0023592977366728805
-2.8544428145132946E-4
-0.0014427848584532815
0.002513526398990525
0.007738030484284508
-5.675175399987924E-4
0.00871129250836631
-0.005010411877442232
0.011910732221937219
0.0018008038395654052
-0.00941148012781639
-0.002325073249401768
0.0013752846438337496
0.0031737983125784677
-3.741309927254039E-4
-0.001975191720259363
0.0013049640649324809
0.001010153276490264
6.604973213883847E-4
0.002273632477059099
0.0011000731057142818
-9.001008830995069E-4
0.003622768739134048
-0.0012721400589195849
-0.006226963725320405
-2.4558732222398075E-4
2.2272154828125126E-4
9.209633906665789E-4
0.003368373033255642
-0.0011044642138820792
-0.0013762629094187925
0.005381326077026148
1.5709564125277503E-4
-4.30960031021131E-4
-8.73511169414937E-5
-0.002124657871629775
0.001351773626705393
2.6578651741047E-4
4.395825376812613E-4
-0.006035463699470077
-3.5229911752414524E-4
-6.243389443439824E-4
0.0020657522871737736
0.009557418859201753
-9.949262948023554E-4
3.9239384466343354E-4
5.614281961963881E-4
9.754196041467458E-4
5.261228819131066E-4
-0.003089155086478629
0.001024011015675619
-0.004481480251958885
-0.005342569200730154
0.004767743683672292
-6.126325296714318E-4
-0.006382589020141703
-0.0026653699830145525
-0.0025928504492967607
-2.4791095743829423E-4
8.562528903902546E-4
0.0035230237601180207
2.648565072407677E-4
-0.005677599716169932
3.7161287035716037E-4
-0.003939464807489248
-9.283214394300111E-4
4.2910097815327455E-4
9.261036351066545E-4
0.0028222687203710586
-3.997947854666271E-4
-5.4084992297153455E-5
0.0040148957320203515
-5.286701292920632E-4
-0.0010013655375329359
-0.007497394394743241
-9.944330309483295E-4
-5.2484797131396E-4
-0.011575959822412005
0.00370707066040509
-0.0067000102536048335
-0.001999618824232947
-3.8696653501618514E-4
0.0028805367128862036
0.0015875961654315167
0.0037775594164727476
0.001298557950534456
-0.003608908064924886
0.00352111408137796
0.007276027067012001
0.0021904093687953093
-3.0849782204179523E-4
8.399522188166103E-4
1.8045389404245827E-4
-0.0015921211178126554
4.400676822706337E-4
0.007649634477576704
0.004336054118641036
4.4132221991751656E-4
-0.0023552798069549595
-0.004354604146160442
-6.779568894891691E-4
-1.8043245542576178E-4
-0.001286878545246971
-0.006582617339278326
8.800632576524404E-4
-5.682655530152871E-4
0.003440262343862047
-0.007417684202848373
0.0020232307927711118
-8.85275560218837E-4
-4.7092068151309156E-4
-0.004745468533732016
9.230839322100729E-4
4.2287086808770745E-4
-0.004248590752680522
-0.002460639857775861
-4.849246756671623E-4
0.0015838247345099702
1.5786275114852683E-4
0.004907108821459577
7.812873146622509E-4
-0.0014850862323372521
-0.0014455346206342571
-0.0029716915626785884
-0.0010083571162514786
-0.0013531111441128503
7.948494342970775E-4
0.0023372547054192104
-0.0016606721347765154
-0.004455042248002466
0.0027001470087310935
-4.496963072739439E-4
0.0010813128318377361
-0.0022518366126306586
7.050204829244942E-5
-0.003993345506015419
0.0027575514047543004
9.187111193936673E-4
5.80983180438325E-4
-6.015805371693375E-4
0.0025756462553794047
-0.0016216044988266952
-0.0026953262534796392
3.8378503135910307E-4
0.004027100662714382
0.0026502789101299764
-0.008252117478552696
-0.0016116876675043345
-0.002220214446179098
-0.002763556771846641
0.003210513214744491
0.0035218929472252375
0.013780082740613181
0.0018376481173836435
-7.322654655419443E-4
-0.0035194852399788056
-0.012084354898809213
-0.0020361998946851253
-0.004498154790637646
0.0021732611139504256
7.807161376713585E-4
9.562363689009239E-4
0.0018162996450540466
-8.341881944530491E-4
0.0022162982012122016
0.003109684305631679
5.344944674465916E-4
0.026689803422413404
0.005982137127440187
2.3579057981170664E-4
-0.0021283507835793704
-9.015489945949797E-4
7.028672642247444E-4
0.00863315044362368
0.0011620838113826184
-2.3892135866788308E-4
-7.821753714135556E-4
-1.5526613979148388E-4
1.8055777401444732E-4
7.041799948834947E-4
-0.0014137815461837443
0.003628436501154817
0.008193755758075514
0.001869411472439822
0.0012353653807156647
0.002803719324468485
-0.0014276839885590952
-0.0016745481247237637
-1.7982571762996963E-4
0.018324611336542878
-0.0031413426183039862
7.44424808383703E-4
3.4505621357385445E-4
0.0011840873297104568
3.9349694605667525E-5
0.001458061029993074
-5.706164267934919E-4
-0.0021572668846013827
6.707026797293984E-4
-0.014277807834817757
0.006476326751881776
0.0029112769500049614
-0.0013946671395722047
0.004254259384877453
-6.757269466615763E-5
-8.379114423503077E-4
-6.409402126115616E-4
0.002480484941596035
6.373928109783103E-5
-0.0022571058099633786
0.0013642486240127108
6.90610677568706E-4
9.820833858244734E-4
4.512429399957756E-4
6.830489113018032E-4
1.5673527277057487E-4
6.296963309325138E-4
0.012095429676560673
-6.879382625379507E-4
-0.002670717987853985
0.002170826976758056
0.0049542589815622365
-5.852548661993046E-4
-0.003537859094130682
0.0016902857874513924
8.849934656367716E-4
-0.001030914788767997
0.001200308613905788
3.0278029307367584E-4
0.008536047575597382
5.719582149608255E-4
0.0017183876464655172
0.007017876857306843
0.0031130465056159132
-0.0019347474281270075
9.823935590587266E-4
0.002899057015007079
0.011964724315084217
3.6624025087227943E-4
0.0029326663372933343
0.0020190785777421663
0.003763639774710541
8.29724613436137E-5
-0.0041670784756433705
0.005214974409141717
-9.339527469604059E-4
0.002407960437612789
0.002709547538330649
0.002040841059095125
-0.001987985961892836
-0.004302723013057221
0.003338944107709551
0.0011701991737634028
0.002559512083032858
3.648950545741889E-4
-0.002331028895253829
8.622049868700388E-4
0.0026042703009892245
-0.002628631599224442
0.0015676983708391057
0.0015456177710900007
-0.003567552671951232
-0.0030905642065556377
0.01560900820018098
0.010097704417278726
-0.00590239196162285
0.0030089185429753567
-0.002094774068705387
-7.47267086620492E-5
0.003101754985107147
-5.689443801590533E-4
0.0019354173480495558
0.0014380875173260815
-3.774345768369296E-4
0.007611517505508353
-0.011681470072587645
-4.708695909643571E-4
-0.0014592887587121849
-0.0014425115458046999
-0.0019435045543824325
-1.9375436070416378E-4
-7.055158709592447E-4
-7.749924634102277E-4
6.223273731210724E-4
0.007635342242459694
-0.0011172859794069242
-0.006266470047000326
0.003314494316918238
-0.003398585083274491
-1.3969951149243051E-4
4.1676635796002057E-4
0.0024735603478715277
0.0020302005661952016
-7.899983895601621E-4
0.0012327934623479644
1.1850682451813505E-4
-0.002446455319865741
-0.004111172789015613
0.0013005181388039471
4.6514682061130986E-4
0.001551454083339839
0.011436334255238264
0.0016403922342572417
1.1862987608314466E-4
-0.0037337973747053966
3.990821711130716E-4
-0.0041399294587768495
0.0038295336389472094
-0.0011467925061296146
-0.0026565821052558962
-0.013023647146425439
0.005558240668069254
1.7087038978923786E-4
8.675409701986849E-5
0.0067134836023245645
-0.0016671168512875749
-0.0034962833541636235
-0.007561849695184347
1.4663608655274832E-4
0.002745266313717154
7.495821388884935E-4
0.0035718993664982917
-1.3246109318992909E-4
-0.0032712327340572015
0.003517610467922099
-2.3952280382507062E-4
0.002692255297168964
0.0020674655754685267
0.0019056285798999865
0.003965896274709475
-1.2610741279887029E-4
4.7576415046369136E-4
9.641862849914639E-4
-0.0031876725511365595
-0.0028970872097003907
0.006560306670024056
8.622481280448905E-4
-0.0034506828114555478
-0.013089179633344002
0.002813682454744368
-0.0021414112611833364
0.003915582891647881
-0.003814013403883594
0.0038960496341060233
-0.0033605532690296025
0.004559018327163238
-4.362135111782435E-4
0.0028334656521002174
-0.00117301942185074
-0.007447840546457782
-0.002730834346015555
0.0011090539589945687
-1.7507187035102704E-4
0.0018069054583986278
-0.011073205707953695
0.0073751639288656325
-8.639776798987448E-4
0.001576351003584491
7.282642312292274E-4
-2.8049820208277224E-4
-0.003551719369563913
8.87589145640302E-4
0.0011254782425593073
0.004285653009516809
-0.00418862069940682
0.0029740803160655366
-0.0019110373659875241
-2.5351685361371077E-4
0.0013360246632378567
0.0033264168058521762
0.013488427618392855
-0.011890192166860061
4.5323118135434854E-4
-0.0022235592852868536
0.010699641589252509
-0.001146125320749198
0.004266021877771691
-0.007609516964202343
0.002556500003395833
-8.350935171225304E-4
-0.002709384647944967
0.002016627397982054
0.0037523450877284116
2.436677703092797E-6
3.8851112009942446E-4
-4.7813369681587903E-4
0.0018507104712746187
7.245359809840169E-4
-0.0020116161029745585
0.012384384517920797
0.0032825617941817493
-0.0030542055321650875
-2.1985727114882982E-4
0.004363591499713649
-0.0014150628554824996
-7.447573228609728E-4
-2.8813461074001E-4
-0.0016304258949302898
0.0025485774790118074
0.0021306933213998272
2.3131611955863588E-4
0.003211352110021315
-3.562895872327323E-4
-2.155412155894105E-4
4.922627907801086E-4
-9.362021578174967E-4
0.0029479508392887053
0.017435753822943826
-9.064288820368846E-4
3.7927420410695456E-4
2.518342701838261E-4
0.009662719809337243
2.6052354229187354E-4
4.881016029914246E-4
0.006626427837333351
0.0014055120024554515
0.004249107263798965
-1.4989957081182074E-4
-9.157083427584325E-4
0.0014784324396589063
6.265049316105846E-4
0.003558528154831641
-2.933016754908792E-4
0.0031181337777377296
9.973546303428604E-4
7.690977120108808E-4
-0.00273060911098399
0.004386031639681906
9.165583318696996E-4
-0.004764365717003521
7.290295991956945E-4
0.0013965629691212143
-0.0019022589315991255
-0.013474666097802072
-2.291682587300693E-4
8.951353517625588E-4
-7.09159072932121E-4
0.00649602676889526
6.196214242294181E-5
5.524796426109301E-4
3.6099300299599504E-4
0.0017311521925577986
-1.017411886116097E-5
-0.0015544526310526858
0.0022189449652261516
1.686137307854394E-4
0.00248264319978986
-1.371125227673624E-5
0.00863221167491831
-0.010660576721546047
-0.008582794101163667
0.001192011806815736
-7.460057314865048E-4
0.0018321672511426737
0.0015895651629852865
0.0018549798791325281
-0.0038067970655780133
-4.239143569033341E-4
-4.539448004101707E-4
-0.010801655804810002
0.0024306343275570714
-0.002796768432196041
-6.403371247908842E-5
0.0027603077632766464
-0.002963332732517878
-0.0019538720875320725
-0.0074079212362086234
-4.065046461201732E-4
0.002814842917542782
0.0011702442748992875
2.3358549269553158E-4
3.881840467496168E-4
-2.8648062542534686E-4
0.0013279173685526427
-0.0020043748548084703
7.646859803156444E-4
9.619173895154467E-4
-0.004837252878781983
-0.0013011240150807484
0.004390009054731031
-0.002312459725089169
-0.0027758625105753264
7.460070303691201E-4
-0.0010460679011606469
-1.4025697982217818E-4
-0.002561506466174116
0.001883441812688022
0.0022664843568026972
-0.003772270505253501
0.003002100564227709
0.007422564015650746
0.0017893611994004752
0.007719146114042388
0.0016702891320685227
0.0021382738324254315
-0.008186424957730067
-0.0024944030456770933
0.0013648162651459098
0.001632082289139009
-0.005655507836562927
0.0015607215587984643
4.5564414629236917E-4
5.870161854098843E-4
0.001367202820843812
0.002828061767769862
0.005078630999013913
0.0013360137386668148
-6.612874222430223E-4
-0.0043146848742007336
0.0031995290929234285
-0.009025390331401406
-0.0026290460129452828
0.008666652491157917
0.00903734883818935
0.0017355197690329957
3.7297773553093713E-4
-4.4246015999927597E-4
-0.00199932853919907
-3.9278742814017855E-4
8.62347902477257E-4
-0.003395360263547158
0.003982635746255271
0.003385631439178726
7.587451942500278E-4
0.001953482292704467
0.006855446030903396
-0.002069587758881911
0.0010200065771811867
0.0031434932234227983
-0.01049125881287023
0.003832418360116703
-0.004582190800471497
-0.0071563278921268365
0.007567569151166804
-0.0023561455318071127
-0.010315600593918905
-3.975586784357575E-4
0.0040279268718835795
-0.004918322282750788
-1.8655161033714302E-4
-2.3928231944855073E-4
0.003223371954777152
-0.0011413931928009634
-0.00867598793680831
0.006095639339555251
-0.009190072432795425
-0.003830015567277439
-0.00880645987227573
0.00707249144575363
6.094859932252686E-4
-0.002404661822075243
-7.057946972655925E-4
8.637790189992943E-4
-0.006036377999079036
-0.013672439390681643
-0.008766974047954264
-4.322523909164585E-5
-0.006971961096388401
0.001961827475192755
0.00917121147635549
0.0017152405877325458
-4.4774303409111796E-4
0.0021749533116450104
3.30168656485291E-4
0.0050469659737634115
0.005749669852209504
-7.223954924293456E-4
2.44186689596696E-4
0.00838940625730327
-0.010118780047369063
-0.006309031506524516
0.004411843342987058
-0.00793402506322995
0.0015629150151404028
-0.007950783320923136
0.0017186630597531049
-0.006932282497684163
-0.006114201182966951
-0.0030873931702171883
0.00785600307887954
0.001804505793919259
0.0014893160222329315
-1.979270151733808E-4
1.0306792903014979E-4
0.003533031329190891
0.002768267521773247
-0.003193411202935683
0.004149478717990105
0.002740551586758268
-0.0072609707215455285
0.001940463138411591
-0.0020945117944629666
0.0011355329335129855
0.005319329652186337
-0.007461989591462008
0.002996582138273422
0.00137730376589022
-0.006443004894895685
0.0017226745162797772
-0.002298037107489992
-0.008159927170889645
0.006356450946633569
-6.699590523580305E-4
-2.554560824796082E-4
0.0069326949860297445
-0.0011300374276841285
0.003408138043157395
-0.0019427643756018502
-0.00674603355843831
-0.004293848446954704
0.0025846761100256632
-0.004106358125046207
-0.0038374004258433514
-0.006628373864090933
-0.0016491532904456389
-8.524011470269545E-4
0.002680597120046988
0.005205228874944656
8.431202344823618E-5
-0.002484475046034481
-0.007527421406196332
0.003453246104346171
0.001464458803617816
0.0030881289602835995
7.389841185015747E-4
3.725627233357473E-4
-5.288439951881699E-4
-6.586327252342177E-4
3.0355882540424936E-5
-0.006273668774425491
-0.003513025176012383
-0.007880340992740901
-0.008148613985689357
-0.0025361238154144846
-0.00920819425500866
0.001437713805452735
-0.0065345244842794446
-0.0032319410375304795
0.003420087966984939
-0.0016114867979450628
0.0060810503007787614
3.552598357057908E-4
0.004343317408794599
0.004954094952518681
-5.948608396518111E-4
1.209392109341924E-4
0.008371338364684431
-0.005588589883936934
-2.7928524627686483E-4
-0.00689380466212666
0.0033231392370181444
4.827573677165494E-4
0.0010789697030311892
-0.014885617200031537
0.001664127273493968
-0.0020605645902892246
-0.007360463741217665
-7.954466243753512E-4
0.0032645194030179532
3.431498302022396E-4
-0.006129789507857049
0.005625403148396758
-3.370549991869335E-4
0.0014873414851750187
0.0064702435524619925
-0.009859180034610953
-0.00474392790778771
-2.984567612167573E-4
6.280772148821035E-4
-0.0010717640887790544
-0.004028629290198908
-0.006095192236749258
0.005903546513208016
6.157175491398566E-4
-0.004392117744439715
0.003855455216020685
-7.842079547386013E-4
-0.006856953769871579
0.00488594169337001
-4.331791925399234E-4
-0.0024807372423941592
0.0028139683473377888
-0.0065192266761697855
2.4149647501822176E-4
0.0027836271065733906
0.0019825512804598757
5.600346308066574E-4
-0.007970854980339592
-0.004909131182811169
0.0010064574542591094
-2.688020203998613E-4
-0.004951456878253566
-0.0028007660428993326
0.006146209709707187
-0.0034542426917599568
-0.0048455128923062035
-0.005692971428963023
-0.0016331780026933578
0.005770913996141107
0.008711580697494701
-3.1336732292375777E-4
-0.004142997674922943
-0.006145056458589877
0.0010870396817236846
-0.002042476728686963
0.005777702679800859
-0.004542923123058045
-0.007777713184810985
3.3506187172702665E-5
7.705071420956034E-4
0.005738219026192738
-2.4150874333110552E-4
0.001839278381086502
0.0025999021458690107
2.0013087539946345E-4
-0.002384998750990182
-0.007487541876876019
5.879232101125933E-4
-9.916447112845563E-4
5.4462196651201374E-5
-1.9762152092436476E-5
-0.007318386546405119
-0.0035196188213635123
-0.005210676804285433
-0.0018928018420645725
0.004736170315593868
0.004258209299749172
-0.00502214638295961
0.0019290245911381854
-0.0018729743908970605
5.903227961726361E-4
-0.005919772953305946
-0.0010992778281319602
-0.003600418246387269
0.0036074717215872918
-0.0049021359325151104
-7.004193953075493E-4
-0.006206120361973349
-0.007859896699768623
-0.006991195635757868
0.0036253204671219137
-0.004645217596100262
-0.007133532847612224
0.004810033592956225
-0.005014581171019281
0.0036773116618057126
-5.602827231988402E-5
-0.00630516514432901
0.0024161049604285285
0.004120325061791965
-0.0052920408500109475
0.002931278174673929
0.006233724578326524
0.004680385905932712
7.442026448420243E-4
-8.348971977454268E-4
0.005215646153659777
0.003102764704134136
-0.004700138443073523
0.0035602040587286703
-2.915785275108831E-4
-0.006427335083282543
0.003207594513556348
-0.0033644802568043963
-0.009275449025846072
0.0056711020395176035
0.0016732070996558553
0.003225407307713159
0.0038341642436995308
0.005090760018392499
0.004029856762504092
-0.006440951774965062
-0.001787080905549777
3.5611320845467125E-4
-0.006136843779305851
-4.137867429732954E-4
-0.006267278817464812
0.0038887947506348474
-7.50783286511851E-4
0.003272637875074232
0.006860860249407735
8.956170897163814E-4
-0.0027588202565422488
-0.003428046824937137
0.004522582280986286
-0.005302934084771802
0.005292517583272286
-2.456391858080882E-4
-8.691672964667313E-4
-0.006685645947035413
0.0050556330832088525
0.0045959891157989225
7.035603360235924E-4
-0.0028646006081053193
0.004477826569791451
-0.007114646275070378
0.0011253005715418424
-0.0025444169058701006
-0.0032654520815531577
-0.003396300119189719
0.00504309601572719
-0.0051597866159307565
0.003967987209894916
0.0014629271233802693
0.0022096757268740006
-0.0037525397270849457
0.005291254087617777
-0.004415672776741524
-0.001777993136262276
-0.003432481871919817
-0.004547055946346558
-0.0024475608613041097
-8.623148091208326E-4
-0.0039108597106781795
-0.004253835395056106
0.00596558130828197
0.002373930411789753
-0.005855124748097346
0.004088477199418173
0.0027699443604323574
1.2397805137720307E-4
-0.00382033765581595
0.0038575508643527373
0.005130770257992651
0.005374959484293622
-0.0035414311717260295
9.683398512620519E-4
-0.0013578449405819966
-0.0038614230927701827
5.85157605056848E-4
0.0023079159956906877
0.001919069393057353
-0.005594260324914227
0.005230609580182685
-7.570263218505603E-4
-2.772188482151207E-4
-0.0033196945314702356
5.2221926388765815E-5
0.0015368479026999888
0.001498810836046984
-0.0015167803076189146
0.0022590891584325134
-0.0010885309574685032
0.0060253950661834236
0.001251763066356964
0.007259159796333302
-0.004198042872436496
-0.004927324972433771
0.00119527101064674
0.004212611823037013
3.4831690149239564E-4
0.004292278540477147
-0.0037364870078395117
0.0028034566221185274
-0.0016582802253017033
0.006286790161113029
-0.0011703126245530646
-2.1821846647561874E-4
-0.0017211388729780996
-0.004321725507758445
0.0018382921281054957
0.0036576476250506696
-0.0016802532599951303
-0.0026465868966475815
-1.5869832877319427E-4
4.937227555907383E-4
-0.0027149313440092628
0.002365326542414556
0.0014838285195682656
-1.283238695480998E-4
-0.002384095897357347
0.006584945222752328
0.0012343570037065678
0.006216218442710676
0.0013610056727571854
3.2782337653458035E-6
-3.7388797713999136E-4
6.227068169805355E-4
-0.0036856164323886653
-0.00244760710111771
6.65496524827341E-5
3.9072497234698354E-4
-0.004724183057432281
-0.001700875880541968
0.0012029602879461685
0.0025936870309348175
0.003449405863750052
-0.0011373985896218435
4.66762386331704E-5
-0.0036204250345753374
-0.0064652615188170205
-6.594995324190959E-4
-0.003579163269967421
-0.0038793811528512515
-6.604802532388426E-4
-0.0021772589454342323
0.0059866281293691915
0.0034506045073174146
0.0010808560038788923
2.4851022526770127E-4
-0.003819309230004195
0.0027164260423820606
-0.0023722798949712166
0.0032401290727267088
0.001169977357787396
-2.031013293057046E-5
-0.0010339372315985903
