4076.865134312866
4171.558945511226
4921.96418744702
4277.78204573029
42383.76338246831
4877.782008489054
70952.35738429529
95918.79070844702
62386.96618382626
44701.964519564805
80551.58703212993
46465.90309788516
2696.9730587894123
65800.91514483978
4003.269314691408
2455.8572666145546
4457.910547798022
2704.720065564587
3995.1194328608585
1940.9758770836947
2715.210601873611
63586.965434044745
3677.7821033036403
5369.783914093648
3996.0712527560627
4152.3420589089965
75122.63675498491
10851.169376138792
3896.0178407038147
2694.539143171559
9041.214209879157
54348.249903599695
61786.966563348076
5580.417329812484
4773.875182883217
107698.77295106443
19115.925620427428
3776.3824004197672
25252.995008679027
3620.973552209173
54439.07204694186
25852.994845457764
2438.608352560056
4604.517293725625
65793.451045324
31887.691716526635
3995.3558826601366
5024.035763759509
68198.94662640992
1970.900135987028
3176.382443532239
12277.927912291696
5165.97521688727
2703.170975875887
4698.643696046415
82951.58553772482
2688.322900260837
9126.917742124391
60350.736749885575
8188.721470254564
10454.009369956857
10096.951579131395
3296.017902383609
2448.517255491031
1370.900168328255
96225.33814366853
54643.75110761542
10439.632662037024
1932.4180322208308
5203.269226027306
10083.083622758615
10618.597445111778
5657.910447164318
3831.6917824898064
3797.0134909753315
3486.581221824983
14216.170219801126
9419.180723916415
54088.447017184095
8146.103176971268
13902.990897141684
55888.4463619679
4006.2008804628194
41783.763628703426
61186.96685899549
10562.066736601939
1340.975910286118
3020.9735919834866
1661.9280101629522
4654.873722972096
9122.328027996991
16787.86160558991
3394.758717282568
3936.136904628825
805.3860086403204
1961.1822488937457
4287.834172559103
53748.25013083391
12461.20594954946
14704.725205026725
6560.371627504441
3017.5164836483764
8445.379453425427
16142.960532046958
1632.00112910281
55288.446494454845
2271.0413415572293
60594.5822113448
5882.173678079229
12456.333576969528
4605.335770732005
10607.539081829733
5020.999377154403
4741.523267736692
3676.3678123992177
10511.663005705892
53799.924938995326
60950.73642552117
98918.78937628068
3972.637930720463
6519.0689211869
8173.267925872868
46325.51519008787
1944.388966057318
82351.58587339832
98625.33713750845
1685.576942687989
8753.547385956472
20315.925395785842
1448.8775073492254
2898.6438347272338
5523.92185865451
88058.8924018557
1588.6303526705321
54688.44672230403
19421.14844619745
12186.977366437515
2255.4147911314426
32487.691551026244
19715.925493150502
3212.27346336107
2024.0360252147152
38703.84129461197
4321.964239138821
3279.147742723846
3666.8460567072416
70352.35766364304
5277.455571264991
35046.61122920701
2775.1040347442204
9889.435824471657
1346.6376403669608
10504.070993486619
1953.6117343477354
4721.968174413008
1353.6117670219346
10085.197171760517
20689.247697132232
5217.406518250434
7237.146533161189
67598.9468243764
2020.5582646135442
9059.763633933302
1607.0012861377406
5707.116736619202
4921.200567176778
2463.2384685378534
12235.467236266599
7060.246292072588
5221.004675022652
2553.611716785715
1485.0253459486162
3405.9005029666455
5750.135817619243
2491.1118251864
3362.8685609411255
7160.371578460809
770.900191564737
20021.148312806643
8039.479191748532
54399.92486138112
1418.6008212205613
1734.224235378376
2264.8106655268516
2570.9001207427423
12250.430241348042
26506.435639588803
4101.860422348945
6522.762530261988
17751.249271918667
2220.337003141222
13056.333488666292
787.1005442590665
3404.4728519698
5278.746260896684
51688.44814049553
10706.121247929244
9428.34780022819
13464.141965712348
1051.93955464909
5326.970217632875
8783.313797817587
1256.9221454071376
2021.3289983421118
3354.206665884965
4676.865103553489
76922.63553097936
753.6117899621369
2053.2541957003787
3082.0103037160407
885.0253651744262
5369.217110410538
818.6008448028197
2026.928245590045
12946.454113755473
724.2652581480625
3296.9730427279674
7274.432298810936
1676.4816807283999
3486.3298096278386
1333.861570369199
10493.938127596924
5422.663895758989
110698.77112632869
4974.847346400501
2225.606565939344
3999.3289871889256
10949.648276038359
2065.9140494866024
1326.556272287624
45725.51538001412
100425.33661184594
13322.283477417011
22659.85099230009
2085.02534064709
5249.76941105045
1926.5562440087874
2006.3984875874626
5838.637090868096
1049.0875639404953
15663.04053102505
2188.63032926824
53199.92513604214
52288.44793864875
11837.234084381436
1200.012068579333
40358.95718035942
1424.0360416383492
2057.9107625743372
82554.49402432333
922.3381190044738
59994.58234329026
96518.79029785671
19002.966258708166
724.8897859737815
6089.420364167884
2647.1682090732
33087.69142404463
791.7211115882668
15755.272703593313
1938.6984952373043
1957.6795592584363
1391.7210877695277
1220.9736733837988
5023.021518856451
4706.29188959526
733.861581498489
1198.0910802219225
740.9759323882033
900.1480020356508
1943.4114338635206
12669.20528867989
7938.247310392854
10588.388789929619
5332.036146104366
6174.847291587726
24652.07375289064
3552.342116046104
19602.966150716566
39903.840934012536
50443.75258353287
896.0180375352455
3288.3228843502857
3364.0077980460974
3397.0005943838996
2538.6984872872463
6430.497082691656
4154.5043672952825
22477.130231273222
9820.724579065001
782.3140437787848
2003.6489848712959
2232.001117328188
4603.269256552114
1956.8539864742936
2557.8799147909936
14635.971226034539
2065.9971888379637
1094.921847321673
4441.470731195263
2021.1342099744331
734.6325272185267
5263.06330610119
16716.414060341394
16075.10856060548
41183.763841035754
1991.7210590253858
80154.49490908642
67587.18415959638
4293.752591210797
864.4000945466368
3955.9889179348575
12091.021498050315
19033.66596404635
11277.5999857848
7550.135786815002
5343.455004528238
1056.0370558612135
9384.70687712138
1666.2815922689028
2876.4816373816107
2726.1160179528765
81354.49439378234
8203.82159936574
27586.731253419915
7340.928398667544
2042.0692609920536
18433.66609997261
3365.391651422112
16065.28051390969
4141.244685389995
3593.6801795300826
1334.9967387608745
1361.8020785116114
3282.7602779119184
749.3192890622871
5060.961553970628
6965.9751818823315
9433.056797287387
320.72377033943417
3124.247467140831
340.59205167748866
5842.681142680801
9634.38981866582
22002.965697370004
40583.76399606373
51999.92563471241
3169.440328336515
11526.492229782763
3053.7452292229354
2098.8323489809354
81954.49417272615
485.5769585094848
51763.45639208999
1940.0178703223025
4972.202999815975
5284.841327236006
13431.931611651877
4393.371394597645
1205.0423807176664
3671.6139284190517
69998.94605352245
5654.3245605235115
3346.304324532456
107483.86894706127
9422.194701161698
7375.671754318259
620.973680215478
13959.755269485162
1063.0546451771947
70598.9460071615
1573.1413685831985
3533.3555008934827
39303.84111073325
5122.700165101853
2038.7640245326618
3666.004347840163
5204.146957579858
3333.17738854224
16216.820115600007
1754.8644687674896
358.12102396652125
14996.011492115907
9298.407659524377
949.3204276642781
1523.1076615518107
4752.342012553323
2803.5520886707463
5156.612264283853
5801.522572617203
5854.621138044728
2805.900510674756
3220.1848310235464
2908.759539447971
996.8719327117943
10901.830475194045
1965.887460002834
1267.955631002345
22602.965650337745
939.9922183404888
1578.2435784616684
2324.001474408375
353.72839957800045
3400.0785011270873
1032.001145187428
1769.8665432824178
7696.956739293376
5803.269223654
5110.231792327571
2081.103727516107
2796.902073544595
5662.277974820238
62750.7358547475
2555.279884452392
1662.1739918423696
2040.8804829027183
1045.911788890602
1939.55337875514
2079.1478110351613
3326.532007312129
3103.5850908431767
965.3792147272427
1886.0404019774805
921.8358001858884
2956.841930084666
3751.8687622412763
5052.115318197005
1937.452459376248
2016.8196872785645
3465.1050790224726
85058.89413692715
9146.17879473552
1656.0370549853064
2441.46241143099
3125.8117514373916
9637.865403682825
110098.77150547411
3270.768268333643
2076.5938281486306
4066.4904546064927
2780.0716211693966
1654.309661691821
5013.443761260263
20462.25944265169
848.8775295796418
4603.562315446848
5543.683104984601
2245.911768941745
7119.068882807291
7326.492683426214
10926.492258425846
1499.3834306370952
1477.4263468909196
303.4359624047318
466.7248957915558
857.9826640323054
1608.4087144386265
5011.292165433846
517.5098561924318
13726.312794459041
1580.296916451866
146.6376666853111
2474.935488260183
2797.737196623149
3047.3800726039776
216.68620865889673
1371.781093037173
5237.555211162809
1388.4953229331688
142.74206203019344
885.952254961757
1321.4922110887007
1658.4611977163545
1637.0396149753562
2026.4511396615424
5414.413134143306
2716.654346459382
331.8046762290723
10237.074485623481
1917.6177219033837
1535.4662718498182
1521.1882801771678
822.0066162015258
4309.0369424800265
8213.471011053798
158.22066372268293
3335.4039847588824
1406.234409352788
1034.7134941379302
26452.99467194546
4753.931312954497
1263.2385049633083
12192.420005862394
1528.774806690265
1971.7076097571116
2866.281545659468
2029.1556336484273
847.173067555886
899.6774482651946
1001.4863468589327
249.95171634954627
5303.642130806812
1281.5192758999767
139.5533819085725
55243.75093628374
1915.2448054932406
2078.8542802293996
9637.074532146653
1244.6713779657518
1365.8467884234585
1641.5351715090328
1227.721826495045
896.5590273488319
3938.1095449874156
2097.477580359443
1751.2225905842236
146.17897750325304
3461.820172681681
5255.745001309057
2775.282995070826
15619.205135242782
2905.6179178485213
1612.5289363214972
1592.7262079554873
3197.6769218873233
8122.699894408422
573.8754496702518
18402.966337561185
3103.875878435801
145.44414362907196
2038.3367243377288
161.18033536981164
116.56421582640345
1519.693235718228
34973.2905224031
5862.042805192846
935.6397170700849
2136.669367206297
3663.926715410365
4030.257847711661
11366.217123150775
1061.9280248812868
30031.7294098066
285.8572009028563
671.8627397448493
1845.4037538599473
188.82663747191918
3021.232683014209
1134.2242530493747
2261.9280073769196
149.31930096019968
1623.8191876749802
1789.8656957092971
118.98839464243888
571.2687639524283
2501.7289408483443
783.2819131893101
3843.6748834525774
7085.049282265024
17151.249405378156
4064.0522254843745
1938.2572855346252
961.1293692407112
2118.81671753605
10567.45183710363
6501.860278404565
7556.968721214528
149.34364906716644
1610.8427158999623
20802.965898328028
1340.2175902352787
3708.2665221727116
5290.483751325746
13902.42902364647
1496.5590084176388
714.7964859062529
1876.4612027313478
9749.87029451182
187.10055302246482
13375.40927931997
2450.897909299632
1492.5273419996643
16150.985449098342
2963.080724185367
15776.568975230628
4013.471162628071
11856.333657524328
2157.88586364029
912.7821056892448
1654.5398319004375
1340.0178739732953
309.7875945778442
6106.413637353374
2305.019979117898
2126.72311832484
8797.4822011713
1559.1253214873093
132.41809428124728
288.53583451696693
65787.18433782128
1570.4001646151244
5431.626029196957
2829.1338329867244
27834.263741905288
3953.0391340173155
2084.462020250715
9834.862536166105
13460.910953874434
155.46197936653994
5547.122979807471
415.064128795549
3165.7477133569164
68187.18413854839
3518.4100211944897
4380.417424342164
1636.426312797618
10587.97347092856
2115.015122047425
2004.4829078664939
1953.7874482783095
10677.600039840952
9171.3529868458
3403.269357785638
3860.3211568982397
3583.101856626712
4150.826866472884
1330.4730974440029
4117.092840225917
14371.675367452333
3808.865470053884
13421.810402010087
3959.769047463924
3991.4277307347284
3463.926830543329
3476.4816222251234
4062.4106578572287
7522.699919891551
3359.1214442122205
2052.8444430184286
3805.5152963006326
