5815.804284990536
5823.809312798432
5592.990842469394
5525.49773598369
5656.799140516475
5580.995436595228
6083.568832531443
5634.66376678043
5823.002421208229
5520.705954475714
5955.504307222182
5670.922721067047
6638.846634748201
5980.270522568697
5520.98660902341
5687.897942699814
5934.122134830655
5530.367333771181
5513.5021057144695
6080.2124950473035
6175.122410687456
6076.783328482066
5796.066580027104
5523.780349431332
5716.890302017787
5866.850028840219
5918.867934876802
6179.85369925109
5298.684440192918
5968.622267501731
5489.437450152637
6073.283045478243
5524.995845016973
5925.873620887265
5974.644554180754
6652.294565986898
6924.9509737498465
5990.02973542969
5486.717487254587
6485.49186300507
5604.144404383502
6534.119895734494
6481.931149618097
5992.7037245318215
5288.576940222043
5302.423038446659
8426.162704661907
5881.9346077189675
5484.759801732358
6038.849462706804
5148.131486753292
5527.190691434432
5677.796678463448
5503.229786565793
5795.183058191292
5519.571097636663
5516.746086632918
5378.505590919142
6256.796565670525
5874.382301984879
5836.5175283725075
5788.623714782814
5144.896409435756
6915.937151359957
5916.675119814229
6905.364900635693
6045.542535413777
5651.5898824774395
6594.2285714373065
5570.092640610642
6209.750062714103
5241.843379021505
5527.6756588338
4935.752159182864
5809.730918881913
6677.98368808106
7976.222309094732
5610.294989954632
5641.262372680901
5825.885206313634
5783.95809220284
6902.960664913908
9241.195683530903
6900.418908027861
5398.653653103486
8783.611676290755
5147.0378265544705
6062.622528848182
8270.97135111822
6185.257705920984
4990.825455495929
5565.650868338806
6066.1802745599725
8771.223785907929
5281.983922575996
5596.99510829736
8121.5999244327595
5914.583802640845
8120.911287937116
5584.870818439742
6052.297776502706
7433.259009918347
6217.5455158057775
6586.195742457913
8704.594220659654
6315.939522314947
6870.880359328459
5492.154155416757
6085.055297665579
8113.708474335817
9085.101597621751
4996.823555298074
7088.240199019274
6596.104378894223
6196.0364708837615
7203.850084395262
7928.950056113019
5260.370162934467
6882.926866083662
6895.572953737827
5516.812564501046
6053.956440785887
6238.668106084542
8898.04062876771
5331.5067339880625
5505.890716016553
7446.266736025198
5684.582586205362
6653.95444060815
8485.104981519471
6091.781809410635
4909.191022091992
5347.453705283048
5316.67928127742
8169.43631341801
6324.9533956035875
7675.118382552666
8183.614416729494
5385.7597302018985
6220.190203154365
8494.5375495281
6888.753682405655
5086.8784843293215
5514.0510961939635
4992.134703117045
5881.981307928386
6555.501779122239
4920.475407179001
7906.171584793113
7793.942497739346
7424.7957337007865
5804.011359225613
5818.867534121854
5325.876189724987
5587.939818815393
7805.9989225864965
5395.358082471368
5807.516967697304
6580.268758032401
9416.694416521563
8718.377162549452
6125.992189317055
9708.157294875362
9288.609318441804
8266.84809520797
5548.148840957858
6279.190362278526
5573.797231973114
8506.166987574965
6174.512663238814
5996.667105008189
5599.051372916821
5554.664344106777
5374.648060635453
5814.799596801154
6189.212003786115
5596.038551046941
9128.94102295769
7796.4205162670305
5691.1408214492685
5041.840719974517
6020.866078011622
5395.698169998358
5912.011303685393
5141.659512290604
5503.8784500135
9383.608611249663
9453.10136744265
5744.89468183609
5397.655614684866
8714.303895976418
5601.421473418598
8472.930158774794
9035.954739650497
8113.115435153439
7700.850335327624
5748.129506048572
7524.949329305207
5653.090042374227
6673.281800085094
7809.672854139082
10005.056333725839
8824.137523510619
7798.15568331675
5098.839525737307
5507.058538268036
9086.66752882822
6061.427892909167
5535.817204110587
5607.146469683617
6470.913055908405
5507.089047591319
5847.752686940697
8586.938321107697
5714.025872243493
5490.699839073369
5828.704163760812
5681.208058293182
6495.700309408162
4895.8787443611645
6932.981744088819
6491.508799517039
6619.780042552997
6644.817681312987
6334.370189972154
6867.016626174706
5241.830823085882
9026.158404002927
5585.26045723652
7740.524445610956
9099.366953221717
5487.2467684103585
9108.160793420107
8114.308260589576
5054.926490135313
9154.636214859258
7805.005712641379
6284.513820962585
5940.598220605442
5504.6319808834305
6366.484667389088
5007.694658787549
5819.483439941802
6087.037088543446
5579.856717490576
6084.389948314141
5552.456372439251
7437.32423519775
5069.648034595606
9983.605904103171
6349.388976146733
5240.54804578527
8702.726464269734
6317.496578354932
9688.205523126891
5062.576119679993
5420.762183122531
6366.643689291655
6568.620035152647
5052.270692619247
5962.186808932004
7129.637193462325
5183.960961524807
6212.340357069234
10042.45770922867
6487.264024455758
9072.92664123558
5119.363255158424
6685.054336768258
6776.22979426152
5158.524676940728
6529.144954604694
7894.542171140062
7179.223958954629
6293.43474649544
5393.887296393501
5533.0844460697845
9442.461006610221
6359.370150511807
7123.558770347429
8581.84804673611
5492.329790190651
6190.619431064911
5843.504356498111
5041.26640788275
5888.576127780659
6381.6819576172575
5004.500687088156
5871.15268472058
5321.078202575005
5051.594401929064
6065.233839123668
5129.249750084718
5053.094664150684
7583.616490630421
5044.1001842698315
5885.495299011878
6602.950554764184
5634.445978497273
6058.105776498901
5119.000389589928
5201.905359594045
5259.090953464096
5798.666280922144
5545.506668409387
6343.581221340469
5143.890265359487
6579.149282672448
4955.886685620194
5800.460684360276
9619.006835371494
7178.972256511915
5001.548905383883
5294.165082198447
6204.527890412875
6481.275979668607
8259.730284990306
9626.157161348463
5081.335544711243
5048.728037025869
10287.654939862148
5494.824044469793
5368.62569915365
8121.185632618932
6032.104472906185
7449.889889214087
5247.754025394789
6645.539484931772
8376.550907836276
6574.642544044549
5626.665744609151
6069.737638092819
6455.021326069296
6207.149648542333
6927.39404793631
5985.756208126202
5160.527049835869
8576.218135676225
6964.396839823737
9672.923545182675
8697.355663370596
5757.9176928163215
7543.577501068262
8242.470017657568
6103.8769460011745
9540.516949891788
5747.035927287817
8333.11496265945
5583.113339302952
6114.48896904968
4982.5168793152025
8254.571271885326
7115.028566512841
6858.797509973048
6858.848015328451
6806.336354175224
5538.788238006863
4957.271243361634
6679.2835194790105
5806.918834755478
6107.087341668317
6207.145593827806
5130.997112204157
5279.324942897542
9113.24674924773
18045.33850830007
17613.158767599238
7437.369314769579
5085.092856591673
5211.65193297218
6740.895694100925
8692.635313271827
5219.488091523953
5590.1185558070665
6540.5970835453345
4861.430931180454
9297.520052693122
4889.057074159288
14225.681174963112
5397.45682879473
6676.782130030501
5200.462075305653
5679.192267683279
6008.566044130805
6358.090459575709
5749.39098787358
7272.935572401486
5005.918698166218
10237.842772606873
7688.236934401908
5258.907574752727
5399.546762618357
6687.036438478072
6585.8077244610895
7208.562204387499
5535.750903377872
5135.057830678181
8486.671387903334
4948.162736087876
6204.143473120583
6280.0061564421185
8598.98714479974
7702.680338975355
5253.6490347128365
5481.135221895744
9093.322867044186
7624.144808643236
4995.041093514458
5951.588048910211
6691.383115202403
5766.433740563248
6943.578844727106
7534.366251353101
5308.808040942627
5732.985676209158
8104.598641862608
5627.657192504716
6641.931418131812
8268.402909759992
6514.712814577618
5139.515030671863
9686.66637755797
5334.1245400048765
6383.9548713124705
7186.19405093476
7328.95393605854
6754.652007004901
5076.120746192989
6557.0489235808955
8108.2185647833985
9128.881061968106
4948.020910070412
6963.133493906413
7897.102627677643
6894.214696203096
5426.54632781742
5066.828461348832
7081.2738605345085
5512.293174833497
8641.199183072848
8118.381251481702
15177.084663994472
5489.0546663921605
8037.367439168867
4904.638730473603
5431.711869393091
8092.639682993647
8594.132420488677
5085.492484741043
8112.219643896275
5621.62004247029
4909.404625247532
6884.511206718219
5375.062855895381
5542.744387608113
9524.22889556357
7122.569688215478
7898.843096555213
6680.211361655197
4881.653822649973
9530.75185554179
7196.102821312647
8476.2614701569
7241.929823779881
6658.104740261259
5943.896376078487
4575.11378845461
9424.13325864448
5260.624651470683
5029.244943255907
5097.86036633417
6432.376791897145
7477.2761927716565
8990.547419258508
8122.179173514538
5526.947243463055
6234.391667450812
6112.291254159576
6259.856527746864
5313.329384246789
7081.93014439966
4572.03864622354
7253.953401144367
5232.789695505004
7996.057631568936
5238.249333369706
5238.368700508656
4998.97048374653
4989.932769917209
4946.874337424776
9019.010195331639
7806.520362579458
9304.59264409501
5343.249227764651
6647.477144335878
5544.772284548607
5824.89614775454
9292.632041418536
7119.237289961826
5640.0477581866535
6288.755852405552
5266.855571793247
7042.47651348235
8437.847678373108
6864.992544266494
5207.51953676349
5039.459189850854
4948.226815767971
5745.516240908968
8024.793224167248
5206.893910177348
8298.044433179834
8111.6105873930965
8010.119448832969
5802.733017222405
8122.6199783829325
5323.382080740146
6053.044127460582
18272.440254154502
6502.012398495586
7479.1935960259925
6077.984769653187
9219.760835463368
17156.815297289417
5707.941505756739
5126.22535959389
4886.722732070644
5608.481391122388
5075.738290907463
8708.681020391801
5684.515610173782
5333.4272076000425
5685.039606819243
7811.880532831871
9754.63361517917
5693.4361045439655
5690.42189910643
6632.101929718247
5578.165959807555
5215.808835462315
4568.943889719027
5715.940870679361
5586.437064027085
6268.082251428584
9119.448008980562
5523.6777612312135
6712.290264189912
6761.350745711103
17641.21111688004
5694.325358541205
5469.601711901258
7776.553195422522
6940.6704811746495
14492.155592787276
14818.20718806949
5740.67422742348
5731.838242162914
5540.751906007696
5393.260843170364
5525.635811635815
7155.1975629578565
4916.864140425581
4919.548516266759
4747.461054238242
9302.723290242624
4909.27049719915
6079.2850897265835
5209.44577054182
5128.043213444057
5724.954821994472
6939.606422446751
6138.787617384341
6954.122644749825
5145.963139557925
6113.500139767191
19717.221245199693
4915.000599499009
9489.827960676743
6857.281091106439
8117.723714518302
5394.766461831622
5083.914416712006
4907.065660322105
5207.2240716627675
6665.231974459508
10624.127992347805
6653.042326206134
5784.378406484598
8162.92969531495
7098.051873562131
5743.582791806364
14525.177780300552
9037.845720018482
5621.851624500535
5253.604268987345
5687.635230880209
6683.567779757116
5429.17798290978
5059.822032693223
5945.663822924383
4942.308738769865
5125.008021564716
4943.876965917155
5524.332026586627
5057.728977127896
6002.952648244561
11757.927817661486
5007.609412755833
18474.565434470915
6971.219316155198
10328.936738006605
5836.169577509377
6540.5303043154
7397.342955655995
5357.406605693762
7787.119384953038
5805.8729493910205
5332.468879092074
5605.710814803691
4944.7743635255665
6251.394798400168
5363.646757674899
6136.850031970381
4568.311642267812
10460.846324898766
6620.863808058993
4980.100538439267
5235.3728702134285
6656.661507791505
6128.958184168479
7888.216041659612
7430.180138449717
5524.9845096087965
6666.178996421587
4570.203852942753
6414.1295593642435
5006.8161659100215
5499.809003159288
5621.057695856298
5202.434215357729
6069.599763350941
13318.645164545564
5133.009135655413
5130.60588349011
12689.274446889736
16315.437519676161
9362.92664820027
5832.788515435223
5124.0489629590575
6543.894833826712
9087.660237283815
5223.814067630901
5798.126178995529
5592.224608053919
5204.983217639702
5481.647871841951
5766.6449399357225
8680.977019958667
6091.384371659624
7054.169712479779
5796.950188983288
4515.060121510071
5243.226170898738
5580.479900800339
5231.28729796817
4977.703314089167
7801.927827553226
6934.367767894086
4996.997145004244
5563.505763860588
5072.37552097535
6026.545976733609
10497.5152171009
4932.295363098509
6180.556838478549
5413.304464543368
7125.962623588606
5674.367541266731
5494.030185554709
5090.423020678767
9427.423533593947
7354.649034038748
8881.26200944832
5639.458199726513
7885.1096294097715
5921.074686967338
9094.53501015417
4848.855041118608
7167.218401792824
5065.737284540063
8769.433352057305
8217.331517415963
5036.996572232605
7605.068513908084
5377.902199113788
6564.0122906157
4833.5307639312405
5267.521403609187
5629.241198486127
16298.776161490065
5532.29505072575
5011.046527068161
5730.65659659081
9693.322229636577
5804.981600219192
5224.896459451166
6859.78442869022
7527.393452286986
4901.636438617871
14827.258978846088
6332.983502081656
5806.889615121118
5276.545671155634
5365.054078199997
5075.374736289116
4984.956513028835
5832.378634532084
5671.227130540171
6134.081197039463
5064.68098542881
6423.8086468899155
7356.297351918062
5759.371555432633
14830.353006675878
5062.670439373006
6230.6818638941195
5453.0454702108755
5268.4294133881995
4936.852424045784
5986.169803253934
6571.420949919419
5638.382375557312
5505.785944580514
5491.386309933738
5235.70467706133
9481.257944970303
5819.850758442917
6023.750796357251
16294.625499689017
5061.706028187199
9498.038116597709
5255.654445836934
6135.6247023455535
4949.022924300309
5711.887982128528
4595.38739310691
7233.627833257043
7887.668405923236
5526.290012143049
6374.104615553264
4813.96182143983
5212.640384480157
5408.6573536612495
5401.164842704956
5258.094287479497
9003.127865450459
5220.192804646837
6142.74414367847
6089.437108944266
5651.395141450788
8023.899043132755
5368.53910365114
9897.517018958695
8456.92258326096
5523.825146557737
6132.03182784247
5116.895177948927
4785.3056151689425
5376.561647034523
7997.339454678663
5364.671948732652
5376.795544842846
5697.718655624968
6545.662418942448
13317.71472009113
5996.105465397963
6613.529899042961
10443.470374852264
5312.015815739094
5362.1900965185305
5271.067797999218
5947.45340812542
6757.2501738769415
6662.621265109855
5161.6552139977675
5510.428520392514
7167.026484450012
15905.710558484516
5452.398175814451
5196.95137935565
5527.985945491418
5309.532459614064
6415.803971848775
5241.712015221835
6035.352504017651
4993.7451903698275
6370.279836371742
7219.778310941367
6445.631539585312
5705.11916629953
5060.1041185651375
8748.471522078673
18723.118535563517
5001.423901068056
19746.807473465393
5232.855361404414
5691.802607458683
13304.924132192995
5441.913925543159
8805.0629007684
12098.733203989885
4940.260577337265
8108.685194392787
5034.448401900385
5204.0155545039115
5079.193334194245
7908.169413374195
5923.378985544608
7884.520309959409
4887.057752365449
10583.604317942356
7515.93543519613
9437.364432391463
4886.513804000657
14126.290204462817
5910.642294295056
4888.197015809798
5064.974289003886
5308.99119453606
9093.422041405898
10046.666916228767
6669.598270175298
5832.29340881853
4834.25619674711
5644.564688434477
5209.661998658857
9468.749093990256
5940.532115965693
7486.517497362042
5631.21682034961
7213.528614862455
5024.135800529666
5251.2174653442635
5021.625037440372
5255.4162931310875
12222.751840749077
4982.869064849465
6734.080948985942
5688.757353937442
5727.3977100194015
6037.729579163286
10605.054604655537
5523.020674099449
4949.573366784316
5774.105693571689
5646.871980444845
6431.277681977588
6499.917341839747
5120.879881909684
6120.984308291086
14452.034213872677
6395.1817418892415
11255.857804034167
7800.540640921293
7890.35448496555
5540.260256835908
6917.495110532212
7024.147020306976
18890.124846571343
5535.625566970092
11558.023986553937
7130.585088295134
6675.168238405957
5026.670020588942
5485.398027231778
4830.534084136889
5614.303907061359
6535.056411446441
4780.754196216619
6657.458726490402
4572.654363214591
4920.992167425473
4903.236259922933
7896.166633411495
7194.226823313502
5132.6197098452385
5729.871711591747
6391.678257558766
5493.270750760453
4781.265862920094
8079.9997685971875
5327.6634205168
9162.590733103014
5590.621872181599
5532.032397111348
5060.759416552848
5600.890191799488
5553.7480069839
5437.731471176631
10219.005033010777
6736.181080374469
7115.942267461282
6201.420510936343
6880.003646150431
8205.33173864742
7665.672376027236
14082.286841362973
6375.787821854363
17863.156980783402
4884.095658330691
