781
893
646
660
679
751
845
734
704
708
753
707
611
655
839
848
898
708
898
676
727
677
824
818
719
705
613
370
609
731
776
829
611
704
922
917
604
849
818
783
805
672
923
696
540
345
707
646
896
916
770
792
893
658
905
846
678
918
668
809
718
657
752
502
614
825
824
544
375
711
933
823
796
662
896
822
384
810
838
826
608
654
713
904
827
926
754
789
378
656
814
820
653
670
811
899
894
921
803
800
610
652
808
665
826
684
612
540
767
748
674
383
717
892
828
655
724
773
815
611
711
811
669
807
649
822
613
703
650
770
746
533
797
723
895
613
683
844
379
809
809
842
547
546
763
833
658
543
808
839
802
746
675
908
669
498
786
903
821
712
351
661
811
614
548
605
712
839
612
735
919
526
376
772
854
828
941
749
15
741
655
504
807
840
499
542
377
915
934
965
674
695
810
654
501
379
379
498
609
675
659
913
843
806
553
805
772
657
751
721
775
850
321
931
930
780
516
657
606
757
709
651
927
648
984
748
612
356
747
716
351
715
649
841
559
665
770
937
610
351
768
910
355
382
722
809
606
766
744
925
907
939
790
382
899
509
613
826
372
1001
848
781
790
537
906
374
532
1008
922
911
1209
726
650
849
513
819
932
790
373
674
682
663
831
542
685
818
811
938
358
894
834
666
661
910
906
661
375
932
747
812
810
23
350
810
851
678
649
500
903
909
955
15
552
723
680
771
686
705
786
721
606
719
803
715
498
813
895
907
822
610
500
996
891
842
815
929
652
561
607
605
354
730
375
13
936
841
925
651
910
717
605
819
611
806
868
501
705
814
340
740
356
910
795
698
608
693
915
718
835
690
769
848
722
547
851
927
688
330
550
325
668
912
254
813
515
368
725
724
944
771
776
508
951
765
642
334
838
713
668
729
764
565
859
305
382
1040
544
643
645
794
865
822
363
650
1187
651
924
988
838
749
563
385
552
901
1006
850
378
677
502
648
347
759
713
511
603
519
905
682
827
644
911
895
352
744
817
536
761
694
771
876
531
1043
893
388
748
879
562
1000
821
1005
675
897
662
655
815
354
743
693
703
691
925
509
879
799
921
608
837
810
386
808
1213
881
771
768
653
709
718
921
498
613
752
739
604
767
610
17
350
855
375
651
755
938
769
677
654
712
499
688
839
698
834
306
671
957
772
774
549
18
935
864
888
711
896
288
926
689
560
285
775
337
847
602
851
535
764
919
512
981
556
534
564
805
1238
738
501
677
611
871
757
780
612
641
720
686
535
803
360
845
773
672
658
385
359
647
288
499
756
944
653
776
1244
777
305
614
916
848
742
414
933
727
665
779
729
710
755
733
381
336
609
697
504
744
517
704
1422
702
904
673
651
508
18
352
385
721
646
344
768
936
342
678
512
598
793
360
606
655
371
778
718
967
651
716
852
394
656
291
505
614
842
728
912
357
739
287
938
547
533
642
978
532
858
788
696
761
547
616
893
680
725
346
839
725
987
916
658
745
679
812
310
877
550
680
543
304
865
732
761
733
1043
649
603
780
1056
894
647
354
508
508
516
824
825
694
513
344
820
954
998
514
773
898
956
646
827
804
554
417
818
832
327
349
700
721
718
774
827
734
915
950
892
630
705
371
711
543
693
327
701
716
906
758
727
778
963
643
853
673
641
609
714
917
687
943
919
504
826
369
870
891
351
364
811
14
859
820
675
713
412
843
604
722
538
830
341
18
967
536
655
620
1190
969
949
364
629
345
682
702
859
816
730
695
594
911
931
670
867
902
29
708
1069
769
323
892
733
945
532
926
828
916
1426
849
857
863
765
752
904
821
1032
595
608
762
844
836
749
654
676
864
904
912
671
940
284
340
750
707
934
1040
760
517
686
287
361
681
731
716
922
791
599
975
731
328
815
291
605
879
1013
1009
663
900
775
304
915
519
917
734
654
779
892
710
829
827
927
592
590
725
844
607
736
651
685
648
969
528
18
343
902
709
800
1115
698
609
657
267
678
824
955
538
21
838
641
723
617
805
328
941
737
558
509
889
602
831
597
359
597
785
817
746
720
828
30
302
499
286
821
895
659
961
267
818
766
548
958
1021
694
898
781
996
806
936
825
817
27
289
777
843
513
536
661
76
862
857
963
774
666
575
923
695
869
647
836
663
662
640
975
656
800
648
960
366
837
759
507
753
1044
1089
836
814
672
638
304
700
852
347
295
678
735
15
304
899
667
918
631
790
1054
624
355
937
717
959
552
799
691
936
899
320
816
728
551
950
968
893
699
850
902
756
355
664
700
857
344
531
835
856
832
636
967
734
744
367
349
995
961
967
927
934
840
914
1253
732
747
612
502
910
962
304
316
1028
642
672
700
866
966
652
285
827
19
855
823
739
652
861
288
648
728
925
665
919
812
368
996
697
372
1007
683
784
832
521
788
762
818
924
607
713
957
968
917
283
919
911
605
949
830
716
767
667
869
694
681
911
515
498
656
664
850
715
23
968
980
504
889
978
809
516
634
869
741
946
717
752
957
822
639
643
660
951
833
820
741
838
668
754
722
921
928
954
890
846
591
911
718
923
644
804
631
714
744
627
945
672
322
916
806
547
1002
883
802
314
563
558
717
966
338
901
622
649
794
675
345
345
254
294
785
704
839
313
858
900
747
821
695
967
937
560
578
599
863
322
777
801
801
864
755
721
846
525
712
614
783
748
660
979
733
865
570
980
922
951
710
798
302
21
888
564
988
926
946
770
949
644
965
690
805
687
956
1028
387
599
931
597
945
853
847
711
339
638
778
845
312
701
845
670
553
857
656
965
19
734
733
738
943
982
601
582
956
876
850
364
1026
694
803
791
566
662
739
659
1116
844
631
658
546
288
544
537
755
961
956
794
894
710
456
640
565
600
878
952
994
807
902
970
775
778
458
901
552
648
709
722
486
1034
1005
611
798
993
819
560
650
781
852
733
816
925
1024
875
741
858
862
542
929
389
685
706
719
706
608
960
771
792
763
773
703
536
899
735
286
1188
501
650
300
957
768
692
849
905
625
777
502
817
956
979
700
516
583
286
639
24
944
573
494
677
415
557
804
944
821
496
982
747
587
875
695
749
745
829
1029
695
732
1246
685
947
931
789
559
1195
796
562
301
994
790
990
696
588
20
881
1046
674
559
1235
824
663
946
1025
349
641
633
499
766
994
871
32
344
780
23
837
503
478
371
994
499
1058
932
1121
903
579
856
880
305
863
318
870
687
287
920
897
712
1049
942
528
615
572
286
891
572
818
770
692
907
588
689
1023
324
591
639
776
781
747
76
931
557
966
689
675
931
1003
732
33
643
812
632
793
1033
884
676
853
347
1228
862
887
559
335
77
924
286
339
981
507
784
890
355
674
1078
636
942
557
722
33
292
882
776
918
316
832
308
618
797
853
550
637
560
577
779
819
697
1029
769
1140
1016
1198
484
851
894
304
635
595
290
737
416
789
869
709
515
905
632
740
597
1114
358
515
346
864
702
955
958
292
32
768
901
838
518
911
641
989
833
620
603
665
1112
736
615
838
1031
1044
456
617
704
612
1026
521
1257
715
580
963
601
636
315
702
1017
864
1105
582
815
758
782
841
796
584
313
592
636
647
878
787
929
1085
622
951
578
825
1309
566
977
45
804
846
928
606
777
936
544
984
497
741
698
1071
953
343
303
813
1127
665
887
291
348
729
644
467
575
866
924
1241
1414
836
588
1015
801
701
930
615
692
636
792
598
768
1075
906
947
388
711
1104
868
611
77
803
1032
912
609
249
830
294
728
791
636
1021
290
1376
1010
872
1103
852
987
587
622
739
283
896
1010
957
592
582
1229
781
953
348
444
1030
730
983
952
1018
256
589
369
893
28
728
645
1003
317
458
530
865
770
797
1238
715
352
727
306
714
802
757
869
758
560
692
540
254
590
405
915
679
558
744
289
301
1212
937
715
832
525
934
618
325
674
1264
1231
74
627
564
898
844
951
765
652
503
635
624
23
553
1025
524
548
1195
877
682
306
604
700
589
931
1237
920
813
1103
592
928
707
666
740
293
293
577
959
608
948
1216
686
903
838
289
1226
961
903
618
289
826
978
873
473
455
924
900
485
966
523
593
365
235
752
531
874
993
336
970
486
655
323
793
676
1207
948
674
965
579
689
75
633
978
1004
414
510
511
563
1420
640
944
606
923
561
803
1413
968
11
740
834
920
1003
538
625
837
725
473
891
304
561
415
854
949
34
889
25
505
933
855
516
718
269
926
1081
303
673
640
915
267
1315
1377
334
736
306
1085
580
486
1089
686
853
605
1230
308
211
790
146
760
292
1052
997
545
835
963
807
782
1192
458
711
589
330
823
660
591
542
800
456
743
836
541
634
989
617
896
237
943
762
73
636
497
919
307
897
955
857
1034
328
302
851
541
950
472
742
777
299
980
76
296
942
871
373
317
696
552
1038
587
702
197
597
904
946
331
11
656
851
634
86
970
969
693
589
1073
204
574
132
962
285
824
974
787
1004
568
76
886
968
328
29
885
299
700
635
1054
978
1089
652
294
1405
1314
856
889
395
541
639
760
573
377
489
655
1027
951
787
623
745
1045
981
608
196
1007
443
1248
671
599
441
287
555
577
989
434
235
413
314
505
1038
995
1084
1008
617
813
506
259
177
783
647
219
441
557
1048
1414
303
1252
574
593
646
713
1103
299
285
1072
816
71
1014
701
509
196
910
1005
960
1059
239
478
549
695
233
742
1024
235
921
1206
1021
568
632
372
929
902
731
837
723
744
1051
1404
1006
965
477
977
323
416
1417
1399
747
820
110
974
872
1042
1004
262
76
660
500
1045
1267
999
392
727
179
957
215
332
1063
933
64
853
478
66
888
261
257
870
286
420
748
1023
608
363
1229
337
775
932
1037
39
621
595
523
654
528
69
848
380
768
923
495
1006
197
1040
178
1012
799
880
930
657
929
842
216
774
858
176
21
972
353
1019
784
799
623
1031
79
991
217
987
1115
215
518
797
1077
632
1082
973
971
1029
1417
238
568
505
694
467
997
1405
274
822
301
1001
451
854
192
1127
540
934
1056
1042
802
1316
459
287
178
868
305
310
1011
255
508
1253
466
239
662
361
27
1235
100
239
925
1096
536
952
1131
964
217
1418
727
959
1252
886
965
961
693
781
63
1123
1402
575
204
463
778
814
967
1213
72
311
1128
1240
16
1211
410
789
31
1060
179
330
550
954
1014
404
971
282
101
32
412
843
1070
302
26
66
957
251
1043
556
503
1053
473
1083
756
751
208
963
195
416
525
948
645
255
194
485
951
1057
950
196
420
802
539
826
483
702
372
1196
1287
975
394
292
1088
197
618
41
599
56
1089
1093
607
944
678
683
637
209
985
34
482
908
1316
23
905
1269
1051
260
985
251
1037
987
389
988
849
1130
986
908
880
925
1252
1096
760
208
624
298
719
216
860
283
361
1207
503
866
1003
176
218
34
763
1023
885
953
1040
194
311
1234
215
465
1092
1125
207
76
804
1207
1230
162
882
349
470
55
997
1035
794
175
456
1073
378
418
1193
213
829
304
76
837
876
701
55
1098
48
960
777
210
295
89
692
931
193
252
328
222
332
840
664
930
1157
398
640
1032
645
241
300
78
889
212
539
223
236
929
459
295
23
699
17
237
195
885
753
609
984
302
194
884
314
1048
718
1086
423
975
40
859
454
408
1067
215
477
508
1234
950
900
970
652
619
240
1091
1109
29
96
983
161
983
586
444
562
233
92
530
821
221
238
943
486
703
993
267
159
91
872
983
980
959
1082
571
234
743
1068
185
86
145
1246
884
290
992
238
800
643
197
959
891
212
521
379
162
1259
46
987
1000
884
470
1251
1020
981
1079
90
843
593
788
913
872
413
289
1102
66
991
953
886
279
333
1396
307
224
734
72
197
1129
283
208
247
1078
622
662
237
998
186
800
234
1268
867
384
213
283
997
1059
297
1265
79
261
785
814
846
621
900
1094
176
460
217
237
557
260
309
668
858
322
639
1004
80
1070
1096
213
1244
1012
897
229
197
986
255
338
757
1231
411
419
315
259
793
1228
292
978
971
992
263
479
257
912
901
68
999
287
1426
956
1253
222
285
285
230
1188
210
77
917
1050
421
47
460
714
916
255
1009
1040
586
224
952
970
227
1094
805
996
89
1074
811
1101
239
186
1099
675
621
843
1156
1070
957
196
1112
446
166
684
362
370
565
255
965
1007
874
782
990
82
11
73
1033
232
460
39
835
235
1203
868
1428
980
483
211
767
327
754
36
298
881
299
1081
999
768
58
905
35
1420
976
1087
415
1232
906
452
261
264
36
185
1199
179
895
488
980
828
683
312
397
226
1115
1045
448
916
1057
420
314
1306
1027
393
308
982
1218
470
71
984
982
242
334
1097
1238
846
371
1268
258
884
1035
283
804
52
578
1191
1269
160
325
418
146
81
1261
538
86
1103
1305
881
162
223
714
984
419
252
307
1203
1401
282
750
911
1143
176
825
1088
248
197
1048
416
1195
885
1224
781
947
1113
1086
712
1248
980
54
1254
99
297
248
979
547
86
67
833
789
108
1106
88
883
1016
1188
212
811
1264
1094
386
595
1083
87
158
676
734
220
1195
1202
39
