5395.609050048465
3575.3027788694108
2612.346714597653
5488.449593063919
2779.3422711640274
3348.9295272101263
4188.946949744363
3336.629090896974
2761.3561596662444
3073.6236881820278
3590.9645667971304
5053.053446983106
3354.5482638017725
2584.8456752353136
3600.7190664474324
5439.145815834884
3319.844763124233
2179.3422810385
5748.931483738552
1962.2121119643405
3360.397646107326
4693.985425451621
3571.6917079737127
4159.10561071549
4391.168822970225
5741.132491740479
3919.9299222695395
5505.111688831219
2884.4788684101272
5946.325095022036
5631.257260544322
3482.6255196966167
3719.63466454732
3335.8258896026823
3580.8395523717973
2636.0164240274266
5944.250138423637
3343.993925024059
4160.151441581273
5633.3012431053385
5392.7125216167005
3620.7600617485123
3611.895892009775
3361.356151112625
2195.265416612021
4703.315708175439
2743.9939349144825
2460.347943293047
1959.9434917336873
5054.107372948689
2786.6434908333167
2464.135615090452
5942.170753709723
2717.0035788443274
4685.596659463635
3071.734968721211
4691.732981440439
4395.098247384307
3484.8309053943203
5639.631636083472
2245.95306151113
5665.62380137114
3850.282231754615
5455.413500130698
3473.0835086555094
4158.2415101154465
2771.181197910789
3009.396889686664
3720.83641232721
2941.941194376273
5050.975983255938
4448.704075529307
4632.537398235577
5780.618668415675
3450.9289409774806
5441.215782328363
5206.321025068191
4820.092625728231
2328.0429774613526
5070.042996549235
3216.215456296667
3338.625974371781
4779.749451565261
3211.513630120565
6037.472358767372
4178.420235733751
3579.1456534819745
6120.75161697049
2312.6483879148664
4455.321263736789
6115.075619970686
5261.400788213464
3065.7154734789406
1940.3767129836378
5177.186565314063
5052.3641093905235
2305.005097212134
4964.429360057906
2457.1130260598106
4395.738238597831
2982.9107351811103
1834.7033007054679
2107.3838199613824
4013.2349872293776
3598.1069792761314
2589.126636320546
5068.481000219341
2888.774115330503
5787.790455057689
3627.1831973932963
2175.7552843540407
5205.856722765753
4992.983378443889
2185.9403127105506
3447.3640524754856
3015.8613105021805
5340.090178290089
1635.686311875309
1941.9317183273977
2031.6968248395058
5926.572138527469
2854.4727749696485
5630.648074127599
2617.538532750042
5502.29842287415
4928.730621126057
3741.2308795946633
1253.725483595683
2334.7583024372443
3098.528754641879
5443.248697734699
1911.2600772489125
5625.224958945657
3058.549193955105
2795.5082688403945
4997.1429758620825
5431.958560888995
5976.614961816548
3665.587934064008
2305.6557908332657
5194.455504510584
5323.947237595243
5139.5727754660675
1642.4600089986739
5920.510967559086
1260.347954787703
1908.3764879968164
2734.052307727677
4100.7098762067935
4402.902945091735
6028.108496295747
6234.179860163816
1553.3497231439546
5505.819875420522
3030.874397245002
4678.906438754772
2196.487268773391
3588.9469559629665
5310.808191966056
3631.090818967704
3226.0827117211015
5635.321764663712
6077.506769160913
5646.876491405269
2466.5164693312763
3513.0996882334675
5342.170763190766
6067.668644238691
2354.9493345907904
2741.0524718604315
6100.967432600474
4656.212582354969
5741.299610524935
3118.892852722333
4137.7907861052245
1641.3857556104917
3293.215069362347
3394.8620861091003
4686.697249167017
1265.7154973315742
1652.2138964559103
2247.985013570721
6108.3450910958545
5234.488053430884
4926.15569038836
2912.458089724189
1932.711475875831
2083.783515676181
2743.7480627781356
5302.610944019591
2727.867345209546
5627.164541764911
5627.393901947029
4452.364110064982
3500.891861194577
4829.046885885582
6253.032408204438
2732.445885305018
2998.7507707664017
3949.991455997773
1141.2019535694756
3901.9088909384755
4617.819209049483
2741.8534946077893
5933.29696427515
5777.186557370654
4026.479299118005
3893.21506444639
4831.958565293814
4310.844048934144
3141.534195110309
2619.7330026111385
2085.9616285481607
3052.16195344308
3672.4971922132513
5330.9700790678935
4685.555908205969
5333.711917351498
3853.885933122394
4291.700620684733
8089.349304120256
3321.5555438844863
3094.8622142648014
2294.187615115966
2311.1872561533723
1551.6386244435646
3499.0699820239397
4011.895375036876
2860.433843179583
2774.9538718987064
4649.964947504566
5179.192681059792
2541.8564344078313
6057.582110536886
5764.869553143988
6034.574917242027
5909.945422718503
2855.6700941408535
3632.863916029488
65016.167587751355
5178.196836734466
2815.9284314976444
2574.6698321432286
1353.2406807066893
4141.72712235504
5689.957271169041
3017.7525587362597
2155.673203310086
5930.404116146047
6040.097655174398
2111.503423941443
5448.043414049334
4584.301352951938
5788.842995786337
5634.836399326506
5625.882167277051
1898.0968258010862
6217.78314244284
2331.187467293079
2190.42406980191
4114.5956596448395
2144.4364001797107
3009.9045123875344
2129.3604845998016
8072.399800150803
2197.141276673242
4778.591514310056
5889.888276116979
4183.858801265138
1267.8575470403264
3296.912120299161
4995.590428292448
2781.2243527608985
2622.1944435460327
5583.6481608757895
3006.669136104673
6036.324086682567
3873.271926184717
4116.622310037245
2098.660512259175
3737.4638772086364
2332.944120392914
2601.6816256722054
5012.803937615607
1554.0584907879702
2374.785937456837
2429.4165966101145
5648.307894661572
6054.408464119571
6049.421875966022
5177.229863768515
1539.8299457834694
3191.5354971612455
4100.4747338187
5931.823759310442
891.8236840113022
4596.930831342295
1660.9565474279052
5888.791534708309
5523.763231435515
2192.545721440824
3712.772372430289
4031.010176881267
3897.1904851245545
5342.292535341809
5341.284239650062
3754.1158131053976
1412.6752138233749
2435.1615250821687
5562.977786360192
1269.8328718668529
2355.6796417451305
1412.715681297443
3738.7489619533085
3549.166966887738
3066.516464478226
4552.4034750895225
1541.8535039312433
618.3707918854677
3506.6597652919527
3471.7202075129135
5595.862563295558
6065.532159674113
4308.548764354259
64416.167601665016
4351.568170899891
3551.9050438557847
5493.570937696306
3301.1282710500095
5227.301255975283
3052.973054521405
4645.952938446095
1935.9272003151918
5974.656835282676
3521.2330804053327
5435.514910666328
6047.74005640313
1640.9889176937147
5932.699079002355
3638.7562555916193
5921.922377440896
1590.3673505356876
2190.7110447959417
1130.3543973198362
2603.356479080037
3510.2204685632832
3569.135585455645
5655.681122414773
5297.613121687299
2275.534591931598
5996.433382972118
2054.01057473764
5129.285282346343
2437.954500855527
5182.060014279201
3658.1578489403582
3658.076054909295
715.0550454306116
5923.358870785351
3315.4563079759464
3088.2755998622265
3365.13963824276
6029.000279612349
3056.970290118782
3710.0968066149303
2792.5457169105625
3715.4711254970443
5738.87516096352
5656.465750824676
927.3373944731597
3054.9753249241758
4889.241147872872
4271.58563181161
5096.556066027592
4344.841351506664
3771.053457270085
3051.0558108266246
1022.0825589099306
4100.8124500965105
5573.971009620675
2454.5308787573176
2105.839452095748
5646.506522221344
6165.934759208554
2545.881693341401
2749.158894048662
1006.89682504861
3019.142731660837
4916.573473051627
4348.846290596901
2410.410809195957
2445.4090285571883
3049.9796833768214
2913.7942302908723
66816.16755094277
5334.061914132715
1005.4469263372804
1526.7092148808422
4010.5755363629946
4688.87347946032
1672.8383820866875
2037.8057853841087
3054.5308766349335
3335.5859609539507
5492.989102424708
3929.1124454675964
1669.1215108691492
4923.763232791542
4219.956575291596
5429.016438820446
