0.02465725489349827
0.023028397563653456
-0.017327026079326124
-0.009008029172010077
-0.03609525776983807
0.007198798029457653
-0.007018152431257701
-0.008029238410713728
-0.008860525548823588
0.00820297491174179
-0.0120110784238256
-0.025045844038273132
-0.015185656649105641
0.008549540260972073
0.020922906825578434
-0.015967539226342232
0.025870496475227156
0.02087751727341869
-0.0045764625336376236
-0.0060983661286366925
0.01747098343196864
0.012123772060276572
0.015377848760195748
-0.014172552320908818
0.011193369400004908
-0.0070599138621245785
0.013467153251361084
0.0156859778076835
0.010719164887007322
0.009023290342012753
-0.012798072096478836
0.015358614224456495
0.018135233326840642
-0.013012392033222296
0.020822673182539584
0.01506870501780379
-0.007729520375366067
-0.010091463821442478
0.008912530882887853
0.003673034762239624
-0.0072142155840093794
0.01645770536638692
-0.010242565251675408
0.020480574109560095
0.011806181224483792
0.010925117623422608
0.006373497006151666
-0.007716712639525313
0.008067093645712725
0.0025724360262699537
0.008455272405330496
-0.012903792137460462
0.006085389502072305
-0.0043877354423695674
-0.01301583758548563
-0.003313740663390895
0.00618139407158264
-0.004683621295934215
-0.012971637311993732
-0.007848478942196877
-0.007335425497697453
-0.006198344865684955
0.003860641483813804
-0.00465866531324885
0.007395252619960195
-0.007278843885377973
-0.009202232571763473
-0.010951024881006684
-0.005109399574691043
-0.011131081849346821
0.008315267829635228
-0.0044260927306745655
-0.004639183819445341
-0.008726409175038818
-0.006849191917232031
0.013625567208722378
0.013218266523768856
0.017121304660548436
0.0045479110056076775
-0.0062726598681484965
-0.005913345659748057
0.003345661669754151
-0.0028081338565307604
0.00855926836661978
0.0026530567509735186
0.006026417408277178
-0.007869701666210349
-0.024394611681068816
0.00621124341218586
-0.004957227125496034
0.004321638724114332
-0.006249452683442624
-0.009718570106252147
-0.006724296256810755
0.008599562663924627
0.010435538965225467
0.018833194946599116
-0.006640374671057874
0.0029452803041427017
-0.016989684126584637
-0.0075961054766086646
0.006698333811010267
0.005650044382102338
-0.007883142516611591
-0.004864596182887118
0.006993773727042413
0.0026918109245418426
1.6537931166953865E-4
-0.00939827117968279
-0.01990831837558175
0.002322848661650365
0.025337962115281214
-0.012201576174823321
0.009011896988873716
0.016720999238620846
0.00923748774296359
0.009251531401687088
4.5564583358379603E-4
-0.003503570102033186
-0.02181716984941155
-0.006890468489794382
0.0026110211544256075
0.002486471416036606
0.005336621719532025
0.0072777111178861
-0.006574804570295688
-0.00847113138020201
-0.007295764361179997
-0.004133798554521569
-0.012074507194064799
0.020054269442634724
0.007465415487676237
0.0031503505999709177
0.004857306549547344
0.0032072636553976516
-0.013321181061050551
-0.009994311365334534
0.007241143408049552
0.006100206046163024
0.0055801882572504005
0.0036873721512332186
0.0028646452213781162
-0.006261155042321331
0.005427519337163743
-0.0035827863392862017
-0.010963013763256726
0.0065012915076373655
-0.004754012941387352
-0.014245266566914576
0.004554141402154952
-0.01344416805767351
0.0033130298732565212
0.005792528055302263
0.002806705797661071
-0.0034944538598494024
-0.002971535714105444
-0.013061635167701693
-0.005485075665152991
0.0038747502631465078
-0.005025684636126372
-0.005923518011168947
0.0067357945009768735
0.009556627348979616
0.018846937034466986
-0.007343148362352107
-0.016455332468193116
-0.005265575659847744
-0.007492011197143011
0.005323747280350154
-7.26788477509533E-4
-0.005659828356195879
0.004425968060279562
-0.007899870774082891
0.001711309411416735
-0.0037662249707414545
-0.017403999160463236
0.005892488044576954
-0.006946240335721768
-0.0050352962073629175
0.008425218414692539
0.005150101618490749
-0.005783595270382259
-0.004651726224849643
0.007620248973228408
-0.013909805145753119
-0.003753234432069237
0.007262734338026672
-0.0077433916446964434
0.0047016772212082536
-0.015551970068820137
-0.00796495976059591
0.007225358838877642
0.01477304598962346
-0.007296118798490645
0.019083488919287184
-0.007805689423416843
0.0036049860548583042
0.004139428719981905
0.013307405489289523
-0.008445427980996876
0.0149718079194763
-0.016182255687515117
0.00383704022174598
-0.0041905065464277426
0.014593418619671214
-0.008404386738529817
-0.006356852198636106
0.0045915689083500365
-0.007554303007917984
-0.010617644128206555
0.009910708426063048
0.004709680804230314
0.0036067385104726858
-0.0029768417535857715
-0.007015887694736963
0.004143802160482191
0.005402952204350614
0.007960229644786274
0.0014091708063240557
0.013317238495631894
0.00357486051981211
-0.013840424722343965
-0.001652833749345849
-0.002309905121515434
0.006388860025070953
-0.0027466931729956488
0.006343066086512706
-0.010867513601673361
0.011824152634763866
0.002038745963507367
0.002653795229929889
0.0043322885850536905
0.012216882153767303
-0.012420902648296933
-0.004982346271552981
0.0030503686701181102
0.011252679293436535
-0.0034401801970824356
-0.007811941383512055
0.011926129364090562
0.0035261281131121302
-0.007103620268635428
-0.0025799467011145875
-0.0030048034316524333
0.003800796048635329
-0.010568807151521148
-0.011858517061102039
0.012005301037940964
-0.00786063966361889
-0.007668805706621509
0.007895920681036103
-0.005026542288699657
-0.010629809286318789
0.0019129097094358362
0.004211759519600297
-0.0017216843090940713
0.004279179080890392
0.0037135804395871993
0.004075143880706716
0.004128422143763625
0.00254104734839944
-0.005778648939918139
-0.010552244694546182
-0.006787715796622227
-0.009570621598165872
-0.0035599607554814075
-0.005186322648633409
0.004427879625862778
-0.005288403877515693
-0.0023586437257465875
-0.0033405798917121926
-0.009691217626453459
0.00312377852684216
-0.0099396208872034
0.010985244194894862
0.0071395602882005135
0.011826151256859284
-0.0014295465812796447
0.009953603425841282
3.352307352375963E-4
-0.006851949595979114
0.0032978848815018147
-0.009692361082589999
0.010166353967501216
-0.009270278566165933
-0.008759238985556833
0.008622089753198073
0.007620031053227548
0.0023361167231964065
0.009526862933213795
4.4989113757817244E-4
-4.002127449633732E-5
0.00579286540544917
0.005231604630069815
0.006793514188667184
-0.004402758213509545
0.003223948941415626
0.010808780207945595
-0.0030572775608371373
-0.009456054679100786
0.009455089584760254
-0.01055434348071473
5.063718478212945E-4
0.006000888889899705
-0.00878430512631832
-0.010464454826392097
-0.007327897632711674
-0.009143461024106386
0.0018593665679388222
0.004263873712985585
-0.008619056603120253
0.0029730281399940367
-0.00520595789829682
0.00882563753329747
-0.003028891295470411
-0.012277340965037142
0.005467821563332011
0.008556893106362824
0.0021465407019215076
-0.0037316496137314095
0.00937791299090086
0.0020270165955535587
-0.006159744736557995
-0.008694240882911024
0.0053695843656410775
0.004164511981574679
-0.008728625137986732
0.007976022387023062
0.00817229380524715
-0.006633402932346777
0.0012697843752998309
-0.007438397275387738
-0.007381406094094731
0.005884040472959981
0.0031303794090572715
0.008290748414270861
-0.001365950651251029
-0.006594043781214469
-0.008634362374470529
0.0098957165620422
-0.0013930199694636148
8.978171477588146E-4
0.005651555477839232
0.007824845899872661
0.004273260185004951
-0.007050027086121482
0.002440434914967147
-0.004775009343285133
0.006150115341635146
-0.007384390764064966
0.007195587542251522
-0.0017530186122865117
0.0026771760620136367
0.002578863269679598
-0.003361720188851878
-0.007088985557637975
-0.007887332947021791
0.007687424960997579
-0.007276036003663299
0.007703020404228815
-0.0030732847494959795
0.0013626798906859118
-0.00417872924324804
-0.001210189550402139
-0.0017960007935710674
-0.008186248570185871
-0.0067126246137467266
0.00705056478136837
-0.0021513227973515687
0.006780064951055386
0.0012337503779013452
0.00281833953114968
0.004847614009814698
0.006737384565006482
-8.43764680267272E-4
-0.004931921375971371
0.0077169112075233266
-0.007441930988607784
-0.0016624104522786427
0.00811016949183523
-0.0013087250423074077
-0.0032469015685967066
0.006659104295488285
-0.006406682684369095
0.006857275450368911
-0.0070238504846509295
0.0053401596803724005
-0.009556828635967612
-0.001373084915880645
0.00655571268850818
-0.006581048068487168
0.006716082694215911
-0.00712288108686605
0.0014169587559986414
0.007161056410527114
0.0013211672419316987
0.006660884952626751
-0.006340335065957817
0.0043598748866602735
-0.0029005271459251487
-0.006820913843543002
-0.00640506506771119
-0.0027733958112382312
-0.00642140794287834
-0.004243130357340417
1.6098590592936396E-4
0.007468403573620751
0.0049463468705342965
0.0063397879606994
-0.007754341609815749
0.006082310759331756
0.006414564949978718
0.004012106438610032
0.006159565034661871
-0.006007235879414214
-0.006188685731971088
0.00611941959910753
0.01361025236567954
-0.002821154113753725
-0.005912523777687584
-0.006033449304148826
0.005775643313636404
0.00587811137220735
-0.006304666837033396
0.0024948990375643566
0.005621187926162051
0.005214231477797153
0.005761897536327281
0.005901994217578659
-0.005880281813394473
0.006232821920082864
-0.002553553001238974
-0.006035465719585156
0.0059423696365934996
3.7818352950301786E-4
-0.008463045771179985
-0.005047291234235563
0.003756075853015282
0.0020328576925603002
-0.004749481178548059
-0.0031643736624811037
-0.005738371710075565
0.004403588521721053
0.002246410835510574
-0.005607199205676641
0.0059514355209038415
-0.004140925014702796
0.0031678239845300236
0.002193436760249388
0.005823991368259718
2.708632931235352E-4
0.002077378407551924
-0.005536568045658869
-0.002166769093141397
-0.005325473241603499
0.005120503807440076
0.006118774199891224
0.005397165681021553
-0.004887628390981586
0.0051266686364901
0.005460102216627711
0.0054035008105808744
-0.0032488471045597285
-0.0032863477218262223
-0.0022687823857567447
0.004924095550771812
-0.005005852727646986
-0.0011931375469631297
0.00528056786690439
-0.003983514835377726
0.005172714100667178
0.004689947690174496
-0.005063710546334739
0.0025965266561943697
-0.005112506524110308
0.0031782636886319967
0.005567333966408098
0.005072088215209289
-0.005781646599578646
0.0020392393939337693
-0.0025843683768609032
9.026838839408248E-4
-0.00425944699928344
0.004794174031255724
0.002247848086009515
-0.003791717532804694
-0.0046150957393142015
-0.0035425331566149524
0.004652154607606539
9.068891021663102E-4
0.006882725334046492
0.004722347588705498
0.004156577226678462
-0.004871315007918613
0.004674128900456586
0.004733302507143118
0.0036624314532905573
-0.005161517422254967
-0.005201076925071166
0.0023577071453847118
-0.004400266239069596
0.004617919953164393
0.004310169596688293
0.001465423856333973
-0.004438031681785244
0.007262913836538891
-0.003512103690229683
0.0024754547310435787
0.0045232115649264625
0.00428340875463951
-0.0014311380219005627
-0.005600100029995963
0.002803430610741104
-0.005063729416604113
-0.0043212171295713
0.004880152673791609
-0.0041728975057556674
0.0016899248738603283
0.005283747142048301
-0.004175773766077357
-0.0034858302322582266
0.003943664924881217
-0.0019166246427163506
0.004162063793539722
0.003986393790257131
0.0038455603029226245
-0.0029141693394122152
-0.0028408128462768774
0.004190728696720778
-0.004419583764223111
-0.0026780096077904823
-0.003993648203880725
0.00434639794465994
0.0037625502927183803
0.0013247474193645674
-0.0041774810764458195
-0.0016155723660522966
-0.00367182698582913
-0.003909079533137334
0.0017345900084445554
0.0013809724734631782
0.0039369535957482936
-0.0021298255996375333
0.0013318303038709035
0.003941744985257616
0.004609742700855558
0.0033423618169983013
-0.002466786538099236
-6.778046982956814E-4
-6.241895140823492E-4
0.0033543922398520994
0.0032370882210530404
-0.0036383147242807653
-0.004827604382189569
4.982968705371715E-4
0.0035426211767626125
0.002640947557267422
0.0031568791124680757
-0.0016913805060637728
0.003321905563208791
0.002952806908071731
-0.0014870135916574179
7.539351434154296E-4
0.0015146029534838107
-0.0027157666411475106
0.0022476497831847267
0.0012873047180973322
-0.002860469144595302
-0.0015162832214690447
0.0029373220701544244
