2
2
7
5
2
1
6
2
3
1
3
3
5
6
1
1
3
8
6
3
3
5
7
3
6
3
1
1
3
3
1
1
4
1
3
2
0
4
1
2
1
4
3
3
5
1
6
4
3
4
5
5
1
4
10
4
1
3
2
4
7
8
8
0
0
0
3
6
1
4
2
8
8
9
9
0
5
3
2
0
1
0
6
11
5
3
7
0
8
4
7
5
7
2
2
1
1
0
2
3
3
2
3
1
10
5
2
9
4
6
3
7
3
3
3
6
3
9
10
0
2
8
6
2
11
4
0
1
7
2
1
10
1
11
1
7
9
2
9
6
0
8
4
8
11
1
8
1
6
4
4
7
7
7
0
2
2
4
1
7
1
0
0
301
4
4
1
2
6
1
9
10
2
1
8
6
2
3
4
2
7
5
4
8
0
8
10
0
3
2
4
8
4
9
303
8
2
2
2
8
7
0
2
8
4
1
0
6
5
5
4
0
3
8
284
7
2
285
1
11
1
2
6
6
2
1
1
6
1
8
7
10
3
16
2
1
0
6
355
9
0
4
0
9
2
5
285
1
1
0
357
0
1
11
8
18
4
16
0
1
5
2
3
10
279
284
16
4
302
5
3
7
0
1
12
3
3
5
11
10
19
5
0
3
1
301
5
3
3
2
11
16
9
0
7
1
0
1
2
2
6
2
6
15
4
0
16
11
4
1
0
281
4
0
1
5
17
286
17
20
5
5
19
19
5
0
5
11
0
0
298
4
5
0
3
2
10
729
304
284
305
286
300
7
359
0
539
4
360
10
1
6
6
9
1
12
19
10
17
318
611
669
648
4
2
354
8
2
4
298
3
283
3
14
9
11
281
299
10
7
1
3
305
5
8
286
7
291
305
1
21
2
55
289
17
6
286
352
3
5
13
277
54
5
302
541
308
6
414
3
304
287
9
364
1
11
356
0
2
0
6
286
291
1
1
286
0
304
14
0
0
283
285
1
7
20
20
16
23
653
288
12
18
300
545
5
10
23
349
1
305
14
8
4
49
292
18
2
57
299
0
305
305
292
357
2
0
47
359
3
673
3
18
284
18
50
1
544
776
542
341
2
382
2
19
365
369
12
650
42
4
0
540
9
45
281
43
362
9
6
279
12
282
369
12
374
44
48
373
387
308
352
350
1
3
609
50
0
288
283
0
383
2
547
292
6
284
54
161
55
289
500
0
556
20
316
289
3
279
6
304
24
329
363
281
279
301
373
12
1
9
281
412
3
24
216
338
12
56
40
47
7
282
279
21
23
663
13
11
392
1
317
301
339
29
383
2
53
1
41
47
369
300
11
19
11
0
15
4
196
382
381
3
4
303
345
363
2
2
1
308
0
11
273
7
53
9
516
7
11
12
316
368
0
285
1
718
10
386
348
504
15
45
379
8
316
21
298
25
44
303
538
2
508
284
0
298
11
3
40
46
0
436
12
0
302
282
179
413
12
509
55
662
62
0
610
46
42
9
12
42
34
0
146
9
3
0
317
351
0
309
335
5
56
48
19
349
5
285
33
314
1
288
333
304
5
382
35
1
389
613
48
389
0
51
317
2
15
384
216
1
236
23
32
606
353
57
179
336
47
195
2
46
313
306
67
38
12
43
179
218
417
355
40
41
0
49
0
53
3
62
1
5
45
8
54
5
58
14
217
348
563
6
4
197
0
519
285
295
350
39
197
6
55
385
162
386
412
541
13
318
314
333
39
132
4
266
430
178
415
614
55
15
773
2
215
540
299
720
279
1
346
12
1
3
0
387
214
238
299
56
49
20
1
300
178
513
23
7
0
274
309
197
331
284
432
660
430
12
0
608
329
719
431
328
10
1
844
0
196
273
8
2
390
859
670
665
278
545
178
304
663
289
285
70
22
51
40
44
3
317
860
312
5
379
21
13
8
611
287
717
283
234
74
290
41
31
384
298
215
48
606
667
235
0
433
314
556
386
61
351
64
43
177
194
363
13
283
322
72
285
0
11
52
63
67
567
673
304
24
284
315
651
358
288
53
289
288
834
393
46
8
522
656
50
608
820
8
351
385
0
2
214
37
395
145
608
942
509
1
289
390
12
676
177
285
82
816
288
277
214
39
58
350
4
24
9
610
661
813
38
769
557
294
55
306
13
213
284
52
218
49
679
302
392
34
44
70
355
303
5
1
555
362
303
0
43
850
681
661
56
53
2
612
1
289
76
29
162
6
298
61
367
236
665
296
948
22
47
367
270
377
315
319
276
19
816
39
309
282
73
330
511
351
3
357
314
43
67
54
557
316
276
316
40
25
0
64
332
4
6
515
295
327
720
42
32
57
360
569
53
195
277
45
266
551
516
52
607
22
551
45
37
285
59
60
77
526
299
0
10
416
608
46
854
331
56
6
40
34
35
318
565
306
319
2
216
667
854
10
290
362
27
9
666
303
310
315
291
70
22
537
313
5
59
607
892
12
752
341
39
215
522
91
297
24
213
275
217
753
833
296
161
37
301
71
714
238
14
436
68
59
39
664
235
38
30
12
252
624
305
38
287
318
119
14
6
325
310
757
292
274
64
13
389
71
551
393
365
236
61
36
334
312
318
19
33
345
330
326
356
69
523
931
287
523
57
521
31
45
376
380
549
41
2
345
26
195
63
237
299
391
48
0
389
651
300
668
292
300
0
855
194
35
36
37
9
525
296
73
378
315
295
767
652
715
3
607
291
387
59
305
34
9
50
176
539
21
329
295
60
43
918
34
72
308
290
383
353
301
385
387
16
27
239
882
72
26
434
112
302
661
20
387
54
303
288
796
316
611
266
71
714
25
297
66
326
177
17
548
319
40
437
315
52
286
161
415
0
321
179
386
375
36
299
787
33
196
552
328
35
18
431
289
237
290
15
13
2
61
611
390
323
550
1
317
72
309
162
337
20
936
287
2
28
324
554
218
27
33
35
354
762
318
288
36
298
420
60
259
621
62
443
178
30
845
67
549
858
551
50
468
847
949
50
287
260
59
295
851
6
62
217
330
0
286
4
777
670
934
79
64
365
65
521
0
392
613
610
367
39
61
752
26
281
558
46
659
41
240
0
6
287
2
562
344
55
234
264
331
329
15
20
29
435
161
179
659
37
308
509
506
713
347
300
212
196
63
0
559
756
213
381
833
92
1
552
68
271
23
514
412
695
314
42
62
773
52
730
943
516
3
79
193
519
388
299
146
520
80
514
4
245
613
358
76
44
76
73
58
25
49
261
26
360
840
646
56
519
312
259
68
26
38
54
272
71
334
295
330
781
660
383
11
57
79
38
510
69
12
840
36
302
517
238
265
560
7
559
54
35
47
317
10
385
1
75
311
280
271
14
282
21
524
711
282
394
317
370
275
317
277
5
603
25
177
676
178
302
266
522
320
4
22
352
605
6
261
238
47
8
60
548
843
14
265
649
506
309
334
654
10
673
350
536
919
16
388
559
33
929
264
237
429
314
63
36
754
40
853
332
6
717
46
537
612
417
35
436
704
288
346
66
663
392
265
314
34
17
47
349
655
0
29
534
100
397
27
309
273
649
9
307
83
11
345
948
54
0
28
2
391
516
610
391
290
749
1
272
343
45
368
522
325
292
350
233
822
266
547
195
518
8
68
62
34
546
73
942
65
303
31
236
235
286
380
10
386
306
212
933
707
67
238
841
306
367
824
312
36
293
513
333
83
927
835
69
860
709
287
304
770
648
61
270
839
68
266
162
39
435
898
32
318
847
517
316
553
75
19
7
519
48
823
34
354
371
325
675
848
259
661
50
176
310
266
194
285
528
0
69
310
1
12
614
75
278
14
396
553
80
671
817
240
69
261
853
283
299
758
176
387
347
260
324
15
296
613
293
524
507
925
81
6
352
290
26
722
1
37
304
312
239
259
558
942
261
628
124
657
305
544
313
292
290
21
920
758
517
334
13
28
884
125
938
518
26
194
2
557
389
366
78
865
4
549
334
55
58
72
564
77
0
301
917
851
520
555
560
838
416
41
354
419
708
314
549
366
265
17
950
715
475
312
712
655
962
653
616
627
790
41
79
15
545
550
318
282
30
240
236
942
32
672
288
792
197
327
260
348
70
326
763
76
753
813
37
315
33
816
4
859
78
347
234
67
261
160
629
314
323
319
274
5
788
435
308
857
22
13
21
236
41
671
15
42
34
350
274
42
238
994
265
286
391
604
161
849
307
266
78
32
30
364
320
371
123
295
18
11
215
380
763
302
551
80
62
335
785
235
656
150
10
555
709
5
81
84
20
908
861
235
506
336
258
264
849
340
282
777
536
724
291
72
51
14
3
286
391
275
64
258
216
41
535
346
9
614
757
126
490
32
300
665
867
511
38
279
766
344
176
7
423
518
335
146
786
33
82
66
758
266
160
347
51
287
73
32
561
14
815
849
779
975
603
87
73
1012
90
570
670
320
90
546
66
556
217
60
74
315
74
79
276
776
716
554
33
46
910
89
1
897
437
296
518
750
594
277
68
1014
43
35
545
314
388
36
65
737
508
154
337
327
379
434
348
1044
13
233
77
81
293
74
260
330
360
160
418
308
38
268
28
283
38
539
349
72
293
817
24
18
46
924
522
384
71
370
313
261
889
1
28
20
638
559
25
32
153
1
269
67
310
293
287
630
68
63
726
293
146
177
27
18
31
37
364
81
20
80
80
856
546
814
307
66
81
304
385
74
235
922
29
80
574
390
885
248
33
281
78
67
0
313
73
608
55
420
65
175
724
535
3
512
850
515
91
3
234
397
293
614
857
21
613
162
34
917
658
78
1
775
666
784
771
59
65
520
657
399
560
495
660
193
3
754
1
276
79
354
77
33
0
552
356
351
538
842
14
53
176
650
310
66
291
355
82
212
668
25
328
940
296
234
751
377
237
4
43
717
81
292
335
89
353
852
239
935
45
329
767
54
515
614
276
60
27
72
824
62
525
415
84
658
314
295
312
59
297
603
510
371
390
289
290
336
726
888
319
660
274
829
14
109
349
659
14
275
321
760
552
282
78
339
906
22
417
36
48
614
828
294
998
668
284
41
68
322
262
856
239
18
842
425
31
396
4
292
307
612
548
178
75
315
71
564
188
774
74
349
22
66
269
253
279
44
292
930
45
57
265
338
83
311
713
442
76
515
477
233
733
315
557
956
552
662
13
280
176
612
554
25
17
761
27
46
754
17
237
575
529
562
0
921
0
13
315
31
431
891
77
301
60
939
658
478
44
378
651
30
19
726
57
152
610
548
284
28
926
59
369
831
713
544
218
29
285
386
496
308
588
444
863
203
2
285
801
51
789
132
949
239
548
56
847
284
910
46
35
644
333
105
526
333
30
860
696
662
263
790
25
649
61
961
0
77
387
320
959
665
23
67
49
884
514
33
555
89
846
519
76
368
88
780
202
47
994
294
513
745
759
641
672
30
40
84
538
582
788
315
193
874
292
924
542
35
322
311
556
956
462
675
32
310
97
609
24
65
182
762
328
824
107
193
734
295
523
262
563
213
623
644
671
513
322
710
293
858
804
234
867
30
1039
513
346
819
86
710
70
502
756
177
263
319
155
302
4
343
34
601
87
233
31
547
297
338
263
19
393
893
916
52
52
264
17
751
214
276
333
565
328
22
417
81
723
66
1
836
331
390
1
508
66
298
980
137
291
394
48
845
453
441
2
394
607
921
63
795
79
289
832
50
352
570
26
13
609
821
699
651
374
912
319
343
399
665
893
28
189
444
83
375
626
35
606
62
368
722
375
845
958
338
29
312
335
51
451
90
312
602
341
306
536
314
93
64
896
579
78
14
764
29
864
822
825
80
267
772
331
319
728
38
497
14
591
731
534
498
531
351
477
329
894
86
528
549
379
284
673
263
2
64
755
544
657
63
42
669
853
53
441
646
717
10
297
3
69
769
82
658
511
558
12
348
345
611
51
758
86
862
489
676
312
317
554
401
13
420
74
14
905
818
11
78
560
850
766
10
38
286
342
789
384
340
782
29
725
358
912
355
916
377
321
102
1
654
903
82
493
893
726
129
370
505
379
388
657
931
192
340
75
487
0
923
507
440
77
374
754
5
941
313
394
313
258
356
774
320
375
625
938
0
85
391
260
266
565
463
302
568
780
424
11
288
283
37
279
179
464
820
281
388
73
80
340
323
3
529
822
795
232
175
476
850
77
734
417
31
250
60
1
224
291
299
830
531
21
552
489
251
363
1004
283
71
119
13
14
667
12
978
952
992
621
2
302
3
777
713
504
389
581
1
374
623
175
815
943
16
336
435
3
434
166
667
939
819
299
371
12
627
374
9
0
288
833
31
496
110
279
544
497
901
332
667
386
13
691
29
339
366
637
322
790
254
282
340
287
478
431
487
0
695
625
773
677
672
887
785
390
18
670
72
476
89
802
570
32
540
62
663
297
813
57
996
839
629
567
395
39
604
323
718
589
568
613
786
555
906
101
733
350
734
70
715
767
337
585
389
630
771
970
324
928
76
977
590
447
488
452
287
753
47
594
686
313
927
732
607
80
443
13
86
655
22
117
294
257
321
361
666
75
139
268
70
715
80
628
890
709
318
296
772
669
494
27
168
371
414
373
240
1
893
6
862
390
162
309
348
675
267
82
247
582
307
139
627
712
258
87
940
305
780
811
187
293
735
418
376
801
298
760
263
781
671
655
352
194
748
283
204
708
554
605
638
3
429
750
224
821
783
271
62
680
54
282
665
91
80
297
236
20
464
30
308
84
372
423
700
5
688
423
336
955
290
749
764
537
156
14
93
260
588
21
55
812
15
388
19
526
431
582
494
560
225
440
928
929
53
271
781
273
556
245
203
442
711
396
476
419
57
528
70
945
71
541
279
39
99
252
296
98
702
82
1
7
233
362
51
316
438
168
518
192
313
305
64
56
25
460
169
743
646
3
508
166
714
827
778
41
793
960
306
818
40
76
895
725
663
686
48
664
389
311
820
703
718
270
817
348
101
47
218
2
161
295
644
34
26
665
724
813
756
818
0
730
41
495
223
507
320
393
557
8
529
349
5
63
312
248
878
33
112
235
793
184
492
750
825
685
70
32
161
205
32
432
146
6
178
932
727
1
72
617
667
354
364
0
577
238
90
90
710
750
583
810
628
71
4
693
608
513
82
632
488
52
338
577
54
387
0
62
741
568
239
304
774
281
474
737
95
83
947
952
861
311
898
146
21
725
812
179
980
563
436
197
196
458
91
800
332
27
298
692
578
957
519
92
61
527
44
815
392
469
52
162
237
337
3
178
378
931
353
185
204
81
911
934
389
490
640
666
264
34
865
335
97
696
719
856
843
374
540
477
686
220
86
280
179
125
484
152
250
232
485
858
218
874
769
386
776
804
822
351
310
45
275
368
473
786
244
283
2
393
187
766
336
48
818
89
178
432
434
91
765
24
160
609
119
172
1052
500
372
179
860
647
223
657
58
830
720
213
646
430
325
247
1173
816
553
435
892
639
299
205
76
187
471
203
14
653
723
6
345
550
848
450
27
637
483
378
658
294
435
672
124
1048
846
56
317
47
853
609
145
697
628
63
348
446
250
328
216
29
491
197
100
195
39
301
112
28
1
327
53
7
344
0
224
951
247
46
216
587
667
225
912
308
106
965
2
283
692
336
124
160
654
9
376
280
1
91
819
562
755
853
196
11
101
196
856
476
205
861
1005
72
938
670
264
113
38
212
9
73
393
27
821
336
249
553
217
88
217
902
176
205
370
346
5
375
349
236
743
35
807
216
61
486
590
939
393
494
539
84
893
57
86
175
252
652
273
711
536
806
78
316
137
375
641
842
97
258
132
767
576
808
234
206
790
420
816
297
696
134
41
882
139
632
26
748
282
451
715
752
245
6
738
376
56
177
167
641
643
719
896
175
738
884
3
75
212
222
834
331
714
246
132
194
247
2
0
276
75
897
169
175
895
225
152
195
213
826
22
789
161
853
770
222
721
168
540
767
421
88
22
754
13
139
260
65
111
782
296
910
76
349
433
167
693
927
237
831
118
314
390
107
145
271
91
90
353
454
125
197
226
71
233
66
251
138
169
535
77
902
152
237
420
479
126
490
946
83
924
533
472
226
659
328
52
320
418
236
444
897
243
120
204
321
55
446
114
679
42
326
245
207
984
240
1230
454
575
155
626
759
414
636
859
582
62
597
88
222
69
365
157
913
554
80
850
107
168
768
306
576
49
22
239
279
818
132
258
110
107
132
377
899
798
786
214
751
64
54
290
752
25
21
240
42
214
137
193
90
162
159
92
72
68
536
274
325
216
13
20
69
101
628
55
370
223
160
765
244
218
89
16
13
277
102
275
24
23
422
660
123
107
35
154
358
177
26
171
57
330
202
873
415
738
9
81
218
55
216
730
717
270
1271
98
927
19
714
631
33
81
539
5
590
186
196
285
153
229
96
388
40
161
6
15
3
542
222
194
99
65
332
10
204
924
233
31
391
74
808
53
160
16
726
201
879
317
217
131
20
183
911
80
437
204
31
8
79
3
138
574
893
41
679
924
695
900
781
693
469
641
226
75
110
872
160
216
14
15
183
25
660
247
71
247
796
578
686
10
79
223
70
151
75
790
612
337
126
378
55
1163
694
263
30
219
202
7
44
636
16
238
1050
168
233
709
38
165
76
461
935
829
227
131
722
841
82
140
337
137
70
451
73
789
40
700
97
392
337
642
76
160
81
609
557
808
154
709
125
12
159
58
179
27
470
206
142
139
167
301
64
949
224
886
24
111
555
779
935
86
125
145
1010
85
952
132
72
810
335
115
54
63
20
126
45
53
249
101
82
14
1
96
146
27
39
494
645
184
215
131
947
185
182
256
352
102
876
1
461
913
145
249
727
138
22
115
612
270
920
553
487
86
51
9
991
250
6
228
189
249
358
333
212
967
145
113
0
159
60
11
888
606
177
408
481
140
207
737
102
119
735
19
193
768
974
41
710
18
205
211
822
391
383
77
43
902
387
127
4
281
809
540
73
798
971
243
101
57
93
334
896
164
107
629
274
29
136
38
493
422
916
30
458
132
192
824
151
56
269
166
174
146
278
87
102
449
298
72
319
67
187
43
313
204
378
45
865
195
333
950
53
635
392
176
227
235
52
606
433
171
108
799
314
632
112
166
49
810
438
351
527
340
537
119
140
28
664
894
13
427
201
112
13
202
529
65
551
793
34
515
123
56
71
311
258
549
110
701
91
796
1001
196
140
418
14
286
42
352
279
120
893
22
801
10
94
115
154
12
113
135
33
187
170
16
185
32
40
864
0
474
182
1
67
724
86
630
168
304
61
1089
238
2
11
78
153
119
826
1235
583
207
13
159
153
630
948
114
155
25
178
60
43
87
7
5
103
560
1114
4
1088
214
943
137
47
584
2
995
2
133
853
68
933
879
27
202
214
140
720
81
79
86
258
28
259
307
54
1
926
775
1113
63
861
912
194
90
558
2
96
144
213
4
8
918
15
104
890
51
849
852
114
87
600
898
524
197
48
235
38
260
220
159
215
124
174
70
73
167
184
261
392
119
133
71
1
12
855
101
666
419
76
733
169
79
600
107
63
118
107
818
50
147
151
72
59
166
159
834
217
755
847
914
117
87
226
180
186
846
65
155
274
4
667
98
185
255
132
236
65
119
3
136
32
7
239
280
243
719
869
797
433
183
236
683
816
89
338
44
930
436
683
233
43
215
8
154
28
60
111
391
170
1001
214
350
377
97
309
47
8
61
421
51
212
231
31
25
171
46
30
933
905
225
735
80
658
224
599
80
341
50
23
203
96
799
635
306
681
186
48
379
477
15
697
366
144
850
882
6
908
719
389
239
1
246
145
122
758
184
50
232
6
1258
750
1
35
177
10
1035
175
260
31
244
332
188
182
388
424
289
698
167
221
341
712
9
215
211
273
732
251
66
971
742
935
0
639
62
223
1171
138
642
194
592
169
118
8
48
