0.006319136756003924
0.006522345625200478
0.005573850848871613
0.0035021681846443037
-0.01636348221050876
0.004313078550289585
0.013119969260979636
0.005007090797850572
-0.039183183027958854
-0.005227202394433779
0.005890590653971786
0.0035555647816193385
-0.014145919843631111
0.003029966329636773
-0.004903220391433627
0.004193433856523218
0.006234636535393345
0.003666970454571465
0.010545662046217123
-0.01361094740370348
-0.012092757885354502
-0.006513061486901823
-0.014444686791445232
-0.03190084330679396
-0.004090721801386731
-0.004683118215150608
0.015237042699066006
0.002619598219711366
0.003848516541225997
0.013083177310727855
-0.026024703905093555
0.0035815264146686
0.005740633831098911
0.010878487935725838
0.03431694214047486
0.038258790288421884
-0.00990452984877041
0.014371401214881875
0.005182610364814743
0.005864851489879093
0.004075266253886276
0.0029357064234471477
0.0025714336012986855
0.004994281020023516
-0.007458994259603425
0.0027082497999127374
0.002170973163238764
0.0063233772367426375
-0.003050754991155562
-0.010085492875561406
0.008646248805181953
-0.003722008901164242
0.003065816452841523
-0.019423903494389994
0.01701812437955479
-0.008225608395594197
0.008712689043677993
0.010774700306858271
-0.004027469110907797
-0.0022352534303118664
0.004658023657796224
-0.0078279606238084
-0.007577148379361096
0.018793388080397808
-0.02284823670338868
-0.00857483126377371
-0.004014611771411095
0.0018207439434119697
-0.003427497400863352
-0.031581512335065745
0.0029116876817496273
0.0036266990510085135
0.0031069045622711877
0.02573909278249734
-0.0024614722554323364
-0.002179509411286601
0.00442086243127846
-0.011282522937780454
-0.013715961698420705
0.007876165187326103
0.007064615746801019
-0.007729487760593862
0.028969889093158462
0.0038437939325340776
-0.010522360561577748
-0.004172889530659923
-0.006852104562144506
0.025614580763259936
-0.0015814596389576818
-0.002730172517288759
-0.0021261328664939705
-0.004464780083323618
0.005628658499984081
-0.01864334833072267
0.014056283215631342
0.002134622879621166
-0.002076552916039925
-0.0025925561851253354
0.002412813311412423
0.002020297655079856
-0.005986478296330932
-0.0070168323047120175
0.002949471156079175
0.0020607762884234664
0.010273096896470242
0.01966176585586576
-0.004396192216367059
0.007415236743079974
0.0023701861030394527
-0.0020943490566228476
-0.007990931931185217
0.006340400298867289
0.004206812006724069
0.0034680579792565704
-0.002283115692111039
-0.009474133099992316
0.002556645682082997
0.016079917196354113
0.001569426061769378
-0.013890829984819237
0.0020121543738145955
0.006344909392712554
0.006665955315546038
0.00620762212973088
-0.0017075912501662187
0.004443665442953958
-0.02090061281610785
0.0029506407188285653
-0.001814690968185558
-0.020372551852425032
0.001773784304511083
0.005821259569107954
0.005229540988460362
-0.0015945152320239247
0.0023800738508577414
-0.006582148525194582
0.0020180054219601125
0.002094237788613196
0.015565493317484212
0.017757402346941998
-0.0021386954222809306
-0.018722641052650143
-0.0019274350975183577
-0.01266197584411725
0.014154521362334947
-0.014708276508213514
0.004633453120270949
-0.003794718905153267
-0.008689041920814967
-0.004233327703650817
-0.006583298319805904
0.0058891168538982245
-0.005746163552371947
0.010083850609448953
-0.035496549153479835
-0.02045188927980967
0.001923943497712486
-0.0017436822616667558
0.020787044610534745
-0.004409927452083165
-0.0022153330525349385
-0.0026731605903023464
-0.0013720231973797735
0.016051754872325227
-0.008006442333636205
0.010222752767388823
-0.004981488462472095
-0.002060432223391583
-0.008097647626987883
-0.0068436580044880105
0.0027939657653790043
0.009443477273165277
0.018254367890239723
-0.010837995387876697
0.002253497252906113
0.006061019985436464
0.002632862632072863
0.02547052262523721
0.007197946358755488
0.0049368670609246535
0.010499242945909214
-0.005654767993034988
-0.003884241604629789
-0.023234929660397554
0.00735128716040507
-0.00414242661151821
-0.010826353130106344
0.007725867949724224
0.0037064733111441908
0.010824051625593733
-0.021490796544746803
0.0027679756984770997
-0.0031529446227476815
0.0014277816293207964
0.00476292689612596
-0.0023907030172991045
0.002509094927679062
0.017714056974156796
0.0032640360378966963
-0.0014132615570678106
0.008288401048955653
-0.0014601076213759019
0.0018505914001583348
0.004697312728955389
-0.004289835529803933
0.015360709634995886
0.009951779063827782
0.005457461176041286
-0.02227523291873392
-0.003220004845486602
0.009001946882306983
0.003559824269611753
0.012245434096774942
-0.0025122638548222245
0.002346313491108072
0.011640179666425197
0.0035991778903163027
0.00851790517807468
0.007993612291665944
0.012112506306739344
0.02375786902154188
-0.014675846198073323
0.01330714955157186
-0.01582487332205657
0.011702255746573827
0.0011258683618036826
0.004439243256687961
-0.023064150786832507
9.94825139480978E-4
0.017951786587092382
0.0031805842068387048
-0.006017310145441577
0.0033848415299890227
0.010894786119414674
0.007444576047466534
-0.001398936461103034
0.0037812592283279975
0.003999623035539589
-0.004269290669024395
0.0036372709256325578
-0.004290044705110179
-0.012743817618902724
-0.004257499233168136
-0.014364424745767568
0.004605323978328922
0.007279072011318157
0.005136896781002118
-0.015137394803093498
0.011373510039561453
0.0027642143217632103
-0.011535152635687959
-0.003453346361970506
-0.0014770027657158827
-0.0018218915803363278
-0.00980795535885615
-0.0018862777332672067
0.010392397725295308
-0.00430288388407379
0.016551980112986468
0.004902314687435757
0.015235747315070481
-0.015363998828109904
-0.002333708937962534
0.010464565104218447
-0.0035769962155173854
-0.010700312641333764
0.003659023588282315
-8.133174912365997E-4
0.004564263442115445
0.02072825584826405
0.0029576026481717404
-0.0011456633405174169
0.013661951984400409
0.0044397795959004015
-0.003491902174474051
0.019827400788668195
0.011494038968689476
0.0013459963955785592
-0.004943268506227522
-0.006062652248225672
8.835639524796775E-4
0.008277573878846969
0.0022944005309849633
-0.010029290568408896
-0.002690986710155712
-0.008654452714015423
-0.005359815411855526
-0.007495520257577425
-0.009913104802620355
0.00529301396656366
-0.015659617280539575
0.0030022807277315135
0.0072283779329265305
-0.0030720352468080834
-0.008444022650397351
0.007941484633392164
0.023018476444717204
-0.003364109590167361
-0.012591853517813742
-0.002108361742986731
0.007066155051885901
-0.005510508924590809
0.009396299892882367
-9.707309343985522E-4
0.006163421899339428
-0.0036605692269268903
0.0035814261954513157
0.002456696530954807
0.0153070520021954
-0.008838145341854885
0.002041005602706926
0.0017659786537258919
-0.006823242499585365
0.0010915198321736755
0.0014392640994436337
0.010299661677585073
7.426236877202797E-4
-0.008465418530322956
-0.0025103833100407094
0.002228267503418566
-0.0019692980792870604
0.012985388990470014
-0.009762093409650766
0.005879344227586293
-0.011648436139686523
0.010386718646306723
0.008515365523642196
-0.007444888316869038
0.00119491461672386
0.010323484830853586
0.022043865057504865
-8.055098626559913E-4
-0.0034454547281548256
0.0016044122126322644
0.003722498976585602
-0.007053905637093136
-0.0034335243061761568
0.0054311199752566834
0.003753653819340242
-0.004429968225730733
-0.002329850351230391
0.003362504607101107
0.003666982968607392
0.005156680868171829
-0.008373480362009507
-0.0013498528762169613
0.005399200061000499
0.012185792049321955
0.022500858944216558
-0.00499078703908826
0.010170461237794103
0.008677606372738293
-6.047229716966933E-4
-0.009845991897172926
-0.004122785652424661
0.01382540665170612
0.01324042406368956
-0.0010917744928418684
-0.0011848632997165198
0.0034642507877747386
0.002488428062616352
0.007351606587268923
-0.009121408747317889
0.011549456467182516
0.004930500895806778
-0.00513284824067078
0.011760517796279414
-0.0010632582384898115
-0.0102984840000345
-0.005524475159122712
-0.0038408684734090592
0.002565359614286319
0.005066007520489538
8.398777141402044E-4
0.0041833480820054935
-0.002219645080910481
0.003992242235315963
0.004841947829898176
-0.0023718758317252575
0.013871961841523367
0.004677686839229762
-0.006978802538121394
-0.012262220484425193
-0.015193357389552626
6.438715875047335E-4
0.007854681860702411
-0.00153110996074052
-0.003960223547653825
-0.0078015449717119085
-0.001691614065030347
-0.004684757340339402
-0.011028778949945387
-0.017580545221427137
-0.0034636726305832103
0.00491948005870442
-0.0028911104764651665
-0.018987190680536222
-0.01117031622606255
0.008342576863803193
0.004534891545652305
0.004528675756249578
-0.002146718251669562
-0.0034497826983590366
0.004530682052972288
-0.00966161553526886
0.0057505898217805615
-0.0180898998144847
0.0048969558649034186
-0.0031781649586358866
0.0026083720655602906
-8.516200404566544E-4
0.009780352380865215
0.013865365585886984
0.0016160499811366548
0.009944156749799224
-0.01390099862486831
-0.001009796136701101
0.0014993035646725542
0.005766241686230012
0.006618795605588681
-0.004357107416751977
0.005922188377801912
0.0032302175103082315
-0.007255808067622726
-8.965974537137616E-4
-0.0021707740410086946
0.004133596910347237
0.008409452667111666
0.0023396814727085725
-0.004220778375108528
-0.004296720527890255
0.0025115208885492274
0.002939168017997937
0.00433647155624777
0.0035286832017149537
-0.003425671471360259
0.001811249795435073
0.0070277353731125255
-0.006072551688929067
0.006930123883124537
0.0037991017374545766
-0.0014987226300359785
-0.0033007303470585832
0.0054172289780150765
0.001655211988152175
0.003429015187880222
0.008201988322870118
0.007660000335985353
0.003616474879145144
0.005911518857033233
-0.00961856387620545
0.002978896927476008
-0.0031813643844554973
0.00722541693110227
0.0021850655887128974
-0.004256573769776739
0.004524431427948182
0.00200744906619298
0.007619975396129703
-0.0013023396319159929
-8.597632870755837E-4
-0.007223327342424554
-0.0016637368322714302
-0.00188078882994569
0.0038690826488582603
0.010780726822831842
0.003208460902802978
0.011854204025976856
0.004365749421529244
0.003107954357130373
-0.00949510682306289
0.003161332697818036
-0.0031864493828222657
-0.009861456355625882
-0.004028848207144674
0.0037973099393202427
-0.01323265668501699
0.0030570733970277536
-0.018429330431081345
0.0013570541957968897
0.0014164999947032168
-0.005950954047725342
0.013438768631376807
0.0070358874422918015
-0.0047632604214428
0.014476301353536837
0.00570441133095496
-0.0037838842939677884
-0.008306796514254457
0.0038835143179480787
0.002547090872412134
-0.004741634697462701
-9.543285908052053E-4
0.004612636301542881
-0.0018590611046061178
-0.006885163296046066
-0.007211531655860905
-0.0015659449728942243
0.0019662748570447725
0.0032947688900010134
0.005781141989681556
0.011312140443957468
0.0038453679130749487
-0.004518738099066104
0.0020208297560496444
-0.0019453210245731177
-8.867522809667925E-4
-0.0010474961699776864
0.006842378837378936
0.0033680510732342042
-0.012963081243418054
-0.002548510507732761
-0.0025576405692612535
-0.0010713145801580224
-3.5815144990694543E-4
-0.009038197438342539
-0.00830473538900215
0.013709992453140961
0.006064945034492831
-0.002762606096552561
0.008435628314828105
-0.004791896275402509
-0.0016242395170834555
-0.004876111851671372
-0.00295165480544476
0.005800619606989312
0.007491821105204233
0.0018085320456690587
0.012038098771760111
9.76560288074413E-4
0.01094811309103921
0.006669735689961382
8.80877117760443E-4
-0.0019074891156496449
-0.00433834191695764
-0.005644303138580165
-0.0035780856853845603
0.0066984688184148315
-0.004915814512854936
0.00223086504611825
0.008250195939293216
0.002234713076716252
-0.0018048622142083142
0.002818051663495413
-0.00966850842960959
-0.0014304844988655902
0.004079992455069211
0.003595750380070203
0.007171988804429554
-8.42464660446322E-4
-0.0036485468792089816
0.0012482277393766103
-0.0016744127153620512
0.00672235772834595
-0.011758468989236727
0.009029402343864824
0.002814147229034686
-9.681074015128265E-4
0.0023714176699051897
0.003013047704422778
-9.814218289613283E-4
0.005142688118385347
-9.935074154967512E-4
0.004993959684431252
0.00394442522710991
-0.0023658478692025566
0.0070539808336750566
0.0022343839042333244
-0.007006877328507933
0.001681128456469075
-0.002417138321166452
-0.0014059234657124095
0.010175961895645853
-0.001615660399149071
-0.010304567965064609
-0.0010162613397489476
0.0071578047147184895
-0.0020530126057088944
9.760956272701657E-4
0.002396393829123453
0.0012746142724451518
0.0028216685116039795
0.003659229276454755
7.945502831785779E-4
-0.005183169875012473
-8.344308636970035E-4
0.0013552801421196866
0.001601618289906329
0.004014924089158691
0.0010569756210062119
0.004037046422114095
-0.004943137957711432
0.002588688162542822
-0.010794337583797166
-0.008661001226071255
-6.140661141484125E-4
-0.0010242330306507303
-0.0016983696691055445
0.006186453395765784
0.001149771245314405
-0.0013304130706008061
0.008337788992244844
-0.0026931678833494533
-3.685478523710476E-4
-0.0028134294857698086
0.004785784330683113
0.004318630420945323
-0.006521603619207992
0.005712755390124704
-0.024906734951698158
0.0012646901916722635
-3.653183207305148E-4
0.0076594086626407855
0.0013663724762828383
0.0020580561890613993
0.005568599407120791
0.007342429698363234
0.006841003243731472
-0.0010220333849153926
0.004229052714091569
-0.002788222266161368
8.686654060108009E-5
0.007232850462288357
0.016557528419168067
0.010252959147172211
0.004069300881399135
0.005182078235583012
-0.001218088582607752
0.002316577884746332
0.0016087969891298408
0.0086071398551518
-1.970822547867734E-4
-0.00461476436969411
0.0032840710645885233
7.680997199351377E-4
-0.004519266946184697
0.007280057604676866
0.008366408394793388
0.0011517962159899471
-6.178843196065948E-4
0.004292521709450373
-5.415025261544934E-4
-0.0017053050711061802
0.004169642847847717
0.001810341703343931
0.00634513746510228
-0.004111535380978294
0.002507200000094543
0.002159097620518814
-5.787440464192085E-4
-0.008182147539422467
-0.0016400179617643586
0.003516786012622344
0.004721188921101238
0.006491302232763689
-1.780850576793995E-4
-0.0027613990004307465
0.0019647056870877914
-0.0021290236380492366
0.0017300490508224378
0.00873492932904369
-3.502866514704526E-4
-0.004497313642026741
0.005617214638931085
0.00466162005497673
0.004972306890880452
-0.004263744958836899
-6.499751932590328E-4
-0.04454822049077034
-9.983084736400734E-4
-0.009299161666678494
-6.027711018964021E-4
-0.0010059233786951479
-0.0031423394392632556
0.004082736957038278
0.0016031462383557563
0.009908422258578574
0.0014095922865105844
6.633488693138738E-4
-0.003969866062788259
0.001202543981958481
0.007423789788166011
0.0035577031064220836
0.0034475979535145158
0.0014900914621510037
0.0045449352558259125
-0.0013990263516685305
0.00377550799629651
-0.001891449055851113
-0.0011125346837242683
-0.001147326453271213
0.005958126074732072
0.001444039294485819
0.0013541844543175298
-0.0013711278558127453
0.004493295614133944
-0.007278927161650755
0.0015131420358267924
-0.002927874870867424
-4.7956270974701723E-4
-0.0020768838240336368
0.008283122499634801
0.0017766039970724921
6.128281851842915E-4
-0.001175237328733032
0.002626342478222555
9.673046777599163E-4
-7.8612041813139E-4
0.002409440302129341
1.7638407759562762E-4
0.003780102305243785
-0.0031365097926246317
5.449688523349964E-4
-0.035082860725871065
-0.005306781739272287
-0.034160091605635975
0.004068793972570952
-0.0017528147099982148
-7.475306956100853E-4
-0.0015653002203612101
-0.0035934944835505547
0.0010951895710143386
-0.002357515315843877
-3.5040184042613604E-4
-1.8350675709618888E-4
-7.175819599223132E-4
-0.0043539179113874695
-0.007218968759415525
0.03136243012795096
0.0038147914581065853
0.0013082302095267055
5.844270859979162E-4
0.0012394906576304492
-0.0029092242293559363
0.002619503687437098
-0.005354803005913938
-0.0025446196243821715
0.002852563640745171
-0.004791329944441975
0.004611637821836729
0.0013028265473908915
9.008567736318873E-4
0.003975295784569064
0.004231872277130625
-0.003780131029282253
-0.009150141586207678
0.0027937575316626757
-0.002458278434020737
-0.026615172526897116
0.007149292148889234
-9.148541836944335E-4
0.004704941039506353
0.0012175804151606149
0.001018398781623283
2.3144981262075077E-4
0.024824283466176426
0.001999361614927532
0.005151770774849746
0.0019417283454109435
-2.695468855641613E-4
0.0017326697905068352
-0.0021108309404405615
2.04600537436251E-4
-0.0014743633555360008
-0.023183282236829465
-0.0015429804474086848
0.0020689579624614688
-0.022864493864077608
0.008206001560734043
0.0026100381382865704
0.0014498864509651106
-0.021976847146664775
7.918685881722978E-4
-0.0017481751878438859
-0.0032696832174125444
0.0012386598564842098
-0.0019686662725991433
-0.001273803072276595
4.201066008129944E-4
0.0092300687404486
0.001282429924693615
0.00227380672250046
-0.002785813427085317
0.002125917603209125
-3.302606907343088E-4
-0.0014703214527982617
-0.0015090945008408184
0.0022380177914811884
6.778439129844342E-4
-0.00549310843919673
-6.822018218914276E-4
0.0028487017409643306
-0.0038588315888365234
-3.0651863449658747E-4
-1.7646881678598592E-4
-0.0019069612161549206
-0.0185612172192069
-0.018423266381183412
0.0020750154031421476
2.8439064593335675E-4
0.004409063863085226
-3.5859873463978787E-4
0.002464996506058109
-0.00327906440847388
4.263658892083545E-4
1.1561248415987479E-4
-0.01628878883034612
5.054544832048432E-4
-2.767977254998512E-4
7.53541706520876E-4
-3.280928349943099E-4
8.255765564406883E-4
0.0013469453776895066
8.999892398537353E-4
4.5570284442485485E-4
0.0036691192501978843
-0.0010261342819656506
0.012778397064161407
-1.672539247045718E-4
0.002418419751772641
-3.256617706875517E-5
-0.0013076619119673344
-0.012827163702447318
9.116021953891252E-4
7.397913701476232E-4
-0.0011625717853199886
-0.0012039314143192778
-0.001265340617166491
-0.009915859245700598
4.2334700332171505E-4
-8.665262658377803E-4
-4.7288046061548083E-4
-0.0015922029800895642
-0.010924796243022129
-4.820907343226423E-4
0.0013818476126508817
6.471718951846833E-4
2.2883694133684515E-4
4.379231741681926E-4
-0.006885742109316554
