3434.616791198974
4037.004138969273
4163.478382580038
3325.2785106078577
3417.998478911704
3424.6199769113764
4034.3397224487094
3318.4965084674473
3874.6407426093965
3355.9438811743353
1892.2549401384854
3411.1326459126008
2786.8183007848083
2454.6678900359107
2760.7567414597524
3870.357160142089
3247.2148917677646
2294.3328684601734
1886.5314284909914
1897.7095875766659
3338.001401288932
2680.8479108198567
5134.563581391507
943.4578512681056
2991.312531318901
3782.318973499067
2846.5991245425735
759.5137195860101
3302.986434117173
4112.740611691466
4987.561713180552
3322.683433912224
3037.2409721967524
5835.90066889599
2664.7445259990695
3045.111720153638
5120.274127819957
2584.7827291458575
3444.5173569076965
3784.1848568021774
2287.7812008629853
2199.1877840768416
5141.322895496964
5952.928254898253
4152.201490234761
2191.238264712486
4157.782667978648
3022.205379401181
5070.713077715727
5057.893892547665
2179.5128647265424
1060.879622375049
3414.584586354597
5658.4046352354535
5828.588040589355
5702.921308674511
6031.617619759037
3785.1742896869337
3449.6697505547486
2687.9704311414116
3890.372294244618
5605.498746990465
5803.871634337943
1435.06358596552
3587.0923649926713
5656.050321850584
2665.5595242100057
3205.156409411758
4269.597999402118
2478.617623530324
3536.3065045949716
2109.2762029686883
1348.8278525793685
4840.780473075517
5302.8124554680535
4371.958429180609
3624.8368304505107
1125.041646091402
1898.7366123894578
4459.605087456443
4086.303734603976
3668.2489677718113
5119.469390052711
6269.2745623896435
5707.015785106541
2891.065016192861
6447.030871717587
3820.7145107723572
4828.508533291573
3963.753360246607
4954.233565386383
1446.8020937964557
3819.538259803918
4029.8321234495065
2884.527215545534
2451.6012198943995
2169.889640412262
2852.7155377164363
6383.037887880812
4417.980673894205
5258.995787889125
2659.6051426574622
3261.3156445536756
4608.019964602038
2291.0650279669153
5517.482827454379
3268.1917331916347
4662.904806982284
2661.315670323697
2846.8254957567387
5805.7401698958965
2572.6415718450694
1628.5217745182197
6119.158528191737
2160.925051970412
3427.8398003410907
3629.983780316652
3902.6340010029066
1627.6892611648134
3818.59975650942
3266.4664239753756
3450.525775267899
3495.6349938775465
3822.0720265394175
2820.8629416502245
4123.005896281108
4766.179066227742
2660.073668736086
6378.012976368873
5227.834253078342
6124.2760683167035
3878.8067394259747
2848.684746852344
4627.834275358739
5526.404768772379
770.8129428625108
5827.547531762272
2475.8781905467913
2316.4328975454378
2596.6097548648413
3018.937944721304
4521.638929039979
5063.027465489081
3521.3336751922507
4676.4048172169605
6002.406382092159
4468.1917071763
4457.89391617687
4537.424243480729
5851.468811414068
4819.642450945806
4671.152172950892
1133.0705873381507
4030.650229230686
5719.491406676131
3262.44012147675
913.9863343962431
4435.133984126576
5109.48033514658
947.7848721511958
3537.8903916075897
5879.307209760567
5608.033600622172
5662.269587021692
3801.3765196213353
6378.336121272973
4437.945540152751
1510.197766268941
5278.222305357652
3240.677107130119
2791.238252020854
3672.8094916430573
6131.6961771049155
4031.8757864238955
1202.8650408385445
2206.0468947791383
2570.2853379209428
3068.903085092454
2881.318908309833
4242.24114337384
5415.990082507327
4620.017727873891
4136.306492093951
5002.959939119872
5552.355367853064
2485.780441843233
2493.6541188245665
5554.23354456317
6484.144086327703
6004.237565370488
4417.816074650795
4232.606035835172
3552.741899058605
4610.941080951972
5617.254972839697
3450.8587885904726
2797.8621695002116
5073.932160548905
4394.11181380009
5701.242267619111
4789.0284093641185
1881.7662160067373
2934.7112607242875
4994.043059666476
5062.269616598688
6212.884051405012
6202.959921559603
5805.602804811546
4043.1090583586756
7373.183006178582
3237.945568608523
1498.2376926581949
2155.9439432045347
1715.7780885235716
5815.887290301322
4811.009335729507
2554.3798416955815
5672.374275974111
2996.4918938451224
5706.256036113793
4941.099852009425
5688.016932501288
3212.8580049499865
3785.239550557454
3951.760918549524
2001.831100570899
1506.0797422759165
4525.278472768538
1448.488386495778
1684.5272560159538
3744.0276024156874
2848.658235425076
5530.6946113840295
4660.3927890487375
2422.2054091332375
5407.786597549723
1474.1747000956123
5714.990193117789
2491.061745987685
1446.9676280264518
5638.887229844135
1381.8510096990892
4268.248952207213
5660.244876273288
7949.645798613192
2847.159666275459
2825.1398475227716
2503.2534654777173
2693.018797832657
1319.1404667976642
5387.227070260492
3858.70175231906
3823.574958486926
7907.336801710463
5661.315583056972
4566.854192298349
5615.328011142432
2314.0102818172577
2828.640307514647
5658.175878988116
4717.1534749618895
6274.555590015436
5085.026679231717
4790.862287382722
4058.9958160891074
4520.554688019086
5709.48031607628
3961.5464219705696
4214.75544913679
2301.2919015539787
3809.87483132192
2825.839505119757
5137.4242320613375
3391.548430826027
1958.5578636438117
1067.47298441639
2259.4996326640144
1167.1629429199477
4660.48559192939
5271.152153485664
1824.8564587069595
2743.7827327254276
3076.2585032578054
2714.893648200359
3592.300811221613
5472.866166543804
5058.404650195633
1721.579209540709
2092.155441632759
1160.464935063614
840.1212118464906
2725.278556415278
2850.6961325466114
8104.329710679143
2204.505907366326
944.6259475619802
1160.9926463842858
2303.287892461153
1845.1117809459665
3954.6779663573957
3741.099868833172
860.7441411985233
2295.3445533240015
3021.0080707695015
1717.5444280587328
3308.4289979600094
2563.7828666726127
5276.530608524229
4841.829813342877
5868.723291718032
2673.226549302931
1388.901208093459
3258.2895776607725
5863.385954284765
3855.8221127274014
2749.0597726963274
2123.112878734729
4732.485714945439
2596.9369764271037
1935.5809151583612
2937.4783559711923
5015.328026932858
3019.8841667118463
3833.701090075855
4618.467274641103
5414.807923332008
1674.4696047805924
3639.432217410761
3874.013609973681
3178.828068334199
7588.810201693085
3369.4295289634906
1384.2921273404827
2474.2532807467583
2941.865715697216
4781.756375598918
4792.775068506352
1524.2031430508878
4615.440291309482
1719.3114162767297
1726.3270989464854
3024.836868737192
1452.4323813713
1629.7726118481492
1679.453622228685
2798.849165184046
3337.4127915372264
5060.791184361424
4958.559211555071
2934.8503781975796
4818.96778615342
5459.954808444584
1308.7920328068622
5609.9734999986595
2752.491982161688
2934.088059462458
2127.040983800316
3504.4090649053433
2620.32170785969
1292.2549649635976
5586.903658970975
1908.5909411411378
2821.4835313105214
4802.406413598857
5012.884071728736
2150.3455340811815
4787.747363483185
1636.0209156064268
2760.9250408164357
5389.628503259834
2073.2265830868087
4052.458799442723
4689.735870336841
4872.36971556172
3786.0879213713442
5486.494416556517
2727.0459607157936
5065.304725375811
5038.88724081804
1191.7635892892256
1064.1375127519523
4006.5319278877973
1509.276211421979
2462.7933528956037
5424.085289178605
5532.63961736983
4804.280071420419
3166.3739464472214
5077.482684187819
3859.6051069224336
