340
349
346
350
323
339
318
348
339
341
310
334
341
301
307
313
316
337
287
325
355
366
310
329
317
305
333
331
332
293
343
371
316
21
340
306
327
317
313
378
31
28
338
341
362
320
339
324
21
356
332
336
315
38
331
327
324
311
31
335
30
336
342
345
24
334
49
304
300
335
30
33
353
312
368
314
308
35
354
355
381
305
331
344
315
333
312
309
55
325
334
313
302
326
330
381
419
289
290
35
378
412
382
308
353
387
367
41
295
338
24
565
67
294
307
287
322
333
348
311
359
311
290
304
287
26
309
300
314
334
349
67
320
313
376
306
371
369
293
294
307
33
344
345
295
378
361
380
68
309
384
29
27
414
326
332
375
292
311
362
314
312
383
356
332
380
309
329
32
325
22
74
369
42
284
373
48
326
22
39
310
323
312
53
313
315
304
522
412
41
329
342
341
528
342
328
301
306
392
359
304
345
315
293
355
389
319
414
352
339
302
305
335
415
311
340
75
343
367
339
548
37
34
23
299
547
323
338
70
336
550
348
38
574
318
370
385
369
373
551
549
379
366
60
367
543
512
393
358
302
64
523
326
333
27
521
301
343
350
390
524
64
399
45
353
364
308
371
316
367
311
520
564
327
52
60
555
313
347
335
291
370
327
372
345
372
571
67
518
570
330
530
384
396
7
307
322
509
69
230
364
309
367
390
4
380
307
303
377
8
371
349
311
49
306
61
350
67
314
475
263
332
347
351
419
36
387
310
4
37
