6175.122410687456
5634.66376678043
6076.783328482066
8121.5999244327595
6238.668106084542
5525.49773598369
6069.737638092819
5592.990842469394
5347.453705283048
5580.995436595228
5796.066580027104
5823.809312798432
5516.746086632918
8113.708474335817
6062.622528848182
5990.02973542969
6924.9509737498465
5520.98660902341
6481.931149618097
5874.382301984879
8122.6199783829325
6220.190203154365
5823.002421208229
5968.622267501731
6209.750062714103
5294.165082198447
6185.257705920984
6652.294565986898
10624.127992347805
4992.134703117045
6915.937151359957
6905.364900635693
5523.780349431332
6179.85369925109
4935.752159182864
8023.899043132755
6343.581221340469
6638.846634748201
6174.512663238814
5081.335544711243
6495.700309408162
6895.572953737827
5918.867934876802
5041.26640788275
6052.297776502706
5914.583802640845
6927.39404793631
5783.95809220284
5925.873620887265
5943.896376078487
5520.705954475714
5302.423038446659
10583.604317942356
5985.756208126202
5504.6319808834305
5570.092640610642
6196.0364708837615
6432.376791897145
6256.796565670525
5670.922721067047
5148.131486753292
5685.039606819243
5484.759801732358
6580.268758032401
5052.270692619247
5992.7037245318215
5519.571097636663
5610.294989954632
6189.212003786115
5298.684440192918
5866.850028840219
5974.644554180754
6020.866078011622
6594.2285714373065
5578.165959807555
5677.796678463448
5788.623714782814
5086.8784843293215
6485.49186300507
5144.896409435756
8169.43631341801
5530.367333771181
8108.2185647833985
6888.753682405655
6324.9533956035875
5690.42189910643
6653.95444060815
6065.233839123668
5996.667105008189
7179.223958954629
5585.26045723652
6053.956440785887
5395.698169998358
5393.887296393501
7740.524445610956
5587.939818815393
5596.99510829736
10497.5152171009
5064.974289003886
6190.619431064911
5041.840719974517
6204.527890412875
6534.119895734494
5316.67928127742
5604.144404383502
6008.566044130805
9108.160793420107
5888.576127780659
5934.122134830655
8506.166987574965
6687.036438478072
8783.611676290755
4996.823555298074
5385.7597302018985
6555.501779122239
5005.918698166218
5238.368700508656
9288.609318441804
8112.219643896275
5399.546762618357
9241.195683530903
9099.366953221717
6315.939522314947
4895.8787443611645
4861.430931180454
5085.092856591673
5053.094664150684
5147.0378265544705
8714.303895976418
6677.98368808106
5288.576940222043
5219.488091523953
6138.787617384341
5579.856717490576
9688.205523126891
5397.45682879473
5376.561647034523
9708.157294875362
5679.192267683279
5126.22535959389
5653.090042374227
8485.104981519471
8183.614416729494
4920.475407179001
5247.754025394789
5374.648060635453
6284.513820962585
5334.1245400048765
6083.568832531443
5535.817204110587
5748.129506048572
6087.037088543446
5744.89468183609
5260.370162934467
5321.078202575005
8476.2614701569
5843.504356498111
5912.011303685393
5962.186808932004
9072.92664123558
5828.704163760812
8254.571271885326
5139.515030671863
8898.04062876771
5524.995845016973
6666.178996421587
5119.363255158424
5141.659512290604
5747.035927287817
7119.237289961826
