6705.198639994192
6567.503885826009
6699.1482047597365
6952.466323572035
6578.000373343834
6568.8351877021105
6816.763914500985
6576.413781173328
7658.784060423951
6409.174404300552
14221.250261593737
5430.57954885144
18978.697216332777
6796.689665577143
6889.496156108254
7250.393739633217
6951.93491681061
6938.6489180359185
6711.192103302258
7551.810541242368
6171.478883801721
6559.939681756395
8023.583425334792
14503.569434790643
7097.59776386262
6810.98254792979
6260.930916135323
4477.509697320011
6495.232476262478
6569.800099960002
6892.548079738279
14142.152400535784
6879.519190438943
7340.156563347073
6579.021172796
6217.07042999482
6957.789831159969
7739.183521885315
6698.947284068772
6920.396968858797
8873.350634264225
6226.983253516621
4996.295763952684
11938.434619504234
6823.586887313308
6105.192074545292
4921.303118476056
6575.624610458412
11936.35869703709
6960.606521762354
6875.495391790144
7020.640598500263
6577.079699694299
7334.870761818215
7620.638993818021
8204.588047890435
7712.456204072388
7977.296681892308
6298.211088057704
7934.868957833318
6352.467552953597
4804.3715459630175
5781.871371429425
6156.267789294658
6092.5655482442535
14486.709141256835
5560.297409653639
6805.959871638526
7773.652156093274
6568.171554579706
5321.225147965381
6211.85788010503
16080.64410284596
14905.538248029123
18102.610592290333
6705.190434239077
14810.746408788302
13590.715312507336
14929.871238303807
12584.006040396816
4090.656690412187
7384.503541469226
6105.2005083780905
7236.328655935839
27323.975103644454
4671.0848573389585
6906.289822881673
7779.898863182507
12173.485496436013
4082.3328922169
14119.050260943499
6576.102861002318
8776.599962399108
4978.82076538102
4245.884233894719
6473.355588658395
6415.30939871394
7272.650708849111
5083.757593210106
4441.834350661964
7615.306063105349
6707.8246689728
8858.780972879586
5591.548478895054
15690.193711000848
15652.160401437608
8941.544012597029
9184.498576546888
7205.984514554915
11571.71584744432
6913.544993446677
5623.590234334347
5584.507473485251
5395.861785794645
7019.585710573448
4915.543472867073
7000.436893277748
21693.539626825826
5265.334120168286
5970.347797037037
6588.376673053479
7411.993660563425
5211.828730962409
2937.433949564086
6784.505160611239
6632.716830556594
6883.755579195775
5617.328228577699
6927.468508700214
8696.00006982088
5985.687429239212
4625.351670499856
5225.350124510897
6069.722875525945
5500.771224248201
4233.202154348046
21377.60108265784
9939.039334745356
4046.4751773244216
6893.425973592845
4972.698887560752
5801.739196381814
9562.143701364306
7971.767489572047
7625.186633974215
14162.658780380836
8815.088943674275
7232.715577191503
6114.671944391999
6734.872633121402
12914.342020775668
9711.516745152952
7073.354729210675
18116.652136672474
7575.918594972068
12167.880941756373
10743.243582121315
6150.470435828323
16199.294389185026
6568.000261965844
6686.873343266284
6890.162198958975
12586.035117447556
6685.2768726355525
20861.27702625446
4742.712551212659
5019.3615313700775
4660.101598021597
6811.9948151345725
23366.193710169893
4249.218060794177
4971.977465233806
2935.208309679644
5312.260360300493
10984.234444492045
6921.2919148602205
14503.897044076157
23467.55627675507
12701.350448843248
5017.329089442266
6913.08670075314
4817.509141458516
5853.905054312662
4050.2118059224863
5609.659315776636
6268.9599898426695
2924.3912414697875
9685.283527148546
7029.486854460287
2870.78205895721
4155.772245635936
9196.683063915105
6032.7695632285995
12909.220173804286
5549.583201041723
5862.000054275485
7047.045312964562
4631.022205850719
4941.225862529916
5061.613638753115
8176.601115377339
5861.798040305005
6100.769263225814
5693.490376592659
5315.25159836668
9590.778147762694
16158.523954383008
3841.8352697775867
6177.301603635182
7684.711933012845
7882.233788160898
8312.454458246788
5973.656653005342
7106.634173697288
3939.880669443648
6134.994956734638
7423.584934654964
5550.471251809048
4671.695015849657
5534.9963046239645
7099.971637787648
6420.066718229955
15843.076794632456
8101.477022364669
3654.0550663865542
5640.551441299574
5417.370700615544
6015.527575581233
16836.873716149028
6882.426646651282
7606.590914873622
4620.557993553748
7477.173760114673
6682.995633029485
7876.986003012246
2877.6520168461166
15817.699820322461
4378.821451948579
4906.8211036031835
7525.5260181157255
21110.178699638975
4638.523358232515
7278.436123012826
8577.294960000832
4246.2457602869
9817.318578786782
10166.304307919478
5762.67628835741
6173.281288459472
13762.996569578714
4162.858403936115
16288.432778847091
7604.589489413822
7009.172927422675
4352.234786740493
3051.6003345014637
7528.12773972639
3331.152934963135
3417.981784788998
14977.951142037064
3778.822371968897
7620.719569567076
4810.549988502641
5865.499395839268
5440.270310545029
5444.288548160348
4878.173211129023
5564.7475810481055
8405.982484904656
7861.245169068814
5810.699567983401
5014.674151196159
4356.503019055965
4814.289505447945
5450.156100565481
3411.891416242979
3137.2496486664554
12179.204997966672
9825.947796567762
7030.301374769496
5858.047208281613
4892.568143161934
4778.8749518625955
4996.708645897197
2902.943635804494
7286.872088530967
12909.166559431153
4236.291725993083
3332.754110166459
7440.546096400129
8258.78223593938
15911.762086043704
5492.567202452663
6368.885850682431
5577.302597578936
6586.853452679057
8687.926428884391
4951.0468973997995
5486.875786228659
7615.091949707653
9796.688314624813
16822.164547805318
6296.0322577400275
6675.652856363945
5601.113836025791
12711.59682984198
4949.82859218158
8265.672266493746
6196.691146083967
9223.582043552238
9976.598146433207
5547.2650940620015
4251.190079525647
3328.4528087588537
4100.725729697469
5302.397584950487
7857.26201750554
3583.8225419844616
4752.9114456177385
13384.73904974475
6573.655354036007
3683.592522753545
5534.6909885619925
3217.5439160320498
14560.067682002922
6140.839817710058
5597.388999057141
16915.69263892017
7011.275960645739
7630.473560782489
6201.061869903189
5386.856368741518
5378.223816798813
2931.456745680257
7876.741865410134
6149.582690878316
4984.5081901951535
16263.36610714643
4739.189196479973
7025.188035375088
3572.791120800047
7904.549406324984
4671.21029682502
6030.5783721483285
9386.536429540336
7264.674380754226
3511.3836694184542
9470.1475882606
5410.549661846946
5046.314619821418
7595.843004314363
19103.54580945587
2976.6404638368313
3219.152550348211
4615.803981235007
5596.692222175143
3794.6538578317427
7506.289412685693
4956.502521438544
4813.460859377873
5559.621653748851
7836.327931276533
4166.240303859274
4424.098748305676
3796.3174061979416
5289.1352383760195
4771.586325371967
7015.307520602817
5815.802194332752
16362.133187514999
12843.585753924692
6928.128485539974
4494.998806867904
4240.571341212067
6994.596750647678
5576.624321125302
4992.863723804968
6981.868647524404
6950.204420658361
7110.903915935902
5426.59343649204
2703.433156253819
6562.203825448939
7010.063381131251
3299.5175337786395
4066.3814873134447
7007.465712634319
7667.566803145024
5576.978925719819
5409.1673244231315
9796.682205296485
8309.371884909073
3772.70017620343
5760.608982645834
6180.761268697359
5478.439564813794
4830.5811022105945
3692.568910062649
13063.9938347925
4878.439726220935
5539.837017579113
8571.766553339412
4568.888002852906
7161.208673465053
7450.656478078117
15320.809128668941
4626.192587524078
3984.8276277108334
9424.005054664332
6184.793887738311
17169.147288384895
13446.268041445393
5994.378657578377
4204.4456273521355
8379.898213912054
2648.315389744447
5215.802972128386
7496.00194840929
7841.561138734751
5438.200273544917
4057.136900615091
6186.760597346929
5324.524246891799
5512.362151851967
5491.429207906744
5916.4614315789695
4440.210040836006
8215.090478327445
3380.7733206488665
7588.933244861657
4394.653625413674
7438.852635436811
7709.395948497065
17226.084837310926
4784.522933166827
5554.586471809042
7520.3964136714885
4172.79096048335
7182.6180402197415
3133.063916033202
10186.538029941028
6181.90091980011
3471.6958427712475
15388.640177666606
6814.72762250577
6649.217844038878
6890.806902219663
2906.0186097858127
1108.397311039712
1091.7456423426636
3080.4706239675365
8903.694988633693
15992.09252970148
4529.556514169993
6672.651802245032
5373.65762677717
4501.270439258166
28537.422522053166
3416.894626420433
4087.551627143593
8889.045936199258
3758.855836863674
3018.126594873681
7596.042254972802
7592.457670115048
3290.0596554562353
5610.080609693457
5549.583589169359
4185.757633192094
2690.4345150632976
5995.469346384669
13736.997526219526
6669.137618225253
6692.563929314658
6673.614700016618
5142.414368729595
7580.441446503247
3146.093612645223
4028.6703739301274
4186.2848905850815
16942.642330360646
5312.306475447499
3490.657232444893
3105.9674900732703
6653.226540141722
4100.084304950559
6425.1898956983605
4258.282002592367
7486.729294468873
5148.922909829821
6903.023104129801
4505.869839249207
7423.900521079181
9579.897104881806
3096.4236917712988
2953.3305522535084
5247.400535219723
9404.585309500555
4832.719784476928
38117.11223981882
6216.765580012002
10112.450343006542
4278.4399295707735
18446.266859004096
5271.084440581434
7592.460854257584
2905.0631178126887
4337.201583203311
5384.522748072367
7927.129216522096
9966.366030454137
5645.681658348878
5984.165014535399
9028.207638000724
3540.5812926734634
8198.124815146068
5925.63194721894
9331.128856610827
4806.071075192573
9568.730729508265
4862.02043957014
6900.734465329167
7017.170770274436
5752.468597056393
24013.45785109921
6783.04177854286
3951.903812882843
7467.26079671649
3462.9718096069596
8804.586514885483
9125.848745752044
21740.05502000735
36407.69979550132
3164.710365749814
4712.46147414449
18928.66564545737
6135.066598701256
3231.7571104573217
5561.74592462898
5257.135658927906
4351.04779666611
6992.457958421748
4666.381132495116
6042.702521529001
7546.3786171647625
23581.635582865674
4953.308984775847
8367.930014355183
5424.429490945562
7421.872316281544
2875.017217129892
22301.21649808223
7409.099985205805
7851.596732083697
3483.303718291898
4300.772804763711
4891.429775951634
19578.69527411696
4059.1875704992117
4239.427685312321
