317
318
328
295
339
319
339
332
324
340
333
290
316
340
330
316
328
308
312
335
329
334
352
344
320
324
333
319
318
323
371
339
321
289
369
323
291
322
306
309
341
316
312
334
335
287
308
289
333
57
354
344
331
335
315
307
313
320
321
355
317
350
327
324
294
375
312
308
313
317
312
295
323
38
313
288
325
36
374
370
16
377
326
348
34
336
357
47
285
347
17
353
354
380
14
373
286
292
285
339
338
379
319
306
342
19
347
322
356
324
312
76
18
48
340
313
332
291
286
358
354
372
304
292
320
351
43
333
309
303
59
39
56
311
376
40
44
285
340
31
346
376
338
55
346
25
326
320
368
22
321
16
46
64
329
309
306
378
21
305
59
316
363
328
358
28
315
379
49
292
328
285
312
328
359
348
337
302
373
288
308
330
313
388
316
341
30
322
292
49
47
315
348
36
330
286
290
19
28
287
306
336
36
338
336
306
336
290
40
319
291
359
331
304
304
333
35
293
63
261
345
327
78
360
351
304
45
68
379
319
353
366
303
386
56
291
330
346
314
58
327
30
308
343
314
24
42
304
338
350
71
47
311
26
302
317
6
544
294
517
364
290
288
372
34
32
332
329
69
381
317
34
23
546
16
360
547
363
336
311
20
329
291
514
54
287
24
81
335
334
335
305
63
321
329
292
70
294
342
287
273
322
377
373
365
561
360
339
367
302
314
363
46
376
371
369
319
351
298
325
57
323
370
273
25
43
302
412
65
29
351
284
552
7
37
332
309
76
354
48
69
276
387
286
349
293
288
311
30
299
516
10
309
383
383
56
359
56
310
290
313
17
304
371
511
22
42
316
388
306
412
300
7
344
374
38
289
35
315
382
301
341
373
350
22
549
309
320
365
70
260
57
285
54
315
25
312
341
285
34
521
55
356
306
307
29
48
40
556
313
287
558
373
308
509
378
367
331
62
342
67
304
360
261
530
92
26
6
284
303
528
265
296
362
290
332
303
301
538
384
17
18
392
525
341
320
357
375
7
493
8
51
414
265
294
33
344
40
16
21
307
358
293
329
294
318
288
303
347
538
393
305
15
293
23
535
342
53
516
50
382
518
319
50
62
304
562
310
530
291
491
297
303
328
336
540
490
66
287
44
324
384
385
290
46
417
510
507
22
11
314
384
355
30
289
538
294
507
370
53
64
416
323
376
59
331
26
35
311
346
259
7
319
389
59
25
39
41
396
372
8
6
62
365
414
416
382
294
550
380
353
347
31
509
20
278
549
358
518
382
79
64
363
362
547
46
515
371
549
386
364
33
310
384
393
43
558
343
39
418
357
67
376
394
329
550
338
560
79
364
284
327
263
14
536
510
302
73
310
51
358
368
29
262
26
340
510
9
40
288
520
29
534
544
20
300
47
517
91
330
546
413
540
350
75
49
572
492
513
513
292
568
24
299
277
4
41
386
505
512
26
305
520
362
24
369
14
300
277
358
53
337
512
7
523
415
353
514
559
377
339
293
48
535
271
259
337
71
34
499
362
336
510
295
53
526
46
12
512
280
27
8
395
516
92
325
12
345
44
519
549
551
553
569
19
340
334
333
625
324
509
336
381
388
274
7
301
54
415
32
62
300
563
38
519
33
511
300
350
50
53
375
54
524
70
63
23
355
517
19
51
543
390
32
41
28
22
516
554
82
620
518
39
73
352
337
29
327
8
576
72
275
69
66
424
560
87
352
545
417
4
530
494
413
511
285
560
541
286
20
393
330
262
510
6
535
271
533
348
371
494
79
391
387
559
303
56
67
370
41
529
389
73
3
24
5
21
28
464
561
71
68
393
64
562
542
548
533
14
536
379
665
294
303
615
327
394
502
350
68
60
574
524
33
529
581
567
337
562
669
27
13
36
545
6
49
281
553
452
315
666
380
528
670
361
362
48
31
33
367
357
3
571
293
363
518
506
71
55
549
