3944.9933596345672
5734.872314582086
2699.294619794476
5573.399391131142
5746.163827101079
5779.1345245138355
2546.7453994722514
3906.9256110089073
5774.9937878823075
2824.3035460202163
4472.865988779007
5211.449815002118
4921.7903873894375
5768.7724025946045
5140.053542930777
1303.92802208046
5622.325838583487
6267.764488733282
5211.913718477985
5578.546527420028
3893.439185211874
5907.337324522423
5134.8727393235995
5206.75151395122
5488.7905890603215
2553.760423519772
2550.242434893722
1888.6383448438876
5750.312560448775
5491.36542328654
3896.7883188654823
4458.108259069923
5588.1838234994875
6047.005802633966
5636.390527304037
5796.26618375522
2559.063046187601
1894.8435434721982
1433.916512838379
6181.0325473476505
5150.67472781947
3291.5820014592546
4464.676725609458
5813.732609931563
4984.455290850236
5483.362022909945
2557.2938020242705
3414.1036125070923
4430.052754710434
1427.1674062920488
3894.846294457401
3135.9138894395574
1310.1333987860123
5761.94691007782
4468.766753803318
5827.761110238067
1850.9658607636165
3369.3270421082652
5340.842874528769
5498.72394297408
5772.090308326213
6190.376935741928
5667.764943483662
6057.236330004882
2551.999052770574
2133.8464068599405
2691.582311515115
4727.615613835976
1852.1839216977633
4988.18437701065
5740.053097174403
3283.0304762555515
4930.125498003291
5080.712761382194
4928.015820142832
3400.9050018766598
3378.6298362354323
1300.9088617946904
5625.998083316844
2449.3564784512964
5129.6708496568035
5786.904063468201
4987.855026751724
6063.383905350791
3911.365851306724
5202.644957144768
3901.250078135489
1919.1741384742825
4980.94140017583
2415.9874822518977
3296.6555224941703
4997.452201153835
3535.318458223037
5825.159190598164
2025.106661138193
36028.92308650136
6173.399030409873
2820.9354946592716
6067.823321845268
4473.007172087447
5795.3703287722155
1271.1279164565622
6010.963031766226
2409.1420266065243
2666.9500655149814
6324.4615441174565
5662.34808960299
3905.484676750644
2702.4778153944044
2099.3610916235107
2053.424178579265
52314.17949313465
3899.1404585681275
3837.989098443194
4476.836925998305
5068.5634331524425
5146.164274571084
2548.1163453119593
1313.3491021977816
1276.2392491919732
5116.207564319443
3890.518556332798
3728.3354325143628
3813.4422700804325
3666.4145061699637
1296.9408170039721
5578.3714539580715
5198.456380316521
2631.4225861755663
3286.9662853510417
2059.4071127917596
3902.448677643869
5201.812551840611
4770.780664896287
4469.267498905921
1314.253256899436
5367.808102303391
3382.6320847319967
1876.013905935509
3893.38102077471
5782.928943976058
3399.015852100327
5070.642262879115
3537.178792894425
5683.029832979927
5486.13012158261
5681.262860885979
1288.6386157904124
3387.3614088939485
7076.648713509473
7073.919018522492
6031.340088685408
5807.4453595287405
5625.99646898328
5569.250302797743
4446.889644072185
3797.384124655847
2696.091505649763
6262.347623363938
2111.245700084459
4409.898698938118
3132.6517615345947
5834.695948310314
3424.4047361712855
3537.2517051792424
5796.591052353615
3106.063752689535
5062.348566651095
2637.3528792276575
5803.402683292302
2047.4038501881287
7130.087697185484
7036.029982790738
2122.7259918569266
1869.833299126233
4967.894467928422
2565.4709770230284
1927.2812063651777
2669.5101725199506
3660.3581440180637
2059.900194182023
4451.825886622813
1267.6393636955897
5200.345501573488
4241.1699763347715
3134.3181315024503
2162.3985199500844
3730.5386354865286
5693.627689874575
5745.201570320368
5124.462063199011
1882.2428817672474
5778.935360223738
5801.279098186275
4669.628573335969
1310.8997262574421
2096.6561544111723
7386.974719714617
1299.9412788998786
5630.212156331023
2669.102783594761
60386.59619218203
6409.838997099826
7336.665277338248
7356.966026667072
6061.98501318201
5752.995550963658
5213.732823382612
5196.26634997071
15887.008886731051
5795.129986436819
3103.9706014989993
5078.210794368844
51714.17997169039
3404.82208711916
5213.841470277733
2697.6784052442904
4978.547109435908
3908.3123999870204
3948.1729626644733
2045.2235034001098
3137.439732678254
7119.20662826945
2577.2105818338355
5801.812337377768
52914.179129835
3142.9892107473343
4923.842990821518
4891.977442043934
5854.5905522307885
6346.163692095314
4720.6770826582115
5624.177977479098
7040.66584508389
3357.1246963922363
2612.3554976453784
2563.821379660855
7033.777895001709
5119.556517809966
7540.229863780568
4664.194832705286
3791.9906330483727
8814.5387890807
7027.379140780665
5715.538645923891
2545.024730203175
7730.027968478903
2716.73756910519
7659.570960015633
3807.200190591565
5790.927069374317
3853.117427111371
3209.410047121189
3533.633099163836
3402.835860879519
2118.964963227034
3805.5726742753454
5114.001879886164
3387.202328110634
5193.131828421676
2606.7738411371624
3949.7724903132803
4983.642793769966
5201.676383022715
5241.827381206516
1245.4178653399802
5838.5376750217865
2036.6149839098175
2418.2960936272193
5204.688216756802
5729.670450388262
3802.307412875629
5184.986287790406
5673.136162197099
2129.4007030303383
3718.8074443326386
5807.6379006889465
6263.846654177424
1452.0109526165893
7124.210721397051
4237.811927061189
11109.36795326779
6095.697373212235
2065.2555122582407
2687.2613054669728
5777.084208833819
4000.8751424533925
3145.2979736039124
36628.92268108947
6135.54242492469
2172.4550728015943
1283.4405584851584
3905.7130066386458
1317.6913185374488
3734.318063883441
7086.359827013213
7187.79487558809
5589.337916732392
5678.2649011257145
6401.473840727575
9189.872548231158
7305.293207481835
5207.445517105999
5210.251272547418
4071.6616984816405
51114.18041566066
2102.4781592441745
1272.7235158870037
1885.3602917686233
4994.345233832289
3410.027431142212
5195.178681416175
6283.029434749046
4419.428497584083
2598.813563423574
1351.194953239435
3530.1356184632577
5905.512127157122
6266.755870003368
2057.4334586796517
5200.425041256796
2663.1202653011746
4709.065876905099
3897.6906919893245
5166.193081923042
59786.596602941274
6305.591103856214
6098.255028205746
2541.856839255477
10587.317661800753
3800.669809504433
3700.3722264560115
15259.697256298612
6670.014502448552
2604.0236145979966
6481.270799764054
1577.1591700360837
1262.0251897963624
3507.213344841738
5790.09198882523
2581.737465790832
3949.935434484762
7064.206700800675
44294.28656301407
4281.177611743158
3339.3179523229715
3204.023374101192
3539.1897171487676
5898.523314923186
5496.318100968518
6744.062377425944
2571.500343125907
4674.889134217575
13156.249406051467
4969.2509011099755
5541.22610247781
5246.640075236912
2814.0703843646293
6754.800947633522
6278.209967801452
2618.6347367442463
6378.935248526549
4982.580912106959
6873.135552298222
4925.919994712635
1434.3516924219498
4748.931316493251
15202.112055233762
6399.290664807319
3149.780508372465
3389.463065691401
2961.3804357719123
7873.246392568633
1948.8404693464718
4646.146422002663
5835.263286152143
4918.557717664166
1739.8350102568518
5686.019242075111
4891.219023989592
5205.214009010241
6052.263119909542
12053.53881709094
21555.147885108745
2157.540675844392
3870.326066947819
6066.2749946247795
32671.558101610048
5819.995566181151
5225.228937290008
6904.574519734065
2540.248206047302
2612.1433212251395
3302.477531636705
4900.2839177811575
4549.24787804885
1890.6496985864023
4894.797203811471
1261.0752195662342
5903.69592917225
2575.9015314035337
1952.9910023661264
7098.364571145456
8061.181210623356
8462.924881434099
4293.179382345162
5627.783012284148
5207.906031969405
52220.157331741415
2549.6285335793477
7113.743493022508
7050.913523766976
2081.033686320324
2449.636410071763
1949.4887106360118
5632.311290899682
5695.619684063103
6807.679448958195
5357.171006272673
2472.7233723742
5675.362318927802
6186.621477959065
3899.1987976558034
6169.249946172212
5192.278893174373
1250.6342339439955
7088.787453320473
7058.06894989135
5692.439576442259
4303.621496844761
2107.3084279961186
5788.080347839485
1265.1335808922554
5811.913566117091
5180.362393402856
3188.1847444742584
2673.137066881998
51620.157675560615
7612.479947166138
1256.3240277287669
13713.938966648784
3903.531569342435
61589.62486796086
7080.391450125512
6167.893515980559
7519.275946556978
5198.664962589188
21321.719147798645
2052.010827437697
5195.969048569157
3803.94149105591
5795.178598184417
35428.92357948236
45718.34832223199
14032.926465393199
2043.7107210507033
5795.452017055131
3898.0116479413828
5215.176443083125
4445.943925329004
3393.480212119539
2094.1725233851685
15239.0341791755
4712.171689461542
5195.452228819136
8473.246172998075
5343.032868211969
7347.7512106149425
5036.390772130028
9062.115829997396
3188.685440329204
3935.3246109414063
5188.080474478168
6259.093142333814
1877.4141113178875
20499.16907923694
6628.430407297637
1436.6150516221765
7008.290276643929
3147.5629338924155
2593.712684275915
2566.532620637522
10628.822636975954
6184.752474738847
3414.0702954901885
79206.44813251638
25771.866848477373
2067.626928551677
8250.864884775592
3903.5886307608885
2625.106305841067
7350.849555364594
44894.28616947573
2603.8642262590465
2670.339745786821
7092.285749824019
2543.449644814299
7261.224470070308
7113.269547320117
2546.5811592537852
8661.181031143877
5194.772683941934
2576.371025474013
6968.493921924125
4241.173041160022
5033.406536241908
4954.5168674090155
46318.34786251561
3395.3136344439445
1912.2726210649066
3436.710420073108
46452.535523270984
2031.4229110059377
3840.3829498106643
4983.43276056991
6229.464102681071
6448.737575329361
5806.751395625246
3664.394562832159
5400.847317286377
13829.757065268377
5830.998999937838
5350.636042420381
39827.45779006095
3907.8750606799053
14636.559260610738
3376.1335870666267
2678.211287833477
13839.840943988747
8397.078501324086
2056.630338579811
2661.173069668845
1901.6702245082902
4239.872721906441
3663.114503601112
12802.93139457044
5674.437017518429
3112.2724291490194
7848.0641715842075
5835.005593556041
3858.086732305432
8129.464028259706
1443.7108418370374
1306.9964368012083
5230.465643605627
1722.6073304416802
12783.950117765344
4309.312965017903
4496.292807588691
1155.4960284771337
7202.000519380543
1863.8035721793958
6770.80246716288
59186.59705051075
3193.7124503173777
4232.867202096926
4480.732580286773
66933.18384696498
5121.099452262101
5831.454852458074
4311.519842377454
6748.311384836082
52820.157143894685
5234.627258021748
5328.917789395538
1560.5390076217757
1470.1770177328337
6878.209800690559
2988.6265852512815
2702.003802227786
8770.392172687982
4462.348725396967
14840.184627291617
6572.261005982829
3154.0613530926253
1472.2654996579956
2643.63232448515
1736.1264564016128
7037.831150054033
6838.811834725179
5588.4897936527805
7632.820208473536
4756.077576395276
7089.131350592953
7485.990888072691
4973.39998438291
18974.749064734024
2291.2450396371955
4991.148832007091
2069.5965286943515
6042.396917736503
2670.1768148543765
6618.499766929875
7266.185414808691
6386.9039549108375
2324.0007246503874
18613.301397151783
7068.576649420628
80406.44758719526
4517.92887887712
4897.26959669401
688.3631851174435
6403.402578191823
7073.060956315302
6064.785002995212
1728.567557760192
7654.662101060212
21418.549793950024
5254.590745993619
8309.510965812115
6178.546163768843
3662.375670752603
2665.00460943993
79806.44783663539
13483.410636509498
1572.4553235635292
6273.135723776724
4989.8672687137305
6686.469448643436
2037.3531710999
1271.875095448464
53077.26488967771
7043.485538451337
43694.286981987665
7476.085917100361
10595.984614348163
1473.6469975427178
5835.1969497639575
1294.914737211013
2004.0239578959029
5797.222251241312
5059.7712082964235
2115.1370504231695
4634.664533056015
6747.896231259872
11775.440265284611
3794.9528541199647
6700.8790564166175
5592.304196873414
4989.338066420744
5721.378936893539
7191.258138305256
4214.788097308946
3273.13686141167
15644.09893346461
7918.827800529716
5138.186323384712
8017.734183294519
7015.093052902147
2051.520806341758
21211.67086680785
4231.256862261509
6037.7727158413245
6884.837216670835
690.3641936780554
6382.928833738124
6788.1833598547255
4981.310906730644
7207.348594783433
5528.212882571433
2287.844933954178
62189.624509864436
2990.143517247121
3660.5406313259828
45852.5358850096
5250.247121599426
4919.768084980757
35949.67854383994
86254.32976586027
2648.2431821845657
3191.070606027019
4826.856291508146
1951.1947193616897
8078.303730398403
3836.3381369237713
5751.3791632146895
4804.0103936166015
7658.010177934797
1950.3667318704477
6182.889476740345
1898.670398775775
8052.52246060991
7636.009029966086
9896.717009955466
4893.493136429193
5558.791770949441
2693.2393303095414
2325.774597266186
1732.0003927099863
3857.0312261930894
5551.016019436457
12433.585245764298
5801.473906756053
5142.854698269471
1467.6051004239478
13503.565194808318
2588.685666442476
6345.201396217725
1471.1730986601015
7616.604358949541
13964.831288730566
2424.3118050639428
3900.7053758902634
5671.623179378249
1250.8901213450265
693.7140225571131
5150.313034150991
5791.795910122698
1233.1605522384682
13499.981766057981
5568.934167280575
1464.4484635958565
41831.912870064705
5066.480963634231
2659.2259095648187
16905.816336564494
8536.264646264042
4239.486409622319
5749.067016144015
3086.287668724449
6383.312702360715
5830.934180840483
8634.362820404838
5584.762776757834
7773.402469663041
17246.093555650572
2039.4274854278472
1234.747883265281
7475.307774742979
2743.479225024516
4767.235920885524
12369.560964109689
5737.0688626476685
1259.3687452369968
5604.590106802012
5083.0302176609775
5189.810676988035
13475.555582874773
5807.905817108278
78606.44842384044
2144.051319755336
28059.873340130678
85654.33004848726
3385.0534861589667
6334.872147663693
3178.547497489015
60989.62527688206
6557.810254144257
2082.424251203754
19104.8943199851
73972.75976452739
1263.1146828687586
20955.14816088361
15585.992190350236
4907.176941459479
10892.869538542254
8242.64101070034
1146.1227741640146
6991.817073556332
6968.8507779012325
3899.2647976692465
6012.4765390959965
5634.402143733255
3737.4396588128907
7461.181406335923
3308.3431259821305
4962.640732353484
3559.4630065919437
62887.5414488668
6877.639458381723
6183.431828835551
8429.977646305528
4930.986456550776
18374.749271680652
1164.4968471078987
7230.348531215748
2166.90688927799
4488.819012931897
6403.718441006692
3262.348848296587
52477.26521600594
5073.136593160871
7010.887760331293
5253.793950363795
4987.54235138327
5029.21267486534
52040.07689740605
6588.615194102766
4373.400246348988
42083.23234212458
6694.791616617687
4678.432045601273
5698.86820677151
7085.093377045877
2018.635116408096
5805.864497307941
7645.631872789653
6767.893437350716
5108.1498286575525
6234.444318978976
3787.4620285504184
9584.926084574354
2601.21786530399
13142.410332972197
7609.406530647341
3912.4901473881846
11797.194179740094
5192.543816544659
22449.52636672473
8074.7271574621545
1271.0725290147636
8997.078325624245
6574.031421699417
10910.357960433043
2487.2264593392683
5357.233105246932
8472.264339148544
5711.693966025233
8431.026657663833
6232.237362390003
7080.832589313251
59593.07619367682
16305.816537815292
7667.045197639232
7048.0220761487935
7353.922007091798
60986.59591312719
4369.251162214095
1505.1360310753923
2042.8768378540665
12883.760046812142
1724.0009146372288
6698.442716060941
1722.6656361324133
3419.4785053507053
74680.48928808334
3912.1721773683907
32071.55855102699
1237.880358988849
6744.491050040856
23491.202302763446
5953.490468517263
1241.1297974887648
2595.0899247025923
3938.6914846891864
5801.222366866531
6996.800936522931
5788.34784613613
5204.1560389091455
12442.471835809514
7056.693212353996
8291.938235194773
5186.316575502232
9827.827819594158
20462.70393414887
4212.4769006622955
2662.3489917271067
7063.147025544937
5783.312785294392
13130.40835833593
2600.1174782902
5216.33288056019
8211.404453109315
7469.816896799783
39569.71871182335
1566.3459966192397
3316.737360954743
5802.881546908996
3541.133735827215
6064.8143460473175
4715.219886367
2076.152165223792
5719.955995313731
14446.302686421033
939.228826758999
7834.6123739189825
2073.137171805509
5326.791774708121
6062.422976246943
5004.590228896465
1269.192137169625
3969.326968713812
71900.26662127896
5188.347993625239
5804.155948379931
2073.646885409835
5815.176253911638
3403.0707310101448
6862.3474487939675
3735.913818704581
4863.344278086045
2146.0393387581476
4798.117315512531
2683.030728483567
4431.2414103405035
1288.363082683224
3380.630476409951
1141.4677354637142
4951.016194425935
6174.871697451507
2095.3099919107804
7209.257628434399
22891.202558432924
2160.538816097158
51877.26558600894
5327.723702833402
4661.2842084922895
4800.59677793441
2705.4164481327366
8209.406317143661
1290.3640924978795
5714.001704737595
4755.1745132030155
8513.779406643895
45494.28589561188
3198.8133246010802
13434.97930596111
2064.0372886966684
60389.62566591651
5689.166399283906
78985.43864165717
106634.94277952366
3108.1639043820987
40631.91372703063
9995.420366697652
11718.44268228788
1871.8748200925056
5211.585853076537
4812.706388719744
7980.690313669083
4202.9647436854675
4439.135514277505
3658.3419270872996
5199.680190428242
7246.67742019834
5115.538816659567
3305.0200592806054
9420.255037307279
3726.1525094256194
7629.618106895645
6267.395813978852
5721.990190801837
22375.529696259033
6058.003813164518
11813.4099617997
2024.6976787310084
7664.836216931464
2685.436706203469
1233.6778748713616
5072.194696297223
2684.4180139619357
2116.443424326912
6336.0365012410875
3872.4797366237945
4227.977249930119
12318.44253895024
3656.3267397265386
6378.421595821898
6454.590478595798
2649.504391199067
31434.84250580999
5629.529404749657
2568.713174536364
5837.141230038249
3665.2107057314274
16032.192333660174
6761.429931126213
5210.819995155927
12778.042602072692
3790.4925194272255
9929.987777108787
1989.9194526324843
1496.6563170960274
4738.050614098686
5117.928646422099
6265.318556232853
2708.3432352664136
36549.67820024248
1466.9503026791963
4724.174182509191
14764.183536153525
4802.964632007373
6293.149890071955
4883.795291004212
1324.799680285419
3883.030446599908
6691.25799987836
22155.147764301437
25748.006230298677
14738.591642589092
5192.97492601504
5769.12858908163
5611.5213634578895
4824.184869665423
7282.158205094468
107234.94253620849
19574.748903942604
6271.092230708207
3183.4331380081203
53002.24932867421
5772.527551274743
12378.002971317926
13145.566370030381
4454.373121359266
9875.023023368218
13495.356176330153
4971.343408305084
5570.667716934911
3212.1431935859828
4521.046178368693
1502.4783307907985
6510.38343781289
5202.881610586386
6079.80699447914
3021.2439857654845
2086.9669100972387
6397.22221162144
7579.05663046941
4323.844781241126
62789.624263997335
3899.3595419320704
83854.33097031726
16097.030408033412
14389.557683796611
5176.685862743921
3220.274149616634
13957.939937051407
33271.55780686088
5816.332733334995
3900.7136711343414
6482.930458810171
28401.776579609585
4748.4670158754125
51440.07736200035
3834.9944689100066
12093.340247433696
5011.972323743628
7059.571213427954
8096.715104096169
1544.051393660441
3791.070570314521
10138.247379812146
5121.323042352088
3296.6611408437825
6432.010021811512
13992.304938797886
7082.5520023758945
8218.06559056609
71300.26685029746
2991.0685271564066
20222.378577481588
8385.418716214886
5183.209125565785
20023.859836399697
9551.015673181151
1409.4108160858875
2683.2059019467647
1279.7878139123152
1132.0005313410416
7610.887505284602
7624.8543392018655
5036.0737567729475
6053.644101077549
2166.34577148291
11539.781658930642
6538.824966375204
19862.70421450388
4069.9557133485573
6420.8598043368975
25171.867181630125
10268.676440293597
2989.4037443531083
107175.5638352106
3225.1062527459494
5726.793279830873
5583.432191843692
5583.642567182152
3102.024410955212
5187.648798026488
6368.772351988866
1573.5535999809904
5082.79380610083
2078.211411997466
6188.496391913829
8043.673120463037
929.8412329941714
1891.1457811411767
7685.310832201017
4225.923550947033
4237.773125670133
8676.43317846551
1457.713752793335
70700.26718863955
4256.409268224069
12700.664112893663
706.99667041587
4923.844742715882
6230.417625668109
3909.270503860225
8237.937697942083
7020.182085202624
1849.636635794946
4507.00472452975
6767.213425185464
2026.7031534279718
4921.243091303549
6024.184618122404
8288.949327054057
30736.369406896993
3426.3938077246603
2411.4099476198157
2614.3089280478
4922.5550417382865
4933.049733759096
75772.75890204032
1252.4177953982198
2477.0145697355956
1944.201513205982
5341.153131777095
2725.8417500728474
6514.378749050995
2862.1257818929066
4587.453472804786
7080.939879890724
46240.319717447004
696.7088045808823
2581.339275007991
12775.863454620567
2605.2889843102266
4818.209300276616
18998.33851103641
6752.582901233385
7101.040507331939
10617.617199032538
3097.7437714064113
5971.732597681404
3192.342161939051
5912.572420691584
1291.1459111630254
5203.3917055675765
12771.295404464687
3795.734818842264
3089.423452217313
3899.904499812693
7108.427671563787
7102.448434611624
6477.905165850633
683.4407699579143
2900.7900900076893
2103.344263719079
5346.634457232596
6319.3434847972185
4762.071436200236
2491.145630822909
10026.982796854045
12789.869588271635
4977.669909379435
6032.045320230472
4432.240518195789
59789.625969236884
39227.45828498775
5801.626802536572
5650.602294941743
5580.941359565099
6540.348756222988
6037.269639844416
6683.078041262802
12437.789827387911
6898.541953171155
41320.041398595946
19163.7269361959
2659.900170703435
2677.0730282958407
15958.0790365758
2651.27037079441
6298.683679604164
9852.124553652095
6403.732416989614
5190.0921296334245
5811.449727845019
23317.98664821546
3278.2110570314435
85054.33036815339
5792.225960410991
2591.070652494165
3834.0932020454047
14816.837518853783
3886.966270434523
3976.133535554853
1437.5713523012519
4596.54208936039
1293.7139265463575
7073.306618662666
7525.796742738923
5753.542822824529
3070.1787369096164
4010.079716526975
3974.7129372305885
1725.774779226045
6326.793242812347
6317.726004760112
63487.541145082076
6037.646311188474
1236.457747689132
5003.86807836397
25148.00637861676
8335.491276194356
40427.45730637566
4612.956255965452
5196.9152170984935
62287.541747723524
2645.2234640206902
1135.752181374286
2660.1868302677117
3253.117530758182
1350.3668708310936
7053.80284244125
6381.672079194571
33942.094558896584
11463.560279384801
18243.677847740473
10572.924791832145
3397.1557610074706
74572.75942939286
14026.272015898458
87702.50242199218
109634.94170066233
2606.8772832875893
2908.397683897023
6263.241911078413
8220.181614912106
4405.572652384493
3673.0278771645612
6497.155739699691
13127.473956821
14733.436655007052
5219.995750024564
8484.41548056145
5588.980780770221
4688.460508950892
14844.368271291058
5214.85292275512
6408.633070154433
1947.0501071832596
7130.028166695933
41027.457029080615
2550.366680069757
6883.029273248692
4517.057463426911
947.8038486166117
2832.867448444228
5356.24538373048
8330.027788263302
2988.6749016867348
12103.363669315808
4696.64770740021
1352.991131224344
7537.2767411065815
6380.308548233246
3674.9802079120286
1303.7557505109246
2552.990952647286
2944.962264570035
4433.237678636725
27459.873705341037
15940.334269914923
2740.4871414364648
4516.207813852096
3993.7738807632986
1455.4256916799052
68900.26825382892
2643.710694374721
7686.359757766177
8079.397951612806
5109.200956723656
78385.43886837843
5969.763478911441
3415.397234427863
7787.794710371455
5753.431800757321
12108.597595265077
4899.6583415965915
2647.013990048391
5219.190012650481
72500.26653939892
50677.26620656967
45118.348800627864
4909.3153110771955
5810.251078278301
6866.419969892185
5302.8239405290415
5524.848781742629
4992.304339196049
72172.76060021546
5418.209028757924
53602.249156377184
9392.712163165877
8118.214655943463
6912.21254836455
4672.393767130517
8681.040720989839
1269.1101590163016
7874.289374107121
40720.04158901386
1020.5733595178062
2572.929629596025
9050.205065849615
64486.432651342024
51277.26593578018
6591.675812140395
6612.476444882062
692.7739275538602
6322.25018544371
2571.1729988551697
5220.651895813065
4963.925782347265
6623.149744256846
4300.937438888985
1348.8407134420602
1985.9325825601252
12959.650139395895
7715.42250490083
52402.24955282563
3232.491778758518
5791.240172310147
4927.561141769432
10925.581098462995
66333.1841430338
7785.515570330626
5107.701251767987
41920.041227543436
7074.946983241489
14363.121161943332
7618.06581168775
6188.183464255427
1470.3399633070417
6184.805883333655
5450.35191099551
10334.68519479089
7518.214850220732
2471.4053597165703
14356.994698386216
10436.408742719961
4895.652778337794
12393.127186222946
7806.869479636611
7660.323105286717
2715.699981085805
2088.0544818379435
1992.0471229628777
3373.4274641618003
15272.212846876073
3535.4004971415584
5648.84075280257
2742.0023313317797
10327.148994335244
10646.457467242717
5717.251616800262
3218.6346453060105
7774.908537332332
6636.117048210441
4420.947375941654
5807.8313243762295
5117.558079071729
3984.1714971842352
2637.723815224399
50602.2502584432
5216.0865157221515
19593.844714187486
11118.44281144001
5196.562645208805
2583.2752727058282
4740.516205710751
5228.844762750834
2467.8425550269044
4836.117573205746
3902.014130768145
2959.4631014041674
8586.320532083899
7045.12424559605
15191.076324224805
5653.556199432472
3424.2421059640915
5128.583214526779
2062.3490542818595
1015.1650610375536
5618.537249398344
13837.200830833905
2645.8186801600664
2517.4903712510327
6381.087199618502
4269.3869673000845
5610.593996009303
12107.128252524108
56950.80442868263
7102.538861719792
3906.441617638696
9605.531117131874
4925.110534351554
14160.67623653488
5011.521548032091
1727.8960926591767
2111.250862284579
6979.056787109406
872.3788150589454
657.5493268423859
5811.999366045387
1857.9312145818933
1878.089640517206
3979.495865989219
5567.893873706932
7289.995271205713
4606.323984846764
9836.40888355147
4932.339561259553
4512.212914299115
3896.6610163020514
5800.424948292913
4437.98903686059
1900.9209494052889
81006.44742375231
2586.3982978043473
2474.980248147964
64687.54066339874
12542.410487090228
2592.3422060000084
5563.925617801191
875.5928472226816
998.4291739065646
5834.62716635927
13250.71485907674
9790.595256411589
5826.929068980253
3961.7681750318256
24157.078498945615
3027.122094095016
11501.25606505922
12069.437171655012
3341.67540780844
2927.708599039915
12423.582906129228
4932.229610816965
11526.975040284728
17505.816222160753
15625.68456977897
8259.570845620237
8339.538019403151
2886.0480791014097
29998.860027448958
8945.78673759482
68733.18299692898
4592.543949750918
4812.6548643315755
2087.9444425544693
5577.669744739133
1888.3630079651878
4638.793104451578
13930.368402633783
1988.1849486114138
2420.9916321315504
2655.053123546462
3921.04623304784
20817.120693956695
2669.522914798876
5785.649612431991
10302.50546231952
41483.232666352174
5910.383520214805
3987.453576816097
2822.7651913451364
2738.94553916508
5187.196875479123
7113.567701123498
3223.245690447843
8158.015317647258
7217.9857832075695
35349.6788262878
18061.269710511973
2093.239409634951
9376.842609283724
949.1251488257165
1500.3162787138856
3112.170235804234
7391.200262154828
14731.032179361871
2463.1145799032333
52640.07646479767
5180.928103285518
1725.4439829393389
17341.3691866155
945.1585058684504
9763.423759214063
1882.9320002172935
9073.24604916582
5684.7157409193715
1425.1069392060774
35330.22894527472
17587.122722831213
5101.712437645203
6887.482121293529
7984.891198663058
12918.442428702405
7581.590871219786
10101.949089018402
70100.2675800341
1267.13193106776
1286.0367528462266
53240.07616609449
1006.4165518812217
6384.907018364575
6682.15848820037
8214.111160528768
15705.816740351678
2686.966600588233
710.9121954832901
2549.4886458256847
3857.7134766836143
3796.4148186811653
8086.551133708109
7704.012898913612
106034.94300014887
2696.6558230453224
14415.913475999125
1404.0241120082992
6236.390455910785
2589.7945723431085
5750.674296141333
6750.906845647466
6405.680105074374
7291.251139135126
1890.3640161658004
6355.311826505287
4935.225616157417
9701.617510260896
4497.996156350585
3902.1565529160157
19153.789967666926
5038.86627982183
943.134408931089
1955.9451457578934
51020.15804458454
107834.94229023685
3873.5716473040425
5009.780987891799
7669.539630461599
1846.946122187848
2749.8917656216404
8212.479879107574
4391.990576033834
3922.3775595674624
699.6252556669888
2082.7549573277865
3113.0911764447537
4740.5073904800165
11486.928717196673
5528.374428387953
11217.561519226696
3229.2176435834326
6999.890888297684
3717.0872916317967
6757.166069895709
66286.43218544553
19051.77874029616
3147.9732615498842
15124.054447706585
6752.093216837903
6312.212642042754
6783.431729683164
5177.495094235731
2639.235287378121
5151.065308316001
3162.761419160724
3122.028325773045
17378.385884436128
5436.117405423609
54202.24905858727
2413.6918457914785
3099.8095143262894
23780.82902394537
9275.307305333814
3490.850809358009
16728.846778648996
6875.307924828194
3892.001803109649
3939.317922696625
6935.312030785755
4679.987778441258
1739.1263139045295
7663.002937856058
6337.663803176982
8885.947367285184
11775.183249731068
4388.184625914366
6298.5420496613
4745.480649003677
14158.251497492563
2450.9657166858588
26348.00612937163
20289.528482449256
11748.993404483173
3745.067575684018
687.7215959463969
11494.70620642751
5095.995435458806
22269.301931240607
2067.7659334320674
2609.410285675503
3993.6237937729084
5295.209401463839
5185.649757402661
28659.872978002022
6112.186674562961
3753.7542776568957
2813.8984746474125
10085.508464422961
19157.65022507815
5178.980976212858
5703.468275124664
2026.054957497533
37228.92257179112
30234.84332121629
11786.835698248917
13605.113456873749
1993.957578280284
79585.43840776788
9574.908067655855
13612.632954486853
23380.59553206709
19689.528590025642
5797.548087339947
76372.75877222508
2548.49109625412
5179.66372705647
3747.5628854517754
1287.2267185248836
7620.181824108625
4314.652908514554
1958.4483741895438
2956.842984533793
7879.131280402629
3118.644914077339
17774.749457472204
5441.17277263189
9066.866851832434
2019.8167711164342
107775.5637233945
8137.276523964262
14749.198647317147
15705.300240998651
3183.275212130296
3123.1492396173494
2062.115500247657
14179.399458805763
18115.707653157493
7599.890650450883
18993.844927971204
4962.11301596128
9298.541490563666
2165.978782863971
6379.134436154268
2406.888423452881
4916.564745103302
37964.5048176827
7200.038594958806
1546.0394089757208
3655.2614240595985
12099.086996481587
84454.33068838924
5202.251502236976
9135.34830259058
740.9680926536081
6274.436788993593
3861.9468986532956
5533.616499433322
1349.4889485870806
1139.8351193185356
3234.902128285985
5201.626889614013
2394.117685234328
60193.07609724648
14813.513637118547
3144.2013153119965
5424.184737170617
34730.229130058106
4945.067416284303
7199.679276917193
2116.947021905322
13120.144329335193
34254.56294661055
620.5109721251333
2071.1730541830834
5191.796067984508
3352.9503809090493
51802.2498022599
31336.36915188535
96111.98252144351
1491.5827878185107
5717.214229239024
75880.48897970491
1122.6074854655897
5652.005741998255
2461.0751131331735
940.0076928956546
9348.139765939106
69500.26795683677
3706.063722716227
3725.3750357963904
2023.9829922243612
8063.0254190025535
5033.54577336233
10233.503666838209
3117.947974402218
7018.066029215369
5728.583104848173
5928.703810413761
4558.694214694224
3053.8607941615796
5535.225565169558
16828.244105969585
3825.709948333706
5853.79390992464
109034.94185630776
4913.656340417448
91311.98418341385
5104.7114134200665
3854.139527663247
3873.1368439636717
6778.546071268893
6427.633022311405
13558.880254260577
4463.86374691215
5010.594183441019
6145.275516700497
20952.28917349135
7107.555892288953
7197.078818301752
7476.433500289795
4665.329370313546
3226.196117287428
2963.1562080868107
5002.482840300911
4928.739527432224
3827.038865562287
6268.307909062781
25646.549257068662
7046.292066295146
4988.489986413748
4318.977877069633
3988.714070944414
7721.6926937434855
2573.400406598619
18786.714865336064
7532.421105709708
19261.972114636596
8865.253097100956
3841.707506633172
37769.719927884325
2983.2261869794665
1598.4291200760633
3951.700643318316
14654.66808140823
5724.46169370154
21062.70370012841
10282.811251176465
3723.4015221247732
2464.356664976685
6585.5158076207035
14713.390395707067
13742.410269023638
2471.0724450927364
4946.119732198239
7528.58284794648
14682.988762797513
4317.865336953888
6984.013568308453
5188.982168875289
14789.212554370642
4526.071718941341
3912.2129832430833
5112.57967175679
13139.887443536263
622.5140341997329
5584.455266696885
33643.5717871115
8098.54166520102
6757.81963786349
5103.214690752165
8374.03098691121
6417.43942415255
50002.250413344125
3309.2706207449014
3815.079899377892
12096.809202891749
4978.837412244888
5792.266604505561
676.2394879921568
24849.18468103894
2987.387119698628
92511.98376955152
65287.54054403196
5527.959086611943
2263.24516240982
3257.713568460063
13148.351389055664
63389.62417416559
5510.005978391005
2100.316151037312
3665.1334100371846
3115.263110311484
2542.2999160937557
6765.380986898193
121343.70105306232
4955.661407812795
118943.70165712594
12036.436099208908
43094.28732828757
2663.9242239580044
2085.436797244625
2588.511524668516
20380.250975338255
64862.04700805774
3715.2631004160394
2499.7187613004976
4367.224534161694
2070.33985327403
5167.696187702242
4038.793186768978
3778.5474799338813
1562.3987962692424
1277.4143929912864
110834.94156296596
7708.478969476658
5277.535111366488
12096.817167172057
4837.772989933766
2548.8404049265105
3897.1083625113297
4234.499478674033
844.1600400653109
13235.638358843382
6572.178837522434
86854.32955339638
865.3976958003914
3752.564268072556
690.5134363542035
4985.1145591814575
4012.9563621189536
4916.009077428849
7400.11904718966
24548.006546577955
1747.8928819468808
3699.809488574806
5814.875209976353
6230.0230116819785
13839.065987547046
61586.5958282089
15607.691762965127
664.3568474798806
7698.6933122248865
3712.152612462172
16540.150235177494
28590.988661195555
6382.293813109093
3612.4770129877393
6865.318509381862
3661.0750331869267
10909.36541753192
3998.526190033993
7512.21243806861
5212.956134332709
8085.99078025385
5634.444407988034
16365.570936017417
12851.523600643033
22717.986984356692
3753.6630015652604
4913.125847655253
6743.024764530561
3709.188925191476
12793.831447513805
2670.650694584609
5100.201385113465
5653.087945027877
88302.50227610415
4801.390702759838
5181.52391067182
9365.370694096893
7933.607488333222
7620.498263656748
30007.650947102324
24787.363323707363
2576.632765768713
8112.212331105379
7894.450888830844
616.366784796236
5678.210387060244
6350.153036513312
1963.5509837566688
26836.437553423195
3641.1731612202407
8719.149490759433
1291.518206324657
4029.832916891333
6423.27495020384
2496.70859556361
12298.47319378178
64087.54087254684
6233.406200945143
43365.0670851106
1302.95888882929
10010.065617707778
6166.1967963314055
4832.045513666997
3920.2940199809154
5704.8553580317775
3069.902489795638
51118.92587499823
1865.1335431481343
2289.558747144456
8718.214600133913
5316.431759394282
16039.20810550532
3878.2110331416325
5194.297872093756
17380.25138929303
2642.2675916424887
6047.318877353384
7121.047276769429
41231.91325316204
7648.8959954559705
9062.92476381917
7164.693069109625
3905.6468937689647
8170.389252546105
4072.6614093518224
6442.112569391008
2406.17727135136
6624.184536100801
7451.445865782557
7513.144543495786
2910.2031591059585
6773.398946427287
3893.9490223587204
34854.56274095853
6800.119083662592
6698.254999842313
15105.300406125692
95525.85543598585
12447.065094271986
6542.444197220455
5569.872235347059
3976.3041314819034
80785.43798921861
5632.237453862935
3163.550820376062
2940.1017588801133
3671.0723899203686
18519.73985405553
29407.651119567538
695.4917125321975
4185.516157197966
110234.94160060164
14151.59974346666
7069.79772965353
38369.71951783057
1283.474194381752
5556.280300841726
10026.808016270435
4390.492463294579
1299.7188898160325
1125.7749787063879
1896.3639096015831
3110.7427704205725
3229.994928623077
3169.0908960845845
7680.939827387747
15195.554059766184
681.7169061254873
2476.3086787754482
3300.7054983986905
1997.9314341234997
3206.773811089636
8566.798417221256
6403.708499836484
5748.330373806239
6783.642513667514
8471.887274426488
81385.43783459789
3046.020482852979
1903.7556885671759
105975.5640672697
13237.780998629545
6276.4337409157215
4964.879124889993
2670.6386071316515
5540.50930694789
5708.933665010733
4242.2726362374515
4232.04563115107
3297.812403861832
2105.732956231539
11762.052022881619
6766.196641131258
5706.186083365044
12136.730008420018
8809.406229196764
17537.91154410262
2558.448311223201
122543.70069723685
12455.133465568464
42683.23213741931
13805.137127822238
6350.312386140312
16788.305997229494
13646.063964304773
4467.812755665203
6470.920523484329
3225.080478150879
5829.832633711746
46869.13493666061
15210.294342239495
3271.9134712159685
10940.025667408103
4677.457634914318
106575.56395515632
20299.080376609436
8076.433327152652
4461.1817828624
8643.672936530822
4174.031710360866
5710.646250064001
5071.832357200384
3871.402723940743
4978.371718304984
2746.2856322272846
3987.217437775716
14587.750314560915
7596.800726500711
3115.4231551303105
96125.85519069732
6863.241865681442
5145.202032438333
3829.994898541934
8315.422401763146
1549.673274532142
3917.0575232256238
11169.345195187909
8266.985258669009
8925.073871349532
6247.952482780406
2105.1359293386977
2963.0229368158466
28444.33377137853
15072.434373118735
2100.0789596416025
5006.534840611214
29398.860391675804
2671.172863167785
15645.59468099264
6271.712600046986
16480.997480975624
5712.212733431226
2644.6573327603446
32034.842407090047
8686.551006928597
2065.053800234969
3111.3783625315277
6955.311795050374
12852.73178651049
1459.9003226246432
10890.67101728578
6876.433642349937
6867.395765770549
3300.713774727755
3941.675384143141
3389.454626495814
5177.280378152205
4503.592612843175
3751.6036669926943
2084.363621748005
2675.5246481061954
17118.117514805508
20174.7488454876
3708.3060027071306
5555.697032509116
11164.25711383373
16073.395816785714
3227.0388968895686
3750.3665827756654
4619.558407939233
65462.04681650434
6289.946703016117
9325.309691748533
4955.697106419462
4585.649956057729
1730.4992720598148
108434.94205808865
4841.664528045675
4881.1363918543175
2057.7136792296287
3732.3397470840405
6574.908781847988
3242.2547361851957
2147.8941523637413
820.9836182222615
6946.163634242543
3751.9475064673015
1547.8942186892061
4904.732148324713
3300.9957089129657
5714.45725903476
2798.5981664766796
3928.5834009459063
3230.8005837556507
2095.358915281145
11236.168033689706
6107.993761072497
50745.27603105605
5150.376575184233
1861.0751827628712
3762.113159324731
2705.33853602029
7809.883518340702
3717.9073186169608
4526.401239149789
4832.238257432694
2032.9338908834843
10631.51981494885
4307.886871681601
2418.8422175933297
13999.302655345951
2055.425615589256
2070.6508918178392
3708.1638732757233
58993.07646003979
5974.03151216544
16348.367292795521
15142.747705722793
15566.721656603562
4920.730853139016
4128.547343037918
891.3864751889076
119543.70155264663
7774.031127022147
4208.986470659099
6269.06861574673
2465.763363006952
2653.117571568771
7096.603983267411
3344.645642070783
4049.1913987434036
40169.71857574493
23343.5212710668
3030.5399935608593
9672.94712974732
7054.968985278249
4003.0707020629043
2062.736298433227
3037.018681036838
6869.472611227365
5187.453333841275
4527.734580766068
3897.812306125583
2055.053180197077
1849.356676632992
4902.567381447349
2427.228002967025
5330.028485117054
2518.2216413762962
3124.2651257333764
74080.48944115116
4914.849972898273
1407.2055811321127
14255.601892132368
4961.690623569563
3969.9535959555906
16692.745522494013
13901.279881591574
4645.394066971646
5121.379090732275
5957.545977606605
15145.160188691556
972.4554455460506
13834.077442466387
2091.5826313809007
6269.47266068918
7351.51063455555
2610.594088806094
1302.159687411061
19780.251037633876
6061.188522616301
31444.333166697917
29259.87276903402
4224.185001186767
6950.312346123757
3117.4903028523063
27908.564061428402
3849.9229034260816
2312.296131962374
5493.870000071034
6350.674170901384
8820.181533177018
6398.368666767472
5219.872598160617
16575.192865578432
17414.711144148223
4312.901204535848
1893.71385083437
4914.6528190026875
21669.302054978554
1879.7877590524927
1431.1375239511974
10312.06202315288
37838.44579313856
1306.410742105714
52545.27562459049
1388.6860627065082
1292.109172051194
6967.6959222586975
81985.43773425059
5135.89977598319
2424.832903164644
2563.550898244084
4965.683927199644
15924.725558011485
4498.542268000001
6274.567057494191
3388.145760714807
5161.966783185317
18580.251215596603
11074.757150935346
4009.1950804625694
1820.5108775243211
26246.548951784713
6653.643999166651
3936.5033305516713
1822.5139522839133
5394.80921872044
6407.603427005568
7658.877519293864
1473.1372104157138
4894.693390482606
5110.646303479123
2946.8431513616797
5985.515897680456
26761.499039232844
18251.464540107994
3531.8777551360454
5930.0284258423835
5118.512206845123
5638.708104532507
2588.1848437750627
4841.172907249392
2012.384762662336
6629.1434460518785
23917.986426127263
2989.0734293697255
5700.795261642068
7862.925105606678
13825.310695988352
7628.220500071419
900.3163734955149
47652.53516378524
2064.588924646538
5684.1138881106335
4955.765265149539
11191.478247362164
17148.0433470456
20325.869407862294
7666.985326202253
9223.90231791751
6761.220619162425
15678.639061784928
1276.9328117349587
5650.434863327919
53514.17899245673
1867.1318936290845
6553.490424838225
1896.7086418329911
1988.6859457606638
25856.246707417158
12849.491951535307
12375.922685023676
6480.160045612951
2964.7429382244472
5068.021213025085
2066.950276342594
3271.227736788494
15507.31156816238
2162.11918580759
2416.366562501228
19286.880528249894
3118.2215768209217
27844.33385655133
67533.1835044405
19180.251121394664
6928.582921799664
5437.2698573022
5838.792895121255
83254.33118076112
3291.2112723603145
11762.90759030685
8082.279302040959
6575.752261534462
9354.852384553229
15587.191506298253
1160.0890830668538
5014.333500535858
1880.852768738967
3444.123325317077
1128.5677049264473
19210.030955905117
72772.76038612355
21086.353319765763
12876.006974041555
5302.147402125623
4649.19130305045
38969.71906442621
7807.348396356001
2901.8527708894767
1274.9803212407724
42912.58794026378
3105.5334343886334
3217.9494973934525
1144.2729392398787
5836.884286881811
3698.182722181806
3101.8853437177017
4564.508758206225
21662.70364135644
1632.316502178403
16941.64479765016
5783.28507763315
1304.7323921418606
5798.368747893792
2043.5941966574997
1296.708715012172
17676.985179749532
3704.7322079322435
2425.3701948694925
1869.1101223261282
3799.0286553694864
5620.444656435167
10617.853670501445
17980.251308585357
712.6870233751027
738.5115654949177
10344.686301973737
3155.9450278074582
7676.648657801526
2657.71361314602
2926.2420972542636
1011.5446198651046
7608.290045686078
4908.251822498905
1355.9452625759036
4899.592265108993
12898.473125299131
704.7357085581095
3349.673049861454
1539.2287836859687
3897.9488890140215
8374.90834075258
7121.600060216994
3717.490226133788
15553.935009752558
873.6471229808255
679.7880405242626
5819.558184237215
3891.211146699209
3784.3337219999194
9361.834210881761
17583.47809214715
3757.44977945129
31101.721244798715
1306.5754396533068
5875.497227845419
36764.50552469354
25387.36315375315
5207.676563115171
9071.88715964317
3998.8114337505544
695.2259345989137
5112.212826176157
4806.6010264379975
3299.53360112025
2088.9080593215194
13207.791618157553
42165.06767509258
4911.586284597478
6403.629650812621
2844.9156425987085
5948.204114868363
5767.696069460634
2591.708419863836
2853.9866513076927
7076.993091816289
4968.934316364168
4345.067492050781
3919.7176192199668
3939.5031680807447
1388.184975154718
4472.058800727305
15626.000095813388
17450.323450210955
5777.686639289329
7638.975854937385
3158.448248928187
770.3389796827277
4915.41690710341
1985.2435562717044
3587.80253345935
26236.437637318642
726.9975120377358
5158.694142932331
3758.448186247285
3501.521680879799
3759.4544146222934
2108.7986766457752
6273.1158464469
7200.425237103053
4525.053317818588
45040.320603837536
5073.315205277519
7672.52323276443
8069.816807567021
15276.17439914554
2632.408164685873
38438.44570657658
2707.248127265835
1481.0337914050508
4042.0362171695256
3987.2023007024827
2662.7617045626075
5315.2198557743295
3147.049913201926
13565.209745693608
64262.04719302503
10162.6624904034
1899.423906412956
8483.925734736471
4846.872559101772
2771.8104550284484
5116.997316387662
870.6508448596987
5137.069147702486
3717.947897560389
6774.871554058473
7060.323153708718
1456.6305332359982
3445.63821273697
2116.5964633185395
4899.724832332869
2584.602452579208
1547.8037663431394
9664.125348175117
40120.04177547866
77185.43923891877
25046.54962299313
63062.04749527778
4019.5584991217197
2060.1868899662063
704.7324647549148
5070.3223962585125
4398.4743597268
2515.4232275709164
20980.25094324232
33054.56339746498
4515.148988547639
2432.6487430299985
2945.4204212399327
5179.954322892763
34843.571289990294
2848.8927059522925
1250.7525740691099
19523.440035581
35454.56259959885
5025.998390096383
21207.503213656855
4802.8059641029795
1433.0700213314792
4000.9502799626866
7174.031289876131
4049.293534586873
1904.7323254643825
1612.9432382107484
3295.3075677303004
5204.735133543069
16906.380062054013
8387.7946796875
5756.430256108143
12426.998607463098
4814.6308810076425
120143.70140959094
6662.422939086396
5029.304720031565
2119.8959269502675
5174.933352634528
4001.5562330188145
1850.089158589702
13489.835939407727
2115.0868379717313
3148.8834181906686
13987.750436762837
4332.33965111011
3031.1451275430436
2055.5521919612315
14137.452938284147
2132.881383770332
6880.357186580162
13198.495197969123
4818.500306015534
6218.807300557645
8417.985468855497
2179.3043796354423
12872.987160120274
96725.85495070434
1275.389445281922
4825.923503876503
6287.950803352975
16008.678451473956
1878.8890182759758
4295.652838429561
762.7661875589644
5721.322754373556
1851.558826307635
2115.9770057253195
2170.4360295660476
3052.08027473517
691.5182435823813
1422.1510252794947
11359.1823845803
5098.542199379791
5274.889128299125
6083.796074334944
942.2702194915795
6786.97490774658
3889.828169266577
3419.5585790789537
8584.13730648421
87102.50254486891
4567.696304932573
1998.8138865338492
32044.333116010217
23522.261894893913
16041.717343022689
16501.30118373484
3091.1267790006027
12101.61167391674
711.7154351351446
66062.04663381065
6317.214196096468
5148.667549859991
7526.182015138837
1282.1605710593358
699.7189726466531
15448.107138353556
3061.0751050030963
11453.622473791149
50145.27617185313
831.1376536438139
2415.494389325564
3137.2443671477954
12736.729899938424
15976.082927613374
2699.20164396194
4973.632887103815
21069.302234630806
16105.298459351927
4994.743097282596
784.7411827643567
1295.22584173293
4980.088092861718
1995.9196320046385
38525.96971985199
3116.499872193032
77080.48887712484
5893.728550531638
5804.426629290678
4929.8823409333545
5452.530785673021
5182.525071162287
1997.8360629225742
5117.038856389387
29044.333654757
2330.3063525983453
8124.520254660934
120743.70123843802
11506.800173212068
27990.988930404877
2727.017230464214
3126.312502123632
2094.130965579298
782.9309112849451
7602.090517919185
5814.852813138412
39038.44563967059
1531.6229396256012
920.2878886344037
4805.27488844963
6871.092209078516
3713.614842773674
8448.670488369966
39125.969604519356
2465.1334820647007
3981.0672187422438
5661.181711599759
5005.159170638577
4263.774086833445
5098.676158784544
2519.1741149366817
4800.557174533556
3201.2178321424694
735.9628169372166
3216.3297205064296
1398.8140274114292
3489.2357265144387
2551.1946543706513
9109.398002562015
3066.391182921155
6141.225984557927
5157.179367945002
2414.2115667906496
20503.30419222568
851.5209546177051
8699.080521585642
10407.491230784473
15872.212758206208
5148.330640018551
3693.7286635958403
5412.476654002993
1442.877126618204
1301.299647104141
3188.511473452514
3290.807468592265
829.3104452504432
4764.39712744109
2465.5981755457715
3111.739575150591
4903.547979903363
8385.515481779994
677.4145187197512
12870.823394328918
3245.4192537425065
614.418264369294
94311.98301424479
15036.407733905733
1282.932280537025
13387.75062424709
1383.4333162890537
4799.498769980077
1816.366678019469
33654.56317884668
3185.9160728240777
5533.433649299362
2206.0583118800455
1744.2728526960814
26948.00609608877
2148.942170561779
5793.131650156178
7080.611436001536
5643.90789657928
4969.771919508552
65686.43230313463
4845.945247416527
2147.350547847468
17760.514219132456
1022.904923203823
3007.6924583655277
3568.755033938146
2921.934322064873
6318.067086825558
2415.7123724979774
2069.1029873706884
4316.009179816718
25036.43814555664
4879.807348082748
4956.280368907812
16780.25144838761
11764.049336727383
5221.428540211882
7591.816892943892
4266.099358280725
6778.371364218732
82585.43769508807
5809.839111746296
1975.778943427031
3512.6279929594084
3718.6448347122596
15282.988559281923
2676.1521307632906
697.6529518888245
2545.023944221965
44565.06663060996
7760.891289785025
702.1826555865237
58750.804004079146
7797.078685210793
6059.293015788747
5312.171674109219
5272.6612810723955
4778.826321506821
4387.855222140579
33342.095004674535
3213.905179906913
13783.647751611106
14599.942384844762
5231.455006404439
2583.433213599582
1867.6392774997776
2423.791952315899
13138.543485944296
17706.147652834843
97925.85459127784
1536.5068169169942
58586.59742817598
5846.64004196811
5590.821080930018
766.178929178381
6403.258988146612
66886.43214853201
6321.322694947381
51718.92569854147
766.5167606219543
4886.130432146733
75280.48912044415
2414.846102489227
9148.9411530204
9459.903684062103
5181.229717249935
4371.645253943749
4612.881527976476
8304.01280776448
4932.312335686174
15453.144719188409
3355.868183631681
2782.632444198928
2483.4403245204962
3095.2711235727825
6367.69597347294
6261.166564927546
2651.520719758178
3152.564352230427
7066.613877187503
6869.068596272312
2938.9671798081677
31936.369084964907
9683.795773233214
2117.4518492060624
2149.673212260686
63622.8269386932
3117.0873719766473
5119.956153325658
1515.1372960408069
5977.120616665787
10836.3538797418
53840.07607311801
3120.9033450332963
19265.19330535377
108975.56357079263
4217.786385097933
5804.199650885524
2038.0191827886038
3065.7633353638967
5645.579406654422
4268.244812110583
57550.80424459999
5191.2403523989715
3013.1717951641176
5180.31093788877
665.2197954119504
7709.511072091653
1833.9545300557659
3762.9995494163754
3160.468482245059
3217.6787148867543
19735.804926003417
20749.216574476588
5186.518043032267
5818.506859263653
2117.583887619147
4478.210946430523
17540.148830409333
13835.63828370594
4933.433827396711
4385.114661721814
3852.9301184908313
1125.4441353793893
4912.633916877075
17789.85526629514
8609.466194049912
7891.257634032102
4841.261754136207
21263.459269291296
23948.00670481653
19725.869515182985
2935.400731390591
14327.644023053006
5453.644316734375
3289.8282949288223
37149.67787594842
15176.727587334215
889.2136504261613
1848.5721971581768
10068.248808329527
2023.2458119594294
10363.99847798501
27657.566834597343
3500.519525437529
7066.49441684127
6403.684992712979
1568.2899580815092
792.0472531276133
1393.1509534079712
1949.7804291537902
3153.528982223004
9243.672841445607
3892.3336644959504
3856.1022381339862
3869.981135086908
782.9279601353962
5185.842573284795
11801.670572416426
16225.115713731368
7685.7855096515295
8170.866402672129
2169.582226637251
15983.67609018542
7704.187724262271
51202.25004671602
4540.053791769792
15242.954893555583
6602.96435701718
9655.572918176036
3769.2512723149284
3977.5107610441123
5026.605563900045
701.2997265432797
5804.688126217072
3632.045741612938
19470.969337569444
1290.6497960857112
13936.729644021383
3968.044857863854
6950.152961910368
3712.272407153573
11766.08763331998
3288.3255332835015
2671.6097762133168
4898.598467330699
26161.499113651993
10014.857979824606
3243.6322866656583
2145.811720006294
4583.8393896867465
2778.6301861140946
37749.67764998389
8703.809429496092
1465.3494237899317
8077.645420290509
6162.4205387829115
17945.66002601574
6023.054667451484
1898.195378126503
76585.43935621271
5902.82388316912
2739.3181324455895
19601.44499107699
5690.96475495997
3193.609421233516
32725.641952626444
2746.039222298696
16256.41954512157
9671.56909386683
5780.362267384719
944.0514689401613
20193.844668544265
1542.2701598986057
893.2396304563125
5460.6210841953025
5183.8393178703545
18050.43791149678
18681.106072948438
3793.4781532165316
3298.0117719829686
4576.2035397232
4000.0930228744037
12536.04757756305
2937.179036742921
4358.495883494714
3871.8300669903997
16867.687453191706
5034.5751304803
1455.5072384738914
2789.4282760194137
1297.9121023433029
15109.123439634543
6464.57107854553
1897.9104816874824
947.8942831859639
53745.275468095795
1988.744121471781
843.7109343372811
2547.9733733326043
3118.8075168010623
19982.322580036172
13577.931303449082
10926.040865702551
4516.997338306955
3873.9938265367705
3122.8963437181606
96711.98247849129
5022.326153671161
3667.1317697981267
12850.881997175307
4319.882905208379
52318.925569221945
7032.720537573426
1520.1381712130303
2671.227745754058
1883.440478033156
752.9911676206613
33501.72013420224
15148.769654342115
4388.982533622064
5178.700988340873
2471.607873671069
5402.964529161042
4970.667864987089
11219.760311386652
2783.7370728645524
7882.158109119667
5215.951846684327
2708.016256540698
6942.021209609026
2779.5438706517175
1948.883607114986
38349.6775807495
5067.765398709527
9434.050192739427
788.3574367671023
7342.626983862097
2085.6992283693194
2163.1030895972017
1486.9670619443648
4410.799232621669
8698.541539775868
3985.075618138457
2663.043664934023
18625.76886186774
5661.166607518779
1815.712411801573
6513.893837986285
2039.038864654229
4923.844607607457
3935.110034654853
3715.4230786845073
29422.45677494369
2286.097476398269
3469.9559761772225
3763.5507803075257
4519.556730934011
5938.825021730002
53145.275529015795
4440.38294056006
2860.9749570820204
1863.7741920968213
4371.34346502236
16631.46290577347
1469.1030295607839
9304.93574978165
3959.937549966805
4560.743161995813
3722.049470161433
3152.990882906225
17060.7632673185
1868.4134406024864
1627.1712668457005
834.3518310338667
14618.431720854282
2632.491864276382
4998.1641616921515
14691.145424683478
4528.583319923994
18573.94533598938
8985.515454965742
2116.025415287022
816.7307073836419
4980.720434962577
5110.715155359018
2441.3005085346886
3962.5403189362505
37925.96997507404
3187.219052412269
2975.6250768671466
10095.063460089053
14215.32659122817
2114.641595504668
3352.295209820651
6266.724029615453
11572.638533125784
836.6151081732957
1018.0454518381038
4602.645333523779
3348.102920858669
27057.566876613924
3312.213042654733
3869.076439088024
8454.97833266907
19225.768785010918
3124.4435817145954
5219.090825301871
2420.5107621657403
7689.131304665227
8448.21161063622
2005.9591872849471
1914.904531383917
16901.864997050907
2416.6471877548956
7049.950862442874
6374.99369478764
3710.514691115028
7612.115762447707
5025.996838694359
7202.964278108447
2873.4135809160734
879.0036142074972
1735.7520552552187
6875.139018916957
2546.762509562481
960.5391371794665
2694.94403673611
121943.7008686623
3291.6479726737302
25636.437860088645
42765.067388847936
6392.266580381494
4272.957987141011
665.5983611845405
4863.263718813572
77785.4390718826
12449.667156977397
936.1408764123368
15113.401043128457
58150.804084569776
16056.956167038656
15150.353251895167
6409.607136577467
700.1630267746253
6342.021254999236
15217.623531359724
6147.116821718007
1122.643859006618
4966.49235967199
5850.247085166333
4346.119841458656
8345.786844194336
2749.6226498057013
2561.4899863960077
6391.240156492883
1878.9712135924199
6637.269517731889
2795.313778545252
4851.5460899367645
3724.265046368652
10159.214935333483
3910.6464468453905
3904.8799340220858
8909.510929640974
4837.270029285356
2747.637296935075
5374.031578926792
1975.9017954549809
5808.798842795951
2635.3395306827565
1956.4591855945985
4888.79090564937
14757.759183228927
11771.611044527348
2510.7428034079903
2662.8512141447527
1488.1440490978105
8835.904106967291
15132.353639600988
1523.2842603637623
3830.800554276784
7012.480219082304
7072.882510700945
5096.701291924502
22390.466892370772
5805.384437957405
3151.603753664039
4371.278127632147
4434.994463263684
1733.833997675106
1213.580123851692
1876.932780850053
3125.3751150841817
1865.7634337732409
4788.457821624219
5039.880034138828
1960.4686242787968
13864.397200543712
2634.371129990713
2657.433434067902
10208.31149297452
7757.843991478184
3207.200431067608
2476.239073288366
3289.9728180061793
4620.651959175522
18197.94319636441
1412.143976509131
6152.650067398596
1271.229374858316
7045.63201639803
8675.307397857121
4611.5862242760295
9173.659403573833
4926.394336143774
22869.3018970442
5098.052853216994
16460.763362231788
15882.988390043582
7291.257719814917
5975.7525457558895
26371.866701021936
3832.491750643425
6328.583004884102
43512.58788274332
3443.6251250550126
1470.6509416460083
39479.98532312679
3752.9908615359323
5807.60346903567
36054.56255003345
58393.07682201931
10056.952621866267
3788.982588545715
8837.937671667625
1296.3034943367575
17345.660117163065
88054.32942151235
9660.110868192367
24436.43840179716
3939.024340429734
5135.29534744181
5805.6801961817255
6311.693935540805
4542.021475351147
5640.475250637044
6571.732568429866
8809.997174098673
1852.9090305223278
4294.693451259923
3745.297925336345
4611.914076736527
1900.1732178891195
35142.0938655788
17032.365545805278
695.3416034025983
2757.1250651646633
8282.17882294154
2667.380760590763
4908.798866463691
36038.446098707835
5630.023105329521
1990.8148314087439
29001.77643295619
3189.7945234975286
5183.180184162517
3935.775200677728
8737.276442386777
8712.21226526397
65086.432475780086
64222.826922401975
3145.0676319631116
5826.1939381697675
3694.5386404784063
2151.453364346702
2679.8455095568165
4923.519694814352
16745.66032934348
4315.622672344442
2714.6415813011404
997.8970856350671
6236.646014318729
5160.743092994903
8075.307579454477
826.0408916008635
3221.2026196522784
3256.1022660253434
3767.117850638995
3788.1847392276577
7524.520464355366
2322.6654394291304
702.9589649013344
4901.579536238871
17003.978304760032
7061.864445048219
13824.428694802305
812.415178808861
1127.2999575677059
5698.542127117286
2939.1898939549374
5805.21380998467
1296.8129392795795
6192.0094575890735
6519.685779065043
30844.333259870422
1962.5180230042408
956.0708263089906
4585.171447510017
15743.09108607454
9925.30964321001
2424.1852056275184
9930.700848284549
4382.640405341443
3222.829601976911
4898.7242818777195
1072.21130375324
7110.653886259611
21019.47491859604
2049.504484330435
3299.2648984305965
4940.1697935223965
4279.807436207517
1545.1584330892717
18734.06743842759
5097.131497046498
117031.75402244482
3118.489578492448
109575.5635432889
3986.8925858184602
5802.644834175271
2117.549545361393
3638.065074609769
5305.51237546647
7212.476371975226
30244.333382802954
910.2693883341992
4574.562477194373
13518.442391173656
1687.8449984987672
2708.7986365028496
4906.779458087888
3977.9126969261997
5036.678883068636
5052.005812826512
118231.75399209303
3094.5386494877575
4367.894709812723
1065.4176784352335
1361.1246570973215
3702.9587106437675
7668.576576450025
116431.75403772251
971.1053542279518
6502.53911820736
5181.87449643544
20469.302425224327
3362.5403225861605
15429.392160939215
2063.5883423156083
1249.6368364920718
49545.27629879295
681.0928883807899
1257.8582121361771
5942.44422233075
93711.98325910568
2804.4641718327143
3302.003780470967
4557.951293656629
3826.3630515596074
2490.3640017987022
1963.774849042636
5676.433811588907
2412.4770948652545
3788.5114401674123
949.6733341616975
893.5687031487819
8170.392537692245
4377.307606277737
1955.475714344648
4599.031274755641
3194.223515209993
3723.1491601516445
1845.6366794177798
17075.776695203433
4254.091684980182
1544.8237919832966
7719.081974664514
2152.32493049355
17654.83093249425
14309.520656848319
6303.46825302994
5023.882855246203
5238.09805304069
42520.041096564215
5750.153136862369
6318.392472315106
5586.621729210876
907.5437732234037
4148.931393680331
3985.171498281135
123743.70044238193
7800.038392421176
22780.59569171118
731.9553418014322
5093.757742355825
3394.5188955925064
887.105278111461
4330.125749362687
2568.508809386868
39520.04193683664
1044.152942244741
17968.956506917315
5106.206091968626
4785.516064634958
7889.1151289721065
7611.4047550141095
9319.149450328778
48945.27640194098
6474.947155309075
46840.31956899042
39638.44559809265
3624.1851200395354
3236.338267931011
790.1877323224002
5229.8327274880885
2777.0178373808067
673.203986261256
5766.192913243875
3232.7450309493697
3419.206396907284
3789.794489038495
1110.803447760464
5385.515980445673
682.932399098416
852.0110504120545
6442.579870580044
5098.6996786736045
10283.795769501996
67862.046264325
5100.543162774335
5198.368861801694
2803.0236956350805
2502.9587506831235
6165.381095474842
3707.313929200646
4501.640466041636
3756.4590077319267
12535.339839917282
5264.19480651582
4266.876821182796
37238.44589286726
1373.4004475127788
702.159763079888
7073.894325495407
659.6314442820121
2165.0344744602767
693.007483627368
5204.519775548802
2081.6849677594596
5197.057023158818
4607.44587156289
2345.701920196086
66662.04647317591
9992.173151542536
5088.958108257221
1497.2580559429732
669.6236552376046
6476.716141027488
30022.45675573942
4891.3657456905175
4019.1901472373956
1418.6353861439284
1356.2838710357232
17303.752788587197
9198.957665497326
7951.510551987177
2555.475668404515
3220.3890450288286
4171.315577679086
2113.896865958028
2744.0512054880833
4900.586918732943
11959.182322119226
2081.8939130906147
1680.6194285193458
14034.9792498351
4892.317611116762
4393.478095741461
699.9278281875795
6133.433629093687
791.9727554702547
1177.067194454932
8441.999226965549
3835.7431235988283
3985.842693366996
1986.6007018916428
4984.762933583913
3763.6984263669287
80185.43818537031
1857.8783932710471
1954.499178860677
2609.8705098406294
4400.66980116035
3723.8448005106743
2417.4737567928137
76480.48889496668
5327.703828531823
7009.406786309224
7042.327449049414
5097.996148365632
4877.087403343938
1001.9059026058565
2422.513839451933
17849.466239456266
3716.5648558441276
7077.162832461198
1281.0928272598833
1864.5440517987843
61087.54219778614
4610.866193995927
1166.3308992745092
5685.951006758973
1060.0424560157085
1039.6073019044893
651.2060371817993
16513.14859056527
5174.994152770466
1902.9588209034803
2629.995014173204
794.8065729099063
1328.418255680991
2319.1406688845655
1555.1257921982656
1316.663030576579
3217.138820529737
4336.901901932501
2074.892989847722
14196.221303088296
8402.964208132094
4929.3336957334795
3255.4255033252794
8730.70106139222
923.4184493292206
6137.22271844202
7207.026273902926
46094.285810440495
57189.884229815754
1017.8307900739976
18169.23013180302
5325.315768754176
6439.203419339488
4436.21532870835
13571.05593936308
3743.6215360019437
5044.291305189195
2824.2424938892577
4240.0808399383695
4456.865841088241
6383.284996035105
1275.6609507364567
3869.2344681675195
1001.8409795991345
2508.1640524191257
1554.1279665137197
23097.52675495562
3581.1056896956
5199.004223634601
7649.950827196132
1284.4883697598987
1424.697745520899
2297.2557605700486
2787.361500639419
1257.5492609517598
3918.388928905652
3762.5178215432556
2645.3045031492265
2194.9335915555707
1233.401269553079
1202.944240476584
7008.633064071901
16944.961894298598
5152.612024182907
5101.455394196613
12535.31195497413
2115.3283865043218
1352.4521615716656
1278.8655180124172
9796.351363450689
4470.060334793767
1580.743089991919
683.6673145433231
670.356238296299
7724.210704060957
8589.872914628706
1818.8423335700506
3067.8425331907843
1813.692213074907
5351.490437632604
7060.029459418427
2928.4077394379183
1957.4499626226666
652.8942847451224
14971.19447339427
3709.42061117553
2557.287095630682
5737.663884680596
6817.287803981759
5458.004006454744
6322.102386429906
3099.718745073831
2106.4857386339513
2148.1388265601354
1474.89300475549
3641.1701912269564
1616.0017707415589
856.0160397047725
1045.4605817575523
6843.673480113826
14751.599660423282
3096.0007158601325
9312.842162820449
5647.22300661056
5017.28799809209
5150.673199867272
3872.8664004209672
1533.8467328075408
633.1606629284817
1456.0254266817055
4962.037400304546
35930.22888977623
6116.008842578182
1017.2731729619122
6368.494183431715
4401.769756339023
14635.888636589832
4857.749573614924
31701.72090941642
10708.368572487509
2524.1006290343303
24091.202245034623
3835.0485155592078
6405.384401994806
2031.006985741873
2593.609462882726
4550.313312128093
19135.805036351565
733.9298079005716
2506.06388962896
1565.034528419973
8866.98521954466
1250.9660754272645
5588.496644112086
661.0152894177409
6217.287830761518
6597.078884261076
12112.803100941372
681.4514724006214
1101.0658949355552
6238.81208880163
6942.94727021421
5150.034923497992
5717.038689920027
3348.17322250256
11170.798586631408
4438.174752480893
6062.567345847443
6489.131541627249
868.7656495670101
3753.8951365455964
1837.0349631936572
2587.219106001952
4272.125177760415
685.3670471470866
656.324160390912
3703.9705728074887
4070.208064902514
83078.728495559
7289.115183875793
6207.679677651638
2025.3880423751193
4318.043422706504
3985.70248574161
3002.9649079923624
1037.7073097481816
3066.414874792579
4324.8989222646405
4115.029660530219
3255.25152380541
7676.99306558872
108375.5636321388
10108.368688857752
6460.323230150075
675.8331383012866
6521.0473213131
1967.7082530662474
770.6337767533323
19873.720067107537
1455.5522073917411
6791.200450406372
2612.8070224788066
912.1189871909521
914.2382169149607
4434.232831376887
2343.70796504069
6889.946697341685
3973.8240851546416
42431.912766688416
5799.254997397449
1516.5216020894093
1040.8603497787778
5163.009766485899
9083.795800524103
957.5409850893308
5521.064316351697
1378.5476205858256
4093.7287530807635
5180.589436851137
661.0753148612438
98525.85450992876
785.9782821053516
6705.293469166209
2051.2704030108644
4394.952796535997
2633.954146233723
3340.483130397969
981.5160368374907
2575.9960609308523
8214.948173425646
2069.510345178375
695.5366261164311
5025.556627779849
1961.4900640378203
3876.0938839770774
2236.949671651596
1097.3144953689432
929.3613166829649
4519.807644736505
1512.118985214032
4825.867926085001
4578.259750071211
2773.427917558849
5207.637995807315
728.8887219266999
3156.4590786374465
4664.847639643154
3961.9668721815315
4850.351964389032
1552.4885044272573
5207.83141295999
236.4555455448936
4970.605749746177
2557.691306620657
5803.2590259713625
34838.446264519116
1426.7032100508127
916.9835680183253
16485.351105613816
2152.295584247032
4312.634011602554
4551.637961477819
1946.1134383333083
13231.547557619057
11636.40852623674
6014.750637762245
667.606628055105
847.4706556161833
2538.5523922117186
738.1137005103039
4427.038863950944
714.4064971523853
711.5536469170725
2047.0140926046124
18817.89805756117
2664.4482404166874
62462.04759040014
4328.739636263864
5535.3730049736305
3718.1995310220514
964.7831607501554
21425.921295336175
686.0368547477549
917.8821149833838
1515.8391862272022
4815.922091319811
1124.0011103110496
8973.235513019787
874.2851884653434
931.7938084817581
9131.054461664822
2741.675591602467
671.0725916067663
1341.0348844080506
1273.2039335451882
2543.218106522001
4927.857463936203
18465.254580860914
4012.9810379874425
28001.06507181107
1982.7574449464348
970.2461394836979
1483.7270230824945
614.2597175163121
5742.021332087345
3299.3596652391393
15710.589666009577
6390.926970318523
3644.6935437820553
1087.6063305469943
3157.4498463504315
2648.691880284209
842.4788995512646
839.7372962895264
5181.541738429678
1082.2846902972403
885.0893596547003
16544.09224591953
1570.4361094640776
1362.1132481401196
6425.054459349807
3957.9513184955013
21807.503049438343
6433.778154218033
5810.819881274393
4867.65057153093
733.9840237685282
32377.873943853232
1536.1408522336294
1487.0286465990039
3742.5889579847953
87454.32943431601
24757.07841349366
14273.857034245008
1031.037067934775
670.7582336833393
896.2035266670784
791.3198065652228
4498.699710926602
5104.899281469723
1347.050192748419
4294.7973994777
941.0771889782717
4439.03883983166
4504.711471919327
715.2505512632983
5156.755184136947
3321.0462548403148
5630.417704966067
15449.466544579416
7457.124253969755
1500.3145840117588
3754.499013141382
2097.8488513248167
1375.51370066329
22922.26199872697
4415.924418940143
4754.884787631955
7642.327306773368
17740.826750945987
16916.79891308187
2005.2891800737648
1122.452871907243
7012.115817254984
4412.485141487786
5466.2752035683625
4308.251928708784
3773.400360477586
2626.363162483886
4449.260923656618
847.339030586819
3660.0343324198006
4537.050482406238
2659.40708349717
5157.28957649249
1032.668216433494
3117.9073735900633
1345.0676796720827
2387.3871679322856
618.2711717270703
9469.650861851653
6446.980905228084
5539.324159433986
3903.5918386571257
9357.733232034001
6998.368653419965
1885.5650018672015
8640.061092884955
4568.987426235804
654.0462649678499
3834.9571467146466
5972.261222847777
6288.83608845062
3155.475616970718
11779.875295344696
51945.275746270345
3184.333829771533
2037.0541944853776
2267.638579935394
752.0098023028711
1892.1090956118285
1546.4315497589473
2307.868870088387
1350.7533472657424
1341.2561251381817
13395.5160167783
16162.277684997185
712.3916230717061
7667.244612856757
3689.81777286307
1453.1177219908232
9044.390461490395
5153.432050715791
966.7715943463879
1208.1402968468442
6090.861553857212
2118.2917099781575
6683.796026522174
1876.239219878465
1454.4037537133536
7584.013379147682
6540.547347823947
5034.444437555397
4697.325320856529
3322.377577733846
4643.700154658998
179.02378205888624
19250.437483510006
5841.827241162027
993.0734589033087
4727.723883566155
3116.493393360469
3651.877612107093
642.1668271706071
958.4902300196908
655.7125585296787
18593.822011289336
3920.840033301261
4740.843201570237
16562.254775305344
2094.944042450842
12106.23192436855
2754.385389041227
7115.874965455571
3369.953629149167
6339.743098390664
4514.001944737305
1353.9954321548983
17120.09610445219
2551.9477919332717
2132.094367114305
2629.217728663236
28807.651367983937
992.2734116274323
938.0294330716611
126.51463426411934
9318.214587667566
1641.5621614744528
1985.9162333952838
5687.9508492096675
7029.618256509819
13419.514929659712
2063.4184082884667
3200.117448808561
803.2228792047024
6424.389357006179
2388.6267043785106
724.004499573753
77406.44878961529
3719.3036030144663
5298.523674149242
56589.884253250755
639.0941002249654
4593.1320018132865
1546.5755591635352
4425.70994286665
1246.4624548477207
3644.047172618782
4743.033192556184
5516.008910468479
5150.735255551962
6368.851023339651
1016.4732593649677
965.3547460980898
1489.324894839512
4480.7130812805235
2177.7889916362224
2117.741430237323
935.4835684103439
2930.1358237758973
2402.9649385815164
1626.6950084785062
3104.7322149618735
4014.8755022808227
4496.701322567444
624.1407513818433
13396.489869027831
2214.070489203383
747.4178207095094
6750.849732529442
1102.6094426926506
4066.9337241583944
1357.2871220978122
7287.338557558657
955.1257970781808
712.1655529000307
12533.579423863708
3643.3952649605094
694.843892111982
5036.6461425149155
5528.321220840403
3872.7090192526975
700.5075938799954
1951.999372840358
51345.27588550621
1278.0896859190257
2610.6100416361696
3063.1145713574324
4619.190087983145
8557.060063272573
18055.407102814
5072.577702119548
7463.623370122677
1147.7769063850167
800.557994679771
1516.4434648784413
3153.38323714539
668.8136138909183
5051.952122995258
3698.1952934538235
4438.866364552765
2295.604836223715
7270.014341818231
3954.3861692325877
1465.0539466243813
5705.763441855526
1835.5912378853218
8147.922111559841
88902.50213552338
118831.75398275672
5919.685801911253
928.8584131239157
1403.2423215467804
3317.0575562781537
1127.4056823277358
1190.583429095831
775.2310166480935
3771.343489064048
682.5147860988338
5554.460149086812
4497.13153531999
3213.4425525560837
14689.791612754441
8463.143447456257
13202.675546207962
1013.2188311106498
640.0559138224605
3998.3690710186715
1109.8543186108238
5418.500140916636
4374.34321143313
4651.166723307139
648.2524987969144
7449.079082741978
724.5648160820449
616.5233679775625
3707.172655360699
2545.0676614563536
2446.020528373445
11224.417241208497
5815.2746700334
3293.3813481296206
4511.4228172511785
97.82104803005805
662.6391811720914
6343.9055928111375
1959.4546067845806
723.9535311728738
6437.83133093993
772.3707680692479
2698.0118261885063
988.9104420714751
143.27212829272554
1809.142370711983
5156.90720537713
5786.557545643525
1594.9336075699205
796.1675703635298
1426.0550177787477
4959.996358540041
2295.679975352715
5082.177795998476
19041.917310048924
1636.9496791629504
4616.0868899476345
3545.080919487269
18253.992437933433
829.9278367329705
6300.795243304843
2189.428298504744
3096.7085914281643
6456.6933930369505
3212.059446161391
1672.1931942669705
2414.6523331118806
4256.7620380182
135.2492525666503
672.7237644270652
3415.841989439369
4436.678973693429
919.9070960204641
786.0807822993628
105375.56415564763
4293.728651561825
931.6183409781116
1354.4553404813237
3300.590188871818
1964.5045581323343
993.3317167454283
4402.307399955989
8671.41049123362
292.3869258032906
6067.766677424483
1293.7554232293762
16960.321527695924
2363.15626758334
7722.918193921906
5479.807169014346
3150.366612916233
4588.302794316164
12083.865703210828
4774.0316403931065
1278.8890473549677
13761.582484506045
813.8861893847438
3119.7752617103747
1330.1740254085707
663.8060862230051
2301.852787627296
27390.989338326457
2003.2180813454656
868.7298424447662
5528.716767650775
51325.35141385751
3641.406912196356
673.9907305425826
18243.759036194067
5092.150337428301
1018.3569357414553
1214.2117608064584
1139.1263413580728
5824.740491632289
1814.8462186345066
4611.191753091309
791.458743792938
741.157972068892
1018.1822445101291
1457.597280133733
5194.717116481497
2310.2031950229057
4369.872423550801
773.0206062006396
2475.592884693431
1447.855658259809
359.0805647097887
2551.774163754047
5492.1569223756005
1906.5754007692456
2842.8276280982072
40079.985287975374
3696.0006259824368
6754.382826919623
81606.44736942441
3692.046110687814
5935.100286868509
6480.832766787642
18635.831507533174
1865.3212070142733
5018.53757329981
1124.9252842726714
4952.654556128825
6285.707352823044
4569.151006951125
5111.694060130674
54345.27544767132
1548.5767368179238
268.3471370142039
81878.72854154033
852.311390933798
745.327436956384
3219.5754467972874
632.9008019022984
2622.6297334446626
3237.688737079791
794.5959091678312
2548.8835304423337
1882.6644644935473
4515.488101018426
19375.60823292708
2386.0984419982838
3896.65551879094
5498.255177407099
2421.2441367186834
823.8523360899745
11771.11633287231
1464.0374298368683
6661.985012185519
4907.039481820819
15775.219364596405
4435.225704079483
926.5718035661489
6434.02332915131
6444.772495905232
2585.9161287744587
855.4257888662979
5528.553275973438
10365.106803073513
2635.9419763998426
5835.485266428902
2373.0273390786683
4672.2799574627825
4583.8241312406735
5175.831695930167
5020.444975892858
747.8477764642295
1951.603811168462
1533.010101635923
5032.671399693427
17452.74300899537
6340.052925475265
269.2440943298094
838.7248948639007
178.1103933703733
936.5507869810207
1143.503279996369
4644.339654391499
1502.745409386775
5191.646909322309
2079.0184026617926
2284.3118599859936
1519.8959456987632
1035.5010123262625
1444.1598740817658
15006.309094943314
2749.4227700189026
1232.0458729586464
2322.0765127475775
2088.1440448793473
567.3708877065455
856.0323326062393
5117.251651354899
184.65727735615653
36638.44599718691
407.9542242240735
661.8074022358963
5807.25859887849
679.133106347641
2666.4241907314918
4620.889756995532
2413.1718232278913
8260.029389177333
15432.192661865354
897.6561208774225
870.9099113120021
5160.1413457378585
3276.434019771659
604.6581350187213
1802.9649609364133
5459.29321203076
5101.128518306777
3206.877281032191
141.0448222477112
4956.727099628012
14157.197931973378
1380.1270149625793
8547.78281826423
1550.5992348624982
2466.876912640007
3719.77518219238
16072.011048043863
46269.13509189522
602.6589225303086
14532.954284732927
2758.5602582145866
677.188134112066
4924.947769368842
1338.906215283695
190.73750835153112
843.1717792340206
597.4083173268878
7445.9872792179485
1453.026607438837
328.2186603890299
111.22942232019895
3218.7621481535402
5533.351662842564
5199.648259700287
3056.3270944771893
773.4637227302908
4962.484585222725
307.53200912398927
13845.127026146776
775.7978828545869
3159.3455742640913
11824.417121324097
732.3398657470902
883.1279924798871
2044.657445877401
2633.400175888019
985.4276318935118
5211.99939425123
275.16394154037715
14132.542135614482
4730.028525720465
851.4018342724928
674.9803687711227
6267.81562225672
3384.1715621953085
3310.6464946313195
4981.3571790415535
1448.848532025114
4202.806024493127
5750.29206824161
5031.9845131962165
8800.1187228297
1316.3063396635823
6404.199617583101
1832.9007377659345
8828.220443925335
1477.0732578765458
8165.0442965888515
1545.0573535894305
1175.953561042931
17496.979561326356
4012.759341575481
2395.4780845154173
754.4553453306454
1726.8464459864654
1403.7690607194713
3269.234546978264
822.1510480850335
173.09855986405574
1873.0279696234845
6510.6540687768975
2430.5400539901234
54802.24904847528
16445.843928255243
1569.5823029479598
16474.848118387166
7166.2589423065765
5177.084455056893
3955.056044396554
3639.4866198706436
2099.294972432198
1318.1555119090854
2043.6323955101927
628.8417158396334
5585.51922720576
3479.1517143262713
3296.0694315795045
3831.6329652925056
3698.735496856777
6416.898743544677
910.7917030262721
4387.461975217893
783.4333272134013
6183.642559538282
338.4832130476754
11308.368548203125
3674.5490756313934
3155.3486603678693
861.1733339950734
6437.213158378163
1174.0318720994737
793.150975062286
3378.694241089712
914.782319675999
10656.00279552474
4319.7683000165125
63886.4327658187
1025.5102908402355
1865.5983250048835
825.7939840901533
7004.199610725843
616.3429881141051
17233.172514154983
1067.8733891903255
6066.01433921888
3120.683751548665
11933.579472267034
3241.707637555323
2846.7861728842804
5813.640470095974
407.2623893672039
5558.671133158594
16976.206987964415
2131.6226277591813
4893.870328183673
3367.4924731600686
8382.526803646877
5549.55903429032
118343.7017122806
1424.7005254064602
2546.779607579393
3191.9907921826234
4152.847270881751
4909.809596497279
1155.7277437508635
1304.4424165525918
2145.1584035114806
1389.230375375803
6867.764314653667
4829.119265330775
5532.339507008936
3071.2182548003934
3181.1361046239776
2781.874670796653
4578.9810787325505
3697.144218077434
73480.48953535684
1869.9025569929752
585.516350141306
13716.047839768578
780.0966785443574
16518.457274570163
6747.751387931115
2628.151577107234
2562.761485712871
1133.402912332978
7274.970116684914
5034.402502829731
6368.780972468182
1656.9192251134323
2594.2235893046823
2724.8538107617396
2023.0933441388481
3706.0224382434535
118.08441741132
2352.564783752805
6981.311565648056
10674.298186734446
326.85819367938626
1946.745719896341
2467.6506932100106
688.7570240825737
27185.878009281896
1579.3043927793856
5178.259646225669
1293.6315279884973
5678.553100794447
2625.7100564709294
3323.7127179587537
3715.622695212765
813.118429138851
2222.765507122974
2505.2373582444066
877.0107901911337
1467.5109480063743
3360.0887541845586
3116.5648653854532
6446.197825665153
4935.354320472203
7545.52504555591
5635.048371082514
2192.0287246149246
3157.6912521785957
3347.89399010501
3307.858053041686
188.76988116391772
135.00194058636154
4579.95440125014
807.2056037996767
1890.5610002121603
6556.046245299353
643.6608765478263
635.443222800723
3784.602363893032
661.139091955104
9358.015269688312
8551.510541528085
6873.224354334376
4800.847501580546
2114.782247535181
686.8165379213109
1067.3406990760557
1326.143253887154
6341.760624121812
224.41357054195691
696.4572805765594
2040.8741992549708
27244.33390128395
696.3493205528016
3115.062795432603
10688.91915762888
887.9446726210592
35220.768716731
7081.270707648842
708.9085081794449
2669.2465675712474
5728.639075796853
216.5990097336073
810.7356309059619
2638.0191229034313
818.3896392862407
15745.160177602329
1202.964965996951
2524.2651592798193
4603.027475505119
1953.5290598613071
14166.2765956465
7649.961143063974
1606.0583300134458
3072.1252907506546
10632.7540815473
10255.168478819138
5160.258018310689
4325.110644396546
2592.8772199688033
336.29898560299006
2665.2554849408643
2178.3838535712653
3067.131828171734
34828.9239089708
4953.126130614873
98017.71495850835
613.2519169272825
3712.634022542836
1095.031011752614
749.6467535480595
1531.652501461534
2495.2711926699794
6429.054818731358
3261.946939598847
4617.544636626696
1071.795099095121
1384.9823184811132
6352.621117663362
952.2997825770952
1399.8847432237214
14723.479389487882
574.0318775969264
3913.9491747034185
3533.427014150506
2164.0753954614584
167.89510095347785
2108.01629629543
4588.080714679922
874.893026115772
147.2163119873879
3751.774115794298
1511.2459655280031
4039.167472025126
1006.6068176510704
1332.339865223815
5678.433621673877
5034.644462473854
2988.883866450203
1259.3918900664983
166.89110469813144
4615.9519250821295
2288.97152579582
1535.4835655811673
2167.817393264228
3398.8114609419804
50840.077749000346
1410.742206596132
5024.1782883236565
2986.0984350688664
3833.7023398548845
4659.278059813007
1901.2995779750556
1445.9371033249554
944.8238108867523
3381.0672893034293
5830.465593343356
374.99541687374784
7234.612574625003
4394.345411399565
4896.318434554462
1753.209936346213
1077.8816175938075
769.7199505462286
933.1556636734117
6341.843422355415
892.7054324490705
11805.815131838737
115831.7540476111
3344.0511655603873
50077.2663532873
142.81159239357007
5957.232971851901
2748.1029976346113
5144.007471594091
2534.318309168831
1977.9231274295619
736.358579273022
671.8752277018073
2479.7876079144794
1812.477105799975
2569.090931467981
2697.8124398396403
18650.437653409535
946.7347932040917
3381.1388672776966
2904.830018996206
4899.418865209272
2122.5398036482343
1866.8769149170018
1055.2942561595562
3350.1535179254124
5102.28806338307
6763.460872850999
4812.4767768548345
2165.026445620418
4876.081068201139
4672.041081692966
324.08610491947076
620.8108020311286
8264.836209909732
3672.1251948446425
2326.846439132979
3755.945017400972
32901.720245763885
2511.4003643968454
3800.1766002915438
1905.7840440153545
263.65594346007254
639.9571519586253
2007.9413318182194
45165.06656346545
4842.480996460274
667.6394974510275
788.9780703236354
3833.0531698572117
5190.315468152241
16341.861718083557
4320.656316424357
4538.186513294403
6445.124426554434
961.7140646304487
4311.586381983402
2532.339841342026
3363.0862830700253
922.3498671727106
1913.8962809161626
3222.015876496205
1255.123151121168
4333.807659582294
186.4516643884668
5753.273230878988
4514.998917942292
4373.055448069005
2624.697673811444
5940.547388566013
5733.47452515948
6950.674113404691
1975.5136956326642
1993.8125549177082
4958.791907867465
4435.866161348265
760.7055639763121
6210.285739115546
615.4946114789867
5461.985215001277
1549.845972648961
961.9691863841642
747.3003610445598
5154.293310770509
4893.728588050153
3161.489914332978
1551.9065201897338
213.5212255227042
650.6290996031944
2674.662525179312
17409.091613220055
4578.701068107864
1299.423989724908
3715.0627350563745
2674.7667592780135
3181.9342590185006
4551.065403285407
1456.3918118769059
212.66834521444198
2096.5982780210916
1043.270556956807
1663.01432636911
13300.664105243535
4619.996079964664
2181.182821531781
3493.7287986147076
1363.55105637147
17643.677988361087
3750.5173404505554
795.9197763169033
218.40837202305488
14849.466654205047
2148.804498997422
