975
981
862
755
892
967
850
893
824
722
813
964
751
783
961
896
934
931
966
933
659
784
816
890
754
824
815
803
771
715
926
846
851
888
786
847
827
980
757
977
854
891
772
854
840
930
758
976
895
894
928
852
925
857
1001
660
710
889
968
663
657
613
853
851
770
999
818
670
916
932
898
769
855
679
756
610
1003
788
658
1141
963
1312
785
753
713
967
752
507
787
828
1206
664
1217
609
932
900
930
857
860
960
677
912
830
922
906
843
1005
852
819
996
711
802
758
970
997
1218
712
662
506
956
1133
813
811
908
989
935
815
841
848
934
666
1202
994
856
805
998
927
965
668
713
725
806
853
962
957
917
541
714
716
963
792
1209
723
376
772
356
920
861
863
727
669
909
659
908
910
661
1058
801
1137
1140
614
779
923
545
933
972
768
826
982
660
1282
859
755
914
726
728
1205
988
549
1287
1000
1291
902
510
665
858
992
656
1041
966
775
527
1213
1065
659
942
1281
819
382
543
635
353
995
1239
1195
770
904
765
674
913
661
355
666
939
958
993
732
540
944
653
609
547
542
931
1054
1319
929
612
1057
518
566
780
524
550
333
1322
767
611
715
661
558
964
1064
724
304
973
897
771
822
308
530
1315
367
307
507
935
667
960
840
717
546
320
1207
782
516
1051
343
1290
971
929
758
1160
507
825
526
1204
995
539
1295
352
957
975
671
987
358
712
1283
510
1203
1060
564
304
911
1221
855
1223
552
555
338
820
790
525
313
927
899
551
657
718
1028
1297
1050
346
374
663
1214
816
540
378
377
733
893
956
658
330
642
865
613
804
390
322
384
1061
965
974
989
506
511
1056
985
773
347
548
1298
845
997
735
610
357
552
377
1055
522
509
542
370
348
614
312
1031
892
1138
776
918
289
303
572
362
807
1044
565
752
814
523
822
823
998
896
544
656
658
347
741
1216
357
350
1208
719
936
1000
730
329
907
345
919
556
652
539
644
850
720
612
516
901
559
1024
339
768
603
353
741
809
937
378
1167
636
610
351
991
1241
383
319
945
1004
351
683
1152
984
655
340
844
1372
381
810
1038
653
323
329
336
374
710
307
302
1062
717
529
1211
1339
306
1224
969
657
317
506
1022
831
1087
321
680
512
674
511
522
515
817
1023
1219
517
328
513
1289
1029
512
333
978
1327
337
682
676
1100
915
546
660
736
676
602
560
759
509
387
309
737
304
1047
735
542
380
1006
550
514
1228
721
1293
734
753
1125
1002
359
342
1220
924
504
840
340
505
837
1016
337
1199
313
990
511
291
1135
906
324
775
843
305
305
1158
716
816
907
1164
295
370
665
991
1288
330
711
416
843
849
1128
508
778
841
1045
379
311
1001
312
291
1238
999
1063
324
1134
596
311
769
731
1309
375
922
314
286
601
1221
1245
1161
1212
1072
1229
291
341
1032
926
767
1286
485
1328
316
1296
304
515
778
539
510
1244
1017
325
352
937
829
936
1224
773
385
654
1136
540
301
336
844
535
372
729
372
1079
1015
360
563
320
284
548
295
290
781
832
647
1126
1046
305
794
503
718
793
365
803
895
543
1171
286
569
544
1085
757
664
1240
287
1215
287
518
332
849
866
302
373
1068
570
318
335
637
649
544
1019
1025
301
1242
301
637
573
1042
681
756
480
334
292
286
774
1316
291
751
375
897
547
1330
1066
958
1149
654
482
311
887
639
774
309
903
380
943
1285
1027
363
342
331
365
302
464
521
1323
739
339
397
732
1026
928
838
609
838
1102
537
1151
613
1234
388
557
553
1039
329
1012
386
564
322
604
667
813
290
662
1078
904
846
519
761
389
317
765
808
396
673
381
1096
905
504
391
308
291
517
335
902
1014
611
1162
316
641
856
344
1243
766
388
1159
541
285
574
520
1163
739
289
839
924
1343
668
1201
364
389
413
1030
1033
610
295
1333
381
652
740
1048
355
677
825
463
1053
315
419
777
945
605
638
602
368
1127
1035
315
333
288
757
479
678
959
414
412
299
645
844
675
318
325
1075
503
327
366
293
303
1324
547
567
563
1164
766
1284
294
326
777
818
536
346
335
941
313
237
841
463
484
1222
765
439
566
536
345
300
292
1341
314
1165
306
349
1043
292
323
1131
507
312
672
390
1184
551
1186
562
1020
1157
1317
307
1220
302
776
789
321
1018
1319
1223
326
340
609
366
754
1329
1222
731
708
678
505
684
561
767
384
977
289
685
328
413
332
944
553
1320
720
545
300
417
309
1183
303
288
1292
319
1162
314
387
1080
1311
338
418
308
311
292
562
385
334
820
504
756
310
611
568
284
1386
1073
285
462
290
347
548
394
310
289
558
294
477
464
387
356
600
527
357
833
286
354
1231
287
337
298
238
1331
292
599
476
1098
539
719
1002
709
320
334
306
1177
1175
866
322
342
1148
308
757
508
754
603
959
559
1322
1314
293
1225
358
304
305
1312
538
382
614
812
284
284
309
483
306
267
359
310
990
952
1011
1040
1010
1196
359
756
724
721
369
327
287
1099
636
341
1007
973
1049
1089
313
317
447
293
670
1326
1185
396
328
751
326
1004
898
1090
903
316
1226
733
474
598
304
304
1120
528
288
330
328
392
290
1021
834
299
570
833
1313
1166
842
571
360
1139
559
1086
715
321
287
327
320
394
1082
1169
335
414
752
635
905
986
291
927
605
1237
554
672
486
502
481
714
968
848
354
1374
389
656
364
1318
287
1059
949
286
707
463
370
393
361
645
319
363
352
382
764
1103
419
537
343
734
358
341
1399
962
1067
599
651
288
823
847
415
569
416
344
344
1124
24
300
536
331
285
662
1236
299
557
398
653
572
717
993
364
319
736
392
503
315
604
611
286
755
333
417
708
725
560
925
1173
346
561
650
432
386
1166
845
1006
504
324
399
309
654
988
309
314
650
326
842
556
322
393
1155
325
992
895
329
307
543
422
478
1200
368
293
926
1088
1219
1172
1097
684
505
723
420
545
301
608
1377
307
343
1009
314
682
327
18
299
615
1232
815
454
354
384
316
475
865
1388
802
308
300
640
339
646
328
329
680
845
535
353
1465
219
948
1038
649
938
29
290
1318
414
561
14
709
1092
302
420
1069
385
821
398
341
940
325
994
351
363
23
332
983
1230
1005
738
930
286
1101
325
288
515
318
1344
391
520
324
319
530
596
1235
513
379
597
743
350
462
369
267
598
307
337
571
809
362
597
237
413
355
740
16
652
524
334
974
293
671
341
310
716
1083
371
955
1372
348
648
292
342
336
415
422
21
306
525
390
1246
951
1174
1275
380
321
292
453
376
25
546
36
367
377
371
455
374
301
683
318
516
523
1052
679
486
15
810
299
730
395
287
19
1247
335
1446
753
706
30
289
763
23
462
389
17
307
59
1321
386
509
14
1074
846
1160
1316
250
293
361
16
1376
771
718
396
336
754
24
59
317
18
510
383
31
1069
503
416
1492
289
361
709
1310
312
831
13
237
1315
419
313
562
17
722
711
655
421
431
599
1394
301
573
363
1170
359
1037
1321
303
388
24
49
25
720
354
23
651
454
326
961
338
340
360
362
323
953
333
51
351
302
299
892
1378
67
1270
526
421
43
996
1003
285
304
44
383
20
349
950
1146
1327
41
1071
898
368
15
837
293
14
43
13
923
612
1168
1360
1153
388
65
221
291
766
26
40
601
1066
36
322
338
642
1197
301
423
721
565
22
893
55
423
60
253
86
484
1145
638
341
372
1008
339
842
18
549
600
811
928
1332
1390
40
252
704
1320
288
864
1337
386
336
394
1384
330
290
338
252
1176
420
979
1380
304
345
19
1342
1077
239
360
508
1169
308
1345
356
1373
755
535
519
3
901
15
391
807
44
506
735
1091
643
302
517
1294
1629
207
240
348
222
58
301
308
1456
45
25
1171
1043
307
1178
372
902
537
334
352
334
86
448
331
58
792
356
17
336
417
324
46
1034
922
300
323
270
397
899
481
313
48
1067
53
923
378
315
48
931
485
353
1490
208
22
19
29
514
325
1123
16
324
546
11
982
35
318
896
430
253
1198
39
320
681
269
331
486
332
273
399
979
429
52
1367
813
269
329
1338
839
21
238
512
382
326
294
1150
357
993
51
712
21
323
438
50
647
1355
77
298
1153
60
17
295
12
40
603
421
306
38
521
255
613
300
42
37
391
339
847
601
53
440
644
480
994
1023
330
707
513
762
268
373
1489
240
424
392
12
764
26
1158
36
4
380
1404
529
43
453
28
1308
3
439
986
5
337
316
415
72
703
545
528
600
27
32
342
4
303
323
18
4
543
141
817
343
287
387
298
35
285
43
376
310
379
30
59
316
367
1375
330
13
366
75
1366
34
762
27
1364
312
348
420
1168
37
294
327
20
310
52
369
87
365
1156
6
220
294
87
6
68
40
333
287
13
76
1147
58
332
41
1633
318
25
606
954
598
12
489
464
355
295
1130
563
763
12
29
455
1161
1311
400
90
86
41
321
32
376
284
295
1306
15
897
330
1070
308
419
53
4
47
20
12
367
11
805
37
90
90
394
514
1302
1276
295
76
339
52
418
311
1354
823
346
70
251
1132
343
29
62
371
309
285
568
11
1167
924
952
563
38
22
3
403
289
435
794
1350
1307
442
72
925
147
349
938
378
49
560
290
32
5
868
19
299
759
267
869
289
1309
646
426
646
373
399
1143
26
12
83
1385
51
4
26
414
554
288
33
405
595
67
1406
402
606
314
47
373
50
31
50
484
250
1359
640
978
6
298
11
502
395
34
35
768
10
30
406
37
79
929
1155
7
708
10
18
346
32
379
705
57
20
311
662
28
312
509
57
425
13
91
16
1463
1008
381
13
985
34
886
5
1313
294
1356
780
271
1314
9
422
63
24
779
1392
332
726
5
1491
397
44
35
308
1181
12
559
21
375
83
23
790
23
284
1068
33
808
57
609
68
36
5
375
804
75
742
344
12
1041
47
838
68
62
54
91
1047
641
27
293
719
393
13
56
11
703
407
73
347
547
1381
342
947
78
407
50
40
812
317
16
56
555
890
295
46
770
19
39
90
1093
70
483
418
307
36
1446
955
6
350
1180
501
22
10
292
983
1374
89
270
731
80
884
329
560
67
164
310
12
6
299
947
21
254
714
561
1369
5
422
1351
27
15
542
66
79
18
23
882
52
239
61
505
348
987
760
1382
56
7
14
53
418
833
1347
463
889
597
412
64
315
350
5
36
30
633
334
39
502
408
12
86
81
320
60
89
1464
337
14
1154
385
286
1300
63
31
62
313
27
485
400
8
701
310
1042
510
612
287
59
82
63
305
29
330
33
9
1631
38
547
58
1227
559
19
437
20
73
1566
5
806
265
41
652
6
322
8
65
7
398
340
800
12
13
74
367
5
1636
1334
1157
268
4
669
2
1396
28
66
17
45
362
328
1013
148
835
1387
13
6
1317
22
239
1152
305
772
298
76
331
11
1368
9
1216
66
10
73
1393
1391
300
74
15
29
735
61
69
284
7
11
10
91
684
361
872
876
31
305
759
85
2
346
75
6
1146
238
62
416
1513
303
51
4
19
763
70
92
692
630
55
7
81
483
548
1637
44
851
402
309
14
56
1039
343
2
488
874
43
321
733
1418
83
2
34
64
45
615
42
1325
306
377
61
305
5
375
1563
810
315
28
86
364
1336
1357
948
1149
14
61
41
19
65
1211
1583
8
288
224
1299
32
331
33
60
36
11
20
345
408
1516
1
69
8
62
305
81
1512
13
39
703
22
57
10
284
50
1218
78
1
289
65
1518
78
415
8
10
753
349
70
384
66
13
24
786
953
916
1395
25
85
306
7
46
950
1
55
561
354
1
338
906
271
1159
4
67
574
72
0
317
317
675
780
61
369
56
34
7
7
401
71
762
48
456
1
71
789
35
696
55
74
835
52
32
298
1634
33
10
1389
989
14
392
61
3
9
46
848
1
868
1
17
3
1095
66
541
303
1
22
195
74
22
285
992
751
87
629
76
784
166
1565
737
3
10
1371
1454
0
64
5
43
869
331
25
1
49
1358
28
653
51
7
1156
0
17
26
70
25
8
433
301
49
4
760
508
383
646
632
1145
634
713
295
272
21
28
250
1301
5
731
79
33
9
14
821
10
54
434
1370
27
393
901
23
870
395
21
417
82
1383
61
43
792
31
239
1051
70
38
72
53
919
990
72
1
10
1007
51
370
74
2
1325
26
87
4
814
42
567
69
77
92
55
16
64
290
89
11
294
640
142
349
949
673
39
46
72
862
70
1586
32
47
59
1163
69
46
1573
676
316
70
332
14
509
26
67
404
809
873
870
477
49
90
692
545
82
2
42
730
5
86
74
34
824
1
99
620
11
98
946
1459
6
1299
806
146
1411
41
61
23
1462
4
4
736
32
66
26
6
34
29
700
366
4
18
738
591
9
289
425
558
1078
23
437
41
68
1575
1365
698
681
1148
57
1
79
1176
626
772
832
830
801
2
303
1271
801
4
68
1332
474
345
54
97
943
515
97
223
10
1363
92
870
1403
775
12
954
1081
37
1195
18
55
80
1150
371
1514
4
225
14
6
73
94
374
702
520
93
1638
73
521
900
56
56
3
55
69
1621
777
576
33
952
18
25
45
624
550
1412
887
2
991
850
59
873
774
877
1097
62
94
825
5
1
47
344
197
1352
900
39
63
562
427
42
793
395
460
73
1024
1564
376
1217
15
1585
302
11
793
42
90
12
36
63
1084
692
80
1170
82
8
411
238
12
933
881
1005
454
55
1582
41
372
13
73
396
2
1209
88
69
11
4
71
51
721
11
739
89
12
761
903
40
1142
64
21
743
80
312
790
20
591
55
54
783
678
67
867
76
519
80
8
39
5
92
2
60
698
40
560
50
43
644
883
98
87
1151
12
589
78
33
39
588
874
836
80
268
871
88
399
3
43
56
38
45
610
65
604
49
75
46
8
1462
522
98
240
314
288
1398
294
48
880
1579
814
1
11
637
1415
4
9
286
4
791
1213
486
9
1417
8
26
329
3
16
1464
685
88
51
877
641
836
35
44
1379
812
88
45
639
40
35
804
49
64
1
1305
689
1362
24
31
2
881
523
78
24
72
745
1
3
1179
9
87
331
284
6
348
9
628
828
6
9
39
67
81
0
770
8
81
572
79
822
888
312
11
358
85
255
1488
21
15
988
327
3
31
48
57
64
1303
684
63
81
589
63
698
2
52
747
9
516
1386
688
27
16
31
196
1089
136
377
1623
911
655
61
785
6
12
732
0
41
20
58
15
1085
9
808
6
1
82
17
7
732
368
580
8
644
798
1459
90
59
84
796
741
1340
79
95
368
661
725
787
599
44
313
1
73
538
75
829
912
8
8
920
991
711
873
73
76
406
45
2
881
1040
447
869
650
421
972
864
1099
792
303
197
438
4
251
10
1036
370
54
643
700
627
636
865
981
288
10
62
14
398
837
687
759
574
19
619
512
4
19
11
955
1
1
37
69
594
56
1233
1075
863
1578
9
857
1081
1515
859
1324
39
71
460
868
605
762
976
93
1410
15
2
47
941
536
22
1232
1449
299
2
742
5
776
1194
390
1444
285
79
17
53
1
834
1622
1
81
905
5
85
4
92
633
598
71
1147
501
831
50
1353
13
627
596
694
2
98
693
628
256
99
1242
24
1247
27
693
44
300
145
92
1236
66
72
46
58
63
33
4
65
67
11
1436
794
44
746
86
0
1
1129
6
748
5
15
60
975
451
90
1206
779
71
37
594
951
771
623
47
543
1076
1348
691
921
986
593
716
99
994
4
649
70
710
3
74
2
782
254
82
462
72
6
682
8
1
946
92
1165
80
82
22
942
84
562
30
909
670
643
97
32
68
781
91
641
4
614
1200
1172
1302
1253
564
1245
1422
1561
695
763
1437
3
8
83
284
517
887
7
1639
630
836
79
283
601
507
83
509
2
722
773
14
53
683
4
72
638
710
1570
849
1626
818
680
531
578
1054
855
95
42
94
1304
42
1
478
669
1064
1335
1331
165
894
2
1401
84
912
508
73
5
65
2
100
5
1574
506
100
988
948
8
466
487
674
322
1640
24
641
64
135
686
0
817
1
227
1229
97
746
921
1
638
673
453
169
13
48
1463
1308
62
90
1203
34
951
630
60
13
0
476
2
304
587
30
621
607
14
1624
805
588
795
48
77
330
1269
53
1
577
1230
4
86
774
209
409
826
54
553
664
1399
78
0
728
294
1187
371
20
789
45
37
4
688
461
12
2
687
559
946
734
2
1086
1307
577
15
689
167
867
469
1414
30
77
799
88
1248
733
91
20
1212
674
101
1258
1460
15
743
37
340
47
643
635
2
696
1065
474
82
625
875
91
760
451
1423
77
65
1467
1237
29
749
340
904
973
97
57
25
788
1082
720
854
71
16
1407
95
3
679
549
789
1277
596
443
949
834
909
937
48
629
258
1627
3
484
701
226
655
826
14
607
914
333
9
76
874
352
0
535
95
527
4
632
784
264
30
52
266
93
403
80
3
1201
0
456
62
708
1092
93
1466
306
673
365
0
798
5
89
671
595
812
761
0
690
1405
64
620
405
1005
4
11
400
3
1416
575
3
82
5
9
615
563
750
5
861
546
9
778
932
12
4
852
429
87
373
591
528
1424
6
2
1117
455
1144
286
532
552
314
982
866
702
695
1333
7
1240
1046
459
1058
2
750
686
483
405
617
24
1210
59
803
592
5
79
802
1
78
1244
859
493
5
3
1420
35
99
501
46
7
722
677
589
664
821
665
841
341
49
85
412
626
85
458
1625
1
713
787
668
96
5
539
1641
74
623
2
87
691
195
2
631
31
0
350
315
833
3
798
302
569
1
669
2
3
1335
590
456
311
98
492
3
1192
84
920
739
51
642
1361
2
968
432
555
79
4
945
544
640
99
6
685
655
779
4
144
1052
696
36
1
791
2
499
1
1
404
816
1469
1072
482
440
952
643
460
32
61
439
463
26
452
53
717
410
468
578
38
90
1296
513
81
7
29
1394
1235
1009
888
1
1261
584
692
54
477
3
608
608
752
0
1043
898
75
1457
728
1079
523
2
888
386
482
745
1234
693
520
1304
714
775
542
618
1062
603
928
78
477
344
550
57
1303
1248
49
777
12
828
1094
134
918
83
48
1061
386
41
700
2
464
719
1
1073
703
3
761
453
47
1084
1025
434
15
496
459
693
765
478
565
649
729
1083
1021
6
738
1
1030
481
456
591
501
585
411
8
4
68
1427
959
675
4
820
100
5
25
387
776
675
863
0
791
484
0
608
369
71
749
71
566
976
679
269
7
2
1448
1113
746
623
402
29
9
797
913
1510
1091
796
595
575
506
1226
50
590
1183
629
799
1060
480
522
605
416
18
984
5
43
11
497
237
8
1328
58
89
729
872
383
402
2
33
518
1
648
764
483
1326
1182
4
451
8
723
42
514
821
750
0
71
451
814
591
1110
786
1047
85
296
706
0
1254
437
788
796
576
1186
1143
525
1349
557
1
651
143
1125
1272
347
748
1270
1193
289
787
5
1268
746
631
283
554
633
1093
1246
3
894
58
464
783
431
75
584
694
956
28
700
7
1580
324
140
749
1258
526
1
687
917
1
495
462
7
529
99
405
411
319
717
1233
46
0
529
505
1457
642
1467
745
0
336
2
867
1445
704
795
401
8
750
584
1071
649
257
450
109
899
632
524
1202
724
549
948
624
91
633
349
639
3
31
312
345
875
832
1
1
448
50
766
91
794
88
1442
447
38
768
54
567
790
581
876
983
825
0
783
356
16
847
533
7
443
8
896
733
790
69
730
519
551
691
1259
652
705
168
914
1344
970
1263
579
407
1370
38
1255
1055
490
1677
49
771
2
52
422
464
891
789
728
408
727
659
694
1215
450
251
1191
496
74
4
584
720
950
19
853
1409
476
708
455
377
686
429
628
35
418
3
908
91
437
502
6
37
438
69
581
731
95
1198
75
784
392
532
91
7
631
1
1
15
467
1196
894
999
1460
938
70
409
566
632
804
4
940
764
699
534
868
374
6
0
6
465
1458
434
4
0
403
494
1323
642
682
558
1030
810
913
945
552
5
573
1428
954
567
294
10
59
797
298
744
1109
615
1517
800
681
75
593
1338
583
1179
1630
408
4
1044
638
489
500
1205
290
785
274
1253
782
880
465
579
799
903
606
424
1106
981
775
979
1278
533
500
93
3
817
1090
816
1632
647
479
593
85
1447
477
466
736
1
727
397
425
628
40
1
694
789
1425
488
490
43
457
1256
5
672
7
568
2
1671
47
499
1101
98
602
98
81
753
442
827
785
782
650
1006
81
1252
480
317
538
748
915
1237
98
829
907
556
1577
519
814
1406
1
844
296
1
738
66
2
305
426
34
820
4
3
803
689
630
2
293
3
621
705
981
6
209
572
704
899
618
1088
1552
971
6
485
688
667
15
664
832
78
686
1
5
1
83
586
110
411
1265
258
388
1
1509
376
24
1
578
533
57
895
428
256
9
439
987
580
769
746
617
74
807
95
524
347
1536
1453
585
744
1011
1104
421
1556
444
63
862
10
604
621
1
860
1609
1118
80
966
659
423
1094
3
315
813
626
1538
406
688
401
958
785
582
558
419
936
586
718
597
825
408
10
667
892
1071
4
449
598
458
356
491
625
367
639
579
499
939
521
56
648
0
651
240
754
2
421
0
872
1511
0
1266
425
311
1568
1256
494
410
639
581
1545
47
256
607
556
1239
788
365
576
934
931
990
603
693
819
404
1465
533
1273
835
800
671
595
5
632
503
14
282
631
6
879
888
1676
450
1384
444
806
3
595
31
93
1191
1499
0
239
891
0
291
7
395
48
935
328
783
1121
525
1456
502
409
448
670
1614
45
52
1045
73
1041
1031
788
519
885
1519
729
3
68
1461
282
7
63
75
551
339
696
978
102
658
23
602
120
1
508
96
773
1034
442
646
710
690
767
672
925
7
811
616
878
685
781
4
9
1286
467
310
2
421
382
96
723
587
14
962
569
13
1257
1272
449
592
1520
571
784
13
797
806
950
38
495
85
910
727
485
259
1015
964
1469
2
667
645
1390
361
508
788
891
662
685
101
917
840
364
553
426
955
473
49
21
7
0
965
564
512
1678
499
17
1
396
401
885
1001
722
100
3
5
431
1601
948
602
6
121
77
1450
851
96
1089
1523
1114
1127
648
858
3
835
376
3
579
706
1119
989
864
785
627
781
479
1
915
582
67
353
587
794
23
450
369
76
1516
1447
68
1572
534
973
843
58
1194
1110
84
438
0
613
1116
666
1432
1096
8
651
97
1001
786
856
394
438
428
759
1023
440
384
1259
757
647
651
1197
532
5
787
307
778
747
423
488
886
885
427
2
780
819
52
1280
51
459
62
285
471
1361
846
889
389
95
351
1468
1045
538
919
934
9
476
699
1277
63
0
7
1033
1227
824
1175
2
1566
1643
265
768
54
1581
255
252
1602
542
550
592
1003
93
36
103
532
428
1194
916
741
28
532
7
898
60
486
1440
1559
1548
494
1434
910
94
1
1388
1087
815
912
253
0
295
615
13
10
418
21
487
428
534
879
470
9
943
1567
662
368
400
795
391
690
637
1107
645
827
230
494
931
1458
440
11
1139
450
474
1255
1262
695
500
357
1596
22
424
531
2
1373
344
7
590
1112
732
27
409
84
701
9
454
518
364
401
335
931
1243
1239
407
723
1547
1115
617
597
750
472
987
83
622
818
3
366
809
1622
1120
1675
875
717
709
551
489
1260
461
491
902
18
383
479
253
760
254
488
635
1117
1550
402
763
676
237
371
412
491
1064
729
510
690
8
552
678
721
457
443
557
347
444
1562
884
3
500
1208
858
926
1
442
330
495
260
495
5
423
552
792
657
938
884
100
400
561
967
856
616
447
537
48
7
946
796
494
0
35
773
872
517
66
1031
463
102
2
1
611
993
516
6
773
622
1
0
279
371
314
826
340
442
488
893
623
1059
575
1343
637
527
420
359
467
283
275
1241
1402
72
917
1231
606
688
977
799
1253
668
554
530
646
3
851
900
453
229
935
600
673
1121
310
93
1298
52
1
2
1042
737
908
32
783
1263
1188
697
259
961
388
329
265
240
4
323
524
650
656
64
1100
745
412
1455
1
27
297
1102
435
565
453
1106
1267
1404
1002
715
624
2
433
1028
238
618
657
1044
681
789
437
430
9
523
1594
465
460
1470
96
211
0
454
0
252
51
405
1301
1281
365
1350
548
500
538
938
1063
668
890
1283
13
561
586
1
1588
239
1433
1280
446
875
41
101
630
886
100
96
258
357
705
677
802
473
1502
558
590
761
572
786
756
382
8
738
712
683
88
1288
921
5
0
762
583
1342
398
575
645
947
861
781
424
716
414
1008
596
402
578
1
1057
1
44
70
1557
0
1073
473
1136
69
471
739
803
6
2
1141
0
1007
2
819
1339
613
0
687
1551
634
350
812
334
1269
945
528
683
721
1112
92
1663
926
655
914
298
351
984
3
57
724
894
1016
581
1038
11
734
825
407
1
864
4
213
330
0
918
548
797
282
1441
85
893
256
345
3
1113
520
427
1306
698
971
1028
384
792
1621
718
460
3
1002
399
335
631
6
4
257
1070
1484
399
1617
1
1140
829
747
660
728
870
520
466
275
1
275
808
547
503
361
2
559
928
100
28
206
6
480
318
240
334
1199
320
699
649
956
96
491
452
6
726
800
228
549
12
1111
3
758
1022
426
14
441
830
982
432
64
1133
563
576
475
848
410
367
1250
618
998
1398
706
1062
890
1076
649
1040
83
956
588
573
562
712
1104
493
731
1273
726
619
1443
782
413
725
445
435
640
978
4
8
446
790
489
910
947
1287
272
888
742
269
940
631
382
612
749
531
297
507
1397
457
622
472
889
933
13
738
800
707
489
517
714
734
1797
903
1253
1421
373
260
101
1571
817
496
155
1611
588
1108
592
809
1598
9
1138
907
333
470
393
1788
1610
1069
1204
1403
1290
9
327
515
465
601
943
966
906
767
1032
74
556
256
422
89
851
482
343
634
430
0
940
453
1549
834
1448
0
944
686
772
94
669
281
296
1644
522
258
381
497
1026
1153
403
1512
1291
77
484
859
1438
517
403
1239
269
529
368
776
1423
781
196
102
61
679
335
1444
1214
0
53
0
437
672
1020
15
554
218
1635
4
425
282
1347
582
569
351
744
597
692
686
775
658
1102
781
707
884
735
661
431
848
554
887
653
1220
385
1178
371
471
253
975
714
743
228
348
900
266
441
360
815
1004
986
186
737
571
363
616
698
1607
856
469
1080
457
364
805
332
1251
3
1098
1431
274
6
995
721
0
857
403
819
454
701
451
1506
253
353
0
586
670
1305
911
647
921
33
324
1371
702
747
316
553
231
233
778
689
1108
670
302
206
226
387
1396
561
1176
882
2
293
1074
1359
721
10
1616
1443
2
636
709
849
14
935
387
45
310
101
616
77
574
829
350
864
450
589
1445
744
936
878
328
214
607
2
538
212
1017
471
919
1111
271
1620
1629
407
939
267
896
1514
1115
694
447
758
783
923
778
1619
44
671
796
1
1107
897
941
402
634
6
764
849
144
0
715
530
1221
676
458
1481
922
943
376
946
969
713
1045
703
496
778
884
1050
0
807
475
1646
458
780
942
68
441
330
404
37
1
794
314
9
459
312
577
353
29
380
809
699
737
292
767
415
500
824
241
898
348
828
242
35
701
1477
1032
236
1672
75
338
730
0
958
4
587
336
602
289
8
283
839
446
1097
301
1260
1438
229
228
10
8
354
922
650
584
108
1077
411
1202
1635
958
971
2
420
1615
836
218
1124
1035
1474
1503
638
300
355
1341
575
204
683
2
1007
927
719
301
924
947
1020
551
1471
886
751
435
827
800
692
1561
589
719
541
913
822
920
335
988
1087
610
582
78
1554
355
1
456
625
826
744
355
976
395
440
231
1
1579
38
961
457
914
1426
868
318
1056
347
469
397
498
992
1437
1124
1210
577
1012
227
498
219
951
963
1306
244
883
429
584
10
62
1452
734
1275
982
316
102
1
318
756
898
1449
1527
798
283
1628
1177
1363
743
1381
4
1475
785
1661
343
10
850
1611
644
1360
650
216
1137
303
477
880
697
446
351
1039
557
1
363
1316
251
794
867
1559
272
468
225
2
217
1605
1
877
269
575
430
928
747
821
765
657
1400
999
865
319
1187
28
812
316
722
455
724
1187
251
536
342
254
490
1192
832
662
516
748
741
75
521
299
866
801
978
452
362
777
84
435
1266
1024
88
946
957
0
838
487
350
1067
738
238
578
1294
742
345
922
635
911
1217
1662
613
618
897
217
378
828
278
1185
652
370
720
978
518
473
486
440
1472
619
704
5
261
259
517
3
583
842
547
560
1106
1387
551
89
315
7
1203
697
515
1502
690
261
1119
552
982
998
997
593
255
666
337
805
9
1620
936
774
796
580
808
433
869
705
916
988
972
1667
1395
410
65
495
482
253
870
1
257
246
1376
1029
951
1484
966
1624
497
953
1819
40
1466
1048
95
67
280
947
636
349
977
318
1423
3
36
777
1440
1024
3
1623
298
1204
1262
627
564
25
187
585
862
243
0
1334
2
826
205
231
930
385
448
2
657
1180
506
698
92
87
759
400
1265
358
994
86
291
1213
0
1046
850
1017
899
501
798
299
279
782
142
1238
1529
512
985
493
709
396
782
1234
658
724
1528
474
1193
374
929
909
350
225
877
94
1043
885
903
373
101
257
210
1653
1283
230
205
210
490
1236
278
296
659
1292
592
1233
838
29
682
1238
839
663
942
947
1584
538
673
1027
990
680
481
779
904
864
324
251
336
535
276
842
237
594
750
913
1540
700
1539
863
452
3
645
271
372
228
1244
1284
100
527
1124
1225
654
1152
2
1181
554
432
799
448
479
888
528
1184
860
635
769
1037
193
543
823
724
850
445
296
599
919
254
426
748
942
946
1249
798
1565
408
436
1556
934
323
520
609
1183
122
594
764
319
493
0
651
838
890
1640
663
868
577
646
6
57
28
1308
1047
280
194
1228
301
0
784
942
0
423
101
85
611
1478
779
865
271
802
752
240
811
1122
454
657
337
366
155
667
0
854
637
634
1288
737
459
389
658
1
697
496
3
834
1095
225
885
319
418
724
878
1273
8
252
757
288
1402
1
252
661
949
249
410
455
1349
436
1552
1114
262
1673
847
317
838
706
715
894
1050
852
1
372
539
1050
215
97
924
806
479
403
944
995
1201
1068
1483
601
359
666
1032
1401
805
651
779
223
713
270
377
832
687
1570
626
257
904
1365
77
986
889
423
209
1155
301
550
537
281
337
701
82
825
606
3
719
568
994
1599
605
355
230
945
471
67
370
42
436
527
272
432
2
980
679
1151
478
1126
903
892
369
526
1662
0
239
648
947
590
205
725
1366
245
1200
821
878
619
808
517
3
725
1113
475
663
1628
255
189
682
1026
354
839
281
1539
278
929
769
967
1201
206
861
485
970
427
996
980
442
237
818
866
1649
870
612
366
663
573
1199
853
488
1358
1188
699
776
935
941
861
1369
397
372
60
690
276
902
204
1037
494
101
756
712
1615
316
927
603
357
343
671
66
259
1408
269
0
786
869
695
635
531
909
263
1070
236
801
673
742
782
347
1610
170
268
654
193
873
460
515
529
715
1439
0
284
414
786
942
836
262
6
273
1026
693
3
595
426
1222
977
939
670
207
923
814
1027
203
264
205
30
865
415
431
860
297
38
564
749
180
669
274
227
233
366
65
342
711
255
250
819
748
1012
783
537
1430
414
1534
553
777
940
222
718
1082
1482
466
755
865
384
1777
183
597
1637
1310
949
907
141
811
272
815
1493
996
500
1019
751
694
0
455
826
652
1194
1497
280
733
84
530
216
187
231
27
549
1412
573
876
616
300
413
1329
600
519
1633
793
3
822
349
1513
1661
965
1522
170
92
431
1501
511
89
1058
498
775
955
318
993
228
229
740
498
273
605
681
811
499
1135
538
866
374
1131
261
413
816
4
317
704
1123
1584
181
1478
930
606
316
717
840
263
1603
114
1656
915
636
334
1049
1546
279
94
1352
168
451
329
1282
258
176
708
953
1625
96
1346
186
1291
987
273
694
334
279
526
1608
229
1051
1193
1140
740
706
523
952
213
381
710
326
36
555
1647
375
95
691
277
221
272
333
553
9
93
386
555
319
1084
257
203
290
746
1086
297
795
570
222
223
804
961
477
646
132
1453
285
526
964
978
1563
270
400
58
1017
571
1553
369
731
917
321
188
225
317
1504
610
869
67
34
370
206
680
393
626
1287
497
242
1079
541
773
819
795
588
879
882
336
1435
549
265
717
208
873
440
1425
495
1072
278
270
138
894
585
625
1526
1162
203
1132
332
696
678
1304
852
273
608
791
781
556
1673
260
1448
1496
890
793
1000
247
529
1215
408
793
499
585
433
1009
288
1142
5
305
1659
599
739
1020
746
822
897
1207
314
1495
252
546
374
1168
338
235
760
815
1311
857
227
741
331
332
794
302
1508
688
249
867
945
718
555
363
684
877
806
1426
522
804
509
920
443
772
336
255
567
451
1665
1296
151
1643
308
285
1599
1189
1472
884
550
425
245
226
771
211
260
566
534
309
280
1407
807
1022
317
161
837
243
388
352
228
608
702
1543
1142
470
197
77
401
521
178
713
167
583
235
1493
1572
899
94
156
918
810
900
930
705
276
53
1451
932
63
488
377
936
167
4
55
216
252
510
1455
460
807
577
944
927
732
656
79
700
611
353
280
190
286
420
772
78
281
991
216
458
277
1096
392
678
1638
611
262
2
703
457
188
5
824
590
291
380
285
730
320
867
946
991
247
238
662
148
623
1723
973
498
1145
465
158
1019
911
306
938
57
893
247
999
185
616
534
470
710
685
346
1134
1674
825
64
963
1203
748
381
248
218
212
451
567
546
660
1564
753
390
1248
973
1241
14
518
1577
216
157
1206
269
280
754
862
1189
1205
168
240
414
821
300
1061
1392
937
1134
238
917
344
195
269
1595
1030
185
938
211
1808
234
498
288
963
1002
221
1037
979
345
346
955
817
308
757
5
230
545
660
274
240
705
92
918
14
245
976
352
1257
1179
580
656
70
511
967
979
6
712
241
264
600
491
1541
65
1256
503
166
1335
250
166
1048
246
274
325
341
1029
432
277
298
1260
677
623
1275
1035
1302
1227
141
379
774
282
298
214
3
733
102
595
983
318
94
179
734
201
960
230
836
288
894
596
1091
730
687
704
102
313
761
664
780
371
989
568
245
1191
1114
676
404
524
989
890
967
574
578
146
36
0
75
394
405
1198
429
251
312
659
208
748
1670
161
215
835
676
1517
1532
522
914
1422
543
299
939
91
40
594
199
14
822
0
995
799
1218
1202
277
940
142
788
212
208
186
333
646
159
1
308
1289
262
1110
928
974
247
202
417
1196
791
639
1174
278
710
887
268
215
958
60
307
253
456
605
1430
495
102
375
634
274
995
177
368
389
863
194
88
128
219
818
294
1203
355
591
449
528
856
246
609
1651
0
911
65
500
1182
9
1037
156
1602
212
204
717
1274
505
373
674
60
885
425
132
976
368
707
1447
244
840
328
684
719
15
702
284
390
316
1479
196
0
311
876
648
6
380
565
311
186
863
1036
762
345
366
820
604
378
610
1598
936
126
168
776
101
37
162
1496
1626
193
163
1210
254
395
461
0
1051
1287
444
1506
248
589
283
2
689
384
365
168
702
616
49
15
1310
946
799
0
1065
1284
943
1276
1530
834
526
152
1327
207
813
263
1224
1597
1098
159
259
248
817
437
839
163
1618
1576
501
735
281
191
795
207
12
175
146
936
654
910
953
1010
240
1279
588
469
1103
848
370
95
762
409
688
647
1509
1099
1486
36
207
174
192
297
695
468
238
8
1587
212
487
8
172
801
1242
318
1309
251
727
314
1276
298
500
565
755
518
1025
141
283
506
640
1
530
225
625
3
1375
316
556
242
1535
793
479
217
745
191
462
852
364
286
1278
898
212
331
1590
1014
494
250
55
1730
518
607
256
261
578
820
629
365
950
640
229
744
244
646
295
162
572
1107
643
176
666
0
226
1121
1122
1807
14
68
614
944
1069
593
544
749
896
858
282
265
763
756
462
212
83
262
223
406
698
157
234
274
1174
246
952
1073
1257
1432
2
1587
620
493
1027
948
304
472
852
983
617
691
528
736
621
515
905
556
665
644
8
1074
300
162
809
1193
878
466
744
370
178
378
224
1251
492
351
51
376
895
37
355
262
1063
290
538
897
787
552
437
224
818
1486
1603
490
297
357
1188
159
247
249
792
9
1352
234
424
854
11
933
1804
26
256
603
1481
176
1323
356
222
760
585
290
1100
1318
877
237
369
496
639
541
99
59
192
876
322
227
273
1348
179
474
127
1551
1
1298
114
1055
106
524
572
375
674
899
427
1264
1495
96
1435
1006
270
243
974
884
307
213
287
1184
966
16
724
294
54
34
163
282
137
943
665
0
54
266
882
1248
991
1022
273
231
323
4
1161
273
470
197
315
245
1337
1529
269
1351
137
205
573
218
106
1119
343
325
535
164
760
319
234
883
621
215
267
626
1085
394
1439
849
713
147
265
1391
582
1141
959
726
236
831
312
1320
333
285
152
472
186
478
499
203
627
518
326
182
273
319
173
150
911
243
1431
732
181
708
880
138
156
695
589
279
1125
716
820
208
459
745
55
573
944
529
0
287
198
972
815
162
371
760
185
56
519
1146
469
925
493
622
671
399
908
584
676
1274
772
209
902
340
1228
118
258
1660
824
786
160
238
173
980
187
626
1795
830
169
175
236
114
767
918
406
1507
1322
785
907
294
0
1
1255
1497
618
862
66
486
557
755
554
221
304
843
107
353
1545
256
105
241
846
520
210
1049
744
232
441
374
662
225
1351
328
416
119
1305
1229
977
177
194
706
937
251
254
545
627
1021
805
1281
224
239
1507
166
1618
1000
1
390
184
1143
546
1008
700
140
722
94
1485
339
1191
448
161
232
620
184
671
863
903
268
262
200
690
829
277
770
1254
83
271
160
771
161
967
518
251
1613
280
446
145
96
407
623
818
188
14
117
822
648
340
261
628
667
217
78
752
481
882
221
248
175
1281
372
283
169
1530
246
868
850
638
118
254
677
606
12
1654
281
862
5
543
427
1144
513
108
1410
225
502
996
1133
175
492
1126
9
245
772
205
1494
248
188
1039
395
447
1
84
122
434
51
951
266
48
124
448
1229
551
547
213
74
131
968
310
1573
535
100
601
992
276
1354
44
929
873
261
327
985
297
300
550
975
572
64
250
638
209
171
512
38
958
1122
1204
984
59
615
342
614
447
257
85
980
281
602
187
891
1108
645
538
391
171
760
1049
278
155
875
1369
770
228
1657
78
300
66
1253
71
171
424
132
997
434
621
1319
1331
735
418
1503
664
576
697
955
337
43
194
1
137
1085
1617
245
649
1066
769
879
246
195
1372
65
969
797
697
199
1186
314
234
801
2
180
986
655
1211
1083
106
444
864
596
497
1159
210
912
129
820
1011
710
513
823
370
97
706
664
536
213
50
850
335
996
43
907
1500
1099
72
325
758
585
1053
591
173
0
726
279
56
579
923
68
868
158
263
1257
665
3
723
557
296
277
1198
187
20
754
1441
879
560
749
889
166
58
672
533
1067
1404
883
1
397
388
80
1247
16
1607
1488
736
230
1007
1337
134
434
487
196
0
1818
1010
291
231
30
231
866
228
326
253
146
617
210
88
585
1487
138
474
487
143
189
433
92
357
4
1292
935
1227
313
278
418
82
40
954
133
285
162
651
339
821
285
1812
629
873
615
1271
926
777
733
121
267
835
20
970
250
41
349
84
88
1157
599
1218
1016
313
574
327
58
1081
801
257
792
183
759
1227
35
726
6
1196
53
145
1216
436
800
1167
742
245
362
1380
415
244
279
631
445
985
182
20
985
1039
1034
307
1129
714
25
244
344
122
321
179
276
348
201
539
1332
84
243
930
11
1268
1619
286
12
206
1034
161
273
728
964
266
1413
188
217
1091
1043
834
1664
1011
217
661
308
325
315
896
828
6
119
452
130
271
650
1017
442
12
87
239
117
1616
921
471
1004
430
481
45
139
412
357
941
767
906
992
406
1669
215
533
400
227
76
388
118
1382
260
284
260
560
243
472
965
245
1127
473
13
368
145
0
3
139
812
433
90
249
511
694
1009
312
63
271
828
260
132
166
191
220
1051
145
185
232
915
159
6
131
188
132
730
240
67
211
215
926
210
798
337
177
156
187
607
607
228
204
889
1226
238
409
61
62
128
622
456
11
1589
197
565
147
284
983
701
119
170
16
260
587
280
510
1326
1005
474
787
146
1105
259
656
271
633
1290
160
908
12
299
702
119
897
1229
1817
1400
42
324
696
530
186
459
1029
418
233
88
186
901
856
165
845
8
1782
204
780
792
391
373
654
333
966
444
892
583
1074
263
1119
149
1724
828
158
227
931
1461
192
677
1321
933
216
406
511
15
1540
162
74
474
779
1154
58
348
372
109
341
608
376
158
629
226
483
228
1024
348
953
85
1190
823
369
1541
86
968
1189
223
662
1799
1293
52
803
415
868
1088
1583
20
231
205
91
342
665
185
1041
209
283
536
433
142
377
1273
957
631
678
146
831
301
1214
160
430
256
891
574
183
1675
959
304
1429
536
160
1161
11
891
230
13
413
214
1771
204
1129
1406
105
151
43
88
1015
1142
804
259
8
210
120
191
784
1316
313
930
1080
950
243
714
178
413
211
646
943
81
1796
911
296
334
1018
255
800
1492
1642
18
1093
1079
297
877
1780
160
166
519
1053
638
247
537
1218
297
367
29
25
475
334
1008
1098
577
265
1408
962
61
1
19
285
787
934
844
718
901
1089
871
1368
1243
113
87
5
232
336
812
761
359
981
23
94
242
212
304
217
272
813
1592
215
244
394
806
196
222
138
447
137
416
590
305
289
1035
980
549
515
37
876
135
281
195
1660
302
159
822
117
1418
9
971
1229
335
137
1382
306
910
282
1766
811
352
895
165
1410
964
901
1355
294
503
198
54
15
88
718
844
201
592
159
491
1327
568
1036
1156
107
26
411
309
619
1056
286
1095
16
586
7
1593
349
71
847
683
599
277
563
1249
347
1475
961
382
279
179
363
235
1228
430
1149
1245
1016
52
988
197
936
1148
1581
379
1412
571
393
1534
916
1105
221
1345
367
476
389
1008
203
904
1279
994
641
1712
1295
104
1368
707
338
361
1018
321
763
1
901
1259
173
1102
354
266
2
54
974
1641
1157
1061
1033
622
693
348
270
241
268
226
40
564
293
900
530
190
288
1036
533
747
185
263
993
21
777
88
237
590
297
904
594
58
1702
905
711
307
962
543
1634
527
964
1672
633
237
987
874
939
352
50
0
1300
291
437
500
304
588
259
592
957
1725
827
362
303
278
616
876
1412
296
106
787
546
224
404
1185
430
177
1106
395
98
855
666
204
1234
727
238
598
1419
236
1399
32
598
384
915
757
556
181
325
89
98
90
504
997
361
139
106
1086
1148
1194
322
306
43
522
19
202
592
276
157
140
420
530
1201
147
215
260
237
589
789
390
122
1193
7
44
201
995
759
1576
477
1087
944
1036
1166
1206
303
244
0
1004
353
1038
600
637
925
246
164
59
162
754
410
654
264
277
76
1413
75
706
292
590
1036
346
841
987
148
1053
544
190
297
429
1571
1778
406
265
159
696
1261
264
298
1521
20
887
99
296
1023
1558
62
244
1023
469
609
622
998
247
215
580
129
267
1028
427
1454
197
56
1082
320
513
272
548
960
981
87
1052
168
1605
276
55
1526
172
501
582
179
170
935
280
7
502
89
747
165
415
153
862
98
1163
1262
1207
208
172
95
205
446
421
131
1356
1271
155
1612
689
1241
641
1233
60
200
918
953
422
699
1229
1329
97
68
916
184
249
150
1353
51
67
970
282
1542
118
502
923
1356
899
79
178
209
108
107
46
107
428
1791
2
1558
1642
283
144
993
164
328
579
1100
170
67
28
150
553
270
595
1006
107
185
158
249
393
653
1613
960
880
831
276
831
217
68
144
32
235
433
589
1008
130
53
225
264
1263
1415
1033
968
3
998
1567
44
954
1190
482
182
879
1528
292
172
438
497
1268
1087
1347
7
301
412
833
25
259
1720
1794
32
1787
529
983
300
972
402
393
633
607
215
740
766
0
222
845
200
1494
102
516
70
39
186
144
657
322
885
287
956
1034
203
745
194
42
443
142
219
1086
169
467
372
12
621
152
219
68
29
94
1299
179
153
257
182
340
632
446
215
878
40
21
117
86
281
108
169
1135
58
14
1591
94
18
458
417
1333
229
626
793
163
838
1002
291
195
118
986
243
69
1049
1376
261
42
196
569
950
1773
241
417
245
1021
1374
290
330
1078
417
1664
107
324
1600
750
332
418
987
1010
576
149
53
1550
755
1068
162
155
361
465
576
794
12
985
1189
1128
61
964
859
1709
1298
624
1147
1511
945
86
140
226
128
337
1333
959
216
909
232
246
720
861
539
262
214
47
668
922
26
679
938
786
1815
398
222
637
970
624
771
379
945
5
157
108
531
360
573
235
196
213
140
90
26
210
399
204
1279
652
343
1146
521
961
283
251
125
13
875
1202
93
303
960
1088
1479
1228
201
290
766
91
319
391
1190
1066
115
274
142
236
152
882
234
1261
935
916
722
1038
971
7
1171
370
428
320
376
199
172
48
817
1580
242
1186
499
247
72
173
5
1031
270
155
997
883
633
480
192
253
842
148
979
72
212
108
882
8
96
1722
178
1023
1283
645
1013
66
17
952
427
176
261
168
175
408
829
97
489
1094
1082
275
241
1312
318
567
242
1157
905
11
1084
1126
743
83
61
108
743
22
608
111
96
173
490
426
284
1060
156
459
1188
1123
127
186
1246
844
788
1252
799
808
1380
497
1
258
216
216
89
188
852
965
365
90
1653
200
604
201
339
592
413
335
33
4
941
346
565
146
522
1035
59
1100
145
73
299
182
564
341
419
132
1130
910
1316
1446
207
28
845
18
633
224
1646
278
232
139
525
1057
167
59
620
1350
1091
161
208
1140
84
53
1677
781
119
1100
51
347
1265
577
850
503
40
431
64
318
234
170
555
389
608
76
39
920
89
155
580
481
855
762
176
650
1131
79
81
912
974
100
375
12
1783
1141
11
636
1209
1076
266
175
958
95
172
512
189
452
380
799
7
1343
1446
35
1430
1483
428
768
1092
472
740
602
1342
888
374
386
103
1243
1005
253
384
418
1040
426
378
1067
1243
712
1657
347
566
364
386
33
1195
1389
1129
185
1013
984
520
236
1101
124
908
103
267
505
236
925
1597
1195
397
1111
521
941
475
843
106
110
980
640
341
621
1143
6
316
88
1471
1142
1055
560
429
527
485
917
920
853
36
93
96
848
119
614
342
256
508
1138
269
144
429
1140
952
52
1346
217
1327
394
672
1548
154
124
1774
104
332
970
129
275
125
59
188
774
0
79
478
1264
261
96
1297
949
1332
3
30
137
105
270
149
410
1208
1028
137
1280
163
654
802
193
197
97
259
1021
605
1418
1152
134
424
122
114
755
1338
772
235
177
1116
748
307
591
1205
916
157
378
120
623
1111
138
270
441
25
806
106
558
326
86
1181
191
63
537
117
845
775
570
331
499
218
1006
996
76
412
169
767
1811
549
251
1379
265
670
1225
433
248
152
254
661
7
674
103
913
883
192
117
227
317
753
1455
133
763
620
1743
329
1105
286
984
231
496
41
1150
12
100
191
531
1340
174
154
389
1096
788
1218
570
7
86
770
378
914
1817
61
813
39
1199
692
689
490
59
139
629
606
234
1449
1489
550
616
602
38
1108
1533
679
967
314
484
1792
869
1314
402
50
1003
225
739
87
532
716
180
512
27
92
668
215
1630
1427
63
638
6
857
252
436
103
1168
20
261
1063
830
808
26
175
670
695
82
68
309
457
915
233
169
567
1654
568
91
264
615
487
585
686
89
872
572
1421
225
160
1553
846
915
781
1394
985
977
940
921
778
289
837
1003
1275
58
563
46
974
275
32
373
11
127
1560
1073
1012
376
252
871
1048
279
507
173
11
236
1609
1589
569
737
928
19
139
972
77
1042
1273
817
41
979
50
214
999
1078
67
63
1095
208
1798
866
1263
884
149
871
782
387
1056
86
49
8
700
16
83
264
454
7
33
346
272
77
803
1052
0
14
42
586
1532
217
442
807
211
1106
758
175
356
114
630
580
338
951
96
393
405
296
1346
189
131
95
1410
1240
152
842
256
719
143
81
790
1129
1482
193
50
143
10
6
182
23
72
1026
259
1026
1321
167
1627
131
76
1339
264
140
1303
204
45
784
243
207
50
949
765
1015
1009
6
609
1382
1282
252
35
819
100
145
902
432
2
709
40
1418
624
199
980
969
1356
434
244
622
712
158
450
1586
305
826
1213
468
441
1134
557
107
353
73
36
25
381
336
9
1204
311
210
787
54
133
181
155
385
73
612
660
1285
81
220
262
229
247
1356
214
222
949
1679
350
1726
163
1439
544
528
479
119
1003
1305
19
1014
220
89
1129
1138
1109
224
22
123
93
80
1090
1433
707
1315
81
159
1235
1018
138
933
82
5
13
9
264
753
90
948
158
392
840
1264
506
1202
91
560
1118
36
151
279
955
272
77
75
1348
234
980
972
325
652
1295
413
257
1378
1026
48
1123
337
55
678
795
266
576
211
666
1260
143
125
851
963
504
450
560
395
72
287
22
1270
274
272
172
775
1329
261
224
28
513
84
937
151
50
594
622
255
148
86
26
1160
796
161
185
275
144
156
802
6
422
317
51
1451
72
848
959
1041
1355
390
277
612
280
389
597
904
842
971
183
734
62
81
352
203
1
163
76
182
669
22
80
842
628
147
9
178
173
991
295
145
167
392
1132
289
1092
1411
611
925
311
725
56
1325
170
992
214
321
1154
1072
616
509
263
255
190
13
1631
940
1183
668
96
889
1101
24
153
279
527
32
1088
236
243
360
175
313
154
537
248
985
82
10
283
1000
394
1
583
0
69
263
1005
1171
9
21
213
296
465
1358
1200
30
256
329
659
199
1132
796
1663
1205
695
13
991
226
501
1210
242
126
183
1056
108
85
183
1731
1246
893
187
1608
917
1008
400
1025
625
185
349
1578
673
969
18
478
60
281
715
1648
1222
167
1121
498
1210
1425
107
399
960
1139
176
1062
662
59
64
1118
239
1508
66
335
65
1813
134
321
228
27
22
121
1365
10
340
108
687
43
1200
331
918
992
1668
458
22
419
240
180
197
363
1045
230
707
1266
281
512
240
27
169
881
193
46
98
853
176
1097
1239
45
338
338
921
913
138
984
590
29
655
254
1190
118
131
366
1072
804
553
663
929
175
377
1237
1555
1264
323
887
27
1092
841
38
672
1533
810
1562
1164
80
1806
32
768
151
378
634
663
445
143
267
124
375
1040
471
41
1450
377
271
161
845
97
488
55
1025
233
677
952
193
152
648
259
891
266
0
56
875
492
937
830
382
1194
40
377
55
514
1001
443
1011
1143
90
829
934
1196
593
373
276
615
364
1093
669
1084
852
847
634
627
59
52
1275
1133
252
480
1120
276
71
553
271
570
549
217
213
168
16
919
606
219
684
246
1359
67
69
1199
86
14
1410
120
70
1805
628
57
43
275
460
275
189
1009
181
77
1310
444
843
1596
2
167
682
685
60
221
220
426
263
1342
69
642
249
262
82
14
284
322
151
106
55
396
439
1046
1380
1082
205
1111
1084
121
1334
214
1390
362
421
1351
168
493
449
33
2
392
684
1230
1415
24
269
306
33
172
162
847
208
520
1387
999
1772
251
924
177
109
1247
1035
1271
22
1044
1769
215
1211
34
1340
506
151
195
471
1019
958
627
1815
152
753
974
345
31
253
361
869
1079
1765
1445
1018
983
29
1301
174
305
51
1064
628
873
306
475
292
339
23
46
1206
218
489
160
31
1807
90
229
161
505
1144
1090
1043
249
1075
761
588
296
1292
484
180
10
645
488
35
1418
19
14
1004
0
303
1671
1224
230
1336
1405
434
212
1438
393
1343
1480
545
1081
191
1250
392
116
650
1195
27
551
1524
1321
368
1235
267
257
91
1527
266
405
661
26
1296
665
1307
1405
180
141
126
2
47
1164
509
17
756
926
275
1233
517
491
1391
219
1346
233
1333
1408
275
216
1378
1745
1267
976
499
137
1189
247
420
643
1058
584
480
1789
82
906
1200
109
553
1124
956
46
751
24
1082
1582
1272
720
91
966
1059
264
263
138
62
1708
531
1084
486
268
1809
766
95
1267
1057
435
131
30
1022
92
673
1523
1209
256
513
131
20
681
219
102
121
42
90
143
233
1697
356
1075
1201
248
4
108
411
197
1155
905
738
210
1014
1046
635
62
797
588
146
2
236
1002
1261
84
768
111
254
117
1426
93
433
1206
1000
1248
803
1121
462
387
821
394
292
1357
551
384
1069
388
771
79
0
1185
95
110
857
176
241
103
187
27
861
823
876
1250
1707
277
505
48
1165
274
247
989
1276
1105
5
1231
1192
166
1480
580
758
1081
252
274
34
1383
1215
814
223
283
1088
30
468
197
84
14
60
824
1101
0
1064
3
315
631
362
392
60
783
124
50
1391
202
1263
237
254
1060
43
315
1095
832
228
611
475
105
22
522
643
1376
133
382
267
65
390
1770
1775
1240
417
0
834
1806
374
104
262
1525
667
746
930
867
715
1744
725
835
973
759
11
0
589
177
1050
579
164
523
370
1194
132
396
133
544
750
37
881
632
614
100
773
1122
1218
631
230
38
76
860
283
187
190
1165
1024
145
57
1197
192
1316
1003
259
47
76
95
111
153
34
58
939
587
153
232
1151
562
261
211
19
1751
116
67
195
1098
94
269
726
1192
1104
30
1015
1190
752
139
435
156
892
962
185
716
110
1173
839
1593
1708
777
107
1162
123
723
497
1116
1783
568
331
446
71
1057
28
1119
52
281
386
949
164
1411
97
1668
79
648
47
1413
93
628
39
1041
1132
161
618
215
617
1340
45
330
146
305
473
119
559
559
54
486
832
202
135
0
89
201
280
1740
1184
204
73
842
1193
866
266
275
1260
860
235
260
632
668
241
1385
114
331
59
793
352
113
354
1117
1436
779
211
1109
43
232
1381
1569
1057
29
44
314
1049
404
1115
105
53
757
136
53
1714
259
159
1193
180
1505
644
586
68
235
125
154
350
313
90
201
1014
847
565
45
1116
174
354
1666
766
9
1202
1656
1303
1048
1814
1370
237
841
1188
31
1211
1207
1086
64
24
1490
179
308
271
115
136
109
237
1228
61
1059
136
367
249
1107
1330
182
1767
206
417
1216
1108
1012
188
927
339
658
493
1056
203
1279
257
141
525
1131
1268
605
5
75
871
943
1024
266
229
1242
908
233
791
1145
535
586
1352
929
1199
1419
1339
82
207
191
163
1191
253
941
0
1003
1067
439
1336
656
1090
608
1135
121
386
1375
288
52
29
1061
27
65
302
1278
859
33
92
213
452
1205
34
515
1279
43
511
29
624
401
21
292
1407
867
238
459
625
479
477
238
492
609
193
954
1427
998
73
1033
1780
969
1680
1262
637
1051
212
1279
19
281
68
513
970
972
1030
4
195
563
199
593
222
1094
230
1145
15
107
1220
411
51
731
1140
753
11
737
147
1170
422
3
66
21
1044
60
888
72
513
250
1395
54
1433
750
556
1249
249
269
532
64
387
557
278
48
1370
490
1169
1604
1362
9
52
80
905
244
1094
65
795
432
1068
41
379
35
1161
1032
94
89
257
1200
630
279
199
180
726
1070
1197
326
948
138
633
99
563
357
1207
531
1386
624
1262
925
1207
223
34
359
1276
43
1283
804
962
270
1340
249
97
309
237
162
117
455
101
4
1801
187
1158
539
1102
396
1385
562
175
39
3
49
1257
1090
0
76
87
30
975
241
1818
159
1116
1045
192
376
348
165
293
217
1266
128
1200
125
976
591
1
224
798
1293
258
87
776
514
415
279
122
25
758
693
823
73
392
1495
620
481
0
100
932
136
1013
395
1227
560
202
623
425
212
302
440
1125
195
1772
355
421
569
1057
870
366
277
48
797
154
68
342
1022
1299
1081
31
939
312
1019
80
1243
316
438
93
1781
198
85
1700
216
571
5
1076
1097
1199
350
212
856
439
1136
231
239
174
194
1519
1136
96
1197
1059
268
1786
843
1500
21
1222
567
1525
67
1030
71
849
722
81
1742
1684
250
979
15
996
1231
270
1549
1249
853
1054
0
78
358
51
1188
1458
740
1180
1154
840
53
856
186
105
1133
1166
105
189
281
16
1356
1096
540
130
258
711
177
191
253
1236
1096
123
1304
1111
49
1269
261
3
264
1225
1289
1145
893
1060
953
128
198
1002
175
1285
915
1419
807
1468
878
270
537
236
149
36
451
880
1371
811
1447
388
165
64
893
579
1543
599
840
319
1733
1285
62
1005
2
967
58
1344
197
1306
155
96
262
89
727
872
210
100
318
274
415
340
340
1187
961
251
98
281
229
431
978
636
123
132
1310
1172
769
133
164
0
2
1357
193
561
1515
532
1013
328
196
191
950
629
168
1267
593
1315
1220
204
121
0
1083
36
1575
1115
1284
260
103
164
81
54
1426
55
1277
539
704
110
675
1231
268
1089
436
1341
351
448
358
1535
1175
747
660
835
236
33
1429
260
70
129
41
468
461
978
166
451
833
39
295
181
423
252
919
1810
109
559
1606
184
0
158
158
1180
1045
47
523
1198
1256
183
1182
427
140
355
494
1055
200
187
1731
607
1236
562
1373
365
308
778
1134
601
0
1097
277
1412
906
1024
461
923
1742
1225
1763
501
1546
1645
1403
621
956
1316
1121
992
919
1286
88
140
1378
1099
159
460
974
1365
1246
604
533
1282
135
133
190
1178
134
1080
1005
1422
504
449
15
1231
46
1253
1406
1244
1383
1109
1141
250
243
258
1246
490
1650
157
1092
854
1650
1153
266
4
1411
478
0
1083
267
1452
918
71
76
378
1404
1037
670
131
565
1793
41
1435
1704
681
456
272
83
158
830
313
1560
539
1033
1189
1025
1353
1368
60
55
1733
355
168
89
487
1388
1491
1360
61
1816
210
937
1423
408
1651
182
711
198
1122
520
70
1235
1066
1361
131
1367
843
454
26
42
613
76
245
677
849
