27053.258815593657
37627.256800442985
39203.65079804561
18522.788892206085
36185.929285033446
13743.182361115098
23301.556408451295
31276.487287627046
32476.480788905603
55300.75329836238
45905.77393770712
52900.774699712354
36785.9264424223
63008.8527876174
60969.867595936936
11545.002398093622
26453.26175919652
8130.740570741294
5130.746183954167
12466.43192873989
4506.0814647551715
4186.910326785429
73940.32596344883
68198.69512946077
2621.600108248874
54700.757550171096
20344.705228720555
79960.6346658965
5041.314096713929
45778.41241006279
51700.783304551434
4623.109536043071
6586.906981419315
9320.851460446198
3223.948710544141
4271.225452140214
3032.0362626405513
3759.7541553963633
42987.275542173185
7768.793933659869
