0.01852460958083834
-0.015309149967082988
0.0037173427641475436
-0.03136749532494941
-0.014379446169518138
-0.018192647251286567
0.009338289964779919
0.01453401862405285
0.019622854423579333
0.010732438932425035
0.025922135424222312
-0.00954602733651654
-0.0032828803040359806
-0.008494183700061315
0.009950813159675725
0.015439660216208273
-0.004768784746974014
0.009294849470303224
-0.028093154169919334
-0.015839069204810402
0.00817752283113082
0.002138651270254496
0.0018521393527076058
-0.01059825800527636
-0.015257465170082418
0.029420610554744927
-0.023904188123152748
0.011155095397571518
-0.0019534483364094086
0.010772939641378043
0.012762799366244207
0.012677211109052596
0.014250618372518321
-0.012286082429673183
-0.009458020848515871
0.003518581257738226
-0.004912323439733463
-0.006866070955431898
-0.011075693792833583
-0.006921208029689666
-0.008237332868421723
0.014660163637763315
0.00344463000930666
-0.002752938636455284
0.023634685212969977
-0.007741067831869748
-0.008573543097574205
-0.016541371079697893
-0.011955424017245501
0.01510711003764731
0.02091805891423426
0.013973620233806962
-0.011065705001946652
0.002579122474136353
-0.0010187041617854078
-0.00168882273357692
-0.0133709796804695
0.006770579794128206
0.005886115341649282
-0.01607248249904277
-0.01036682900666001
9.367326216291962E-4
-0.009884345231041054
-0.002587795936952542
-0.0033201901622466707
-0.001502295459088477
0.009319099241987294
-0.013108997292968855
0.008216030594068035
0.004356716666698103
0.009652728566294125
-0.02508546732748164
0.002989270050228328
0.00827252703011575
-0.010420189768635943
0.010150498730896554
0.01453053455937884
-0.01144147743088307
0.0026638226214592913
-0.00213711285938188
-0.015616518374405662
0.00946421417471709
0.006975069540340922
0.004410086404129112
0.023530252620407463
-0.012739247978651686
-0.0018458381180760403
-0.018701508365827773
-0.007788815203412741
-0.0201039239929644
0.006697566712854376
-0.011221284391533226
-0.01958330494596589
0.00884836255581825
0.002243559642678908
0.007753310563562814
-0.009577217598941715
0.009332256999896933
-0.006412211249996351
-0.0049777637375538674
-0.018343025226033788
-3.5325499449723847E-4
-0.001931882000265081
1.5364970318322604E-4
0.0027587473490028164
-0.010906833321986421
0.0030893768613686596
0.0025330872163021024
8.924679562454167E-4
0.011900264282087155
0.005233848740190926
0.0032258491505134566
0.0014420884309581672
-0.0033936048493292794
-0.001987340635415856
0.010212517565735903
0.0017967415901067355
-2.3715610436279974E-4
0.0017848155015585427
0.0074770424131605055
0.011349600359373574
0.004359255672103142
0.003922256034249086
-0.007753129871231057
0.001103922430700193
0.006446755024097354
-0.0012931987093075454
0.002624753960184292
-0.012380831812892108
-0.009744822888545933
-0.0035839190511165143
-0.00793223557216971
-0.006323722483027208
-0.021039644194158026
-0.01904972255524207
0.002799482561115347
9.216869039628801E-4
0.012659537030122731
0.0149367839581808
0.013074677345678562
0.005612671903101522
0.00442672525314821
0.002266280877213017
0.007521120757334151
0.0010451597749437656
0.0036083730402027866
0.011230178449453211
-0.0127994480668897
-0.01188900926545748
0.004807892906703983
-0.003756634349126887
0.005348679802901101
0.008053750359354345
0.005534119582847609
-0.005636812851031633
0.005197105774244286
0.004792606341056629
-0.01177001198026845
0.002974090913125941
0.004808302428631594
-0.005451352092841398
-4.7480350883136196E-4
0.007187933518005236
0.006420658971190035
0.004895486868236131
0.002037434399029658
0.008652229551687493
-0.003606316774870403
0.011841717583018684
-0.002872142489570251
0.002203284111988121
-0.010264348345483409
0.00929702963597909
-0.017288780983917826
-0.009451677692146237
0.005276963973558599
-0.017385606201497483
0.002427416236693362
0.004225626591999718
0.005189985128837282
0.005207082260338801
-0.004558715640840151
0.003382423947248896
0.010278579616937122
0.007080351493598671
0.012602445640204268
-0.00657890571639629
-0.0017206309904244804
-9.159813419018751E-4
-0.006368756137772966
0.007761022757137941
1.9435560728597718E-4
0.00704790704384426
-0.012019049913406896
0.0028950911478356476
0.006668267929720872
-9.81827095238783E-4
0.006779823105095506
-0.005000665011949014
0.010374280980168772
0.004013262075257326
-0.012563802198659909
0.013872441317022716
-5.208233405002071E-4
-0.010725442058147485
0.0029798800536380084
-7.262578270097931E-4
-0.012462131940109441
0.0018201353236103604
0.006187820794696755
0.006728988915313893
-0.0012814046423903643
-0.002240981925943616
0.001906672734558003
0.0026131028352969956
0.003440565372964795
-4.974204081726229E-4
0.009334112787558316
0.013346438306929382
-3.705810458461606E-4
0.006600761021929153
-0.006853974656139432
0.007201360587480404
-0.002294375718359456
0.009584279229143806
0.008175666495019027
-0.0059594351794622835
-0.001913523936204133
0.005979447551625368
-0.013453962490149275
-0.002065014491691839
0.004724165563838
-0.018793475174356786
0.002570571265791782
-0.009259420855924813
-0.001895672912150679
6.682575501010436E-4
-0.005858351409546589
0.0013010019351036648
3.907281279698078E-4
0.0012962872725679172
0.00872578566136402
0.0030628144866657993
-0.004219544905331316
0.014758460153814126
0.003885709034755684
-0.0011503215239904382
8.857360200098712E-4
-0.0012224895429764505
0.014733228353425961
-0.005749235373502012
1.2484316070382237E-4
0.0033332809964527143
0.004737275546665565
-0.003691564853438494
0.001632144893273397
-0.007028101862919865
-0.0026455019613985664
8.205770856908622E-4
0.0017867162058368244
0.0026159164089222956
-6.523636205241591E-4
-0.010920517322635529
0.0044182120322910755
-0.0011925216662154352
-0.0045653626896417915
5.948119275200354E-4
-0.00847574782197249
0.0034122271400598425
0.005682235063851579
-0.0024238946275496917
-0.004372957898105292
-8.988960641369892E-4
-0.009106630046362623
0.01011919074817257
0.002093727602644088
9.50692732862945E-4
-0.004186616099002383
-0.008397338884325355
0.0027380445396459666
0.009611417466415013
-0.008151267970176403
0.007626951973083878
0.023026022350997103
0.0032515418342877137
0.0026793857838081944
0.026636083172450038
-8.055497978595366E-4
-0.0015524525562303456
-0.012029205101283458
-0.006042236452056573
-0.003871747175987526
0.003532328153453947
-7.902263672496818E-4
-0.002556159412634113
9.25875422581525E-4
0.010093733432903299
0.0016042464081507397
0.0047622115035439215
0.0017607981766989513
0.0023919927342383462
0.009940759563429182
-0.017553197903353385
0.0012821586139412995
-0.0018082532740440677
-0.010260874430466606
-0.011705000674464767
0.006519612658215817
-0.0018464196561938599
0.010419222799630867
3.656552174492733E-4
3.389514569252086E-4
-0.0034523039263452734
9.873963788117192E-4
-0.00653347421061984
-0.00783026006567168
-5.861906877785033E-4
0.008280459312667842
0.001495365566476988
-6.659973185765853E-4
0.002686153071527931
0.0032119666586441745
-0.0063887052221078475
-0.013301928687411506
0.004997737803529808
0.02793524476454548
0.007883684969554485
0.002507768370023487
0.0034756557200732205
0.0028711062265019635
-0.007257869314726159
0.0020423745011913692
-0.004044935323775484
-0.001235060551276212
0.003751934112637889
-0.004268130333647673
0.007040418928073546
0.005922806515062178
-0.0011326996920145538
0.0012992862749784996
-0.008569703190399076
0.004065946758487275
0.00325295033592179
0.014755584717651257
7.713902293598646E-4
-0.005611339397387038
0.0036939845550185936
-6.326906371738166E-4
-0.0025844667416424875
3.8269854467819106E-4
0.0027250368756056987
-8.139160787857055E-4
0.02794503212278946
-0.010992864128673313
0.005145225043897647
0.003797289432370438
-0.001897636059355787
-0.006973876660324648
0.005088461364492598
-0.004271479895506637
0.009493581667725877
0.002598133453814619
0.005256425072154253
-0.011437941057765619
0.004649349654806399
0.0034490486264815707
0.004154756177944285
0.0012829345387007887
-0.004612831956122474
0.001810070496272786
0.003453121416712505
0.0038890714227050875
0.005551490480558984
-5.031254694349617E-4
0.0015831802470548167
-0.0014507504708731159
0.0016254047222972613
-0.002909488401555628
7.406383781912815E-4
-4.459549071255298E-5
0.0013905502862236318
0.008243954816910405
0.0019677625823144953
0.0022746239040553114
-0.0018043012224616753
-0.004526991751142838
0.0021730663666035682
-0.022267276008641618
-0.00987784773004775
0.010305859411464209
-0.021741488588573964
-1.8020931666580702E-4
0.006209348524575614
0.006357419108768079
-0.00433087078331504
0.012726654965798955
0.022954665996978374
-0.0014519131541261149
-0.006787103500399665
0.0011871342231490317
0.01256094213827372
-0.0012427555713352282
2.993364614941574E-4
0.004575350384917631
-0.004400890350949303
-0.007985767237390794
0.002597371745773516
-0.011153020478556572
0.012571612556819276
-3.8843906999865344E-4
-0.009688133411777095
-1.0665465872826126E-5
-0.0061061347383000834
0.013233386792663913
0.004529518264554721
0.004211854334710027
-0.013182821642932392
-0.0026601677297765774
0.0016888650309504728
-0.008596630760797567
-0.002630811122389276
0.006572312167827944
-0.0011139737925174894
-0.008511673440142363
0.0034113172143102224
-0.006074285454484674
0.009048722498700116
0.002974873361774793
0.0010125070817550517
-0.003881287900473914
-7.379862239182776E-4
0.0011906165072432596
0.006328809009368861
0.004123311327165278
-2.0848184569227524E-4
-7.466309657699976E-4
-0.016886654121338416
7.157383330949014E-4
-4.050252715765132E-4
-0.002707238138696399
-0.0010460031219395947
-0.0012119769253150317
-0.004611678858900213
-0.0014683898248075632
0.006827151315467917
0.0024346369242885923
-0.0040964616497078474
-4.304477635507963E-4
-0.004742313505225228
0.0040676116048670155
-0.0052184808678717885
5.334447690115315E-4
0.012653574701411974
9.600589471890481E-4
4.741779011008317E-4
0.002136956132144242
0.004132266442106092
0.007318345901319155
-0.004774428845747512
0.0020275574977393148
-0.0033025274838066757
-0.006123641665568851
0.009308875560098089
0.01731259851233687
-0.007511321387676829
-3.94857265576321E-4
-0.0036827979216230594
0.008613034309191678
0.005426913333111754
-0.0036033645746662898
0.001549694632442416
-0.006667226504181495
0.0035835112482439364
0.006004622892571327
0.0013475177302773459
-0.0038151732849304432
0.0058524865279152806
-0.0055239620215290575
-0.00429271289500418
0.0072727476739184935
-0.0036347667543276552
-0.024920100557951397
3.1625685657379773E-4
0.0019848317185261095
0.008893231704106257
0.013875550383240088
0.0029960520515051117
-0.007174995138091589
0.00172796447274311
2.9056390816311044E-4
0.009482248208590721
-0.009448024077656918
-0.0029064906399824918
-0.0010906248628871134
7.483752069056244E-4
-0.004714746112585043
-0.0045453215779555755
-0.00609597497579892
-0.001420888728597757
-0.0034311763982449598
0.00905405075239076
-0.0037134627631394863
1.8598747198476028E-4
-2.9546381627063197E-4
-0.008132114831653735
0.00162122014779416
-4.0017540974681174E-4
-0.007486917025789298
-0.008092739082160986
0.0042370544381932955
-0.009255939825477571
-0.0025232782827582304
-1.3172011544227485E-4
-0.005277624955902408
-0.0017158651773705295
-1.8223664562947033E-4
0.002741204469841657
-0.0014022598431905156
-8.358267088720309E-4
-0.003196519309255619
9.397674532160346E-4
-0.004778599895974828
-0.003615900743272389
1.7041151215915282E-4
4.348137238305848E-4
0.0029308053642429156
-0.004877072783380236
8.90593076066709E-4
0.00486153251350062
0.004678010283960654
0.010647660492142557
-1.6654933443308837E-4
0.0019586507266021475
0.010519079901904167
-0.0017871985717546203
-9.69850306074239E-4
-0.00114170494010223
0.002005951986610895
-0.004087003786256991
0.01157910867739745
7.940744444831412E-4
0.002137966980947205
-8.725624476734427E-4
0.001054298921493034
-0.0028186879964633596
-0.005680875582163464
-0.003175131034450141
0.0016691981384398418
-0.0025165741468487603
-5.770082716504927E-4
-0.015635858115400938
0.005568288162728785
-4.3498746444709023E-4
0.001264857579340447
0.004694349305690947
8.918709261288148E-4
-0.003938426947726915
-0.004184677557229363
-0.0015798062943879459
0.006607859374113456
-0.0028481822830600085
-4.178778691043792E-4
0.004730574595785419
-0.005957536077087694
0.0037587501660831368
0.001865133712512626
-0.0025735774557695597
0.002227582905346649
-0.006775483821317903
-0.01325922374440628
-0.010344972969808791
0.0012666425397736207
2.4737401234344236E-5
-0.0037406849252346695
-0.005279613837316977
-9.929207714472195E-4
0.004989861336490015
3.202908540352718E-4
-0.0010705226413056006
0.0035644669497589447
7.559911621858761E-4
3.138614181048319E-4
0.0020494865285478467
-6.619308097905721E-4
-0.013947198355030341
-6.132870254139275E-4
-6.432133883013823E-4
-0.010266130110511758
0.0010237994907090291
-0.007945903099616956
-0.005006120779299874
0.001328678026566038
0.003369805419240489
-7.576757991214524E-4
-0.0033581519238207644
-3.636219561598423E-4
-0.0014254878103122605
-0.001786311803083362
-8.817482445082383E-4
-0.0160664779550086
-0.001369474063493004
-0.015478705410775662
0.0018593612760336498
3.6912959813909787E-4
0.001129524281934908
0.004665991891594786
0.0061639103426553805
0.0037981966987178715
0.0014944812926889575
-5.053637950427212E-4
5.101145608820725E-4
-5.98515713445687E-4
0.0016849034990908851
0.00211658488735555
0.0020185228399634543
-0.003092549378696878
0.00435353674393657
-0.0010395731926862188
0.002653744706326977
0.017267916224416424
-0.013512286005835162
-5.453770862676296E-5
0.010649273331324252
0.003221683039456115
0.009292541227242672
0.004653127304479192
-0.005542489854163373
-0.0017928805616424313
6.57046301986922E-5
-0.00905252777077373
-0.00184905848177994
-0.005385229760130882
-0.0024483623838050797
4.714968779380473E-4
0.0031375749086201923
0.0010526259136702419
-0.0018938517676598068
3.817597471765237E-4
0.01586623311525935
-1.1738169059568122E-4
-0.005918638640470263
0.00329170491524658
-9.72101253435419E-5
-0.003446557580720496
-0.007391044190272447
0.001163967583766931
-0.006084669059721177
0.012595272375548281
0.00204075391677028
0.006111209624674872
0.0017934231889185468
1.7811292934882578E-4
-0.0015004877023562983
-0.006063967023729789
-5.529430329848973E-5
-0.0032859516153597914
-0.008473299636970601
6.756388784558817E-4
-0.0031278278889869623
-0.0015972720713406717
0.007933040525037264
-0.002955023583341101
-9.660636649771883E-4
0.0025305905598249938
-0.013749465792445889
0.001735808834777463
0.008714690164006802
0.005276806986280831
5.273934659687837E-4
-0.002159311041140328
4.133749510012758E-4
0.0014775573499336556
-0.004896160605268582
-0.0018525778256695152
0.009550682925550403
-0.0017131467283709957
0.0012535802808015181
-0.002863225469065742
0.0011070225768855533
-0.0012596634880368328
-0.0017979165047302872
0.006831371637574354
0.0064764297804023345
-0.011558673943230593
0.005010797088207996
0.00306632543634209
0.0030040891631499603
0.0012462490729491054
0.004060644161122564
-0.0018822041439951053
0.009953965660427425
0.0038089272709028207
0.0025382900700750993
0.0075304900390101605
-0.0012504230220257708
0.002135503095996055
-0.002094351330404018
-0.0011952823303025724
-1.4143215858314706E-5
-0.005747502723971501
0.0017578548012112099
-0.0013722683709349534
-0.002301268922987727
-9.80089475660012E-4
0.008533019671935298
-0.028684620246960467
0.0029751367224374187
-0.004191711232688719
8.234129870098151E-4
-0.0022676669114574384
-0.0018380363925724807
1.5479517784444238E-4
2.5896866641432676E-4
0.006224031708406192
0.006460284263761955
6.545633556103289E-4
-0.026376931535000647
6.182448247686233E-4
-0.0018305583431185617
-0.009332136762716669
-0.008067768628398019
0.001766315228526415
-7.314722223765467E-4
-0.0017870778796477789
-0.006624868800972821
0.0062946161276973426
0.0018888526325447784
0.012804200518019528
-0.003477815248609559
-0.001952095297486151
-0.005134239135287523
0.001815397637457201
-0.001111075629369869
2.775395494175362E-4
-0.00829501354957086
-0.018764068680691165
0.0013557124568037914
0.003380141937885163
0.003490084526890469
0.011764902459902603
-0.0012899451629840154
-1.792613756017455E-4
-0.0014063840991751328
-7.247208406424451E-4
-0.0012695710958061882
-9.908553042394569E-4
-9.093610074674723E-4
-0.003581982005038497
0.00714064786142598
1.9342696447227045E-4
0.01711236200506576
-0.0011462739056027063
-0.0024923109926876684
0.00858138982972569
0.0032692317551479594
9.671681552140014E-4
0.002404124331971051
-2.3722129628287413E-4
0.00659707594851039
0.002033267537086881
-9.857277830992571E-4
0.003411609462259133
0.0018208565442148438
4.0596046250074514E-4
-5.768592018858983E-4
0.026957834990309817
-0.015146625758723144
-0.02737568349545414
-0.0023094937303580853
-0.007281786649186206
0.0027690653243270537
0.005213033281200174
-0.0018930509236143114
0.023737237662651973
0.0013258629659044043
-0.0010909388046131568
0.0020723907145637236
-0.001950393218071388
-0.005217275041467906
-0.007689918948635771
-0.0033031281457131354
-0.006079859018521474
-0.0022412454508138223
-1.7131081027432864E-5
-1.8293441776493565E-4
0.002419787173285469
-0.02106620406518083
-0.007178406311061491
-0.0068665870411954155
5.209745967656525E-4
-0.005664970116071379
-0.0026654536426174995
0.01062944303624873
-0.00725127621361535
9.544896310008179E-4
-0.001682469366726811
0.004897089669880177
3.261101232108824E-5
0.007804148546467263
-0.0027084022204431927
0.0012142010562864172
-0.0025352545780941435
0.0010987253946954671
0.0020965511561820446
-7.002318803929161E-4
0.0010018366389118367
7.240145397675983E-4
0.004703496228002189
3.1601690729644323E-4
0.0020216190397050857
-0.003104656362821838
0.00315183776413456
0.0022222462266128363
7.479471847003176E-4
0.0025914201805128513
0.0056053849229741005
-3.662074593319044E-4
0.0012437013640573334
-2.8762164005470835E-4
0.0016421448113059422
-0.008871191340724721
-0.004905570256786842
-1.4345172050063258E-4
8.97767887274209E-4
0.0018061015397855392
-0.00583091446127445
0.0035392116656643934
-7.530753940929361E-4
0.006665436807298132
-0.0052245620475688875
-0.003866614886989486
1.6343326545173184E-5
-0.0021386184696438265
0.004179435263291023
-0.008321056563002952
0.019685942004143746
0.0031665628103398663
0.004621663607834011
0.004105558488271384
-0.023070653722510628
7.564511455686442E-4
-3.7163558290815804E-4
-0.01224960713235734
0.0022416031906353317
0.0026506817761392737
0.001352937570915071
0.0018125180035994243
-0.0011620044100331718
-0.001594490538286066
8.453105613508851E-4
-0.0034759233340334447
7.80390587381085E-4
0.002249428147078738
0.0012268249287436521
0.0041188000718501375
-6.834881197626213E-4
-7.433568329580843E-4
-2.099168764171303E-4
-7.667595560903592E-4
-9.348186495609136E-4
-0.0026851234107039693
6.908418993333031E-4
5.17394453787335E-4
-1.7285264473784737E-4
-0.002719304824893744
-5.875723855619362E-4
0.0024106564265231195
0.005464647590523731
0.0038067780547225544
-0.004146154401550085
0.004570316841109366
-0.003027978593055548
-0.0021784668949318725
0.0014958407245075859
0.004772830509390612
-0.0024278882658385213
0.007252751007449651
0.024431075081499432
0.001962032363602158
-0.023048363352137426
-0.00336201510304126
-0.001577644452042454
-0.004420023491229832
6.307448700796072E-4
2.6194787777273726E-4
3.285042718670943E-4
-0.0011844515374337043
-2.9590598097412567E-4
0.018508475986775727
-7.97671389780215E-4
-0.0016358218590329036
-0.0012722559341170909
0.016400921874858733
-0.0015457220190655994
0.001093346275647761
-3.2570627091877476E-4
-0.003579057517269735
-0.011480618757455511
0.0016763966151631213
-7.129606340078305E-4
0.01631134487265621
-0.0033003648650728125
0.004178255709702316
-0.0022691233734505427
-0.01447750952914307
0.0027968969013370064
0.004601103835875795
-7.740160051767593E-4
-0.003257476389332457
0.010368609698465973
8.874453634719715E-4
9.073943606892896E-4
-6.445028097782854E-4
-0.004237468138624496
-0.0025243391145607207
9.341286486873637E-4
-0.0023580437165533425
-0.015708706458045247
9.496510767740694E-4
0.014895112673068178
0.007679545513332275
0.01758622444622625
-0.004911792904467583
0.005233995002692297
-0.013940507971700202
-0.0017071199441254547
0.0030844482919528127
0.0013123295633519104
-0.0011209430478416622
2.769153919596989E-4
-0.0016937981658100422
-0.004911390406466679
-4.700799057550723E-4
-0.014668263247981409
-0.014384905769151118
0.005332409439212252
-0.007311996652955188
-0.0019190333981025372
-0.021473979107100402
0.002231651026171076
-0.010075534082777981
0.0017728378533402225
0.0028068466150431575
-0.005123039879522536
0.0063079315591681165
-0.0012781901123580402
0.002470156192961392
0.003066232166120836
-0.006547287126223834
-0.0019560326894217353
-0.010277646376404189
-0.016138885190931842
-0.003151730549489108
0.0029538398829573724
-0.0062782961491922055
-0.001542269840891802
-0.0030936478379484248
-0.0017927595752978143
-9.984504810714382E-4
3.8630889094960796E-4
-0.002965617183861115
0.01474317318031881
-6.29853489739922E-4
0.005728436096191771
-3.7969386673290123E-4
-0.0014984578178595346
0.0013479595708312607
-2.1072071780463215E-4
-0.0041255813760838495
-0.0038517240060292487
-0.006240326102303469
0.00633709489551349
0.002479727221599301
-0.009524976533492149
0.0011331341276692934
-0.0040278981170102
0.002573354011138602
-8.236823119037135E-4
-0.0016294394971745477
-0.014671452853192152
3.781367313314719E-4
-0.003733218264893237
-0.005020526129550756
0.003187327123454334
-0.01868713513158743
0.01744176271858991
-0.002279986872508538
-8.291130990103989E-4
-2.5998268923313787E-4
0.0038208115774814554
0.0017018568288195881
-0.0028698022675790313
-0.0027749894566328212
-0.004230949374194248
0.002003443548429092
0.0020655305483055077
-0.0020590231890501866
0.0038698047683242923
-0.003158563694294981
-0.0018642175903436312
0.012924726920913494
0.0010267225495766874
-0.004849219499367424
0.002300788921790864
-0.011676671974762068
-0.0010314812448944102
0.006872514760740318
-3.751852027575579E-4
0.0034416167863257565
9.339051529533535E-4
0.003228151061014717
-0.0087492356928726
4.4524250331354784E-4
0.0016458525586299528
-5.436106865765055E-4
-2.0551940396150675E-4
0.002904734037156569
-0.016719121983117587
-0.0025366274577479373
-0.013952746101104817
-0.009172341926036009
5.529350826118735E-4
0.0027359279345248746
-0.0011904348661782927
0.002514011870553545
0.0016703931083925636
0.0035803341032015286
-5.718410608043606E-4
-0.0013201077570723738
-5.864363576678799E-4
0.0018929487202122065
0.0014192494929707493
-0.007067364400339711
-6.806726214018803E-4
-0.003121633142987528
-0.00100689534875364
0.008618881380192362
0.0018714271773205779
0.025443484432668115
-0.0022778233005614234
0.007787339476419295
0.007542425234949243
-1.736479699482667E-4
0.0029253753434510797
0.017838137539008158
0.004292872674169139
2.1644443214493148E-4
-0.011025055712285285
0.0015633318467596926
-7.02870936396548E-4
0.013278736576466688
1.0389790169606768E-4
4.125900351666484E-4
0.01039876008244284
-0.0034785036349499975
-0.0010166088615353565
5.661353921049833E-5
-0.0076766140898548935
-0.0032365261055812057
0.001334400149707516
0.008414955354792048
6.755158707519545E-4
-0.008953738680285575
-0.0020553539086167233
-0.01671951067882887
-0.017153684717058245
0.007097717032172531
-0.0017243201661039363
-0.008071024612399228
-0.012994590690140079
-1.7439604272464373E-4
-0.012375568434633
0.005309183262702326
6.196762368929538E-5
-0.010505705638141133
-0.002656932304849746
-0.001740559801231371
-0.004063900954159994
-0.002724444284480236
-0.0015669801639019876
0.01249814718178291
0.003076939867915916
-0.01254830558216962
0.002421535680514237
0.002523835764309994
-0.0012195954103372637
0.0016679805833223877
-2.577515913170272E-4
0.0028962038981642396
-3.836938468370372E-4
-0.00112118182472923
-0.0023989600465906
0.015641797711968587
0.001081950071871868
-0.00590402671696085
-0.0012589014333116238
0.0010291701414091032
-0.0017297385241871923
-0.00401049426269367
-0.013122329927459256
-0.015380493107348667
-0.004379027039674749
0.0028838659678338116
-0.008713921864549841
8.401902361649167E-4
-0.006392116210587407
1.6000544710706872E-4
1.5276565186549736E-4
-0.014201158348027319
-0.0026874679193877827
-0.011085840108666147
-0.004448114515486664
-0.0070654263070330965
-7.639962634536166E-5
-0.0036212204129981796
0.01189796404811849
-0.007145121680011329
0.0079087307890983
-0.014069087343700786
0.004217977076967562
-0.007923751724547082
0.006565572997367462
2.9413656097912132E-5
0.01671874562550004
-0.01364824693988367
0.01023262213696877
8.84416631300116E-4
-0.00907480404412836
-0.019651153304926366
-3.5343987828637927E-4
-0.005612739887653984
-0.0038133209672358333
0.0011654319735979804
0.004287113029719106
-0.003917471408597907
-8.974273284779797E-4
-0.0031395692378530936
0.001651557263290465
-0.009344708671889424
-5.615622659688185E-5
0.004776282384972866
-0.002533843856974675
0.00514728080033285
-0.010438828108349462
-0.005321717425824017
0.009987596697425051
0.007640195484620925
0.010783214347613267
-0.0031241728514314914
-0.009810838882215959
-0.006526216157905857
0.0036043566886038957
-0.00401662089293013
-9.170326580882376E-4
0.007616555653491196
-0.015453518891032678
-9.215796727630506E-4
1.860607353344216E-5
2.0356519523609474E-4
-0.0022191115579789054
-0.0037242249841318775
-0.00910510282347952
-0.010811459655754163
-0.0133486006140678
-0.010011973999480167
3.085824003710639E-4
-0.0074107109720181075
1.862380813338325E-4
0.001165704584897582
-0.018359359874114477
-4.820601802061938E-4
-0.009376785250519434
-0.0024525255532000167
-0.011128833462892927
0.003427197797493001
2.1654043807608486E-4
0.007038716746683623
-0.014262521033248425
9.227544001432416E-4
0.010694963180110524
6.192682458891034E-4
-0.0018948616141057904
0.010606514924202629
0.00290146964859826
0.011227364680120807
0.00838806703267901
-0.009058141459137675
0.0034027425723432347
0.0028485223918787834
-0.002874575630006872
-0.0012198075609110431
-0.005731780630664432
-0.0015680017053499398
0.0015711414738807492
-0.011049253834083323
-0.0032729287089426594
-0.01612947796459252
0.010657272232904972
0.0035921075956781064
-0.006752900435017192
