-0.1611260857778945
0.11471183264173687
0.16582970182817247
-0.09918385249596053
0.09152004173720621
0.07075162103611508
-0.16312644031212006
-0.09716604014380185
-0.13743201443815312
0.07573805469591394
0.07048024922896644
0.13122308449913797
-0.12951208808268075
0.07043276892658029
-0.12134147938834161
-0.06000185589156872
0.11094491091028345
-0.02025759149540102
0.06335323023789201
-0.07622101000456355
0.1088942798552081
-0.05416919312401513
0.07350937644123846
0.07753235971180297
-0.06814731924437605
0.1125490494694305
-0.08173749755445067
0.0685075912104314
0.06787926389275634
0.07603493734888987
0.14982371322929502
0.01167792485334715
0.06471103200118121
-0.1034229275028115
0.08605238689370556
0.09851576850119328
0.048937988423913614
-0.09946464121088322
-0.07832300956413524
0.0901775436579339
0.16449931415525065
0.07986235979538217
-0.07328320945928245
0.09848537581913955
0.0911597432288936
-0.054002014101357305
-0.018768015656434944
0.035666404524672554
-0.12004101394186768
0.07904532922959748
0.0679193840267074
-0.07060132479268741
0.04066499435365105
0.07243442625111787
0.09858593450715435
0.14429314411277702
-0.10278854755185883
-0.05291863015842168
-0.0038382302245966978
0.06857161255565744
-0.06611094138160611
0.18797834621341047
-0.19852344735525135
0.026695476875708012
0.04839161182767166
-0.04308505276430411
-0.1601146014538924
0.04464090322094649
0.040693875801598285
-0.14962510501261309
0.09146973663975629
-0.14350887785774713
0.039211245045066574
0.07822769637645698
-0.031990848926841405
0.11081535029734318
-0.09628841560001751
-0.07376728717854482
-0.14423558229801034
0.14527699569884603
0.04703048183064567
-0.020421603770114007
0.06014499624589652
0.08154753525635654
-0.06397654586755006
0.14602693905555664
-0.018584531934043
-0.052577970120344895
0.018433416883125664
-0.046436813482734776
-0.03832372064304465
-0.04882736070293921
0.1309950110381635
0.02140279189512356
0.01618795961153347
0.05305523256496786
0.05251257957292044
0.08730409945799637
-0.06155234273219025
-0.019179911134965245
0.06497473054282112
-0.027775152115438354
0.12713774165663483
0.03707051747146587
-0.01798216108528503
0.07205358377191767
-0.07756944706650994
0.036391696306215957
-0.08490239521440261
-0.05691266464031375
-0.07187677362372591
0.03826289789295601
0.0079408979746987
-0.05152652723306743
-0.08421094981825732
0.0192371445872922
-0.05916381663610994
-0.019224357045273033
-0.0696737710725146
0.08915011197605077
0.049360711888949305
0.019825270515918886
-0.15540467241621167
-0.12031982343549265
0.12002821646749554
-0.010080429553250222
-0.08186647713606707
0.05907938086097933
-0.05604976718972326
-0.06597669711861305
0.048478877060358916
-0.007367947458389229
-0.04399853069843662
0.0571908866026218
-0.01396623213344201
-0.08306854578596347
-0.07403215879040836
-0.1303924116618128
-0.02536090035994055
0.0467019062733295
-0.034890987849423474
0.03006087987038723
0.11258722409438687
-0.07333689634416568
0.03119638618070755
0.0389710604787536
0.00483343343060616
-0.08716162672253079
-0.06208832692340914
0.06726720487528548
-0.04008065838134363
0.08924544399130731
0.06262713462624127
-0.03416356350534934
0.024108612067639913
0.041021432293938155
0.06398738227940769
-0.044325320409330494
0.013703305673093658
0.0637690903635611
-0.04738565787551039
-0.06627806117697718
-0.15906109676465638
0.0072552389326968735
0.14148906924553312
0.0813557738088653
0.03269857043056467
-0.011723366587217407
-0.1331487550833452
0.02646832429220665
-0.043326318302296225
0.04442983491278582
0.06156949916948513
-0.06368203452584055
0.05436431500347253
-0.04621597835975142
-0.12886665510746828
-0.07266112875690593
0.007733888374472856
0.019988069297564814
0.03596824300390994
-0.030272807647027593
-0.06616972991410335
0.036823777453662415
0.06466811138991142
0.08369436076598155
-0.04295128167843293
-0.09008916467257855
-0.024553218653046414
-0.005003297611506519
-0.05318628512452818
-0.0158984985104889
-0.07503935384943751
0.081391234583284
-0.04547655898149717
-0.0340664554827772
0.05710905474433988
-0.01814821585687653
-0.08988353824152122
-0.010120280131597824
0.04055390920451191
0.07089946920465764
0.044164179995469566
-0.12897635281666223
0.0010965611936752686
-0.04905343949668084
-0.03533827290641795
0.050085594834292264
-0.09366867025452023
0.018758691352890437
-0.03013691651697295
0.03350897110676227
0.05552736114718573
0.0388819627776582
0.04536366221791703
-0.021078219644782452
-0.048996774466235474
-0.0592551638752974
0.06195373931451653
-0.018952034257713184
0.045607524872464694
0.02313651794495397
-0.06543894607557774
0.06440684742740488
-0.03903318788844548
0.009984223762633868
-0.04277496939606297
0.03154423374002959
0.09554795169611807
0.10269467504923464
0.024951622794401437
-0.04484483603111046
0.01588404570969158
-0.029579398372852193
0.013978013766064145
0.05687033619330823
-0.029248280421607136
-0.07422588650419097
0.0734015867345222
0.04466212770260109
-0.03084553438956953
-0.0598325583942525
0.039007328206382086
0.030101042517885826
0.008657599947373962
-0.008737705745644635
-0.07102920888096793
-0.10674591976644292
-0.07869480728703816
0.06488318355351236
-0.029077829131872297
-0.056106793040078685
-0.01766652970143251
-0.0779001441392895
0.02902089071570651
-0.02238605745413646
0.02576906469970041
0.019586515174460185
0.023448351447674612
0.0767184099248145
-0.07404276240118936
0.08550160742578494
0.00651129471757637
0.0473578029499874
-0.02071519329321675
0.10862805615028624
0.032529812794979414
0.023394927114732327
0.040537125996150176
-0.04088165121151172
0.016821147720628937
0.006897053870860788
0.09349241019186692
-0.0029840268471921197
0.06561511538701172
0.09957086154172967
0.08772610724726201
0.0051667800221451695
-0.056854833279458346
-0.05013043766980597
-0.00483166134463352
-0.026579656411439254
0.009873299745446894
0.006396681913717499
-0.04574064581933897
0.047677553108955655
0.037330166618892734
0.04256036088389979
0.009595186739814954
0.03251967858832309
0.043785296158522995
-0.0028297760647056844
0.07767480405687213
-0.03398618339448982
-0.10200501134851177
-0.06905208202740229
-0.043431810170022386
-0.001155014794696992
0.07430510228315847
0.03479446345149281
-0.02331559931500133
0.06307516792587817
-0.12018940679667638
0.025075198555908736
0.041197668864548266
0.06772991645454833
0.03331420590260156
0.10463102978939107
0.08318539032333651
-0.09624723914164032
0.03192305111100456
-0.051384665348671275
-0.05318896317239614
-0.01804849352834377
0.054851693675026146
0.07019109172870734
0.07328601064463793
0.05516359184840972
-0.012046676375258074
0.07386079294848442
0.021884609390805335
0.08326043901303942
-0.11282106986147254
-0.035615958475199154
0.0329566127057557
-0.07601686483370669
-0.011854913356394636
-0.10160069569524176
-0.023933999626686332
0.01694159917598233
-0.03965842932462332
0.027487800060998033
-0.0433935773533628
-0.02127790714702646
0.04896791478109458
0.07578383482963666
0.019411474716342657
-0.05544082899165157
0.020363809605516113
-0.06674140599370039
0.06307677328569385
0.055423478752420235
0.042906366144077585
0.08440543338048594
0.014536360444895403
-0.03273543055369825
-0.052987721951456714
-0.021077052355260875
0.038188782755499265
-0.021214251036535455
-0.01701895187933194
-0.08228296546752852
0.05147449930627817
0.03540772075661568
0.011639703474566302
-0.04321837200330804
-0.08192634396294765
0.04958150647624033
-0.0595620544328441
0.03679912353514435
0.036330297788471105
0.004519028542483777
0.010793548975319003
-0.04986712669630808
-0.04788295488937655
-0.08212044140900629
0.0036539455929678567
-0.09029370185185973
0.04185076108730028
-0.09161639430872409
0.05163870442420139
-0.01956556549731094
0.01441147035141827
0.03129903168949222
0.05955537595037577
-0.03803521324906192
-0.006929776917219044
0.0034452082125902947
0.08939105202863677
0.025195577347421436
0.04847295880623022
-0.03255905586017356
-0.007709990769307678
-0.08660616811217317
-0.05748246836094061
0.04272170600478768
-0.028767884565059715
0.01651427558584967
0.024276722422091987
0.03943884239710216
-0.02118600050619599
0.062137501452052
0.03450853193727958
-0.023429067556405118
0.1399013992430489
0.019387121067438926
-0.14997112689287992
-0.04104450579079714
-0.02275802620779632
0.03783780136272685
-0.06660201624956598
0.021014119573308784
-0.028160418734020847
0.06705459374352567
-0.012695697597401358
0.061645301373856834
-0.07318225904631948
0.035761672182923865
0.030687251360797974
0.023060209001126732
-0.00930076822852421
-0.020663907915328586
0.04991082385330253
-0.07531653145014555
-0.02637854151708187
-0.014060870044509531
-0.040996243887662875
-0.06589383743440176
-0.010613280887024809
-0.04403710451075885
-0.013222861058485608
0.0763231736421637
0.0317807949817345
-0.015062291011475996
0.044069158415348385
0.14172763514313919
-0.09036692144858856
-0.017149725048166236
0.06236559621691787
0.013871251580360459
0.04306966972156728
0.08783998110155816
-0.029818979701394095
-0.08423057094262408
-0.06408442761481514
0.006290822574546931
0.015353866720121451
0.055416854073098314
0.017403637899970067
0.010171308142440508
0.14490975477624604
-0.007286507434341406
-0.18346717746607627
-0.13044119512886684
-0.00477267055720219
-0.0770275685944245
-0.028613572719919187
0.03138439975392178
0.025804052805528898
0.10921300932209566
-0.05202386523955389
-0.006416352300500998
0.06692967000132939
-0.0020469492973296723
0.038652293574318985
0.05117903709314101
-0.005753432487334358
0.019773415612029777
0.025074723756348685
0.04187562857174253
-0.0303584460471365
0.008890856495679937
-0.006911741014320377
0.03862609358975619
-0.0561661637361738
-0.0033976786698168785
0.012086094423573767
0.009101033324128177
-0.06481477277171933
0.05412100317229684
-0.03841176473571637
0.10591294709982456
0.012762592198059631
-0.131058299073295
0.014329428258615176
-0.038030440658614766
0.044841386788091984
0.020454438878332065
-0.03093850563180116
0.013498663732918246
0.01545553518323966
-0.057547211287496666
0.1128494315245813
0.007204153881334299
-0.031473592583386625
-0.012927101315629937
-0.052558812421149896
-0.029381998306507146
-0.03775264722142279
0.045220047446617354
-0.02302744999818959
0.02153804921723646
-0.00737853212418938
-0.03872629001092506
-0.005074924795739878
0.01367786266880836
-5.01539155327798E-4
0.08446537078741026
0.02749777905418366
0.021222979844962006
-0.05176678160733461
-0.060709349921487486
-0.0937191996365643
-0.050024275159148535
-0.10324438374858992
0.022245454534461317
-0.057737267129411726
-0.005796201630094169
-0.01593200101344182
-0.13037822705945476
0.0057740198805627625
-0.016556621994393325
-0.04269419277619869
0.044145679705330516
0.04086756591793711
0.02406589500575209
-0.024855470731160033
-0.061862838858837796
-0.028996515149639447
-0.035650547949395726
0.052599830532879345
0.10256888374517437
-0.003370570468862358
-0.05971935269365179
-0.020679965188782522
-0.002721408727415443
-0.033774251082477745
-0.0017378118656892476
0.0932635964624045
-0.06177818750936129
-0.0049127143751786315
-0.08365289702352068
0.029368217079521326
-0.09821027899562138
0.026656507552391965
-0.006962145200322907
-0.041422346235457805
-0.06876326717440864
-0.07105913171917498
0.002195643420860369
0.041990281903433534
0.04001395477194715
-0.053114260081484566
0.06177629800831542
-0.05350750458509041
-0.05595264626261208
0.016526037751398978
-0.06146256398012336
0.00817922510337322
-0.0043641690279511425
-0.056209256790347654
0.014958034726686215
0.06918290873707085
0.03316938829225125
-0.008625448795435276
-0.005967553825206118
0.0437223859383768
-0.022378972640552768
0.016433507703557827
0.01368029608746695
-0.012811138797745973
-0.0446412602749397
-0.006393824997674568
0.02050461858007068
0.045713903731029355
-0.047122759337341676
0.025089045135726736
1.8528940763102035E-4
0.034953689154203285
-0.016269336415087234
0.0032840483165961884
0.0011859361494506056
0.045750406747996485
-0.057980916524040534
-0.014928849375131382
-0.04017048651729113
0.016048769689983252
0.005079953105315858
0.029981644883074757
0.07524825373484716
-0.025590724881120026
-0.18772276540762184
-0.0014132013205751099
-0.040241225062188975
0.021679943443042745
0.013833339285097196
0.028769676597994346
0.004084012930142181
0.010869514177807451
-0.06395203198693031
-0.014967219537359584
0.044608570278815256
0.04149981867611538
-0.03109145031932577
-0.03965012796654138
0.06964487514993153
0.022244341723595667
-0.011093377576169223
0.009531753915987571
-0.022592143171638168
-0.059125116915355574
0.044805570305552746
-0.08131226646591277
-0.03550413363923005
0.028722533294315265
-0.011874321014481052
-0.06306601477472092
0.0014146545203329777
-0.07073843955811743
0.04931119606324315
0.03900670773928037
-0.0193710630098724
0.03692321404160084
0.01330095834141912
0.059362436301461985
-0.008047763481916579
-0.036127305614940236
-0.037195397966222905
-0.008176666384158026
0.03767561607640591
-0.0025382135822367476
-0.024024040321106516
-0.018365364756307588
0.057436121116735614
0.007378123142042233
-0.08853691142160847
0.04231752671612419
0.04933636633123406
-0.024665881462726556
-0.006321080431968342
0.03988466603281553
-0.07547903298662252
-0.024256022133664182
0.06203781515111505
0.03005090294987325
0.056460308538969564
-0.019573133360889245
-2.519102913230777E-4
-0.01785526832904746
0.05062676472452451
0.05780002051480778
-0.003875426085520173
-0.027053727992995456
-0.02507194354162976
-0.01948569528920142
-3.9959285983973293E-4
-0.018900926652543292
0.06617375221699899
-0.0316982378551294
0.002678898500540981
-0.030405998033478054
0.016430551950989
-0.0065402433072429544
0.004982625177503501
0.1253217343680559
0.015175566059771009
0.1404747427295735
0.02239304016942582
0.02886755717087822
-0.029024638775470003
0.03464394677305519
-0.009644990828134204
-0.06477069254536048
0.003640053542337781
-0.01566344465184927
-0.02982863579696522
0.04995496838044529
-0.005736243920016272
-0.08514333606184366
-0.042530446152229964
-0.006402874014742021
0.0016303911412931282
0.023506053260479096
0.008810247364057916
0.010571109198926426
-0.024892249933672495
-0.00867393324372397
0.033733334499284125
-0.015761506843869427
-0.043237178909387865
-0.05210382683424125
0.022634332932123143
0.2636410629920955
-0.012578975242191481
0.004445335882117466
-0.008838142112469392
-0.035649690101186855
0.14922464432759044
-0.02424880229977429
-0.009053395982571977
0.12293997371421958
0.01659647487795543
-0.019269001225986602
0.04143744774576674
-0.033936563965409824
-0.1047367972299599
-0.00951813288961021
0.004738133615239264
0.014477925463700286
-0.1147049468524965
-0.0066826528932499045
-0.07307427313461494
0.0417217328802549
-0.062381791177090584
0.006418167663225964
0.02720243711415908
-0.01397337132148608
0.023761572415270243
-0.11974109908137379
0.05833013669606457
0.004502455847423461
0.015198266818924179
0.03790017673816779
-0.045184933652117384
-0.016928865379385115
-0.03371080907199518
0.010116396708183591
0.06581260843802175
0.056343762009709336
0.035284759335545465
0.006691462754741133
-0.08999143171606153
0.12066546219812785
0.035550983057991835
-0.035339821717198135
0.04621404106859829
-0.011709964282482024
-0.025315271310461743
-0.01568805738518003
-0.023321881020281782
-0.009542094932898183
0.027299421939233265
-0.020554025120330725
0.04006238330659981
-0.044340257373835346
0.021933498618915578
-0.015512802398380734
-0.08281128221651307
0.03795282103738918
0.06310673075673578
0.0024710407071618884
0.005932830078436955
-0.008698739653393362
0.05534103047424126
0.022189667328016735
0.013984764214762644
0.08466920564614713
-0.009801355265121978
0.003841662039867336
0.03927908383907745
-0.06322335500588977
-0.002760975095688521
0.01734642808919456
0.008300929617446533
-0.010269025746416157
0.06303376359782321
0.022102476731175547
-0.03892709496700815
0.0030777807776521072
-0.0023025283834704185
0.016169017693355547
-0.010922296251980506
-0.012076964024504923
0.010972817955192163
-0.04071802467336287
0.007941550278847702
-0.10583097779320816
-0.08446515495647507
0.002873716995861393
0.010135506214949033
0.009271783864993208
0.02149259914992953
0.021041164500341575
-0.03153961713939063
-0.011225590746653809
0.0017797171760455712
-0.030555591841798076
-0.006452556999384747
-0.027319984930468107
-0.05116089119282598
-2.8024350395840735E-6
0.028045323573896795
-0.009154907861131075
-0.049142134007559214
-0.01977759219558207
-0.008042356458605467
-0.01613195276653802
0.044889834411646526
-0.019757920875095123
-0.05538623244898168
-0.039825885627309064
-0.008571425867611972
-0.02924831457978288
-0.030117648179660013
-0.0038061658014231334
0.019901425667288457
-0.11470591163784961
-0.013858490768809037
-0.011179138270760995
-0.0426707129776619
-0.032537441611083726
0.007513019279538127
-0.001428675901984463
0.03379550626533028
0.03626446271446881
0.03752272461199592
-0.018301820066596256
-0.021454986222704447
0.018876966878721934
-0.02807324992876919
0.014965714752305943
-0.008553540466750748
-0.020503352207390614
0.00807267607280617
0.020763495013951597
-0.019204736796212152
0.00598600023563234
-0.09788063171519523
0.0056009353109329005
-0.05299743907299902
-0.026225750821046227
-0.012382686346075315
0.008533732002100959
0.011946452443410407
0.002542280865616651
0.02189332616376208
-0.11581924242257947
0.01287166487061712
-0.0878808213019629
-0.02250972228316602
-0.024259352785875238
3.4609345275668106E-4
0.0102205483334613
0.02831852839554825
0.0031262239590759415
0.09382237666960982
0.04566228607414433
-0.005691243472636868
0.054222760831147486
-0.0034185952049507738
0.08581981141069168
-0.025330099876424643
-0.03455891078026717
-0.046696285442058144
0.036852697601583245
0.006341612519907902
-0.03501990215494496
-0.00929108899547624
0.010685409489982842
-0.0325948406155862
-0.03632264312988325
-0.01963654327905412
-0.020871638427985725
0.0037107651062996366
-0.03154040144901062
-0.014286699684796103
-0.01958655656275365
-0.03682069101188365
-0.03349310537485673
0.0021720521458733688
-0.0452969793630312
-0.04753010056136021
0.05657399498193618
0.019406994672239046
0.0024346264898086225
0.0011163929344157105
0.03715343611869409
-0.13323710827764554
-0.00419551928282665
-0.006409312581725043
0.004394143034475332
0.0078053117816770335
0.00635328175256423
0.005758594778296093
0.03865122260798204
-0.035288382803962584
0.013354796221200704
0.06384743784778694
-0.05738495124768743
-7.793755120946258E-4
-0.01994663297787506
0.04896199989252365
0.014134031067295924
-0.04739692541202304
0.011015743072651001
0.034648329778591905
-0.007692873042732361
-0.1357564755872414
0.02052117809823681
0.0022537370305848246
0.028001349945076682
-0.061616376310813396
-0.0064599463284889655
0.013471661332176822
0.001236484927204918
-0.03353157571294561
0.04291577104114455
0.0027038617146113346
-1.4446993257709648E-4
0.03332574549801985
0.030192264035814043
0.1350160621252202
0.02015619248616309
-0.174532007833819
0.008436422073556925
0.009229843580987178
0.007906249594041174
0.02000721108934138
0.015607681287018876
0.04292830744674603
-0.007675497359504627
0.011141817575142241
-0.004577618565291356
0.027198430182922232
-0.01215109644291067
-0.025772128716266034
0.027063390273955216
-0.012523745590856353
0.024753217421742555
0.002237944859394829
0.008954074668266376
-0.01632100630841375
0.0036670220282831894
-0.010138938172270424
-0.02366869683716534
-0.03052140931918873
-0.09067616272739148
-0.006312883983781559
0.005254405146379323
-0.004397770773779742
-0.0213346172093771
-0.005917231429580285
-0.006006709034393106
-0.00155615601959025
-0.0388645685100699
-0.012650704050804387
-0.016055410216466767
-0.00737493103391615
0.006387402282052872
-0.04043949105217225
0.007338283326104785
0.04186872212127277
-0.057988801442604425
-0.04742161949148017
-0.0041939725604397985
-0.01407436434789948
-0.0028958909569817195
-0.041223685036668685
-0.022344482053539266
0.007259284368270579
0.0288284711572317
0.07264736103597691
0.021397068139841033
-0.010205144614701046
0.026411241156660936
-0.018464325969296373
-0.044975416637221606
-0.08778104467513038
-0.041689174203649114
-0.02633711392438156
-0.028774740891919746
0.00627106525829092
-0.005629369207960243
0.001186274992389754
-0.02161232206233441
-0.193036413990794
-0.10658519685923135
0.012995059252889305
0.006989108406309946
-0.051872158616014526
-0.01908946428480047
0.00823395980869995
-0.01736500158494388
0.05117370720191396
0.020348226116731722
-0.008826162884235995
0.022222051952807284
0.004874740456199149
0.02323340922372164
-0.3149304442734739
-0.025089301339191322
0.007869700264737328
-0.04400386682706306
0.04022307296753527
0.025420243858268528
-0.0211184304269924
0.008700411185550072
-0.035630884948175116
0.008116713447567515
0.05121647632843163
-0.006541335945188338
0.002612642604747573
-0.018748699022417558
-0.010638159137449053
0.004260134497013108
0.012828972760477016
-0.0513034718371535
-0.005224765535591841
-0.02876546506841747
0.018841925450104956
