0.018482511929727323
0.02106735379904982
0.01996651128278487
-0.02139643018541768
0.024862060040977182
0.015031426898573631
-0.01989102973520323
0.017238968993213505
-0.0367859574287029
-0.02567928069581605
0.011305581135477763
0.019141935174031798
0.028863790088997865
-0.019711634038340975
-0.013551234837385157
0.0103790504088808
-0.015846011341552245
0.016477069006787554
0.018444236590998173
0.010509559458797715
0.011256091726163583
-0.010763228112762946
0.012354874716707858
0.013253958036041019
-0.010630363668109436
-0.012772070592814096
-0.01639222708096933
-0.015179561992209678
0.0028891888105628217
-0.019628633318211082
-0.014586896674103822
0.02462564149341845
-0.009407058614716784
0.003342846310446981
0.0062906619464461865
-0.0070529024814828525
0.007621833433147974
0.009259735166052574
0.006685652621741373
0.010581241239418988
-0.014200650660658218
-0.026401123493362634
-0.009528354833760766
-0.0067959113770849075
0.010093742959306639
0.010475035101216574
-0.029477456213101653
0.015825156157120226
0.012348984957823023
0.011947463430653052
-0.012051319696834388
0.010556696922635748
0.010280411971411763
0.010470717601145142
0.017151684454337075
0.004830563359435791
0.013240261469753718
-0.006139059804979749
-0.012802345579216735
0.010000458274855512
-0.009452601007608048
-0.011419690731884886
-0.011143941104141629
-0.004088445094209202
0.007269886530461699
-0.013371591267841494
0.006464687625272133
-7.091542618305488E-4
0.007640974584966508
0.01155906713865485
-0.01101933735487027
-0.006610935770215481
0.008009657071784857
0.0063036055050724234
-0.005324685695498027
0.021189660036072373
-0.010629434077520981
-0.00974788312449521
0.007790609459022921
-0.009862915137369309
-0.011647309007127446
-0.010670388593179862
0.009352832883217607
-0.005625181861089826
0.009029854361047461
0.00857011266781043
0.011123940508601188
-6.088197293428846E-4
0.008437582595780374
0.007967109646464429
0.015019002036591145
0.007382083347936928
-0.010442138934969356
-0.01781301360985188
-0.007397295593507508
-0.010579492182794463
-0.010544845811141833
-0.005100203908375201
0.03990154054273944
-0.01651903501908618
0.01004858908976501
-0.004166748114124826
-0.007278553474916063
6.88023226283855E-4
0.00938608514123394
-0.007187274891210399
-0.006797928399081268
0.011944155602254645
-0.009956165501707116
0.007668718886955453
0.008045360090520558
0.011828987044879717
-0.01043782878168427
0.0035992072829506604
0.009963614301110693
0.014941499204520195
-0.019088918366918273
0.00670096391481024
-0.007466884093504686
0.010793258010713841
0.00688210705807284
-0.006213179862347348
0.008344394524677225
0.010127070767744207
0.006281033014533247
-0.006472329611714624
-0.007996996962467978
-0.00404165666862064
-0.004623799346855784
-0.007277447753458584
-0.011236340180144905
-0.008878591199317668
0.007481678033338072
-0.005639867614586005
0.01020808549462681
0.00996378648862281
-0.008357749493342646
-0.009031849699725049
-0.005537648933509354
-0.008916457755136008
0.0027882414477161397
-0.021159397921968637
-0.017330535477866317
0.016405137040658616
0.010815810292127387
-0.003735968451383005
0.003770488624972544
0.0026236495672609388
-0.007421343562831964
-0.0084825462907347
0.012039751160927542
-0.008332219093628997
0.01614979693999681
-0.008546842616167024
-0.013869959679387516
-0.013408607482413055
0.006462447477418706
2.5002484152100024E-4
9.094790836498579E-4
0.0023829882231981314
0.0023580929447770548
-0.0062548946701040855
-0.01072266694025101
0.01023007961132881
-0.00997167876679531
0.00609193253100584
-0.007359700171018762
0.01177196601434132
-0.011320105072054307
0.001063462455060557
0.008023249090980638
0.00884414739279698
-0.0144098045972643
-0.01765361030862202
0.005221281786825794
-0.011035866988994496
0.013936351880425652
-0.002520836179534277
-0.00410659528163736
-0.0094356653255992
-0.010712604346786189
0.005822285365781464
0.00355015087964837
0.013078714807089066
0.011332021637907162
0.008843632295195403
0.005253843571884884
0.004736783158719493
0.007061920753155075
-0.00802187893870323
0.006573936455892675
0.002603454662301502
0.010594757797197013
-0.011112821229526271
-0.011078642053886532
0.007398415179893008
-0.005129101604162773
-0.005032372312726323
-0.006900252292774323
0.00597597012686494
0.008756581240923959
-0.01000333171501345
0.01238285392294552
0.0021886027265189917
0.00866563983409257
0.002437230005996735
0.013214514020420766
-0.00994234002030626
0.002410286121471474
-0.013732661061306928
-0.004425216944720505
0.009505167318454376
-0.004835826086429414
0.012122656069055052
-0.0059935148897072915
0.005512828725318548
0.0052964805059448
-0.012340486849404723
0.008271783240623
0.006634123462260624
-0.011398054038840472
0.003615326069646709
0.021778015667566243
0.0031537294348669906
0.01270634282268132
-0.004589977381868939
-0.00966134262299438
0.013970680275540171
0.0037034013788524067
-0.008584734439379271
-0.001965706318331882
-0.01621796427748869
-0.005488784983569869
0.008498280139384619
-0.021084897364893867
-0.007507491802413475
-0.00437364156987815
0.014579628733251708
0.005041978296679257
-0.0014671998636106205
0.0037716237335462597
0.007146150341212808
0.008160494150047725
-0.00806501737321352
-0.007396930346989972
-0.006369607451846676
-0.004321291121549196
0.007697819845702705
0.011289764598204152
0.00858495369518644
0.006707036570499442
-0.011959820715363707
0.002810751197107406
0.004759004787689645
0.006316174191382444
0.005030283750571977
-0.008384524517339887
-0.001639480474984954
-0.0024132355550801356
0.011926412172410677
0.004116148522294712
-0.01612700221208891
-0.007188377650894016
0.006744528989180634
-0.005439595810568168
-0.009325355932381508
0.006533185605584593
-0.007626387267118398
0.010421618885415356
0.00710589494654392
-0.002443649832150378
-0.004222403196838583
-0.009299449330152367
0.003088490730804633
-0.006319067871168281
0.005483151130897281
0.022978877398655295
0.002785421963754546
-3.6268165276052484E-4
0.004513091998264677
-0.0075738551561411295
0.004744812443076199
0.006599577740269173
-0.007855440327330506
0.005584498407999571
-0.0036285146118898615
-0.007606785611453628
-0.006383549022712253
0.010634638461523927
-0.019273674948651506
-0.005203161673410246
-0.0044925178177715784
0.005600696344966642
-0.00598621238700863
-0.001629530905087368
0.001389192518412884
-0.013688871187830713
0.00738320737008481
-0.006140362354004737
-0.0093889766526973
0.012361062492720705
0.015829843464865496
0.006787180463967219
-0.002600365561246076
-0.002740016856106097
0.0048797499448594685
0.00366969314290384
0.017319551955750884
0.013056090485436605
0.0072752376744216534
0.010778920759357364
0.0016884268331162579
-0.009344893633389804
0.0040121359447751
0.0035892755032438176
0.002295639898545574
-0.005086709557559713
-0.006237975955496338
-0.012925655766178568
-0.010685920496164803
0.008335083622104908
0.006168231794847146
-0.006362915389490251
0.0037136311201614227
0.004467580321604575
0.0031989925278978763
0.0033940327258611524
-0.00329553145511533
0.004308535330806512
-0.002517442776472039
0.0056363528890996
6.676010728780407E-4
-0.011344399205847497
-0.003311050782895913
0.006614694206624897
0.01228477196032305
0.012002055749945343
0.015288877541770217
-0.009474726995444662
0.002682587216976747
-0.0043230171165889114
-3.159106347564584E-4
-0.0023485308790981924
0.005500917438882102
0.005252847413212548
-0.002032451825169991
0.010029863935255118
-0.00443818681437344
0.004652261101287358
-0.004446548957877091
0.004895513327600296
-0.014997982237280787
-0.00322103714037962
0.0028239591793698276
0.0015556854156957968
-0.001857744047110453
0.00729806619771208
-0.005684574737883261
-0.0012321163090030002
-0.003800307580781773
0.005759846500524355
0.008406907264145294
0.0036178281994468965
-0.0026000323890457418
-0.005617234403020301
0.011310534233285414
2.8175227783058696E-4
-0.008646944378319515
0.010864028826016977
-0.008843043541249259
0.0071793863759474635
-0.0025775178981621728
-0.006100076034585383
0.0012876821123298941
0.0107224521680755
0.007502793321342807
0.0026316544639597757
-0.004192818028606901
-0.00912371779817145
-0.005991191618335001
-0.005768404124351029
0.004368789464379537
-0.004167586121624144
-0.00930927861672974
-0.004455097770163912
-0.0027159942043533587
0.007959165628292653
-0.0037667313235948212
0.0029604029315970434
-0.0062373614503509105
-0.006319615226430007
-0.0034136327459989724
0.008329980470178027
0.003277111253547442
6.651157587453579E-4
0.0014869113322018217
-0.005837333979651736
0.0074461834366401905
-0.003747431038482397
-0.0010287665194755487
0.009388613202392853
-0.008704545270511243
-0.0017713879099967584
-0.016278659677938574
8.599084732388874E-4
0.01685178051626055
5.014065610553563E-4
-0.0062643511205878865
-0.009439446861568238
0.006675316019845686
-0.005955971689548113
-0.005338413670720621
0.004302602647186031
0.007121379126668757
-0.002977477434845903
-0.0015560781473494003
0.004738276608929622
0.0015113279423114173
0.0030767397036241366
-0.009381045073963243
0.0041749242381376225
0.006724957789836973
0.0036437422908223286
-0.002192113300754734
0.005331965187883961
0.004431935390606104
0.002116974459900791
0.0073776474084935395
-0.005209068221396205
0.001022204857756848
0.009136235852378423
-0.007326567131292307
0.007075114112489994
0.005104396789076833
0.002778428954989224
-0.0017995097152458178
0.007022176749495075
-0.0032372304376307877
-0.010708621993959014
-4.586548640586895E-4
-0.00438858035009172
-0.0011672715784016164
0.010259401446698846
-0.005303848542022821
-0.0028407666773403494
-0.003005506840783568
0.007998409714895004
2.6811446105367485E-4
0.004321706189335541
-0.008642662300806915
-0.004149139791016549
-0.007802321309247963
-0.006071484017635694
-0.001939738936838862
0.009048784621142144
-0.003853731703212849
-0.001968736747612905
-1.1625178521012363E-4
-0.0018495430850493403
0.004479686798583944
0.004189718460977334
-0.004302373920043367
-0.004955396937831308
-0.003759715996101269
0.0025451217114054367
0.002976792998524448
-0.0019732004200631184
0.005998065149351363
0.006281836328537868
-0.006479790505570618
-0.004781557725255849
-0.0031359253058683445
-8.891567257389605E-4
0.001749821579310905
-0.004589843204409086
-0.0026265547306668978
-0.006202571573572364
0.007937071289790376
-0.005427368844242422
0.002970734481079367
-0.013670740755361071
0.015060037309519964
0.002674733364669239
-0.011843000628660352
-9.72980175315179E-4
0.008260103575602255
0.003363485876811233
0.006280801747514811
0.005411470352694599
-0.011116135555938354
-0.010265111292174736
-0.006690063908645749
-0.012456979163671411
-0.018958451421814813
-0.0067255845548166646
0.0016433553965553768
0.004431312430187814
0.00710638809873176
-0.010937718849731708
-0.0035859286632232154
0.0027958259612383715
0.005155216332074852
0.003177450195545094
-0.004276016769313437
-0.01753504065058143
-0.020457296069589608
0.004890621879567223
-0.0014109022768410899
0.0021134091788532205
-0.003725523626455685
0.00412784418496265
0.0124281315456711
0.002846154456774548
0.004291226435030604
0.003306798080550537
-0.0020389826752378755
0.002326040195171835
6.244042705863577E-4
0.0023923666204794893
0.003640840401059118
0.003463173559893027
0.006137679331466511
-0.0023139316518010983
-0.003121855305372996
-0.0025056511165898005
0.005944505087592677
0.0016276380437903648
0.007097254179983451
0.003025772192570035
0.004337359179511084
0.006002877355376216
0.003205876017303677
-0.005104213819617434
-0.0016105153797870986
0.005097545715338296
8.615813218763781E-4
0.008182635224164587
-0.00793385542745436
0.0028910486039201754
0.004114792905055443
0.0016435461376208427
0.003831806862807532
0.005589186187500595
0.002392390143113483
0.0028077652715634686
-0.007409977851708355
0.004860570028274237
0.004118428639662398
-0.005255628878477684
0.003180591272728512
-0.00815962599946117
0.0032690536927234073
-0.003337959255661401
0.008488074307456168
0.014938642707520778
-0.0030762960244392333
0.002023401826904558
0.0024261115162137834
0.0011019922808365023
-0.004282680020722799
-0.003171359230288708
0.002037310523332198
-0.013187476912368684
-0.006301651044567943
-0.0069708650138481576
0.0034844297925528075
0.018529833579055317
0.002762644020711029
0.009832332689808558
0.0022246474703206225
-0.002144060267903085
-0.008678225592446335
-0.0026698122354687887
-0.002760082873290683
0.016859645697614514
0.0055712640354415475
0.008547354761378766
0.004840644509057884
-0.0016468007984680138
0.0019783013407529896
-0.004864786637760394
-0.0018404291027411604
-0.007636807820473369
0.006339850142828126
0.005510889244135294
0.0026149529305554502
0.003506319132390162
0.00676873524413142
0.019195369091355736
-0.0014897743019967624
-0.0033349984799295822
-0.0024226742273890517
-0.010902822369561561
0.007971153656871396
-0.004751562945279331
-0.0022391330904464055
-0.007476051395837222
-0.002356235323804897
3.3147575709771164E-4
-0.003846582463794425
-0.0060028803179189676
0.002880933784251847
-0.005383750395308859
-0.002032224613471241
0.0023389958655383038
0.0037896808507465727
-0.005072138669674005
-0.0018006376148852433
-0.006081709742068211
-0.008507649317278019
0.005067160919485438
0.002205358512685343
-0.0025519924724158394
-0.002800847816173619
0.00187997716784547
0.0045670836495661565
0.004060952286919366
-0.0027863535072945025
-1.7547079495791002E-4
0.004685657312245085
-0.005853013018787801
-0.0056709097875938695
-0.0026786943360690087
-0.0033923659960562774
-8.512629622943951E-4
-0.0027283545473759437
-0.0030779586648359133
0.001476794900876372
0.0059346257141804585
-0.0011779836029381877
-0.0015249461691936995
0.003487910464455786
-0.002943409887660331
0.005463567135967276
0.002595036884384793
0.0010498159951775248
0.004266693930701886
-0.0030263518404737818
0.0027423903590584556
0.0013187435168293218
0.0053784321670790735
-0.0024945038713935132
0.001653273086575556
0.011183879550107153
7.469474828633498E-4
0.0023228283972035347
0.009073064801400738
-4.564037220521946E-4
1.0509712191919466E-4
7.586646544879333E-4
0.006814090408582463
-0.002079756091965459
0.00360201166127143
0.003948639333349519
0.0028537411748605274
0.005123511429813474
0.007879084007317093
-0.0011881162659316737
0.010530995796950101
0.004156187429465376
-0.0033188145151216214
-0.00358471754069729
-0.004805338638559003
0.007015294481202451
0.005616216221132976
3.0551229165789166E-4
-8.148258034434358E-4
-0.0038933132179858917
0.005137844738600027
-0.0029812516956187894
0.006331857604592091
-0.013856841423156862
0.0070640762874220565
-0.02345692693519936
-0.004187488692009131
0.007504733027104121
-0.007257281938098833
-0.003951693257852058
0.0015512588334956336
0.002223553713060564
-0.006385445912070254
0.005228565736075246
-0.011028928539660227
-0.0015219980006665828
0.004180291276484516
0.008374984372468969
0.00608225772660222
-0.0021027152967951117
0.007296897206450047
0.003703571732804436
0.006330926396605345
-0.003208355801793786
3.537639642840179E-5
0.0027714991431183754
-0.015716689820776175
0.007155841257025818
2.821885201245907E-4
0.0028612853867092712
-0.0036856849083428
0.005820725476624017
0.004398087103593335
-0.0014305371174564113
-8.132961591049538E-4
-0.0012127889820566363
-0.003887697415587525
-0.0061444969124464874
-9.612021734622185E-4
-0.004684952748177588
-0.009077691580080028
0.0066643483246068575
-0.007288874485375732
-0.0059020325897121036
-0.004245343582954549
0.001292792329089506
-0.009855058674726557
0.001401132501612359
0.00499451017657552
-0.002571725285862966
-0.0034280584365278554
0.003862309139057736
-0.001351642072509955
9.867629795784743E-4
-0.0010652287312845582
0.004418659878318842
0.00294232738991145
-0.004357143069771113
-0.006294019067369316
-0.00735992504877474
-0.0058195779381342355
-0.003292789904521193
-0.007297731963840686
0.0026148723304065874
0.0019537605521169
0.020249154058136366
0.005376197286190164
-0.0028217411891852955
-0.001230136241763832
0.004472790581766666
-0.0052776832923254954
-0.0022254161297332086
0.0022499319319393904
0.015737362293474735
-0.0062610296869721315
-0.004924900831935219
-0.019584359511503873
-0.0024718057442651847
0.0031010784242490952
0.0052010985838302605
0.00135275502414282
0.003149296143627466
-0.002632520043967755
0.004458183217419784
0.0025715367512358814
0.004190536950709713
-0.002936988264872133
-0.002176821037895088
-0.0026570587284356355
0.004905971798095938
0.0015938924419763053
7.092145953619268E-4
0.004474362886609583
0.0023002720308841714
-0.002717850202351769
0.009998265280209294
0.004639043508773377
5.619624897712749E-4
0.004858972871592799
-0.0016114043993662802
0.008146002897349049
-6.513248975801168E-4
0.007805790516019921
0.0022880464456537554
-0.0022479335933762285
0.0010779784810481478
0.0026056164061231805
-0.001446676828193544
-0.0017652869296448201
-0.006594705022356269
-0.0017476344593767754
-3.8426188355889944E-4
0.002866638026095159
-0.0028615068913821515
-0.006578144608558665
-0.007491327240895134
0.004047853075310032
0.009569351899717991
0.0019323942577255092
-0.0033375710485243956
-0.007274590156736427
-0.003972624702940294
0.003991296665835986
0.0020179802930605276
-0.0010497812229717572
0.0016660684240131787
0.003220028278453893
0.003250730323456184
0.001165962449758971
-0.003117507720141859
0.006479984243613706
-0.0023108446055317856
0.0037122662000124104
0.0014008130194724483
-0.0038286259295115693
-0.007289356906929523
0.005388589641598225
-0.0022387573362070254
0.009837047083529976
0.002071879073237188
0.0024902920286402255
-0.0035649935379702467
0.0015386479742348768
-0.002763708997531837
0.002385695658795164
-0.0031030529109529617
-0.002925045543015267
0.0033723933098449258
-0.006043360033085704
-0.006301619357062658
-0.004870006981969186
-0.002185454624951684
0.006159757464818899
0.005762379800666111
-0.00648972414677182
0.003055674072148127
-0.0016190179540866247
-0.0029234675137866256
-0.0015088936296515844
0.01238642293724092
-3.825433037384414E-4
0.005210465579398245
-0.0023469355511099165
-4.6235372695007765E-4
-0.005037554819234791
1.8067374131237207E-4
-0.0016712243674513998
-0.004520879108356449
6.445377621092217E-4
0.009612311120686353
-0.0018934643704242341
-0.0013941071310910847
-0.0014490291905820034
0.010697035394324058
0.0037540917648222314
0.0029332213241266363
0.001725126548942411
-0.00413085215825181
-0.0010152101153655573
0.009215033072957393
-0.011396334121930326
-0.0010858882453601375
0.001118707009139643
-0.003049510630252047
-0.002766382038870599
-0.0021718580121513147
0.004004482869569969
0.0055042812591223015
-0.006543956665802341
-0.012127414754574661
0.0013960196209797887
-0.0055868383573598876
-0.007542472612513522
3.7839560139525734E-4
-8.528949639944127E-4
0.0011549135741720624
-6.480630296607152E-4
-8.105833300085287E-4
-0.0027340779733977657
0.014718541974841024
-0.006054475303365696
0.0019041042763107406
-0.011485025510724936
0.01086646275595254
2.2255057616858635E-4
-0.002325457560212299
0.007027898710711732
-0.006114957593901228
-4.3430613407013447E-4
-0.00667324516653885
-0.001101651575024624
0.008816444884085712
-0.013871505014481027
0.003896255057801347
0.0011302624400563836
-0.007286199188931114
0.007972519088281674
-0.004152892707260611
-0.012017128938486605
-7.707790790133489E-4
-5.124083271740964E-4
-0.009434854750983292
-0.0077241369332777
-0.0035448706065998236
3.417979008357763E-4
-6.677296187670407E-4
-0.014025694406721608
0.0031566949473548437
-0.01093579727807859
0.003975609459528761
-0.0027557731069918247
0.005795809418841358
-2.7467201683834474E-4
-0.002416986147320193
0.0018019353401940406
8.25061065155468E-4
0.003420057612413711
0.0022524089717825147
8.722730222379542E-4
-7.25739013592586E-4
-0.007213280762154937
2.1510130058827984E-4
0.004569159339100361
0.0017335409595440638
0.006512486995661336
-0.0010027496946467883
-0.003128640653407149
-0.0035732718880994844
0.002983232754603363
0.0018631745552397507
-0.003438395449437951
-0.003562587522342029
-0.003887739683339802
0.001068748558128368
-0.0051514514946886395
-0.005656882431179325
-0.0016580318563085054
0.0027107609940598466
-0.00411764054354375
-5.662826177508744E-4
-0.004203880528906702
0.006814743888734483
0.0031039229097080167
0.0017165559418917276
-0.004057127021434716
0.0042715175629186326
0.004608970589746587
0.005052059359954634
0.004076287843992413
0.005325155481515008
-0.00589652117816099
-0.003996652280375138
8.388643528703434E-4
0.0013531621428255832
-0.0018247833308078578
0.0016129033322853246
-0.0037393370949274987
0.005374764355650375
9.778606075133347E-4
0.002278437027961789
0.004656645459521026
-0.0017628268846015755
0.01096965803464163
0.0013288012235810498
5.331701432114789E-4
6.183626249767218E-4
3.1033456401338943E-4
-0.002831913136392785
-6.630368821190111E-4
-0.0022978088112248526
-0.0015829743500621095
0.003908761799807536
0.02128343549297073
0.02391548391610093
0.0017899506628878984
0.004898453444694401
-0.003954137731318578
0.0051193439142922775
0.001833448963747634
3.5258769366437406E-4
-0.004109173259661942
0.0025373560547036025
0.005124132732916645
0.015433445695011679
0.005242495581202182
-6.442921350732363E-4
0.0013496898562612245
0.003011313050929281
0.005173234097497588
0.0037722153285749127
0.0033194961238979534
0.0033949427231999237
0.004832873993485089
9.448014464411807E-4
0.0010618425145945327
0.0035961090424021817
3.615840910112394E-5
-0.003095849501136048
0.003979254567647664
0.0027273426034277147
0.005140906364511309
0.0036772509638547924
0.003944549992647697
0.0028705033407021687
0.004338981238629197
-0.006154035840026378
0.0023682102372435286
-0.0029733617515240686
0.004792196091382449
0.0011050098053235224
-0.0034481630169915277
-0.0042721491139246235
-2.953634485749761E-4
-0.006374152659242322
-0.0016365249405300719
-0.005909804547333002
-0.0011258486953172543
0.003350612057860252
0.004618294793484235
-0.001616748965600213
-0.002581688755656883
-0.005493613178168414
-0.004080244315463607
-3.5920528357305103E-4
0.005653315873352306
0.00296703914863578
-0.002068967415793672
1.86267234325641E-4
2.4571016753149595E-4
-0.005425683394106024
-0.005251659258540655
0.0053048753372507106
0.0025030712193481698
6.843803582223013E-4
-0.003290890937640833
-0.010326823886975228
-0.00838066581524575
-0.0062943969130039405
0.0026588169136792295
0.002423748843159374
-0.003230611840726103
-0.004934477494308233
0.0030913055389354413
-4.094567540599119E-4
-0.0036564870986292167
0.0010635882088878743
-0.0012469052501710035
-0.004280489564728056
-0.0021153161255470583
-0.005186196568010665
-0.0010386316885109222
-0.0016497108308508623
0.005583846329029125
0.008768539957259904
7.7487513832999E-4
-0.0020186378093736443
0.0021076997313046134
-0.005031584039305898
0.0030934985043259014
0.0014906156289895387
-0.001961508538356217
-0.014320286579605363
-0.0026724557671266806
-2.8842080368623774E-4
7.011090487489546E-4
-0.0012072306342912396
-0.005606479163035197
0.0033634855163322337
0.0010371924898657514
0.0013595208596891228
-0.0029281197029485903
0.00526494301882895
0.00327659973605699
-0.0053968686149593135
0.002325600295336543
0.001929077094028375
0.007170699647447452
0.0029267130184766846
0.003900138600059977
0.0013106983989321043
-7.456130184390428E-4
-0.0023280459145824718
-0.0012954651890585774
0.009724730714053411
0.001070152986622765
9.821501356916064E-4
-0.001087807624347983
-9.258090345819824E-4
-0.0038253916468346904
-9.46889422483057E-4
-6.71772429452466E-4
7.950542922930894E-4
-0.0032646448666257414
0.0034477549174046283
0.0017243626840009862
-0.0031354575665046703
-8.303821362596638E-4
0.002977713868154691
8.524312344587555E-4
-0.0014459414988378261
0.001955171822502606
-0.0037969310678842637
4.1992156809044916E-4
0.0021528159053966715
-0.005429217547416493
-8.373269300428718E-4
-2.242301620820922E-4
0.003596987893734675
0.0017667346093614943
-0.002124555421915876
-4.2584123415389293E-4
-0.002787087511746276
-0.003735332067045507
0.003989066677474559
-0.0037391954804030314
-0.0015696758008392996
5.113788884664938E-4
0.0033323787726822866
-0.0025466752654583606
9.151926280478734E-4
0.010329302430042327
-1.3213905204250616E-4
-0.0016944220025808146
-0.002497698970489012
0.007627181838042455
-2.9213957924751634E-4
0.00129256658641826
-0.004323891004462767
0.007986105272784401
-0.0068510083067404096
0.007023196630781851
-1.675831195307068E-4
0.0015836864512661535
-4.3982844012646014E-4
-0.003933945303383444
0.004885852704925174
-0.0020799269531848164
-0.0029540851829607064
0.001254934871039026
0.008041664995436413
6.996189897987992E-5
-0.0019762768462866396
5.13114972347844E-4
-0.0020113300863378904
1.441744541366526E-4
-0.0012820168544086157
-0.009395120122341923
-0.006138421385065362
0.004819488011746162
0.0029657067442288914
0.0015661702280867947
0.00138192874641706
-0.003814069882769391
-9.337396520664401E-4
0.0053138357808666156
7.503940911593687E-4
-0.0020262024538293963
-0.0016050017690749246
-0.006390344377634771
-1.370632388678658E-6
-0.008711380232204191
-3.8193114177713383E-4
0.006810634545419282
0.005616543261427063
-0.0021281045637458174
-0.0017388998767088604
-0.004198848678352665
-0.015723702695995753
-0.007021821086761012
-0.0013246234393105127
-8.991808127919497E-4
-0.004262259656835529
0.001437810500828409
-0.0035167177194112744
-0.0023007944037831884
0.002050076803301505
4.877277616063246E-4
5.326634451691068E-4
-0.0023175216629518327
-0.0024126425836580243
-0.005801607258445073
0.0010482903142347605
0.007094462005387675
-0.002849726068595623
0.002051389713760659
0.0023945167462452364
-8.639279020601496E-4
-0.001147495583973295
-0.006729240936025197
0.002607855724238142
-0.005947874237548703
4.5848398198457637E-4
-3.985323655131322E-5
-4.3548127425593146E-5
0.009774512733691796
-0.004026000191780652
0.002945788278740507
0.0012171517190002852
3.4395806723069877E-4
-0.006982058313419217
9.859247662432524E-4
0.0025210146090174908
-0.004217739147253051
3.081298886651601E-4
0.015311343013196416
-0.002899335013613659
-0.0059215131513235845
-5.088404156545211E-4
0.01785040149649379
-2.4310146433247716E-4
0.006955920539870385
-6.652155949584667E-4
-0.0016923928431777373
0.004661455691417353
0.0011616168168564341
-0.00538323407547917
0.0010678008758144334
0.0010759417667737317
-0.0018034767388930275
-0.0026166921797923883
-0.008054950877197688
-0.010152001847028854
0.007323204020944243
0.001214292009292756
0.0022650086315916854
-0.007305150847707185
-0.00496503616969456
4.180710369987417E-4
-0.007315887936568461
-3.2256936146628776E-4
0.0031797938417974314
-9.870955691003874E-4
-0.006906324680288094
0.0016674141487886531
0.002468509725161896
-5.27323008598746E-4
-0.004268003386292362
-0.0034230385372663284
-0.0028386041487915466
0.0021307093045781797
-4.987884682237867E-4
0.0042432652310147
-0.0014377192683326446
0.003080352509251066
-0.0029006238966699043
0.005956100640572198
-0.004426733253464878
-4.3067896252582677E-4
-0.0024880552481454056
0.008758348040838432
0.0017090139301242703
-0.0017178204682818281
0.0015666972903897083
0.0016889475373373015
-8.043021407603817E-4
0.001833985907423858
-3.348660587111728E-4
-0.004041049770283393
-0.0019075314001166948
0.007169539694434871
0.007039216506022433
0.003581335238634538
-3.354927763789659E-4
-0.0013347699200283057
-0.005273130444545277
-0.0019236681278936734
0.0024041334034686497
-0.00850200323046857
-0.002610979110815128
-0.005526514292016606
0.006673070797807881
-0.005295387662264614
-2.9899789428474214E-4
-0.0024006808115913684
-0.002364113026920381
0.0018784728632306232
-0.009327596903097814
-2.1138934262225585E-4
-0.006035211537519429
0.0017102642280399534
-0.007437264720246727
3.045460924217012E-4
0.0025959770514171546
0.006139100637968309
-0.002300466712425345
-0.007465713723590044
0.0010251554370636748
-5.180835224463907E-4
-0.006181549280989003
0.0055890696354421706
-7.640915742328267E-4
0.0013938566079204431
0.0025845113246401384
-0.0017453031706456722
-0.0016353820777258994
-0.0027505178189060025
-0.007324959170289472
0.00400651554097589
0.003318613812048548
-0.003906578908229568
0.0014646814903321473
-0.00455056430471087
-0.004829979714462275
0.004682560991949981
0.004292679506491919
0.0013107716287433897
-2.902158483888359E-4
0.0033668488618749846
-0.0024396539658354264
-0.002803096249892411
0.002974459302081809
0.003997930579143271
-0.006106382740832983
0.007147633803956344
0.001498600229050608
0.001296637028592072
6.972569038340942E-4
-0.0032586208169408043
-4.427770006428857E-4
0.0037493939343918982
-0.002174456690624318
-0.0017258315884526097
-0.0029141533674547438
0.003416429627470336
4.451989523927588E-4
-0.0014677453329424814
0.0032460436447563183
0.006955121679287406
0.0012286066056124566
-0.0022479997700431764
0.003289532281288525
-0.002376415033526501
0.007602347935183663
0.006358489843362329
0.0023718942664483996
3.343521050636827E-5
-0.01231325314155584
0.00702408965740912
0.0025424794005476687
-3.824242285682882E-4
0.0044778787226548945
0.0017280655326132606
0.0030664045293458154
1.2390009440828897E-4
-0.003122136953392542
-4.8257708618686964E-4
0.0028221242785269416
-0.0025158518686494128
-0.0018988700887715092
5.998951780387173E-4
-0.0018648826374410752
0.00162439373188071
0.003033934666390182
0.003476797622674013
-2.4472143990316353E-5
-1.67208061106814E-4
0.00613291470806642
0.0039793321273820775
-0.006124944830995597
0.003609647098683268
-0.005867916825137021
2.732510048752862E-4
-0.0014418301286353765
0.003228601410398013
-0.0016224184441990283
-0.0033119638549705486
-0.0016599594132560604
-0.002159546030842807
-0.0030556919644242173
-5.369540704365928E-4
0.001342737680917784
-0.0015078326987665609
-0.0032841630567290612
-0.002979033288314168
-0.003190721712413945
-0.0019248563112433937
-0.0014639692010193657
-0.0020178536278160786
-0.0039391428072494275
0.0022348768964581137
-8.848941337432909E-4
0.004665531400100808
0.0043225799430425755
0.0022824265001169563
-0.008099765076555965
-0.0023754258301397204
-9.336052208258295E-5
0.0026267792800657866
-0.003713265587515228
-0.0033926117918135334
0.0014729190547210314
-0.0018024682841387347
-0.0033702748249467497
-0.0015016497107640545
-0.001128772695615749
0.00422324275535585
-0.002671251719573864
-0.003984283492436481
9.80336602563432E-4
-0.0057242482172953435
0.004157663736756185
9.53062491715764E-5
-0.0010767310408794555
-0.0012430088858134127
0.0013552687284373332
-0.01079928062405179
0.0020199997809300183
3.02913447483013E-5
0.0061295207530551185
-2.6439007135110627E-4
-3.28182145529347E-4
0.00593359384242929
0.0028301161005307362
0.0047191684541995505
-0.0011429141024043032
0.003003034608262637
6.49861041673996E-4
0.005530821640836371
-0.0049388504983903375
-0.010490125645487156
0.0012700124327000755
-0.0035642220540084402
0.005931151575150365
-0.0028736976832333927
0.0022717757554276603
-0.0050543352619592235
-1.9135602934679653E-4
-0.0033185632041400305
0.004765900023363874
-0.004199165180791773
-0.0018963410678472727
-0.003424440086294969
-0.004606192993534517
-0.0014078882806693926
-0.0018729052001606715
-0.004422666716886835
0.003761815759582339
-0.0022521274778762187
0.0038784910855931597
0.0028814539649606847
-0.0037485372530168277
0.0023042635819851857
0.007214694255550348
0.0026457945675285462
-0.0023013189656859384
0.0035186943617893634
0.0017019346600538655
0.0017150268720767159
4.211824626539176E-4
-0.001985096404960504
0.0028845426396837772
-1.910477559804461E-4
0.0076965179998084235
0.001748803904357122
0.0010968586725712472
-0.0036333964481888256
-0.0036590880663051207
-0.004450410639746299
0.0011255359693897416
0.0017952593688028964
0.001118109222374515
0.0021466802589343065
4.4350096297159503E-4
0.0031840742771225834
0.00899594470822435
-0.00489772869254228
1.0925978949028152E-5
-0.0073536981780500344
-0.0035713404755062248
-0.01088048219698091
0.0016419252105323951
0.002186506455476368
0.007478172623449953
0.0021588266182391764
0.0019568563272227826
-2.6300046042230423E-4
-0.0014771978014983798
0.0028100767488247573
0.0016048034076827635
-0.0036213226811888043
3.160135622432909E-4
-2.608319309268003E-4
0.0011474346488098807
0.0052679273112804575
0.001819894715911011
0.0025877466143818615
6.862910504420996E-4
0.0025674799159877146
-0.006666934437447123
-0.0015351366409116969
-0.0014806079800034457
0.0062132170436809235
-0.001993952062392998
-0.003111074187767534
-0.00557603399160211
6.816298750399949E-5
0.004397835725718958
0.016139728608433556
0.002596341800397904
-0.003640524219570023
-0.0025258301184600744
0.0019175671350703943
-0.0010400573353320445
2.133573912630693E-5
-0.0034771234027732487
-0.001533496668655848
-0.00558622492981813
-0.0021979666081710686
0.0037149713245109143
0.011792664225697606
-0.0027110186656865935
-0.0033625565023634443
0.003895998317553385
-0.008697875742677259
0.0012670700612846
-8.7285041186373E-4
0.0017571951378842902
-5.757063291228292E-4
0.0032287094835208576
-0.002419933656384953
0.0024244454931091615
0.0016406046374571337
0.0049715211278402015
0.0031532002934531738
-0.0026564703623832278
-0.0020707045028625142
0.0038106387631439372
0.0019135511443873839
0.007207931420561279
0.0016783832348967473
-3.4931330175849446E-4
0.0052700700111418695
0.0018881536883953148
-0.0010130477311214926
-0.0036868196039159017
0.0013185505579637728
-0.0014531886852545632
0.0025644539488357695
7.118551988272911E-4
0.0025477322880678383
0.002225544341891041
9.652193804325259E-4
0.002883728569850752
-0.004340076785509479
0.002580432025188305
0.004998212365206032
-9.671735724599546E-4
0.001644232630554269
-0.004188730847772922
-8.498749961353788E-5
-0.0020764010257561844
-0.0032723623822649654
0.00301146729813977
0.0020714055413456113
-0.006534328605669511
-0.0023405613797492
-0.00480902276792319
0.003936979477052984
-0.005657354297198592
-0.006737137348051212
-2.0086035011599883E-4
-0.002338084252242598
0.0014405557150612342
0.001587742604723099
0.0041057771066794245
6.964121062033688E-4
-0.0011955261181016757
0.004964206594811735
0.0035028059020723087
-0.0015308869825012528
0.0036283321785603173
0.0034607637999174387
-0.0033944729709115204
7.72146487894673E-4
-0.001601189935074317
0.013673585579627846
0.00108947037064752
-0.0018169889600048224
9.803034961281857E-4
0.005563785464633964
-0.005205791594601565
0.006275363797607576
-0.005404408513488239
-0.0037082496240973747
0.0036836694058272317
0.003908365641755353
0.0034885942434478494
0.0037328119616980107
0.0039442900359747245
-6.577904290365978E-4
0.0023510712668813965
-0.002248253457868305
3.6434492752096043E-4
7.216787223873137E-4
0.0023628278372886777
0.0027676172154353267
-0.002885279601424411
-0.001688243439433231
-0.0024966849560780504
0.002748127347850407
0.01168078991091008
0.0014212225483844184
-0.005145934257394542
-0.001082337981428786
0.0010551651396808533
-0.0019218716971199884
-0.004393375776523156
0.004379662738473966
-0.0018388826016964537
0.0016540392353413791
0.007237159729375516
-0.0049291448931452625
2.314475316090051E-4
0.002010012003918237
-0.0038795978135613726
0.0026188396131728527
-0.0028843884130189167
0.00332354095898031
-0.0029728468140166626
0.00301684212115825
-3.538399312149313E-4
-0.0019441032887949961
0.00340527224786413
0.008533562139767697
0.00959639951902467
0.001455491125337808
7.018686408389219E-4
0.0019802674139717154
7.321023459015526E-4
-0.003600223386486977
0.0027555735633165677
0.0036857528788458165
-0.002956750321067615
-0.002725946653433654
-0.002067239072445935
0.006528292533739637
-0.004558702194764599
-4.988246172223003E-4
-0.005521393445339788
-0.004179366192496924
5.63333647741864E-4
-0.001055991577322703
-0.004671077516890909
-0.0010858285584292807
0.0025165148857615107
2.699316830952171E-4
-0.001799419403541056
0.031969392604572155
0.002352781682506416
-3.2127891810711045E-4
0.006191424681812939
-0.003933773804193396
-0.003691182784082552
0.0018598635898218873
-8.317084388973598E-6
-0.00464639290963172
-2.321593108025988E-4
-5.385923506664037E-4
-8.976106498431667E-4
0.002191917554960455
0.007153690205495516
-0.0024347281356378045
-5.493704958364731E-5
0.003762548634733419
-0.0024241133967645265
-5.64489478107613E-4
-0.0017219710664607148
0.0017154291297492184
-0.004366829779386857
7.52678414553486E-4
-3.837471306945706E-4
-0.001653829721598363
9.286211441999476E-4
-0.0010143411482524001
0.0012092930221058419
0.0029292033285276925
-5.718311412003311E-4
-0.002907535186973921
0.0019003043585565378
-0.03348463825183017
0.0026642321837954393
0.004963196518898335
-0.001343510999370675
0.003399689054380897
-0.006161660115654316
-0.0016249990311879869
0.0011530898480858868
0.0015384120369024553
-0.0016664839069206938
0.0024120879538974986
-0.009996504313530444
9.051084760780497E-4
0.001192363989648597
-0.002389216830390883
-0.003817609613026559
7.789251625433001E-4
-0.0015565151981533657
0.0032490740919496703
0.0019145093870810456
0.0015472764368528148
-0.0018548643934401645
0.0034615767186460078
-0.0013613758633045686
8.270110113801673E-4
0.0020836183454255035
0.005706010088814812
-0.019557378701554707
1.451294091459758E-5
-0.002470924279548663
0.0018697727494867264
-0.0031942162453782686
-7.812406909207467E-4
4.639182271713096E-4
-0.0025589927999135837
-0.0026908133332574084
0.0019441049690663533
7.711727742592307E-4
-0.004196780546300435
3.182862892759445E-4
0.031138394833540518
2.830174926512182E-4
-0.0026088100822880514
-0.0020512169465172403
-0.006639529600906551
-0.0035861059074628475
-6.497996923584521E-4
-0.005375477197233278
-0.002033805384188045
2.7535865630852073E-4
-0.005027615811260588
0.002485628894882333
0.0011684589133868903
4.695601448512406E-5
6.854475511973246E-4
0.004046091420711992
0.0026121366708781813
3.1675396531106255E-4
-0.006528545244384533
-0.0035449009297388646
4.1243209245705895E-4
0.0013859318052866253
1.8752699053956214E-4
-0.0016228150038664847
4.2667581430157015E-5
-0.0023282675550803005
-0.0012976996074354832
-0.0018485651683762651
0.001974988037428363
-1.2232000571519796E-4
0.002743953164108982
0.004089488672298972
0.0012451203485362454
7.292050413808542E-4
0.0033369974161174404
-0.002068535497644297
0.0036035037697598918
-4.580008401589941E-4
0.0027403791463133016
5.713699815704154E-4
0.01167296180983385
-0.0022520990921008144
0.0022253495216147242
-0.001788392128528414
4.514826546937645E-4
-0.0039141176195507
6.180456381397281E-4
-0.0012093836201176884
-0.003751963204767749
-6.851363427870936E-4
9.284176489889989E-5
0.0019543242542285713
-9.475794186001007E-5
-0.004162799926545976
1.7004845190199538E-4
0.002080815949692588
-0.029828581458152995
-0.001847452536860642
-7.949727563268151E-4
0.0031725991537678235
0.003248419882585686
-0.0022730819186056695
5.808668053390581E-4
0.0016795333250628852
0.002131190423805828
-0.00479593250372286
4.934482128137309E-4
-0.0026080703488507834
0.004335133402843819
0.0043392296431480825
-0.007610422691125477
0.0025844465990537825
-0.0015378143727340584
-0.0031730253680130865
0.002473993005327468
0.0038268734597075617
-0.001416278108844502
1.0652180251857525E-5
-0.0022458255840419462
0.0010194475999933633
-2.990270587450876E-4
-7.947330874317233E-4
-0.0010692373386732544
9.7843501499017E-4
8.156085198152839E-4
0.0019214467388200729
-0.0010978968201267585
-1.9276490108252853E-4
-0.01161355224314138
0.00340076080211114
-0.0011182180565333043
-7.528431794066766E-4
0.0014121754686152684
0.0010153577066404453
-0.0019163572915676182
-0.00423007213928953
-0.0014118549884019724
0.00193176590079347
-0.0031101698022757574
-0.0026999095496827263
0.0034832068128607665
-0.0010442884185773882
-0.006140686708284007
-0.0036494565749270818
-0.005611429326940215
-0.005538834036815655
0.007546312761754037
-0.0013572854459540289
0.0022909853550117485
-0.0013578931165111516
0.002603446812785343
2.8998809863714233E-5
-0.0019997750720867785
-2.8013128692436944E-4
0.0021405857264447177
-0.001169489022379143
0.00547206793478912
1.2184381897595994E-5
1.7532245049491736E-4
0.0010827792692504577
-7.379523915815795E-4
-4.0668866957470573E-4
9.770213520712582E-4
0.005634215076943663
-8.913478893634729E-4
-6.363916342330135E-4
0.0015246341945115175
-5.282908999444019E-4
-4.778588932536847E-4
0.0018990758291148881
-0.004784574612041952
0.0030365611194666064
0.0032103681758519033
0.0016576951886519103
0.0035886789473679567
-0.0014371472076336858
-1.3161514966206214E-4
-0.005669659256787942
0.0049499863980566735
-0.002512956820157426
0.002096758443080226
5.368982408506336E-4
3.7882498742703173E-4
0.010472461355659638
-0.0018300765079117987
-0.003349590837761738
-0.007582645646852741
-0.0022311589719026703
-8.952812952458331E-4
-0.0011572708547986706
-0.0010580997198888719
0.003384666187381378
-0.0013929233275200195
0.002037325976725575
0.0021791015074904088
-0.0012073110856092098
-0.0027361193125874923
-0.006384165320065362
-0.0018021333947560404
0.0012192442821200055
3.649150262073598E-4
0.02068694540680037
-0.007090599533823274
-7.897946825746718E-4
6.225294408534385E-4
0.002416734910028391
-0.0030236762536481787
0.0016813875928161322
-2.9737642867780166E-4
0.004868987103527399
-0.0011084243943702585
-2.9186429680416113E-4
0.0019091662030741976
0.0013354618000695165
0.004018495514965685
0.0034701412831368724
-0.0013628607981817822
6.471860738348636E-4
-0.0023141570412894327
0.001705743017703862
-5.886646643946728E-4
0.001464158027289295
0.0014523602654555596
0.019059696903093174
4.235307732719756E-4
-0.002778006188399897
0.0011136728089542263
-9.53618409377528E-4
-0.005570419881846977
-7.58349580020687E-4
-7.98206497130309E-4
-0.0023538552483290177
0.0017120063135266626
0.0010272369893074603
0.0020766250470311714
0.0015301901228743882
0.0016579604304096764
4.10186143265025E-4
0.006032760011187613
-0.0031910938105721635
-0.004563527182219533
-0.002504561725825532
0.002017257761827109
0.002025059369337884
0.0017099591063742376
-0.011599794211309829
-0.004527581263505627
-3.0030583218394074E-4
-0.005734335134897533
-0.01919477281511633
0.0017010987564775762
-0.004868855503689975
0.0022846144373206353
-2.6450654969499305E-4
0.001326756021799311
-0.0019970637497161003
7.538148040648254E-5
-8.920885366085822E-5
-0.0017073256807566583
-6.024923689261313E-5
0.001428727760689543
-7.98172681125934E-4
-0.0029075966118380756
-0.003229469066630894
-0.004381531136477549
0.0012530733173544931
0.0034751140816366376
-2.2093249027325642E-4
-9.13669219868054E-4
7.765906720928391E-4
-5.668858781148381E-5
-0.0010827240183626367
6.533301886860393E-4
0.0012104531274124567
3.225419179941593E-4
-0.020570063245481655
-0.003835243525652265
-0.0011464193301186079
-0.005481322790624647
-0.001352118114163666
-0.01697544835615616
0.001762862108972192
-0.0038188570144229864
3.514396510844414E-4
-0.0019229617150348485
-6.393117384978418E-4
-0.021388009622943495
-4.229481193566415E-4
-0.002098574804426883
0.002343240572376846
0.0010952155668630878
-0.0018173246990822848
-8.185798363739957E-4
0.019326152997102167
0.01655622047565698
0.0018044252182399534
7.293062653300711E-5
8.757207331221875E-4
-0.0017569299278108045
0.001107545152349852
0.0013344512447059293
-0.023202117137672056
0.00509823713445292
-0.001977470082877168
0.017063025952865934
5.389289002741735E-4
-0.0018089283763768548
-0.0026313736072263783
-0.0013559289580906634
0.0041330431434333055
0.0015165090683059055
-2.1053361426756886E-4
-7.842020096929167E-4
3.63523330790299E-4
3.6361065852904656E-4
-0.01894907396468427
-0.018739387171695203
2.961898266443793E-4
9.559381189906941E-4
0.0015583469456553456
0.0016272395559802462
-0.0011290262632056105
-8.290299031037896E-4
0.0012048273162425804
-3.846118270909641E-4
0.0033383418836988635
0.0029642656270098848
-0.002497474642787743
-0.006971503066205397
0.0029165251287807084
-0.0017984599790034832
0.0012480016032869053
0.0012751937459519645
-0.017438012989730262
-0.0010001234986259228
0.002929868787244064
0.0040569679760400395
-0.0019862277066259536
0.0010740981420487333
0.0018952545392620721
-0.008855328635365797
0.0012963760491529852
-0.0016876873847069631
-1.0142712060333407E-4
-0.0064081909368823315
-0.0036646839932989875
0.00481874751109925
0.01319770210495429
-4.503881372477631E-4
-4.6700227686789303E-4
5.013433079215339E-4
-0.001366648050000252
-0.0010134203924852911
0.0011981485934525727
0.0021720080876682086
0.0017295255054718998
0.0022574004707788895
8.392205508916806E-4
6.316523008546183E-4
0.0018290378403753645
-2.42639664711493E-4
1.546755459767574E-4
-0.013343405851737548
2.6398405778430514E-5
-4.3537538635985074E-4
8.010855358611271E-4
-0.0012878671870950374
-0.0013221695230495327
-0.0028928176581820343
-0.0018900137519962377
-6.20427897456282E-4
0.0012693867032173918
-3.078529859630525E-4
-0.014361418932949349
0.0010204305881803821
-5.23827079704008E-4
6.438738869741448E-4
-0.01587357171413728
-0.001217727583534565
-0.007104863687926451
-0.0014950892391355065
-0.0031030532131555554
0.0017254299350869821
0.002586689125788885
-0.0076078370876346306
0.003431102481453191
4.678670751629528E-4
-0.01555858560466898
-0.01458761061464322
0.005553450972178944
3.188537235613156E-4
-0.0028227613849275152
8.367238485198936E-4
-4.433847459382094E-4
8.978463026175545E-4
-0.0019183663670215441
-9.592001037724945E-4
-0.020621804078526065
0.0017101554370650537
-5.674575026310062E-4
-0.012869928154079696
-0.003847195123029995
0.0034772678636929948
-0.00407176108263918
-0.0011559026059625454
-0.001264798384620749
-0.012025977794017189
0.0015924584311682278
-0.004902814207894674
-0.001795274955096157
-0.0014082306008394048
-0.0018653655985853034
-5.533208565811944E-4
0.002385553076766865
0.0027108015273565864
-4.5790832691841365E-4
-4.4539598565655585E-4
0.002178387008974077
-0.0014474357430344898
0.0022055251221092427
0.0023953707790479815
-0.02142630880549943
0.0016510637303478479
-2.829225831837248E-4
-0.0020597750018657565
-0.002522951740138689
-0.002448005457778662
0.001332360963307535
-9.412110851241017E-4
-0.016329349948926118
-6.798276096162989E-4
-0.014043617715381214
-8.771565086680588E-4
-0.0013279819769112966
8.949479874015508E-4
-9.144873185180817E-4
0.0012661969269151803
9.557174862280138E-4
0.0012496647514179983
-0.004423977468170505
0.001547575895687584
-3.957303337300014E-4
-0.0021545011718173504
0.0014154234678435912
-0.0010090484345120817
0.0016506584563025274
-0.0010637766989269374
0.0015378321653231612
-0.01273808643804371
0.0015572094630770374
-0.012372525665791426
-0.01983951440708152
-5.249040142682671E-4
-0.0014131782436174116
-0.002028974232063918
-7.575813923324484E-4
7.610655448054432E-4
0.0014869448200847605
0.002075105856434076
0.020004307996053156
-0.0010426689275224203
0.0027313213821891277
0.012858977223223173
-0.0011122140218509087
0.0013072648124922387
-0.015130131433835932
-0.0015671324598126942
0.001835414841199005
-0.001489786808857933
-0.0031528732038593617
-5.786603435065985E-5
1.6698897314991573E-4
0.0016451556033571214
-0.012779950356125376
-0.0012427741184665188
-0.01697915581995549
0.001726555022692184
-0.004945948984254667
0.004887531918040152
-0.006233366131439741
0.003965801180633776
7.662536521055002E-4
3.404056170350441E-4
0.0013830516934174057
0.012104782643678657
0.001483940896888856
-0.014019625873895524
0.006531883560285887
-8.520625664431955E-4
0.015048891767161269
0.0015207331418563585
2.8401803058513375E-6
-6.355883341662203E-4
5.361234939361365E-4
-9.752502403577378E-6
0.014536153534522514
0.0014647697448397783
8.585999283086825E-4
0.0021219512525114453
0.0017924748978756925
0.002124000035543511
-0.010638897399081452
0.0010605762874156429
-0.020591158573032068
0.004162243665541088
-0.0029259024452812977
-4.611133829835455E-4
0.0035984691744667266
-0.01349383787870441
-1.9851064394658586E-4
-3.230181446657813E-4
0.00969773834082045
0.001222691300158068
9.679753576454256E-4
-5.230491653313106E-4
0.0010110495889402648
0.00104362556799791
-0.0014720238213703563
-0.006953182543038237
0.0028703630022700512
-0.011052000851710013
0.0018255586046642522
-0.0029840244452114598
-0.005576425828055531
-0.004187271833526079
-0.006216323532593079
-0.0025714166823648235
0.010736896878278007
-0.010219148076886873
0.0025057958588866223
-0.0012515669649527472
-4.0260040328346703E-4
-0.011203526820279093
-6.01152609687584E-4
-0.002129258418302039
0.0012686203716885335
-4.476616814940279E-4
4.029243787311283E-4
-0.011933121527049985
8.751574828689282E-4
-3.142214799154867E-5
0.002760470360799655
-0.013896310357302044
-0.0073321027164123375
-0.016809084491231144
-0.009904477217931574
0.003052748228287847
-0.010654585777899813
5.795602831208533E-4
-0.011360827037977845
-0.001377463320876804
-1.4286297034584266E-4
0.0014801022231313637
-0.011820494646302014
0.010164515084536892
0.002117031649042723
0.004431395460019733
-8.350445652032712E-4
-5.537830539969899E-4
-0.001673183925148505
0.002354517291895337
-0.013981812532020861
-0.0011287819049223375
-8.604969177936746E-4
-6.349573916801895E-4
0.003745321378162135
-7.772786114830008E-4
-0.001365049672914715
0.001489800609440209
-0.010597043666409116
-5.31458348616055E-4
-8.612444933182373E-4
0.0011303452720604656
-1.57537931676662E-5
-0.01240599563709958
-0.009286286430686625
0.008218581627600096
-8.160337875080456E-4
-2.156779556674573E-4
-0.00441786573637661
0.0010894242765239516
-3.4031093063720914E-4
-0.0015712054646910025
-0.003885934603425243
8.301755500510024E-4
-4.627941408008742E-5
-0.010518463592778972
-0.012094979760003453
-0.002227693498513666
-0.001895513182446778
7.089353083559965E-4
0.0013034712793052856
-0.016359228694298057
0.0012950908407280278
8.404324379312301E-4
-0.013282146030041467
0.002744970315931497
0.013875766660873196
-0.0020120046656635997
0.001373028807475346
-0.010214115062323764
-0.0015024138667401289
-0.011208204530975109
-6.35887046395125E-4
0.0026312087032333686
-0.010778675778922862
-0.00129618761995014
0.007869328027788676
-0.0033065994929453836
0.009617464695242176
0.0061873574745297385
-3.9854454193391454E-4
-0.015446289656664437
-0.012278282273869522
-0.0011172118433602281
0.006788034590958732
5.189557632550196E-4
-0.002778502422463335
-0.008307253212612957
1.15410644967901E-4
-0.007388023238339364
7.535832283056981E-4
-0.00181854950140908
8.062732081888615E-4
-0.013420796774024685
3.4573242201782354E-4
-0.0016415434888573746
-0.0012235517054661773
-1.7625940285268598E-4
0.011048695878316495
-0.007361306228175702
-0.002280303732403072
6.710698847924388E-4
0.002279115340217536
5.067582250250725E-4
4.821119297707782E-4
-0.0025098155298267913
0.004079118054038402
0.008070911770294795
0.005517866687895584
-0.0032319323033271844
0.001053086744299674
-0.004124986369597345
-3.7941872328912707E-4
-0.010081222797521949
0.0029608511991191184
0.007217242800228026
-0.014254636095621854
0.0010481431752287062
3.240981186498124E-4
0.002869008145483513
0.0031862798118844986
-0.01029892753513258
-6.182099440094214E-4
-0.0010451708836512587
-0.015003018486414369
-0.0012010248598885488
0.00764504128637966
-0.0013772180871051258
-0.00832006764518407
0.007782869438018589
-0.009129789345860412
-0.0013790496915438509
0.003390585623344898
-1.279772712681398E-4
5.029261392212944E-4
-0.0010905426429633712
-0.007294106511465445
-7.354391131833813E-4
-5.195883521006057E-5
1.658598644562082E-4
-0.0010867072893368237
-0.0012098830924757741
-9.111691882989783E-4
5.318353315474226E-4
8.303729096107471E-4
4.2434775590953093E-4
0.009060182929741525
-4.2394700023068763E-4
-0.005946130649518897
-7.610197451240788E-4
-6.326706845276214E-4
-0.0013241793246871736
-5.722163419765486E-4
-0.010572832946276532
-0.0016380433368493185
0.013463022547687269
-0.0011559217571236761
-0.011540554543436521
-4.472257232550931E-4
-3.574065677145315E-4
0.007650154614346828
-0.00257458936420014
-0.00393115444823374
-0.001565359719467347
-0.0049505450466004125
9.354657920142047E-4
-0.005909128142975345
-0.0037823891627930817
-4.6716382317509246E-5
0.008532180645127257
-0.010412444091312062
0.002197594563178723
0.002400088786396155
-0.011261151532197786
-0.01820632268726692
0.0010149916050951496
-8.854050269114376E-4
-2.8402843609380324E-4
0.00425400846174469
0.01182843139348915
0.0015564747338113367
-0.0018841082934053096
-0.0016548734095021332
-0.0016215991873381444
-1.0501803572231613E-4
-7.237123718932495E-5
0.012124936136356325
0.008590565641287538
-0.0011412884537313913
-2.726490502029479E-4
9.893961773527636E-4
-0.007346383995921487
4.439918074139772E-4
0.0112392936385855
4.8082497620576973E-4
-0.003116553785062454
0.0019977940194839693
6.444981760616819E-4
-0.006625589643256589
-0.002825056049423449
0.009639347161986549
-0.003322105160206563
