14423.309257420917
12592.863627377359
16991.764431051095
4864.117383226474
4916.044806741391
4910.597744212897
5276.150694911158
2816.394542453399
13998.392593210456
4602.781565978846
17219.210471103004
2667.945334705085
1972.5189332973898
5535.73755589989
13775.148936535848
14833.1406509109
2823.4172630879452
4633.176763936074
5423.314443093534
5419.356604511165
14088.409644162211
4616.733566947032
6294.078997048357
2672.557924961504
5409.729282776817
2669.8668239334966
4617.865506667922
1976.3591428086902
17520.03336490885
4605.683588950804
4694.571859887091
2801.953516003287
5723.4664401653035
1951.0306894240505
4309.860812540758
2691.2775422433033
4533.836250017312
4011.5083862014108
5597.371226235396
2817.8657138085846
1966.8776674202104
5105.612476836397
5705.612389380319
2834.1696119004064
3452.722672031064
2844.1509834035633
13565.86996669105
4130.810748267625
13527.25484040784
11343.262080114826
2712.8832261102107
14117.331182641365
14141.080321309222
2526.764765223005
2096.1648227399073
2714.631655298991
13509.166644408508
2667.1939540723192
5283.803335641848
4908.872872606166
17678.99927799844
3539.304216965803
4053.4090705897916
4306.413051092515
3476.9135052242987
5253.694971496718
4624.462401468512
2709.1003656885364
4020.4510746465007
4127.748497972042
2833.8821138676585
13840.776414393087
3125.839183878005
6584.279573468868
3549.5826152435843
2255.8095983528087
2422.3192564094074
4608.565179361408
3545.3957039494508
8491.788751047654
3143.205876105455
1559.611129327256
4308.872942754285
15898.004237852962
8950.322092655131
2928.074383318321
2835.6090006927375
6253.794596076588
4917.486102778486
4868.524102191089
6224.313524563573
4002.7816491759672
3747.562771042801
4683.673798528172
3271.6069983214907
3559.0187976892917
4321.683171677181
3239.209517506088
6724.992106518526
3257.9591239998067
1355.9629108153706
6546.7308751920555
4372.664052296894
3416.394474111013
2945.3957719667405
3820.6077570005345
14842.889877943127
4623.768449088502
6648.950793742359
2419.74758894222
4911.936212497092
5802.781486775241
1963.1093829752494
2242.0837118796803
2984.3116037152627
3118.0144466296274
2844.1302447524836
3394.0016153538727
4460.4582331003085
2002.4724333693434
2521.683406306187
3391.5291206381585
1602.78187320979
15188.558475588145
4910.383964281573
4382.051291774727
11269.961172743973
2209.260985179262
3130.5448574766556
2707.0570225578167
4848.951033362411
4868.660363493976
4206.805336922186
3613.6208667466735
3765.6006159260346
27200.132961507526
1973.9702793834674
2582.2649649706505
2687.971463622377
4411.076172794448
5056.280268050776
3121.683327196895
2866.0555474458506
4390.091361884232
3200.1943016933433
5019.312284165714
3270.6052093592825
2907.255872106105
4005.68367012358
1122.0107970261226
5489.4698744336065
4614.590623228798
5663.3491309856345
4662.174797301696
3217.752333006107
6312.6712917643345
3278.5622642442363
1563.685632120086
2512.0585614422903
4138.585830547388
1982.051431996342
2814.5908327096613
4893.61328906507
6009.917845278051
2209.7047074090733
6131.397245142187
4621.769533152374
3717.561637050512
1054.4370497536522
2675.8307837228967
4317.561545444132
18356.95705174901
3915.036177311739
3787.4045917671283
3419.773083087586
3915.0389782022203
2084.1213454416675
4315.784956823141
4313.68541795748
13270.563216188524
5661.879088548972
1992.352581120185
1314.803619401585
4512.904246411584
3715.785048243336
5747.461949145531
1642.0837475780272
5660.458153043925
4070.8301421413535
5341.049344184909
1551.4066851505058
3483.791298427697
5224.463372106225
2683.9810564849186
5123.622612259604
3714.803365078211
1965.4033184854745
3591.8620589224706
3547.6186672265703
2858.7597711481726
3596.3353527589557
2879.293651927546
4382.953211687652
1221.8048255761385
6006.080335828318
1127.0126391929762
5205.344237398706
3411.5084679357483
2849.398206793545
5187.219591793318
3232.2018064464223
17949.110448235704
4142.787089388294
1438.8918848216838
1687.0921044097706
4633.095816551189
6276.628821746199
2061.8793911834387
3402.7817335889254
5873.771267185483
4145.395619003925
3405.6837538780205
14089.022553508155
2871.823122773138
5467.475741519667
2880.8541757119006
4276.427301225604
3605.9333777087245
2694.3935348217665
3007.8736438705887
3074.4297577599714
4734.348610062656
1853.9741155526103
2240.181052216437
2027.8390039017254
16903.93249088253
4445.067894819734
2973.7534238983167
1061.3271500011504
2232.2572557907324
1160.0509738033227
2598.970279708458
4923.541305507181
5336.741095365665
3276.987464635194
2827.262407176974
3277.76086538061
3011.5834031854297
4564.876300397163
2590.0914675897693
3440.1809153316353
1947.5628184757284
2620.6078515985023
4952.442593946064
1616.394719585957
1237.0380916609765
4141.23985370589
2373.8442389411375
5002.17605452658
4147.533897322232
2969.5195839470744
1933.8570821080152
8428.63986682644
2509.8610528725885
3668.6605225745984
2255.461834282153
5937.540436825191
3275.83071678809
4463.349209258067
1565.9957578539788
3508.671677854703
2938.6496256069395
1159.3263399463392
14108.298597081346
4426.415844047985
4775.869259552742
14094.09290720822
3863.34927308683
5364.286894191372
5392.667789250856
4711.873153531318
2044.4425554302616
3150.940325546664
7236.833333875529
3559.8252517618657
2521.0746282723526
3726.7646757071525
3837.6846130846047
1079.0180228095744
1275.7010511102822
4039.338176720855
5320.425098671047
2864.7646839670447
3511.3147991996293
1272.704959542904
5026.415802985769
5036.2084801338315
4270.003897596625
5731.235587959918
4522.989548304625
2837.009043022568
1914.0317979153645
16424.996957637886
4047.2589855262468
1442.351881798367
2248.9844904603165
4425.364468039227
4819.1559618390775
4424.280550927824
2573.970268212196
30095.96856794333
2537.9469487328697
5673.236316985999
2205.6838574088197
2275.3451493937614
2084.1723366629617
2805.083077598738
4430.403227059304
2235.6091063536833
15176.056687785815
4221.373027336746
2809.7046891910445
6050.399143338039
8257.961205265467
4314.803290601368
3114.0317792444953
4906.413009612709
2529.2553291688973
3834.6835786734255
2802.193727021981
2870.756549634321
2563.109367344675
3495.960203082479
945.3341852291592
2783.028089798573
1640.1811142023544
1018.7103373413329
1648.984517392545
5396.335053297141
1351.0307525431292
2877.7508915185476
1698.562447472176
3273.2364636442894
2288.1711881610668
3601.1817837535336
3721.6832347824434
3723.5414072748817
4870.756614958813
2566.877657313534
4380.961358116466
3414.590775775017
4873.747830730841
1329.2553659509222
5482.541059120669
2684.787107987902
1669.2635808435857
1015.0339279538761
5060.964431199783
4742.787082738141
2937.5406732717015
4699.903450473092
2888.17115414705
1230.3434144778614
5576.1649322509365
2528.2809391558103
6236.328161725688
1449.292920541752
4965.6005492105605
5112.90420644267
997.2867569466903
1375.753992230929
2832.2571968085113
5600.930222898738
6882.845022887235
6242.191739122725
2711.824659037079
3509.67595416829
6827.616069641134
2440.5152687586765
479.0180422363989
17022.91883173942
2771.790690999417
4117.666926851969
2560.8123306362018
3550.0205808634837
5487.163197834708
2206.3839577153835
454.43706821006265
2855.968959021264
5119.40397583677
5214.590599336422
4567.068692612202
2259.230342713818
4986.998839224213
1152.7884653836745
5131.23560360106
5586.998782276926
1118.4181969071342
2593.419359236672
2269.263580306717
3435.3214977889434
3048.4161388411576
1992.1542294014903
4019.773077123118
4620.450990510761
3821.8159182153886
3966.7345791593075
5458.409008084656
2437.2425916129414
4016.394462533191
4595.969784120078
5400.392550934971
2692.028270058961
6681.582238376757
4120.701068846195
2257.396982731129
5383.02975755614
4136.741158239875
2093.147794212708
3190.0914425213064
4322.2514754697895
3861.8792306145283
4232.1095393227715
1080.9645577795827
1993.4193983382763
560.0509939985213
4133.375856799421
2702.6559008975332
2783.9858416987468
3335.663440389464
5470.003834533418
5349.87424942425
522.0108160535343
4283.820941945159
4464.865147568828
527.0126598111872
5451.709582244486
4192.3735748288445
1602.1937720188873
4474.43402985206
4909.860784450882
4877.13016151099
3892.3010134238134
4236.196435254328
4011.049187936039
1028.5551785203527
5285.60357066871
4076.150842562789
4003.7308329434672
2438.8944800777404
5283.4931999362
4093.524450971314
2534.6004218956323
4126.481659059383
4241.036246274305
5710.177530689529
3264.9301852451968
4945.826867128873
3340.687533259455
3015.9172491576733
5653.53537752912
2166.617601475777
1891.1879197582098
29467.19947799435
2264.764718074797
2087.9715415642913
1333.8571042604574
2524.994552902497
5211.508286010302
2225.1824745753584
