0.008337557416084227
0.015536629888098008
0.012382553382481815
-0.009860393757520895
-0.019942676965679525
-0.015404096747621629
0.01051428252437076
-0.007790794319638178
-0.013161981471513127
0.0065322045196053264
-0.009307094946559446
-0.01370476199041028
0.009728817140145604
-0.013314174111356882
-0.005881318978412872
0.0025324292560896557
0.011356316348085907
-0.00572493093666927
-0.012431315530643004
-0.009258101622376665
0.011634141453886073
0.004438341668605081
0.009563113324258155
0.007486161646687274
-0.007624823072322737
0.007764680222359243
-0.001272450978473745
0.010178676655032156
0.008342522809425011
4.453841039515825E-4
-0.01010055787732409
-0.004140537572820118
-0.004277034611687536
0.005954532408208382
0.00654536421717729
0.006623343131319766
0.00918567681314707
-0.002600982129472543
-0.024130328308335575
0.0039221745358633976
-0.012489823520940973
-0.0017205668828592074
-0.008019707594441964
-0.003692555527967075
0.005506325937530954
-0.006062136486698592
-0.0011365014709257969
0.006615443972025825
0.003143047915877729
0.004635537387702513
0.012756271893130559
0.009074394726482573
0.004179648987416295
0.0018926338598586685
-3.423551928435794E-4
-0.0014590336084949345
-0.004798977122096212
-0.004453381709765263
-0.004532915222300799
0.004757939242434055
0.007898496143273228
-0.004622646544496232
-0.00226815536916996
0.008295498090405177
0.024820805574853985
0.004477650863358546
0.0042102012072941135
0.0035022086632928106
0.00963811751723065
-0.004024892516354086
0.0022595178939714506
-0.0026072489022616915
0.0037157365462048312
-0.008532867395854038
0.0040589649284877025
0.001835720983928532
-0.02032058658366897
0.0058785456470735456
-0.0032233171998876996
0.0015848398703413268
0.003545567107636075
-0.008004864630900171
-0.003179685903162544
0.003582165545300941
0.006322902462862223
0.0020028841116517797
-0.0033242067617677484
0.0015814004594883909
-0.0020764619029686607
0.005373869854596502
-0.0022801382760420353
-0.0016150895849170285
8.944996318500044E-4
-0.014407489909431923
0.0047168066404366885
-0.0011922750566199906
0.01867500470399947
0.00350196069832969
0.003474383024609972
-0.002456277285570362
0.004405174965846078
-0.016822855063500616
-0.002817368310190504
-0.005460105138942449
-0.016722670544141928
0.004454127470559117
0.003207699139243624
0.009861368009571879
-0.0036688189552623977
-0.0027764791584497105
-0.003903171971094153
0.0011789377862187638
0.013157466821574636
0.0018899998810884733
-0.012674397169937507
0.0010968963352769867
0.001681878957566146
0.004666623251558055
-0.013719475270222155
-0.0037226788500023048
-0.006218916545960896
-0.0022465197892713638
-0.0038456090052847096
8.404611274016095E-4
0.005629728559525925
0.001656064917779035
-0.005411357556338173
-0.013861598036172424
-0.004077660536407712
0.011681488612290751
-0.0013527718270470199
0.003123200005437423
0.001298563294552754
0.01433713675859898
-0.0039669989521385765
-0.0013588752026217966
-0.0044110407195400375
-0.010424217053821181
-0.003498821449637227
-0.0037230885592763013
-0.0012695450689506247
0.007524498184245691
0.0028190519260094474
-0.002048901908000602
-0.0035409617970215924
-0.0024747481318894977
0.006505410611049756
0.00168975811528981
-0.0012935217260646296
-0.009756463037560567
0.00987614743391868
-0.01015355609939035
0.003667439606293407
-0.0023656998235718047
0.008177280359583917
-0.008634531529473905
0.009710494186345403
-0.00300778632425532
-0.002708870360644002
-0.0023143285391431755
-0.0010587820567291052
-0.008043417124289513
-0.008806061025774086
-0.0015089935164359254
0.011412070400906483
0.008261826064893937
-0.005581644967549021
-0.001618748576343195
-0.007176998468332978
0.004163068518655936
-0.0014604455330261116
-0.006783882471182383
0.0037376855538493966
0.0023581586035966717
-0.003017853090910719
0.00783289514536718
0.0015777017322561122
0.002322262628298386
6.168562237627782E-4
0.00256133893148142
7.037799770080053E-4
5.700120717971603E-4
0.007817243939429841
0.0016079744544441356
0.01033101916525131
0.0014247860605441482
0.0010978238113825282
0.006170447147340527
-0.004135543176736162
0.0018558286740686062
0.001827196355914193
0.00470884040325893
-0.009394870083100918
0.008749098080923954
-0.00151089515007139
-8.514163026581962E-4
-0.008226239785873184
0.003928473974403764
-0.00656509289857187
0.004698148646309171
0.002914451816549429
0.003890415227819118
0.0017942530611724983
-0.0025923813891284334
0.0014074935431341693
0.005675437452858062
0.007008994664216058
-0.0021382299195635912
-7.262367053091393E-4
-0.0040491347061043115
-0.0016735137932243059
-0.006389859303399941
0.003221449082441416
0.004547905981008511
-0.007932667795718195
-2.1032317543648551E-4
-0.0015214947769905125
-0.007762168033860721
0.00609747888641742
0.005906039046678377
