613
611
762
710
710
777
727
780
660
612
668
610
738
768
736
668
657
722
892
756
723
734
826
714
610
774
776
610
769
721
782
679
668
728
658
665
718
668
897
676
755
782
893
898
764
827
775
775
774
750
893
729
779
682
732
818
663
680
666
659
607
765
718
319
728
314
333
780
718
842
754
607
311
317
673
666
757
897
773
318
825
773
717
894
671
896
316
726
777
677
678
318
664
789
712
744
700
652
739
374
778
344
331
603
665
781
645
708
380
767
679
518
731
503
306
722
778
786
321
659
674
355
671
735
690
720
720
667
612
716
670
337
382
782
656
310
613
309
753
656
720
729
658
329
656
673
670
719
313
790
320
752
330
728
771
304
722
370
779
919
695
663
662
776
731
721
648
613
642
735
779
701
743
306
775
358
657
674
605
777
655
664
898
671
669
684
665
660
788
720
675
678
796
905
690
736
288
300
312
691
730
535
790
740
721
707
755
339
678
741
603
383
347
364
355
331
791
320
908
780
762
772
762
352
841
661
663
553
314
781
769
680
317
848
542
330
654
763
333
708
685
702
340
338
727
644
653
337
785
674
715
742
735
526
561
675
613
294
773
608
680
552
331
794
894
746
709
614
333
793
785
691
795
535
732
612
316
321
775
763
647
357
353
308
320
754
321
698
533
597
669
665
332
611
793
663
742
823
351
354
652
695
512
614
727
307
557
778
527
777
676
332
781
309
325
670
559
758
655
661
743
783
663
362
733
334
686
847
788
568
673
412
752
657
673
692
733
509
662
382
843
504
336
319
384
837
784
515
667
335
789
714
748
728
306
710
960
375
334
819
741
315
918
730
315
514
501
783
755
353
536
906
505
931
779
817
752
778
671
681
914
726
317
778
614
313
913
299
376
766
381
726
795
724
655
764
530
913
318
513
283
345
601
680
733
760
920
763
965
734
538
679
779
773
652
287
697
611
683
685
552
790
683
336
705
747
762
723
350
550
516
954
904
761
839
541
758
659
769
703
292
517
717
390
767
771
261
675
664
669
814
822
883
955
276
614
792
323
902
506
899
393
284
819
970
903
370
414
314
514
298
736
737
358
788
724
309
838
749
706
730
538
656
763
724
776
699
296
668
300
284
358
739
312
534
784
715
735
561
881
793
719
696
528
369
901
931
834
551
526
785
928
361
349
535
596
817
930
290
380
829
658
612
731
293
703
971
909
677
765
758
883
747
729
343
731
820
744
297
311
310
331
895
650
562
669
540
288
775
844
614
361
867
284
716
517
835
882
536
338
779
549
871
723
334
539
848
722
708
905
762
314
892
722
606
711
923
781
756
554
274
847
290
290
844
686
613
554
514
282
706
562
909
743
330
952
524
325
565
824
368
319
547
824
831
611
672
550
755
762
742
366
536
292
757
545
666
710
886
761
777
348
318
371
367
916
310
783
925
543
966
900
320
326
986
786
774
984
353
928
345
874
987
842
989
657
519
294
927
314
543
844
977
342
767
563
985
507
872
905
929
720
672
956
796
915
869
888
858
506
875
788
901
714
538
920
787
498
927
955
879
866
841
303
394
841
837
732
290
899
816
342
736
839
292
688
688
969
828
537
313
503
732
682
368
714
848
545
334
764
727
984
689
692
771
966
341
865
966
841
713
505
972
777
363
950
283
820
956
381
372
947
879
874
671
566
754
950
874
560
912
969
910
979
715
348
702
610
669
875
946
343
353
958
959
912
284
791
517
784
867
283
853
340
284
845
730
893
945
328
333
982
358
926
687
967
695
677
753
960
865
895
812
276
869
830
981
865
287
766
846
309
955
912
929
840
614
509
836
915
910
513
828
567
850
532
938
822
312
339
723
964
767
879
964
813
766
515
898
988
371
789
886
890
976
990
777
540
262
968
822
656
887
504
650
970
786
677
291
836
936
544
362
972
965
719
912
346
508
594
498
755
605
772
748
838
613
538
712
277
