-6.660911840708909
6.454891277986181
5.653869272885744
-2.856684475213741
2.510621552883727
2.963579381992337
-2.698883343401613
2.0714484364111394
-17.76632852351233
23.355394227936852
24.836582182505282
-19.386779495233252
15.440900478108075
-14.46961448002596
-1.8646407133606921
17.380072027406474
2.263385268107761
20.81510458512098
1.84131572508046
2.4129667367048877
-1.6838785526891429
1.4977030823619626
1.6110141888086302
17.768447860062018
-2.167693093576016
2.1753697373315726
17.518678695422675
16.694737357660923
-16.253637452122252
-1.83160115746
-3.9613052803091406
-1.8467006529974048
10.811131052021198
1.0896689724267399
-2.1946750829348987
1.6204336947898563
-10.777491878075306
-11.906862419675658
2.0040745557728634
-1.4285046655050246
1.5727361551770278
-1.7264441300065325
9.091207966343307
10.714730894069774
-13.149672678138504
13.146118318826511
-19.752569494029423
-1.811663659404851
8.334778294845494
6.875971620272749
8.311303473414611
-0.9523827805856897
-19.676003934177764
-15.236312025029532
-7.936760096319696
9.381287067076334
9.009409218830244
2.471993898036583
0.9414631968225661
-7.18516372669635
-10.396663806686716
-14.573136875925373
-2.217575101825128
1.1885421799242708
-7.1416623164265625
-3.535755482562843
-9.012887148646316
10.882213344861277
0.9566332247547956
-9.667996825947007
1.2809200465875266
1.1613228316502067
-11.780809841038973
-0.5403776338037051
-0.9082573207250885
-5.951630065641529
3.9855321603481295
-8.341892357983026
6.322479368190579
7.496854557402651
-0.7881452389042276
-13.441788695608391
-4.7168266938724015
7.388119496357629
1.3784855040415438
0.8035354132563559
1.4438541004461225
-8.566655406480958
-0.9785147969644893
-2.354722202629235
2.6964433119562323
8.76914205956042
-0.6081086218479954
1.0189758047175934
0.8199723845175484
0.5723246905165738
5.996559591127051
0.8453024832149869
-1.9558211405098802
4.586694998569209
4.886792376771476
-0.923996078329618
0.6289114443998052
-10.362823773857238
8.741855992135763
6.864047641525384
-7.750339637410808
6.117476347227949
-2.911050442679853
-0.4643988239658874
6.3312854666406855
4.908935034097183
5.168926572231486
-1.2259516658030527
-6.597167848642315
-5.215980136557417
-8.159387977109747
-1.593371556970049
4.203984204915149
-0.9135457634644386
-2.694950611602412
-5.494028585756422
6.379282043822214
1.8829345329007787
4.348178934903079
-5.156526444874611
2.7126402599310517
-0.43281784556018665
-4.128795302384127
1.98839987286633
-4.65836140408653
5.259058193605293
5.939503620765275
-4.483151828891775
-2.455518661483603
2.100119403526995
-17.68253654168598
-0.6111254011014892
5.167832747246129
0.5179009642705998
-7.387824364359612
-4.180018087156551
0.3917910693916112
-0.5902812862846346
2.988960939778123
10.884941198178431
10.749091558263427
-2.128497977452568
1.8699727216918578
4.700028027793798
1.205417089776076
-3.8190971019573716
-0.9705765456715129
-0.7960341333733508
0.7430902094649057
-0.9275921454445691
-7.825062883805538
3.490512605461314
-2.7212312778824788
-6.589171567964951
4.990246475096987
-9.186605590282515
13.87859240966702
4.909848271825246
3.236449910221636
-4.918182942989259
1.5070617622260674
0.6419440011623441
-6.799912525204882
-5.545103396490846
0.7364946486757505
-6.731638663881601
5.729311328991059
4.665409546222457
-5.459727487624193
3.2814407027847667
3.865513981109455
-5.152502204963667
1.7520562108447053
-8.233072495203647
-8.83327717651459
0.41390579509899367
3.376811910551549
-1.91791648086965
-6.80147106681273
1.885056294589186
9.210395380468555
0.3536536238300668
-5.439206636594656
1.1187184255760565
8.695909767506514
-3.280162796782423
-1.1602751740794301
0.337980001039385
2.845019777899613
0.6347149141087528
3.0217207011517466
-1.3055525286462935
1.7577976865105627
1.485834688260263
8.63160602198853
0.3171778806161884
-10.272357293208696
-0.29053981332860523
-5.845696461647785
7.443027294400155
2.862259758375852
2.1443142014774206
-2.9435760704996587
-2.7909799586997615
7.812076903835157
6.794287793885763
3.584884804777963
-2.3579786622176515
-10.272816624694546
-3.759574830690131
-3.498850785708205
-3.9176003103042394
3.921833711179328
5.029457802729748
2.9684390381574697
-0.6794490530080137
-0.7234505483162624
3.057118509371031
0.5282703785609545
-2.3896097719658727
7.632805605292058
0.4107196961094285
-0.32189929982455917
2.320849059356969
1.0041325308697888
1.9792289356998152
-4.304330014868512
-3.2157680474996506
-11.234679063103751
-4.2649411005882385
-21.595586534257052
-16.92893148714616
1.1561150133349938
1.6163572348154802
5.925061638451786
-0.906055991344288
-4.387238387816172
1.0711221892249638
-7.647279106383026
0.3735917762427441
20.16195971982497
1.9142837003103061
1.3496809931388765
0.37405690318751783
0.6261722569568303
-27.857204118699002
2.8456479975407434
-4.888261698232456
3.2111489423021746
0.3367939347536652
-6.773623630576489
-3.2865411016315447
-8.121056038772092
0.41625451060875324
4.950166887241943
3.2076660007923152
-3.600202257024623
12.172995445007565
7.2376094461127956
-1.7524388799528139
-1.119021113110615
4.409046904462198
9.206517081080838
-6.6535629548279465
-3.0151460222868542
-4.925015883759606
-0.693774037653188
0.8196340460862397
-7.546464184367357
-2.713362256366485
-2.9904150579466156
-0.5912179583478304
2.2836831026724624
7.332895103740685
-2.165902424900222
-0.9666589917821705
0.2359070286193789
-4.769645354499874
-1.9978596099179737
-0.2113772946135652
2.82629866690922
-1.0223331559009445
-0.6828853298552177
-5.640022706900278
-1.8314273338468356
-0.8404276090819378
-4.379615762926369
8.423960061575128
-3.58937674653869
4.171738268421494
0.8518426415805779
-4.240181037129406
-0.6978269724623541
2.8809200968049433
6.637698564010186
3.0351768156292773
-0.32559785128659585
0.320218801550625
4.550102887562166
4.511349275389688
-2.526539530980826
-1.7769699904103524
-7.2127964352022245
-1.9415291270522568
1.64121519603087
-4.163491604311342
0.9411889506127898
-2.1419150734270223
-3.412622911602134
-0.21500085339335068
3.1859761851224775
-8.21675482030216
-4.21685519386104
0.6348602467291352
-4.855391752985331
0.33030288866806634
-1.4890053835346588
-5.270762262281206
0.5723035223713291
-0.2727716086723796
6.835260175588489
4.033566052509651
0.865489915209454
-4.250610390246543
3.7334621382650433
-2.2941713883271135
-3.7452593213629495
15.060316437129336
1.2650975844502839
2.946579617273765
-2.677803131391354
6.043038618533268
-2.120098801775701
-0.23046180498764243
-2.200567246600876
-2.177432991828404
16.3350056014382
2.1000951488386317
-8.959972471225699
1.5035093643671995
-1.670029408528858
-4.547631059375306
2.1109450319580545
2.962739852273595
10.55696252604314
-0.743602207358419
-0.3502627619125284
7.297063187260189
12.396476361054688
0.7973767466837768
-5.653394907087862
3.433138040348415
2.2218266686570605
0.30912705725374834
-20.68724590838517
-1.7678463034833862
-3.9295413530663237
5.375616553369905
-2.2235122913172494
1.1014871524303664
1.3578935967281809
-2.3618555769710503
5.249390101179245
-1.698716882335846
4.888943164850779
-1.794770948651283
0.8451754877662964
2.0812886243394684
0.584238900646827
3.9294678584735303
0.9778936586871546
1.7308029694525784
4.34571057368239
0.37340627840333146
3.975748293936977
3.208018791231086
0.23844865313367605
-3.014321001897119
11.250075781607675
-1.7114703365279702
0.09136608238572606
-9.461889183247232
-11.341723842642045
3.15075183332798
6.789610616967588
1.9312313649333606
5.6666483385036726
3.3841538511152405
-6.44795844790933
-1.2600842964231536
1.2480166674240893
3.449502466673212
-1.3308957981599296
-1.4057446186973825
0.631606325831887
-0.24763731338527212
-2.1062207698016038
-3.5763528338511863
-3.0729883279869745
1.572753820954054
0.35858856575484405
-2.0926695836369507
4.798680768406577
4.473271767145981
0.6468687004238901
4.357891158465885
3.6746325612206476
-2.08998341591343
-4.083399235339385
0.17171676149511017
-3.2967355214304295
-5.158428590656127
2.4334880372449263
3.5525127108929557
-3.4902359656032824
-0.699947464285471
7.5594708803992114
0.8502387252182976
-7.938631976620369
-3.2183790531170153
-3.0776361398088192
-2.4419594911236424
3.993298914416323
2.6837000436455263
-1.978260433318989
-1.3413654380778985
12.95424473456326
3.0963790590602445
5.364332150447803
0.27990957180038234
2.5965012209833565
-1.8878093951323534
1.810829027448221
-2.122274072051691
0.19444126304693793
0.17358256058294724
3.4723307423267276
6.386941315032248
-0.2444553583478461
-8.567612484972058
-3.066172843332512
-4.146423026764485
-3.41664003512287
-5.588638240566751
8.622805967094553
-4.707485786956355
-2.8421543095004482
-4.546970574662709
5.153862650317225
-9.518063603562235
4.979965773926164
0.6908463157642175
-0.2821645014959382
-3.115032177676585
-0.6916888901838456
2.569363119447997
-3.971531449640736
-0.1605581149828088
6.1248677417403234
0.13330446598498755
2.1879647203883446
3.9716882881247266
-16.521536531852565
-5.969043424660686
-0.17485721910862356
-0.17619132070852234
-3.1367182117116172
-1.2492707600739856
6.178175120680192
-6.197736616535305
2.009841024839469
1.0516463674659733
-0.6296415715707075
-1.3798262797574972
5.6223841917608075
4.210174107791445
1.4450013773012302
1.968921340433653
0.4168661575701516
10.617946926276819
3.002340954967368
6.049594057455464
-3.4353163069548174
0.7222844027753176
-3.3747951403384366
-1.685346409481347
-2.0171643222521545
0.19522702873161632
1.9231841523149311
3.986186661750102
-7.975576271129194
-3.924548667229193
-0.18844791910616374
-2.5430768581531913
8.511063228408599
5.581947502124937
0.6553840927074581
1.7547546079750602
2.167048050270518
-0.3876678447066636
-4.794547885651766
-0.7023196243687192
12.527187640279115
-2.9209727219153105
1.0433636515903133
-0.18768015181201583
-0.7186471284255106
-5.6364709802984745
1.2902424797749508
4.239388016459032
-0.7634078122086905
2.0125453675125735
0.13322481198778713
-0.6185922993169765
-1.9066951748816625
-1.350215103326017
-2.7562504368596605
-5.4080513515128485
1.465832268322248
4.282302756843249
-9.815526772450408
-4.654461091799021
1.5762155105039548
-3.2581571601203994
1.6214025105483145
1.8685330524390211
20.244781757507777
-2.7182148242513695
-5.2402071161788335
2.8684960751807993
-1.848567490069504
-7.239065385797923
1.274361123196688
1.5749695295586885
0.8583989862715625
4.483845338629917
4.028353990085749
-2.789483298129177
-7.804373097850443
-0.6458047525252831
0.7927521702600275
1.9168193841438255
2.7221873609345777
-7.783741714928318
-0.964999863917944
7.109564658294066
2.9927373355213778
2.1124543895559755
-0.4275060042655731
7.418317946856479
2.441303929123745
-0.6674256580371205
-2.215282307309061
-2.363237430480182
0.18349652649484785
-1.4367597042726763
-2.5797888982871844
3.8978415202254255
-0.3152208992789664
-1.681165399751168
-0.3431751263119026
-4.809415111344296
13.74727428644751
0.727150463962924
1.1531762512994037
-1.9964531051514902
2.368840561282747
1.971770235763477
1.1918908313515393
-3.9126252797264156
7.41887316404351
3.9494973610542905
9.124667983940348
-0.5337912229165451
1.0611879028829763
-0.9883646370322594
10.51546534605573
6.208210027515452
-1.2310696292921164
3.7657201400169913
-8.883621178280972
3.610320800609287
0.5346296760042323
2.9190522182593646
1.210501750732317
0.5584959832892158
-12.564280918446867
7.023652476187949
-2.806215235273928
0.6918746935499557
-1.230531392151395
-0.3671725417631163
-3.8228606057344856
1.9912032979393837
-4.222334293900373
10.719697601208185
1.8830540537971394
6.177343852621727
7.808195753328548
3.288368397621194
-0.29529922910608375
0.8021408062348298
-5.841881869030449
-2.014422179979808
5.097457230673146
-2.023649648648564
2.2970502666910266
3.09741759418443
-2.9892943028828745
8.030741879039633
-1.325225498939855
0.604568032858795
2.9810237432633344
-0.2222188394743548
10.64398923197532
-0.36444344907210663
0.09958651652079152
1.895792464706495
5.949607090128335
-0.21005817539329313
-2.1598887937728968
-0.1252398575549935
3.151252210684963
-2.957962516322905
4.315250559909901
-3.734039586791868
0.5360361939453863
-2.7149582361240574
11.116921075242601
0.12332467338198008
-0.44486401640409734
-1.7876002648059504
2.5811012245040024
-0.17120580863794368
-8.303743361856052
-0.7932324703762594
0.4908738167484269
-2.9236960483327135
4.001944149796387
-0.8429715093833202
13.69110238404851
0.47765292381358443
-1.7884895281975461
-0.4492054814846229
0.31397263492934785
7.467666565147102
1.5834452395314604
1.7935175751770855
-1.1972478536959963
-0.47743106954039405
-2.6664280854124303
0.17791765984618663
-2.960445059599311
1.833201724295967
-2.4595433299873184
0.9047455775336375
3.5329419304333514
0.31690686451367406
2.2887732204054494
-2.2294120437149534
1.5641018381812262
0.153394288442024
-1.8178650822562208
0.6499105842467431
3.9009338835148633
2.597638943452777
-1.94166450113378
0.16510330663276981
3.1258242218393177
-3.2305777591023666
-0.5540784582432047
-0.4115260773806877
0.3118398699022756
2.502055154775847
-8.824418006467344
4.381379972264891
1.4204260698029125
1.100534059234597
-4.313968475453715
-1.98775797873124
6.9972732286152635
-1.327658875931255
0.36986469149595724
0.948971087247906
-4.617813015790984
-6.3497158309529835
-2.2883998489513657
2.347640843188696
-0.3244634790209189
-7.796864056278617
-5.246551224560831
3.4751481438106935
-7.407371450575374
1.7681439027205674
-0.8328424974748387
0.0800754942842915
0.46825529028445523
2.445940554382346
-3.74699448111627
-3.619873642876712
-0.22104275396903786
0.38957513496170465
-1.515694661468646
-2.710753805536863
2.619050165857092
-1.1328563267875422
1.1034618586858107
3.5577139107518096
-10.517429221411668
-3.556734382448836
-11.942170578279658
-3.3781798457372476
5.481839456840947
2.965376454104244
5.037095323438477
-2.027875505692408
-0.6327914769391021
0.24746371772505413
-0.9934639803349578
2.7390885298996186
-9.800681132444426
0.39703741280238597
1.6446275876168497
-3.275157071392084
-2.0139149268036065
-5.6352895053870755
10.322360820334907
0.6120318973527602
-6.85915888001469
0.25047684009190524
2.786242553635054
-3.963100317644676
-0.22173943679675592
-0.15459383053252243
-2.299676540296416
4.899193637536646
3.687285348108627
-0.23502524359633212
13.755257938445716
3.7966179615330087
-2.7865371690568215
-0.5696064483607616
0.38443593153957484
-2.0990564931049316
-2.830103053193892
-0.384926328220616
-0.5871362960446366
1.6305538320571793
3.996769647753983
-2.60474965430575
-4.069874087261274
0.8570358292868465
0.29107149108466707
-13.936785771740036
-0.44397780686292154
2.153032705059652
-0.4437686170453432
-1.5374275336553234
-0.3487027116387282
-5.33521313567598
1.8273683024863117
1.0371092433414308
4.10980469740382
0.9306995167339102
-1.5852388129093689
4.948059124106138
2.3651447333681306
-0.2881334917501096
1.7872667041529149
-1.1265943254837834
-1.410956384806903
-1.1426722588773033
1.3643467142787316
-0.5111955452829525
0.9043171415771567
0.6771370058739297
-0.6628150469183306
-8.90161994224643
-1.131376887792294
0.10891987937659493
1.5169086479809135
-1.84296075615759
-0.8653379661769014
1.9071632251571613
0.6314712631069412
-5.473549421776317
-0.26257069395528393
-0.10881475893769907
2.153524705676953
1.571031602108336
-3.2554591902357664
-6.618668185233984
-0.7370933092664079
6.006855218099496
-0.9482436554918361
4.615917129438379
-1.1886039246268159
-1.9339425623258517
0.47897320556334505
-0.06041137273088549
0.31485860639666474
0.6466289661194151
-3.04717920608027
-4.167437676761075
-6.747953987479135
2.746689779230251
1.4949563751645882
2.008379779316858
-4.509452124827534
3.1361009945764162
0.27227914643479534
-0.8430150940766271
-0.22841311687696356
-2.7542599022747045
3.9648026915028187
-0.06399226906543616
-3.195435232810119
0.280767716452649
-0.24212934700590574
-0.6056249440450385
-0.7999989395217396
-1.0455127773740496
-4.3497278343800785
-1.2076614101716912
-0.7065866684365556
3.686871648261557
-1.6622683046786353
0.19595284095109455
-2.140750151124397
3.07128205789571
-8.038298928581533
-3.8374052616786787
0.443660450344098
-1.1362829087831339
-0.24494382426480346
-3.58848476830943
1.2553682866523874
-0.7238730113647647
1.6734993105757823
-2.051430754581563
9.484026220810877
-2.5680561376793762
0.8174781834514661
0.6830159807035271
1.4076502799368487
-2.1710298094257103
6.290984178218568
1.2045803436527356
-2.2434183813237976
-0.09931751526090507
1.023898908549946
-1.2697817329481218
0.19898944200612523
-3.2578480943483576
-0.3606662734622028
1.668341053406278
-0.03126671419830713
0.1884550395258366
-0.1829711628855614
-5.030104037855669
-1.955203078742881
1.1725652942605096
-1.983441961479805
-0.24063411715847338
-1.467438291113684
-3.4157525550785377
4.027637966724148
1.965733391370377
0.4998781977792047
1.4321221236966837
-4.463435891078436
2.0919716584736845
0.28625822559127145
0.19598263466731153
-2.024259445418964
0.927127334715031
-0.596215433850904
-4.327159764280222
0.8166785834163952
-0.12567402761618174
2.7535716243268515
3.469478053220937
-2.284746150830625
7.832293063481851
-2.8104535853195434
1.627419166925218
0.0033054448054659993
-0.48306271719302996
0.05157164534624077
-0.18678962806551488
0.7026910770224571
-0.8778343579782544
0.027893320622522935
-0.3467238389683828
