-0.018977650925448536
0.017804599162822357
0.02107301489827722
-0.037623965954036644
0.015332095995463736
-0.018772110009086677
-0.014910124498851799
-0.016909951080713966
-0.01509277674767486
-0.014343262707591039
-0.014038733906842127
0.02591125800795002
0.023655175715460146
0.009583831761857035
0.01006906022180068
-0.018066789083105918
0.009371679642110383
0.012311514839804449
-0.012225747227450753
0.010348531910013656
0.010727972404938627
-0.009897494181601674
-0.01173314342892813
0.009336903423659433
0.007593198656250003
-0.009746396097246094
0.008110807892206293
-0.008333195899606226
-0.016126515646598408
0.008845093419706799
-0.008490447695933595
0.011313588099698105
0.010277354871955292
0.0157140863519072
-0.007104206419549188
-0.008569132340369242
-0.007539177809303252
0.010880979852373475
0.01582593533615719
0.005781368042062192
0.010174675633671214
0.009706182220809951
0.007518934479764199
0.010631001493454138
0.008150030480953755
0.006973074918734841
-0.006286703595447975
-0.009792984709839995
-0.005799818823385711
0.009002367306475448
0.006526770834348538
-0.005932298497321362
0.01074312942777934
0.00880953768754502
0.007163685186577077
-0.010724628421538648
-0.008680918817028854
-0.009411238769071928
0.007418265461507338
-0.005801180752201156
-0.006119278256680166
-0.007914078244958272
-0.014661150035717828
0.008074389442404597
-0.011873655503240049
0.005704450720005002
0.01006222545331316
-0.009090823988767257
0.00919058417488109
0.004769768309539676
0.009969730650577036
-0.007792059861950749
-0.0076059174084102425
-0.006069488001912719
-0.005236611432708306
-0.008543532596780678
0.005176353241531843
0.005103916784921307
0.005189675483895553
0.007197049611468242
0.007082836675754289
0.009776889688506084
0.005112231088011176
0.00643230068112634
-0.008289754975942936
-0.009399424966923479
-0.010130205996396111
0.009092569463084448
-0.006306982739575611
0.004046720919101775
0.005926788027179002
0.006840947504095682
0.004110826032421136
0.006228009678932731
0.008217279797096619
0.0051441817213697906
0.005016368807823575
0.00735104244049145
0.004698808601408958
-0.009196332531169613
-0.003908287433785968
0.0043696470087391534
0.008440964666754817
-0.018502557000885368
0.01576179608790139
-0.006910208975915364
-0.006432428491787597
-0.007693485085293586
-0.0077895740054843374
0.0040060827612662855
0.006188057481292498
-0.0064039728298210885
0.005421645543123057
-0.007431943361577091
0.009060578307877388
0.003277938344380894
-0.012360128300480222
0.0075083283555703135
-0.005690201039326567
0.007404038282513145
0.005864290569000084
-0.0063529662129221225
0.002885923074269285
0.00437332533134511
0.005138390633363123
0.006025299471455495
-0.005117340120776643
0.006973548301516905
-0.011014481843469015
-0.004975182188929904
-0.0051762453526164355
-0.0035463310482038014
0.008847079087769926
0.008706579281145523
0.007356331060106306
-0.004750171824640819
-0.004259919680146848
-0.004698688755650161
-0.005657826447559445
-0.007250207705806358
-0.0028375112183100966
-0.0031357888777343965
-0.00430150379295821
-0.006689911422183744
0.006987733891815509
-0.005607898633751013
-0.009412164199038892
-0.0032710728734722553
-0.004537887734867498
0.00572920390735057
-0.007810292307646751
0.0026954828948271524
-0.00523664694405097
0.00707018013017782
-0.0064295460056115195
0.014915737359363888
-0.0035110560804208065
0.002934769427533515
0.00534247704067715
-0.005503608610402601
-0.003230847670497739
0.005272936823955317
-0.0072747988619228645
-0.0043722962703699
-0.009675962730793717
0.00783230883487645
-0.007228128789038191
0.0024907172183033038
-0.008674003056988008
-0.0044767410499967145
0.0060775067850297815
0.005532370214659943
-0.0047410360651352354
-0.007147085099611786
0.005318590281567141
0.006083651165399464
-0.0034579535453123592
-0.0026061982347401072
-0.003367344980096503
-0.003550788103710639
-0.002181690742744112
0.0030970705660054846
-0.005326123509844462
-0.0026089039409152746
0.00289544021057643
0.002689290405095838
-0.005372522170977148
0.004139247228102737
0.0048153962019831745
0.004537005656234795
-0.009840810434208352
0.005963683946658214
0.0027311026821219392
0.00490061563166803
-0.0027726389750866763
-0.004157807557531822
-0.00432742228212016
0.008768800474378195
0.002011101950098996
0.006122855446621798
0.003821027474091779
0.004219213068957418
-0.006944377753197831
0.005859461309553779
-0.003525514863182577
-0.004219336664032788
0.001704333615113861
0.005287728404593865
-0.005714958477416849
0.00496846003574341
0.006251035807848959
0.0024857795447020786
0.0023246217487004305
-0.0034001488825559888
-0.005669223120265155
0.006397852198131907
0.0035340574992679713
-0.005562062573198448
-0.004371821822772482
0.003256390429351955
-0.004746547566592954
-0.004771868724924039
-0.005064822048225415
0.005889367780055787
0.0055846832052195185
0.0023154119841155506
0.005397495045608204
-0.0030433139968143465
-0.002026567462694842
-0.00457680811133413
0.001872555741317446
-0.004719460199388714
0.005331502813571776
-0.004906324310827951
-0.010002383885728433
-0.003138513843943447
-0.005895326205973085
-0.005676654774295545
-0.0017874136737130392
-0.002974910066296474
-0.008017008573249421
0.004941919435258337
0.0026182463011730234
0.00219158670837345
0.002870195917630921
-0.0019392029661877467
-0.0038351310025564614
-0.0038992725955892967
0.00441430011065201
0.0036865497096142496
0.003210642331337023
0.018641977968746348
-0.016409479756028113
-0.003933916082676244
0.005410619041663062
-0.018487597283854282
0.007663853908002047
0.005933440216148241
-0.007004757825966097
0.005373470758525074
-0.001963449107593836
0.010177156686175515
-0.002025604021475149
0.0038138417665660113
-0.0042044760304157085
-0.002353281764778291
0.004685612858561807
0.0025399019051678623
-0.006380448542339714
0.0037548173512589687
0.003286405584470893
-0.0015530035655778554
-0.015645688434320366
-0.015297215497783278
-0.006141680294759702
-0.002455431992932758
0.00370867409375681
-0.014686325064854353
-0.0025019857790503845
0.0017465800849754134
-0.002890674863777248
0.004049903871253947
-0.007147719315920044
0.004529053600953559
-0.004424095082554209
-0.003971494861796156
0.0023033381674984377
0.014787692928407774
-0.007400461740967711
0.006272502393078629
-0.0018406285481750685
-0.011677726494904634
-0.0019252990939509595
-0.008677079829684112
-0.0028373755577753923
0.003799374101383275
-0.0011151167980455305
-0.0018318389599675847
-0.013735956035416498
0.008559895683415617
-0.0036345133679395107
0.008272925929752603
0.005326696755924961
-0.002228787235032497
0.013031652444520198
-0.0031295243477925047
0.0038994408629288674
9.752058667979428E-4
-0.0018167463907205021
-0.00536041423483588
-0.0022564567618567136
0.012426103126123769
0.001816762557787353
0.006587441233428709
0.006192191414685252
-0.002955508115459165
0.005410835058160057
-0.012353492848180452
-0.00329155740136514
0.0035867711788286497
0.005652080137467266
-0.002319948805079643
-0.0029089703000410093
0.005887811274958549
-0.003482902796450264
-0.012055601350153895
-0.012157087841903351
0.0029874458628213587
0.001778726990419345
-0.0018923716929398857
0.004284450225006481
-0.004146685006484567
-0.002328839126903567
0.011189826737590084
-0.0022057612688008927
0.003340350598634547
0.01103444199592155
0.0034264914436169095
0.004112523573358285
-0.0011999950904706953
-0.002366981385711383
0.009598145391217587
-0.00470733621193436
-0.0016897647375056124
-0.00289578697393398
0.010787503482580865
-0.0020620268335192877
0.0011583850251619047
-0.007884414761656322
0.010706052875317082
0.0026367080741668807
-0.002566014909633776
0.003921476580495387
0.0012980289184499848
0.0014570715378080929
-0.0031031451413714535
0.004170490401731785
0.004993496331863837
0.0018627117439878186
-0.009981315094999745
-0.003367232532377915
-0.009503037206887496
0.004679082727569385
0.002287999559875034
-0.0014732192832241945
-0.0022726144550258027
0.0023047449980842325
-0.002255494711260494
0.002041803778969627
0.0017186988539341311
-0.0027868817059910427
0.004480341697629556
-0.00962572993764986
-0.0036598734427693634
0.0014529614313208497
-0.0018969741193768106
0.0038863116540569643
-0.004423786170411124
-0.00858179323361184
0.0017104692470308533
0.0027089139291159997
0.0013632350240614442
-0.0025614277905319735
0.0053940413350504
-0.0016282193025738314
-0.008597071393241775
-0.002258657450328143
-0.004177210153777489
0.0022508061497802465
0.00850933016131173
-0.00880094613111085
-0.00803198501474193
-0.008676375651914122
-0.009011645718011458
0.010426523912581887
-0.008506626827544748
0.0016355416801904306
-0.003326229860176049
-0.0030304968340680773
0.00922184014818711
-0.0029385376784290687
0.0044848824935359525
0.0015842464863028913
0.0035054670773549874
-0.0024328126534077055
0.008201813310136308
-0.008297613565122073
-0.003703622369842737
-0.008436647324738838
-0.001642750368957539
-0.004085615719703781
0.002152826882583283
-0.008950336247577502
-0.0077944018743118315
-0.0016691645912602368
0.002727630303422345
0.00700676817814401
-0.0018873821694151724
-0.001391743392952681
-8.100732772200891E-4
0.004388556148896693
-0.0011840517527696402
0.008433312238625548
-0.007001176043878276
5.443993977876962E-4
0.007506796110508467
-0.0055192884202425385
-0.008071501275864815
0.007537416294168357
-0.008119961980891887
-0.001965431715849798
0.0050071351103564195
0.0017274684095760328
0.0024173751531396366
-0.007614829063695482
0.00719713188057707
-0.006311927142139454
-0.007296301132879398
0.0017802110135390122
0.006470155477526175
0.007116831608843293
0.006969368870968752
-0.0010681220383432371
-0.0011936954518469432
0.007014204100065663
-0.007105564983190204
0.005709089346100398
-0.007048660412165799
-0.007303379593169329
0.003988822252015413
-0.006828553140354489
-0.0070796777782462005
-0.006489361799231404
-0.002594372423711257
-0.007485189844754122
8.724237259328001E-4
-0.0010716032745166967
0.006831233980518719
0.006629589541325113
0.0034555903559890405
0.0030052784365907663
-0.0069826191869704285
-0.0014291076966120653
0.001374547261196772
0.0013739117813658228
-0.0034669317755517087
0.0029992138592127245
0.006765034956107991
-0.006665213982852288
-0.006300278347247507
-0.0025726414048839654
0.0017108741945833367
-0.006176246931848363
8.014333104344423E-4
0.0012807809404991688
0.0011663944786202748
-0.001029493644495258
-0.00615516424279491
-0.00599760942633104
0.0010922093047907317
0.005774816219365303
0.0011815038698273067
-0.0016904664983430214
-0.004865480346655647
0.005721355851144707
0.0038153336718808146
0.0068549575466602146
-0.0011717156508262749
0.005893176550610608
-0.005271986405501492
-0.0018380608632706898
0.0016967676373466562
0.0015011172562930627
0.002664629369767991
0.0022087891812193955
0.0017165571905029197
0.005867812923284964
7.152476688580139E-4
0.003649039384869103
-0.0011307666037060442
0.0015779561786547888
0.005888432663991954
0.0024994442502017235
0.002325140255339499
9.817698296256826E-4
-8.245117139861626E-4
0.0011348651841835249
8.14062160857778E-4
0.006080232533312147
-0.001732837973896226
0.005331013597656298
-8.943444341171009E-4
-8.203391938628432E-4
0.0012627395926914369
-6.146763791093347E-4
0.0015294511253700997
0.0055111956345627305
-0.005502459241942361
9.603381307737346E-4
8.783597803267215E-4
-0.0052871784279459
-0.005142209775663998
0.005394272658902645
9.510562240063469E-4
0.0014013349780827426
-0.001107907929975273
-0.0017197805930969775
0.0048604440303769
0.0010011898066495228
0.001319701452450221
-0.004376638465478294
0.0010196136416949085
0.00621576274474458
0.005048600034129378
-0.003736999777145596
-0.005202332798657874
0.004677871097784623
-0.004704687275549061
0.001901058116977239
-8.846045360311101E-4
0.0018475361928418411
-0.002894439485173527
-0.0049367495952902084
0.005162654143488446
-0.0022371707973326727
-0.001926808708192031
-0.004146603418595113
-2.0864738872358726E-4
-0.004382885232527504
-0.005279441702332296
-0.0013074401772298393
0.0025006922514280864
-0.0011288700268206702
0.0046463314786999044
-0.0018711343586470348
-0.0010823677359622392
-0.00582797663664381
-5.194711382249588E-4
0.003519692631189993
0.004430876601882284
0.0020861345501152844
0.004599312885536531
0.0017072755532762881
-0.004288022121531505
0.0011832766648037657
0.004490119084122352
0.004616078012309449
-0.004056880064431816
0.0036701703350468123
-0.003678835539041051
-8.520688895150664E-4
0.004367582908902081
-0.004270269917058063
0.004307677718357372
-0.0015150809741654562
0.004179934984845587
-0.003168540989335182
0.0014350884217399255
-0.0012176883269645641
0.004102512053044551
-0.004145590570444473
-0.0043943519462122825
-0.004381970971602412
0.003899105178599124
0.004104210205695546
-0.0022993196565906293
-0.003915964509332909
-0.003323620113698591
0.0028229132205782248
-0.0039931662823613325
-4.859822676463201E-4
6.220484733456984E-4
-0.0020972477525723864
0.0011637468906021454
-0.0033996801472375073
0.0012356802996483676
-0.0038285343346370665
6.48491606264619E-4
8.707731146455176E-4
-0.0033149969602889063
3.357612902681502E-4
0.004177028556822187
-8.373520070425308E-4
-0.0011506551636773948
-0.0036149527241104294
7.002075095460265E-4
-0.002578795430242261
0.0035336420406884596
8.793440268005942E-4
0.0031328293477733016
-0.003473637180821027
0.0010717477940055706
-0.0036961143456886456
-0.0033864890783668095
0.0033650794130106283
0.002311231998591452
-0.0034226212402808966
-0.003007038327136412
0.003120207079111834
-0.0031709752314912857
-0.003349240653308809
-6.558331030263548E-4
-4.857064810896542E-4
-0.0031960843186737394
-6.849419997861166E-4
-0.004415314059128659
0.0031443107412073706
-0.003140016125460378
-0.0033359410848057703
-0.0027868795139418655
0.002744918452803988
0.003633018270191683
0.0025860184642315463
-0.0028658455744999456
-0.0026059343282844004
-0.0029306284032025232
0.0012050930441319964
-0.0014294494766068564
-4.534629356659289E-4
0.002931969389518694
-0.0012593376734746904
-9.899261569177643E-4
0.002336409742232062
-0.0025660174616290105
0.0026460123717519757
0.0025284726415345975
0.002235217370037872
-0.001973336182095942
0.0019987130302898557
0.0010751471915709074
0.0018129946108505907
0.002381283955878602
-6.804106774107356E-4
-6.064765658336791E-4
5.022924309289953E-4
-6.456950163034952E-4
0.0021429897453052052
0.002286565644378211
0.001813905792962096
-4.3718402529050035E-4
-0.0011391484506309516
3.9410978748691993E-4
3.763916441591783E-4
-4.1985167956467846E-4
-6.982965602450414E-4
-0.001229624027786349
-0.0017966883996026223
0.0016675787096924227
-0.0022586100858879624
-0.0015502220483596457
-0.002000588611125279
6.465350868904257E-4
0.0017748651561396605
4.2395956480242224E-4
0.0014358292962522877
-6.572822844206559E-4
3.354450236133382E-4
7.333009041328109E-5
-0.001051974131095715
-0.0015459344811518472
-0.0015304066844635611
0.0016487275506880687
5.027763063136049E-4
-0.0016960306520597504
-0.0029960781838206507
0.0015841496731439982
-0.0015407534144604189
-0.001344636531308346
0.002406236384521695
0.002336740266959296
