-0.2818340378749781
0.27938690781066616
-0.2510587679078272
0.22401532532321589
-0.18727027868152224
-0.19539791211958973
0.17509201742373684
0.2709072936592951
0.1492050744905756
-0.1811180208618932
0.14686206159190468
0.1658777177405374
0.29112775812160085
-0.1832637164587428
-0.15233678007681856
0.1745622427073647
-0.18794661741512186
-0.14969459813351238
0.16244149977259673
0.1129954884000262
0.1443559947629063
0.14594180360788542
-0.2367841087347269
0.23655806889609307
-0.1767478069260623
0.22133767319936548
0.18622882217772468
-0.1575860634576838
0.09000914486739775
-0.14712880986919818
-0.15941430895360997
0.24107130601171908
0.2512886273340425
-0.2553028308124741
0.256053653927471
0.17413604052162082
0.11714320747963072
-0.1524541122309573
-0.2351235566544306
0.17031372708171663
-0.17142777223437036
-0.13960740255310222
0.25160224048664687
-0.12391460566063897
0.1093481197902352
0.14696807318498273
-0.1295657708390345
0.1554634152962066
0.19094245122182738
-0.09594845287653529
-0.14059053883077643
-0.20084686867126736
0.20494813699625217
-0.3304536606546652
0.16751844365951235
-0.20411165218612473
-0.12885807932432175
-0.13926107555560083
-0.10754705959675856
-0.05226803324618356
0.11535104860059982
0.1631536568933547
0.1521886659530856
-0.09343370383963834
0.12627793701274978
0.11388328260664875
-0.1643443923635711
0.17967273202261302
-0.20370992370568505
0.11106204108983485
0.10153766436934733
0.0653994842082166
0.09027457005477699
-0.15956776236762
-0.18906430207883096
-0.057992915415420544
0.10563754936701157
-0.07178653184490569
-0.09459995067430686
-0.10161952014828438
0.13437065695772352
0.10701194328134889
-0.058610891160342835
0.08541736517235833
-0.13757483703821774
-0.1453043842556645
-0.1006098881919608
0.15267965080167517
0.08647813119725734
0.1356012925099508
-0.1998402135158759
0.08004669371317961
-0.1257495146274203
0.16552494084981384
-0.02390436849989207
0.11203488317651891
-0.08765413939213273
0.06854011782249343
-0.07893748242490797
-0.13521390996262583
0.11595559016480776
-0.06818727147586133
-0.06160386341187389
0.1211330051860122
0.1447255269108704
-0.12486209498347488
0.07763265397503584
0.1256304648046921
-0.0972151573572709
0.10357933039144843
-0.11040081653362892
0.13479617699463067
-0.1947805703824623
-0.13010684066453848
0.0509594687124307
0.10854890963950867
0.1823259403070324
0.02993625290350331
-0.10659156496667227
0.22836876034606074
0.1142360388525287
0.04500885078953337
0.30102017684632615
0.1915829313397934
-0.1568590026493797
0.13016950137335634
0.1491713908495003
-0.10199513592173778
0.19710213848499553
0.1350926502337994
0.05211499492435023
0.07880221278250314
0.07816997578229373
0.09306279273636923
-0.04774255608795913
0.09675009579370886
-0.19078227429821773
0.05140456684231562
-0.1613948250948263
0.07451504295153437
0.16397875015176677
0.08498884636290527
-0.056180686759572454
-0.08312697369110167
0.1417903708653295
-0.07645533368130167
0.1027610376823119
-0.13284849253026598
-0.048357677335615495
-0.16231512918305507
-0.16073322735650172
-0.12566805853692664
-0.15135554210648675
0.15801170455679892
0.12832252367556413
-0.26128087060336824
0.1353834882879195
-0.07660789926627322
-0.10660550017702161
-0.4583218375405032
-0.10618420178099984
-0.06975234058889597
-0.11319181770194413
0.0048466123609356175
-0.06263983690751047
-0.16889784613302988
0.07681518883964136
0.12973530614042783
-0.19261127890500668
0.04046126486052726
-0.21971247302765537
-0.17743585315802896
0.012463036346681165
-0.18267252528431924
0.06121290372771791
0.04157517614016993
0.13032636830370026
-0.03579000690895711
-0.07908029348747984
0.15154800650893793
0.23000628578137347
-0.13960906889183666
-0.16641114448959612
0.07161806504647027
-0.012337856987137899
0.09410260487240715
0.11551550833006079
-0.06939524693219523
-0.16072023607293215
0.07479615624579522
-0.10273962267930563
-0.16265452789286722
-0.07248879141352972
-0.07863534995476035
0.07346596037727143
0.16413449518529447
0.16490988451723668
-0.14375316860848156
0.05416395173653444
0.13989314281668394
-0.11763218485142576
-0.02822734508405348
-0.09366290862745533
0.05859217321918735
0.02817089391884258
0.1281395416452098
-0.1421336415170372
0.1375207958164563
0.08408745041143897
-0.06594453116343381
-0.10757487421693454
0.0700822902422318
-0.11007021345661269
0.14209768430785502
0.08260652305295874
0.0828754127372984
0.05326637814842307
0.10811706551444585
0.08808647738602896
3.547749567112216E-4
-0.078188422843163
0.07147144749472656
-0.06121624507602199
0.015382977128600026
0.03146900942286789
0.023454779593087633
0.08214846337473534
-0.05528798007260198
-0.18911443290196153
-0.0172063395581879
0.1047926838846444
0.06319168576247465
-0.1435637364508323
0.16635284383400348
0.280463190339544
0.4118953838836601
0.03193525691661771
-0.07769540199281315
0.1540041163874245
0.1425950396415976
-0.34012939316095164
-0.09071186476831382
0.11837073904571245
0.09467897845758415
-0.010268560002104164
0.09844303881869461
-0.00782792374160128
-0.09658151857428746
0.13635376149936843
-0.1497119025566488
-0.037797837226270434
0.04833212280433711
0.06024940068399739
-0.034048021551140804
0.11201984004916006
-0.10563938908913882
-0.07919075476293724
0.12646145815308096
0.09937426909128066
-0.13664037382833702
0.08245175761926592
-0.11020774151337999
-0.06956229766540638
0.06016396625767812
0.060662942046910126
0.06411083673033194
-0.0689106529281564
-0.11856673455615838
-0.039978961465805575
-0.10330368177749502
0.15780683943201973
0.050232680395519494
0.05268598928323149
0.2095794847777024
-0.07366915615190162
-0.0526489347015793
-0.182578524977307
-0.05125943271085579
0.18708975921964588
0.05737084183923518
-0.04125193473846821
0.06437840737026428
0.1035562376023651
0.21067391162352264
-0.04080051189267436
-0.01944504270792382
-0.04623761486936149
-0.02953591458675971
0.09763653232195076
0.05047150095022159
0.12345038706565521
0.12960065512301328
0.4000207300782581
0.07022527257711293
0.06455502577445349
-0.044665747027177016
-0.023570001379031237
0.09576916974033307
-0.06878699913085577
0.10702310939186234
-0.08382355708070163
0.09460254344313158
-0.09973154992517201
0.022884714216342503
-0.13427508478103764
0.10874628455851489
-0.031103155118892317
0.03982833455851298
0.043093805268663216
-0.11284350648561853
0.06772135874231656
0.03857017408483588
0.13745442064673058
-0.09411582011957136
0.027446491766604287
-0.08223033315080201
0.07606680475709843
-0.040471593830968856
-0.13684717029805601
-0.04502917693551444
-0.057279149138632975
-0.02596937762195647
-0.042592001810811506
0.07492113134236997
0.026301864243011508
-0.11077863625187309
0.0768485021388817
-0.04313610892146329
0.07693714519069808
-0.0698140370496396
0.040350994634241
0.03694037611056962
-0.02481277586799527
0.06136100465517874
0.045830409809318344
-0.12221050727891321
-0.07632829038182579
-0.020883700611265592
-0.05471274949753635
-0.10606435578360913
-0.0656749456816594
-0.07725511836970414
0.08539585854934954
0.29072496349811966
-0.09262824236631093
-0.04150418210209844
-0.08880299297881628
0.15183897645431213
-0.054372127354937155
0.1431979232192324
0.1285457978233601
-0.06250379694737462
0.040508555272393644
0.05022504796236094
-0.015040789309285702
0.042273801700409765
-0.1313348177915102
-0.07450172469668945
0.05195646087673823
-0.05039247604504226
0.014084136856859645
0.03800456793120632
0.05461748176287009
0.05023024318662671
-0.0707286129123144
-0.08331889290688373
-0.06646834333668301
-0.06786233275981968
-0.05748701520029035
0.04241735027890854
0.04854603237621482
0.0781572135926521
0.14983537434530372
-0.021073384170817406
0.0584207815095782
0.015902827138275615
-0.02965196376226694
-0.12817417044196833
-0.01772436136614214
0.07582816554174727
0.05922351317542588
0.1870096234106526
-0.08301682965541154
-0.09289288553165322
0.054892411026033566
0.04838106164997791
0.026608533368382842
-0.0362388256580534
-0.058825507751319686
-0.011586370715117129
0.09727057789131835
0.030152063031757537
0.011757257381333491
0.037015189932514236
-0.04523663363267999
-0.0593858292643137
-0.0543085021028459
-0.07784332523951903
0.03548463578816942
-0.06816721647492287
-0.36702905751473236
0.19492938521756584
-0.097578066032212
0.11067711097532434
-0.027498829029714702
0.09390364987694094
0.023748132597324254
0.011740861164021054
0.23372068353271003
0.05315823686899368
0.03567794855348345
0.12166262258781158
0.08986390545603586
0.038611418800818705
0.03318520292767422
0.03316437627305272
0.05249065326640068
-0.0928217936309413
0.05416935452835078
-0.0792025605212314
-0.1096859908100512
-0.15274915443246448
0.042098503088482585
-0.11493745698950388
0.06568921937590112
0.030731942331579817
-0.06489168537207675
-0.37007319555445434
-0.04800863976547654
0.05205516202130733
0.003904620568701477
-0.07549901648786463
0.034013977308419444
-0.029774236295206438
0.029013695876546366
0.061266983210958234
0.05702132023725035
0.02605686279195531
0.07852071785738607
0.07449673476575472
0.024695936831365284
-0.028703912900713474
0.04434265294896416
-0.06882340791622525
0.10919075677667192
0.024855128501251753
0.0780207462743608
0.15067188518235033
0.0335535799224432
-0.02746345463201936
0.030718964257262386
0.18475685551568122
-0.09803523117988489
0.049444102254517217
0.026426606257560367
0.3282177564282783
0.16033668511165297
-0.07114263561549591
-0.3760573112343092
-0.04764188515367014
-0.06261929655600011
0.04968369816863692
0.04018472008180361
-0.024063579429740866
0.18616708648457225
-0.04715992216278489
-0.10165964987627944
-0.11583125041890184
0.04092747831828926
0.036871365576399376
0.04646059716684891
0.031702850123475526
-0.015146975152351557
0.0577528317257541
-0.06376221424840287
-0.0800277946494933
-0.027895738568902578
-0.027387480389723023
0.06752785428347301
-0.06605013959932428
0.06253998827099892
0.020284931517520723
-0.3678082444700059
-0.014401368781152831
0.07312297105886946
0.028699566833382612
-0.17793307073121908
0.06728296966267787
-0.07903355395614937
-0.07023909195625835
-0.045319718733766404
-0.11236109818259576
0.07164777125386368
0.005670846120973353
-0.09021634696764216
-0.03067879373992778
0.03705825964198563
-0.020629324872711772
0.027270002979515668
-0.09099582890929589
-0.0049367794385038345
-0.09596600620721972
0.09358931351831369
-0.18692706984163532
-0.31746052510874917
-0.1528642411992342
0.30289456400503323
-0.03949482081664753
-0.036045328026054244
-0.0017872722850525635
0.07347150858050673
-0.08548201886959074
0.033806418441702124
0.023010493839351935
0.07448639839752967
0.12956207838504283
-0.3235044356918495
-0.06183862901037963
-0.022203750473261244
0.07075759583118665
-0.030509305332056855
-0.08259320191285016
0.05748227272249109
-0.031569873334871275
-0.25922759170808995
0.07409730393200276
0.03346143013121204
-0.060784420090697656
0.0809872556100263
0.0355039214851736
-0.019627657922759986
-0.042167232648783665
-0.01773421415417246
0.05582660229079014
0.02879922759445118
0.03417382940056825
-0.07482672803836812
-0.018734412315754206
0.036298867959471945
0.13347850483105228
0.026516987198215516
-0.06539363561637798
0.020595491408028133
0.1598551214646824
-0.036409572735830786
0.0836615879740029
0.4463571494807882
-0.05985489861732285
0.03691177575122495
0.07161571810490726
0.042880531053561176
-0.4299064852189658
0.04066158110846766
-0.10945933028877142
0.0023755700076914256
0.07778671588363266
0.04777422704246208
0.14793954016585076
-0.024708493048317515
0.02599572338170314
-0.0951428317494048
-0.054123338189333875
-0.002603013729819281
0.02889648231783916
-0.01844528966522862
-0.06337515083868936
0.04410376383885726
-0.027748495843509042
0.03763841832097559
0.0980261363805927
-0.02198433638424565
0.03082843049625343
0.044808787838326994
0.09766610171659339
0.11789915352964747
-0.05353801097759726
0.022691988544238987
-0.00443027218667562
0.03424101335056728
0.08955680441960705
0.020613825505842346
0.05580624939746383
0.027478780513691136
0.04911673443383255
-0.04241938678244648
0.041257486071158415
0.03242064481434881
-0.036255294708184505
0.032738460704202575
0.029327035684359296
0.06502845582235411
-0.08715101338243061
-0.15429844960894423
-0.0622808962090866
-0.07439768620677992
-0.03333747047304251
0.049118802056647724
-0.12070961308521583
0.03292566522878231
-0.007004770463025191
-0.057187080483463944
0.02417823393496923
0.02852170238362067
0.0223364760740171
0.14394413553671143
0.05194973382629972
0.060027875756897046
-0.08260694504551687
0.07590806726235053
0.02145597211851886
0.1518809579711528
-0.22375693718659165
0.03557808621560156
0.01612152518244977
-0.025419460217555857
0.06271575460846285
0.022626719470841248
0.038736698096280345
-0.15617656050020753
-0.07806488403442602
0.010795527902236928
0.0366118200368544
-0.19730803705991362
-0.010054706860221672
-0.007390938246758576
0.0039849711226781675
0.031814786739267825
-0.12165231792754336
-0.2706574183581696
0.08881133652988381
-0.019920762870347237
-0.02178425058747378
0.03313052712826433
-0.055727308400832294
0.08756407050484086
0.11821041831402528
-0.14791132142204194
0.045233983773428695
0.024444017517590087
0.018317897488969788
0.13504880321806192
-0.07553856825986105
0.021052222189410184
-0.019544495353174967
-0.17733184584091222
0.018606141053733878
-0.1898947773623325
0.11027213430786828
-0.18984086409754122
0.03309529763077269
-0.2630293580690819
0.03494563385129052
-0.08334657070880946
0.12654854570599275
0.03344709198445415
-0.14258464328301348
0.03376209348850943
0.017006844175598657
0.031333307173549686
-0.026127198068336396
0.032164309119400325
-0.08433034445185203
0.021065040130701252
-0.06365252661107437
-0.023880404702675245
0.16399092219513323
0.009819758422431978
-0.1300097412777032
-0.15059454178392764
-0.04579682713405957
-0.08312661171965464
0.09659082845178643
-0.21139661738868637
0.023733309555416648
0.047302469352015354
0.02325092971857033
0.05140838957323646
0.031107542325417473
-0.018247949988560056
0.0891749140512486
0.028024243303565063
-0.020632633465692572
-0.036804727950711186
0.08601136231520713
0.11363659406280122
0.027556548523342078
0.03497948806217017
-0.07458645116237246
0.01421303751875579
-0.07640828678073582
0.12017634908564437
0.00412998837145702
-0.015908734799870698
0.03849720290401958
0.07017286371635638
-0.09187695568378888
-0.033798785842102816
-0.02249235986344274
-0.022405447870199376
0.026619563505764863
0.013530550091807932
0.020572386690875646
0.023857277580009384
-0.033143932523505115
-0.01622920173485923
-0.04171592962959989
0.00733719112489161
0.020804997709978224
0.002536430908097565
-0.15585543057180212
0.01896940268491739
0.03790093755980795
-0.015613678443030105
-0.04616548508888702
-0.016222069527615356
-0.012041999294271293
-0.009696372081586649
-0.12180097303961991
0.0822001472010298
-0.03043669820230563
-0.02608702301085604
0.02739114924287138
-0.025919954109816238
0.16229053808824903
-0.018294771517873433
-0.15427444073862362
0.009949948032528827
-0.018120993265901695
0.018726876124672606
0.030831657487576093
0.01928565826703078
-0.025890509962202424
-0.03344871726529005
-0.02465488721900844
0.04407341712905267
-0.022215138243453118
0.0479059893068634
0.024237984856463324
0.08324802893605643
-0.028707118405042066
-0.012856048162278378
0.05037567992766129
-0.04018048490245221
0.027924080395329853
-0.018939830179252774
0.12158018710285372
0.06885170949057218
-0.05209764327610063
0.005177735793625254
-0.35410817996802396
0.10323610541251073
0.017443653705748477
-0.01606296501840908
0.02876393026849673
0.008777294005419954
-0.027559385417094205
0.0015881015861509032
-0.14895558337705367
0.23171306248274423
-0.025120801113934058
0.025831843388184544
-0.03728683305329861
-0.10671782620622978
0.02037829217422359
-0.08059570053242923
-0.031511652956226426
0.0653200221029106
-0.0033710876199025594
0.024163575520950022
0.1296317166578188
0.05739787413091348
-0.061407276887320186
0.026175064975985457
-0.06229678012294884
-0.06126858827440965
0.12182904284634596
0.04434734848356857
-0.04971468745673662
0.016117417944572523
-0.04204238955712452
0.019129355410706796
0.027707650552333887
-0.06912006614426318
-0.29077366850695163
-0.044170444222212855
0.0201405940353999
0.07654202262317644
0.025289537009104083
-0.04950516913098806
0.03815827234337387
-0.07279068846163969
0.026008235350950433
0.06478307378263007
-0.04231443071361904
-0.014252625038982548
0.018531792458810783
-0.06022427810342228
-0.1694469673869753
0.09243564543835601
0.023683020755902735
-0.019634538087574153
-0.019403025728364835
-0.10703335961541846
0.06203163895759926
-0.05442449196357167
0.004140006877560581
0.0334297034401512
-0.025048834365381894
0.10304474591130207
-0.061690914425170586
-0.12276880529363914
-0.03666834213475674
-0.16629829961044304
-0.06806700787014458
-0.12339464927976533
0.11278886032865322
0.016427812654234777
-0.03507689812376709
-0.03347443984465995
0.13178416643271745
-0.0246307197961522
-0.04309507467732564
-0.012064796949689255
-0.13600718546675866
-0.09669628368744361
0.005008257754803385
-0.01689888655638622
-0.01970526659206077
-0.045350455924379
-0.023066485082229058
-0.03621595291068328
-0.08673523809639468
4.847801080533159E-4
0.0682224972387136
-0.05459101582506488
-0.030907307159531952
0.04817137946386668
-0.017896715844329256
0.023391487301768682
0.024165288492346025
-0.1026210841842328
0.051128356373539324
0.04051323257371142
0.025337833636569003
0.01915443445648877
0.02101701643337166
-0.08919047723487408
-0.028623358556833543
0.029078111104264198
0.016402992277439816
0.012885317972786648
-0.08029064745467508
-0.05274725462148228
0.020260752638689292
-0.0237211245275688
0.023595064733397803
0.07431227628569381
-0.1630326762381401
0.19450299071112856
-0.11819879173850725
-0.018164800900532935
-0.04457115769623439
0.015887456990217545
0.11488827608891544
0.02450111562192684
0.006073740781970498
-0.12252740443753217
-0.020521336662188982
0.03661129231312367
-0.036572261312081134
0.4525110562731425
-0.0279509004345168
-0.046478985794546616
0.0731096392565843
-0.028544179520183694
0.006440843448294869
-0.027505867708209543
0.00201717235827211
0.03134667042108062
-0.05768147269492135
-0.07538238371424633
0.019936772373352576
0.025385692001171144
-0.0189888933092574
0.0059142077581331165
0.032686226343803235
0.14588398680992376
0.132255424633925
0.005634163134392463
-0.15308560325670048
0.0031292357937214724
0.0936965306900447
-0.03313471603414552
0.05937232234541268
-0.06827046635771582
0.019106548459475677
0.06382016731594653
0.028324764105287444
0.13073144582463647
-0.01697625257701645
0.015095688144349298
0.010420958718282754
0.008509842917925284
0.024328664232715982
0.03788739984345654
-0.016729367958643087
0.10279196195804721
0.042084641536881524
-0.0762695193489516
0.09250024122809238
0.03166630201326314
-0.037811091291424584
0.016475481226412163
-0.040546518650366174
-0.04429091318970571
-0.05080580312788839
-0.17134365588784423
0.026990207521081274
0.01858205571609129
0.05600166424243117
-0.0509568012148109
0.005028904087929108
-0.01548983570175115
0.03403228617797934
-0.07529388541258533
0.053901535834792506
-0.007182416944789099
0.02043755772613864
0.03922712433883155
0.020345970836297862
-0.04313019268077643
0.15197793963274692
0.005662931333672068
-0.09289496612549993
0.041980932744444324
-0.09245774086901788
-0.0282036176191808
0.01276771831397649
0.11865865558567422
-0.1552836574823118
-0.016305132255685213
-0.021102440422539743
0.07783994721333178
0.03618046083561291
0.05971805361032472
0.048771399199887246
0.012477009692747064
0.05521951559971309
0.05050900424774749
0.0028496477083794947
-0.007951763521781825
-0.0875842438891904
-0.03610254509891953
-0.024161643870789277
-0.05463821401119273
-0.035006303066104937
0.12613452056926155
0.09391243550866073
0.007595053613794278
0.09781780124548103
0.029757585138329542
-0.027796169627475453
-0.09579234582485281
0.036580389884188574
-0.07610747871221976
-0.03404185326320218
0.03385603547989024
-0.019188066813576713
-0.0367336306890113
0.015845063419753676
-0.0488597982838791
0.015939912645109702
0.0041521573634391165
0.05187932914615906
-0.02227568847434647
0.01922696805224949
-0.07228911237678884
0.030822049768158933
0.07052980720034481
-0.07069815909282726
-0.0989425234307088
0.011568973567669245
0.015561259063869941
0.09178911299503224
0.0485759259481103
-0.048617564724432676
0.0021752317023022985
-0.02378657070211256
-0.001160090366391112
-0.03966668988273866
0.01877715402304254
0.030481069229616565
-0.03852445245970269
0.0029370497005087714
0.09681972615870982
0.030684556120169123
0.05129238162420917
0.026449626169415104
0.023044104561146986
-0.06680985013048163
0.016316906066731477
0.06916229616657402
0.013001851437097622
0.010555068036707764
-0.07499844803590001
0.0284254391166946
0.0202297373026816
-0.040258171582770806
0.019660209732646313
0.03911768387789332
-0.03924196256727365
0.023607098250273777
-0.10156381878734427
0.05277611413434604
-0.018180014890606024
-0.06453263513721982
0.04007618614385049
0.07076588982892465
0.0369710985895854
0.1325540279538821
0.02437597865965561
0.011290322323256356
-0.03444474454225918
-0.016738381276273247
0.014968281983362315
0.05210882351362906
-0.0032096081519716584
-0.09373958793578886
0.044557506507428075
-0.08781079815258924
0.041809770544658495
-0.015362903951777872
-0.01947980844264461
0.035301916596266164
-0.16573345422261215
-0.03296776479768998
0.031654973419932765
-0.009592285028859854
0.019300704778152943
0.01204342187169391
-0.10104272766262981
0.009647604111701635
-0.023654248320550995
-0.006217479544909617
0.007944974552067195
-0.04989403748958812
-0.021889476496515743
0.024463760682466026
0.013525019505504153
-0.04862760417674232
0.07949774921133282
0.009427296680541193
0.06595208699485157
0.00838432666086884
-0.010176944552426376
-0.07174866997428958
-0.025858779554002502
-0.13185313633372825
-0.06485490055118066
-0.06212426164682724
0.02393502738065986
-0.018343849918451883
-0.025892782720776587
0.1398733962965686
0.04699867659811066
-0.014885434745011753
-0.03057800370355262
0.05163611437643836
0.020361053754235667
-0.02665191189231852
-0.008820584424460008
-0.05329722117980447
-0.021191001012679202
0.039450730688606404
-0.0289481048829244
0.1960520882179154
0.008325123854267065
-0.2552666162827808
-0.0120458902253081
-0.05074148250551753
0.027352469033261592
-0.017324214310329007
-0.041907273371783835
-0.017964890488177506
0.1260279037509469
-0.011387938991921004
-0.02056463511935289
0.04842264325690119
0.1389573449392418
0.07402288098678315
0.057826149843674804
0.0932369112151835
0.03042602184014019
0.049189863464459915
-0.023101468050498557
0.19639058390343642
0.06013464593060335
-0.05929974728163245
0.006843646255841206
0.014626050837392615
0.00420585364560938
-0.010606684659318006
-0.015955681398168265
-0.014580188895838647
-0.01208448471298405
-0.019491008013570153
0.014454150217274279
-0.03766584342273179
1.4675023292441027E-4
0.07082394935983337
-0.063947356946276
-0.051910022835523435
-0.23638190834712808
0.012126380543078226
0.038782954322669906
0.10183397778777278
0.022672729438891946
0.06225535877549996
0.05158031762257996
-0.02013152331316016
-0.06112230886911162
-0.03919620689412799
0.017927353935969892
0.04084146517946468
0.016052346135230985
-0.06855618720299848
0.034370478728393876
-0.023334034532152877
-0.011520966809983952
0.08099425915939382
0.032644382391536844
0.19002026175213166
0.0043647442079523925
-0.07912289720206
-0.04095216148675646
-0.09222681901620537
0.012635462143481107
-0.1197663282943985
-0.0343906890845339
0.00392778279061848
0.0031163113616330938
0.012123238963025971
0.010252258623006445
0.00983186925334234
-0.011476699950230842
0.046790065967926696
-0.0548025777446698
-0.061737807246633726
-0.20823649169929673
0.01885411741570007
-0.10748904293186537
-0.0228102523885425
-0.09711240633945141
0.01734414109619179
-0.02736842841981854
-0.07400220770319177
-0.06921332958853282
-0.026867463633395473
-0.012072547972540131
0.041148685830411875
0.09373654869462249
0.03645330076453639
0.05716836216688886
-0.05253484755288254
0.03259377754911094
0.06700729752779795
0.03270048740932853
-0.03809036111834203
-0.029560832010842274
0.0512080752800896
0.011231153920591158
-0.209640929154734
-0.020984692302618395
0.018123167742773814
-0.019265383264098684
-0.02369580413434569
-0.012503240103908068
-0.03626422222715629
0.0023960248468159794
-0.013448611115230671
0.024510486979464285
-0.03965673703259401
-0.04318888438498447
-0.14001738853004406
0.009899275228879362
-0.015625019175035983
0.10800229572264841
0.22701944024093496
-0.06453551977299339
-0.04812514084959841
-0.003259765698961504
0.019625674111143483
0.03650907110744592
-0.04243523420773888
-0.16280551612675978
-0.012483440930704765
-0.035987784968646803
0.0017106329307614854
-0.03503070134434708
0.07598779865538766
0.10567507745315055
0.011161367276654047
-0.027447384379436408
0.030129168335544583
-0.01089935211769001
0.020309737873818186
0.16688765860778382
4.1751925099061527E-4
-0.0965435747237595
0.025329685877738168
0.09044825329600742
0.05388122036007098
0.024925778731659354
-0.054405227861791264
0.01005104747185371
0.007680251580513466
0.02605052843645316
0.006941915745945259
-0.022154331497118075
0.024904534108895152
0.021201149909427158
0.004348817128741829
0.02977117475609677
0.02598406027619794
0.02543989890232171
0.01103103072925271
-0.017239349798595253
0.04605832500900951
-0.013555040596919614
-0.00720391041786397
-0.03965655208954095
-0.003697948410190785
-0.004430607396620403
0.01689603786367384
0.011279813558712687
-0.06196213590575726
-0.045617490000756135
0.0740906023053737
-0.08641484566753962
0.007348429642012512
-0.002051760646998717
0.008482087342129865
-0.020606414560415703
0.021125984995998492
0.010573247095715355
0.03142907140197185
0.004656791554142397
0.04573292104478614
-0.11319267775970258
0.06359368545054932
-0.11551766072333604
0.007695515382320198
0.19427471659096654
0.04286981523373955
-0.07810499143358375
0.024691744170644004
0.14305297501704575
0.07164481172394493
0.06866437931443549
0.20795630577517968
0.01582199092261656
0.028203900006258217
-0.07964667794272492
0.0812749322862269
0.18992720643707378
-0.07018960314409477
-0.019587799655606385
0.0683402324254735
-0.003584963467111504
-0.017493050618200792
-0.009482681008564297
0.021147944882348613
-0.03120907591594025
0.00814240757421406
0.013076494428806738
0.0067186130526654415
-0.015124701155731711
0.041992156739164135
-0.006672620927873499
-0.011328035134759105
0.03097264939521582
0.01793737366121594
0.002007674987137555
-0.015177164840144803
0.014030253567802119
0.03401714861563249
0.011697170446794802
0.025779300154846557
0.009001155906547383
0.02768535836312666
-0.1747792646565154
-0.023024718547053687
-0.04771322276118442
0.010354811018814752
0.006237980124540416
0.048452195826229595
0.02018456308295472
-0.007615223245500931
0.01854460508866845
0.021527200203064242
-0.008745850403770457
-0.08819852861007357
0.010940022533866613
0.06086028949291655
-0.028500623545205626
0.015207093895461777
0.00829782719164576
-6.847924250494874E-4
-0.03724186005929759
-0.019351040608252816
-0.01341546478895212
-0.030561148926887473
0.048569902559764455
-0.014798565102990185
0.012442604532079064
0.019565476284873977
-0.01667739997659476
0.05686072815155432
0.036006816211527376
0.021353871509663707
-0.026521171495820336
-0.06975289512850359
0.0014373613581140452
0.018144681168870906
-0.02524631878592198
0.0052381820174352625
-0.04861589198075611
-0.01370153099647178
-0.0996990303142621
0.001919319358318276
0.02887900624723919
-3.811861114663705E-4
0.03205066135659752
0.09940683254137829
-0.06137590030187545
-0.018532139956523384
0.08962046156091079
-0.006723109663199089
-0.08441428909836823
0.07503475195379043
0.03165088984499525
-0.017473246505256092
0.038354634762419196
-9.690971023801286E-4
-0.02009487483075377
-0.03487846461659625
0.040023685801724766
-0.016297045817579032
0.02969616031100754
-0.028767564217966862
-0.014043677741643602
-0.09281409077388167
-0.04208111973413336
0.00588615014028576
0.02481263568870189
-0.027261928363870442
-0.020353762809090424
-0.0020434738756313583
0.014784479025665261
-0.012106452591555902
-0.008706764700781803
-0.019274800276659173
-0.0533731559313394
0.03924446150882958
0.027311488145474835
-0.006240265678910761
0.010122633108514268
0.02187846277352927
0.013123101159793997
0.08881113994743471
-0.0513109162619265
0.021416941815170606
0.06174843824687836
0.053929711469132904
-0.010894075063143178
0.015639612810521057
-0.015946832315680066
-0.02522883168864399
0.0344321813160045
-0.020275768862347582
-0.016389784514238538
0.03333891602260048
-0.021642809508667718
-0.017121021267564082
0.1959673713327028
0.001815962603537034
-0.12242698367138724
0.006301221525760636
-0.03131404546223726
-0.0302306754853739
-0.008333650469171307
0.03353547449564582
0.01872377056681921
-0.015989579946020734
0.05931960250352287
-0.006020358970334427
-0.015203414202724638
0.0383184619195887
5.609884832320026E-4
-0.018918803565669027
0.010972572530228175
0.041711763384424776
0.00480913090567372
-0.03540626991239411
0.02310826191149107
0.010203177170551053
0.0367124637519414
0.018817846690231153
0.014956850063619003
-0.014787725480118625
-0.013356306351992633
-0.06369507501822023
0.046111689816888686
0.037093980996863
0.11219199186273603
-0.023308876164603663
-0.08462895426155871
0.02953364496544522
0.011259251883424711
-0.0556221309487221
-0.0641298597163674
0.024873696484649925
0.07346144331468508
-0.009007638195408124
-0.03549196069161866
-0.03992593035143063
-0.01828204443687335
-0.005480471327378996
-0.008005455039315938
0.02767398181298068
0.027339664463916304
-0.0169511749277861
-0.01463010720339573
-0.037212806714807777
-0.019008432597209014
-0.025918778047158152
-0.02073964441658782
0.004933756902682912
-0.20618644829950036
0.017559803624955354
-0.010437314836191838
0.020406423002770513
0.03553300973853673
0.00941910406975849
0.03636081090126939
-0.04168227946524045
-0.07884275245163865
0.022514659126623315
-0.017147808167863765
0.048444317430740874
-0.014576005312085754
-0.007523626737222487
7.261364503068096E-5
0.025183161073597946
0.028772929423064104
-0.033974219489740436
-0.023217023952283266
0.026659527571304284
0.05882305451132018
-0.008255511604748878
0.008561074512400556
0.007327322199563502
-0.03376815260707189
-0.015586373099915705
-0.039398472565633905
-0.018705197460383842
0.09478544042201613
-0.10949566656438009
-0.02864933746070311
-0.1010713406075366
-0.09452151919655273
0.06503355984639514
0.011605875949332285
-0.01210980464624111
0.0187814708031731
-0.00996171542705776
-0.08229545282439356
0.0665752583706177
-0.028158787136791746
0.03710056635029879
0.014704401866830372
0.006960147732748371
0.04034096871225547
-0.027854892878109334
0.09253901696158698
0.2606985647281884
0.051427327080296396
0.07588183224704645
0.02586745383413142
0.012023900082665887
-0.12367279193323025
0.0256477726053344
0.09031454133923361
-0.015461584019262366
-0.007180552230958021
-0.007731997984052378
-0.07016542160659159
0.009183002228323056
-0.05668996330573645
0.050893512826373076
0.018425937842162003
-0.058510426398711755
0.011325800846541079
0.02858079534053506
0.0018498263218567608
0.005950219434876342
0.01340130377048275
-0.05832402793032637
0.023394249852574073
-0.00744068443791277
0.02403854907730996
0.026916514596409
0.01502873511337324
3.8620591586126723E-4
0.03263721734229883
-0.030432188235069397
-0.10846343716305111
0.020484817567347748
4.4627981395413136E-4
0.03936602945051716
-0.00965101161982724
0.012730946004912648
-0.015873633144338938
-0.059711577870810266
-0.11660588571213819
0.05752781827513829
-0.005984601955916555
-0.05778357870902599
-0.06248836192768528
-0.014640215583469587
-0.014132173985276731
0.010193302244424359
0.022152400441458036
-0.04474579019735828
-0.032236976566526854
0.006373764693761795
-0.008616969538323187
-0.022225483226379867
-0.02671791609217313
0.016893988699202715
0.004130471050846242
-0.004591577543251418
0.05774135035030664
0.03480542640769285
-0.007228410317252119
0.005225761221802923
0.0801359894399907
0.004209884944761006
0.04899407716028377
0.018096037551657514
-0.05804084356878568
-0.028886582936639336
-0.041319862221183765
-0.005291563487991288
0.06696897191110276
0.04510575947950386
-0.012091765654597558
0.006951258899878965
0.103382635233163
0.06948301242958159
0.1480605620275258
-0.031157464059161546
0.06639225518489247
0.038308259300507824
-0.034943879399436356
-0.009534975566699454
0.042297683323555164
-0.017087791382525818
0.13567438133459003
-0.0036927828989457437
0.008032938960379998
0.07048233577329081
-0.010661793375502163
0.013999767339381153
-0.003432410962296533
0.004141847977182835
0.007065514502856194
-0.019127443119288542
-0.027279768585594364
-0.02708848502105203
-0.030694342327581562
-0.07097051194973296
0.01759610345168614
-0.024886048264633732
-0.015250848706160358
0.072705929688326
-0.015728981389688097
0.04462375352401533
-0.03054512127761932
-0.014454739967908
-0.020762822132486678
0.005837423200849159
-0.02622286476995329
0.0194645735926702
-0.012604011385763605
0.019100457377075174
0.05928722777340045
-0.16792825491573124
0.044841461991820736
-0.04468303651648048
-0.006796838232498358
-0.021592649832807315
0.002533365499200577
0.05922645826417365
0.008896468198194693
0.034854635439422806
0.08244526327067427
0.016730000290398825
-0.09810397054017672
-0.03794357448675511
0.14257487547693473
-0.07590046081898379
0.018452755059091223
0.018952304003164874
-0.02198843214515949
-0.0741337656065425
-0.10014917227670912
0.07088887504299916
-0.059234684855809655
0.10174851206933053
0.014638505971175195
-0.027015546551787336
-0.04171651943908986
0.007778923348785294
-0.016963487099632465
0.00802424954265318
0.0045761628030199005
-0.013452865853487681
0.03276619658380957
0.005282340611539658
0.07880702174385858
-0.038084526471570505
-0.033047593358382095
0.05123359692497743
-0.02109827871869243
0.005021506742291398
0.015488607623822015
0.016678646380897836
-0.017971444002450054
-0.015092927806508546
-0.037817993608242166
-0.017841252607528578
-0.0012028989178004342
-0.010539587672775361
-0.01627687435575819
0.01702370369163184
0.1160474068355926
0.048130633715189566
0.013510715423237665
0.07560770912271587
-0.03148980963396781
0.007837883690067856
-0.001439244801817631
0.007961192058638086
-0.006492465216171784
-0.009981187712206773
0.025851286016818128
0.08305505882192774
-0.044809615068987646
-0.04692082636549407
-0.058587646489561024
-0.01983406577841765
0.07151415391699985
0.007086636015322444
0.07059500735658972
0.044114963352804876
-0.013482668602803312
0.0242992687956487
-0.03295945761863356
0.0033084095115117613
0.012376081181983288
-0.07584939179409109
0.03338442668950821
-8.362322619822261E-4
0.006290060727972353
0.02104091812803446
0.00850293668294922
-0.023714873573765033
0.030671257427661493
0.031050389076060017
0.028599750969119955
0.016048386418242248
0.04746491517285736
-0.08612208680957562
0.033987109147559126
0.00968906264163141
-0.03545009851745283
-0.09241616893222726
0.011427182581225322
0.14513412971287243
0.02127343438972033
-0.06340220192525964
-0.07299647452931245
-0.03900583152866711
0.01135630838286551
-0.017881618634316823
-0.09931504207064254
0.09644222844142586
-0.019994190135573752
0.004975402277375664
0.029514178008561615
-0.05380978087475935
-0.029453299809109514
0.014006268586456252
0.03673484404039843
0.00356144292029766
-0.07547025598441784
-0.02564219423002728
-0.009718450221528114
0.018021003706185458
0.07378802101496432
0.017773139493894908
0.05026315247323107
-0.11552492071895376
-0.014242290883101355
0.014179977770909923
-0.03469073430497688
-0.07658074353978826
-0.01731352199815164
0.016769932763231795
-0.006474533332221308
0.056206211198336145
0.13035554480356165
-0.010255798502987377
0.011324040693670745
-0.035717747466541265
-8.476023551156596E-4
0.0236658734121846
-0.14580918624019393
0.014772297198117892
-0.046202724186024294
0.008654789468459916
-0.005761870515254718
0.017622096736228016
-0.009872434791162055
-0.029886910594934025
0.02222064435622695
-0.02472273762390908
0.01883682756523332
0.03174378694010938
0.008896604130640508
-0.003792032005241108
-0.021082699884739042
-0.018846668967839937
0.01668966056771877
-0.09666827652957052
0.001737303813149721
-0.09135102295357163
0.011973809446161096
0.010144231207477821
-0.05022469683443349
0.05611553826493474
-0.0762744170211046
-0.3271870571002115
0.0760136527312933
-0.010139247493645746
-0.1328653357418964
-0.0026447877782537622
0.008274389370053465
-0.015720295719101038
0.006867274453377579
-0.1355555782602745
-0.031085596438554675
0.08283374067587594
0.01584339865242051
-0.012747312744122222
-0.01765683898389976
0.09050012585066528
-0.004886608244436885
0.00695779411591444
-0.004357776395152215
0.018463017247704796
0.01910015654882032
-0.06714556458208078
-0.10463747210656282
0.01612155665395844
0.02785322493306346
-0.04566690655328796
0.016423670889220674
-0.07082307746184224
0.006335288584990988
-0.040577355974759824
0.0734418422698621
-0.041140375030150514
-0.012931935392341538
0.015595046064419422
-0.01293158834509336
0.023103282992653032
0.07544448424606336
0.03515526105657606
0.006155568500244761
-0.018903582732403754
-0.08290659549232686
0.009559075617212873
-0.0014514828701191486
-0.044639474958232506
0.005839020591120166
0.014056872365531417
-4.5250972854347536E-4
0.009860607786455085
0.010974909690758332
-0.0885416263196634
-0.01889563049509981
0.009764072237382583
0.009960584251719178
-0.022893020784016893
0.006359542197445567
-0.0010021562614767963
0.1579468049180047
0.0712068905343105
-0.13910436610429003
-0.05645211721773517
-0.027310598858869488
0.01361670444810991
-0.11876819264652344
-0.01973175715391253
-0.05731366090708552
0.10106440440346594
-0.009661707343393318
-0.04114902677575427
-0.0506570585946519
-0.08016366732857275
0.07874177538199748
-0.12143592028579628
-0.014956743266847672
-0.014876699728676416
0.0530019550711006
-0.11678814778030498
0.014529425632111688
0.011129009573379351
0.018351690436025254
-0.1273587667520382
-0.001425125497508397
0.043035835637849254
-0.017950290974213103
0.19727300162053996
0.058992430430351135
0.022771442804313133
0.049677975658957256
0.025669765435326737
0.03428649689788646
-0.024068562692030546
0.044034291386322096
-0.0441419353685801
0.011335007191279936
0.07363869066625207
0.004586482134804447
0.016390022142664277
0.009049560532454457
-0.02289012821185959
-0.009205837116029788
-0.019127663769824436
-0.03175967718012486
-0.09306137841488042
-0.00531090919821452
-0.01314953402509081
-0.027900504730859907
-0.033200966684399605
-0.01879826444071023
0.006378926097251825
4.696617111967514E-4
-0.007559862008411472
0.0024572725453325993
0.09854029913283378
0.014015535816975414
-0.005823352249820182
-0.02004159858471417
-0.011156771837855156
0.05217593537521541
-0.0013472244300354725
-0.010092246762636562
0.015718567795896365
0.017365826925230636
0.013875256665879574
-0.007461612055522793
-0.0015402030567813754
0.07284925942485226
-0.01648602546125302
-0.021646079097671814
-0.019791812260135946
0.010476315368493968
0.016484696625704943
0.05453791156539418
-0.03212143075020287
-0.029378155064825436
-0.007060969895186627
-0.01508318230536849
0.07414309040431402
0.018141833798992223
-0.010340754325321834
-0.011520939981987154
-0.0799425647624755
0.0272048650144007
-0.011448045509605449
0.006623412255768411
-0.04159821941314776
0.010126400694294563
0.0028558637173811256
0.0155506166521028
0.013414132995211304
-0.016926036517954383
-0.0035047714201644955
-0.007930504806980319
-0.0089718724394045
0.034740892092165625
-0.008164079531693836
0.0034941360972420934
0.02284098531509221
0.0345911083817364
1.9075201767783937E-4
0.017550208946825848
-0.014032686532325457
0.011913048016456412
-0.03407412426534913
-0.008599147300024007
0.05718500245470771
-0.05973382605746666
-0.0622785794980295
-0.027298266493622412
-0.004710497630945964
-0.03573919085866628
0.036551438114063126
0.011490274816868436
-0.01697080547734977
-0.04576437372357482
-0.022337914800297138
-0.12016180521991235
0.017273893478875937
0.04153472390638561
0.020530847661205758
-0.022253275229110307
-0.01244268489874555
-0.0355901720028533
0.014911909915508276
0.13747746693047275
-0.009107212875883302
0.015996566980576242
-0.007730228329413064
0.05452742301996022
-0.01456272652932577
-0.029003895063848
-0.16538822338340992
-0.01478041246599368
-0.004140217637886505
0.0048497242700421
-0.01664472286266465
0.1594346061436716
0.06929124954098673
0.011773039113045763
0.0034078738782680885
-0.08399991353121504
-0.0585611356057989
-3.858458427787704E-4
0.005275118397427279
0.0021112036330476675
0.009345548328072514
0.07296198511045009
0.044684748939024375
0.020307513352261403
0.03408239362305779
-0.00688182975925161
-0.05611366287336753
-0.02110492561234653
-0.02409932964795996
0.13869888405455838
-0.00762457970618969
0.009144315947971712
-0.01878214073550572
-0.004135723897403331
-0.015502752813245839
-0.002538533606846775
-0.0525416087987208
4.8557880996888305E-4
-0.011537858019483361
-0.014225701364520333
0.006758067423592369
-0.022577772540574203
-0.01908812662388691
-0.046392697400711856
0.01017568385996374
-0.024175081969749827
-0.016449788895960684
0.030148321775175683
-0.07370339173472464
0.06331147702983031
-0.07109886575552127
-0.07294698798475345
0.02457127890217623
0.013585443578013754
0.010224512202201557
-1.590467057207301E-4
0.019279330042072367
0.04800605559158354
0.0684694443557009
0.02456833140014887
-0.01753180328535234
0.09735295794124173
-0.002811889159233764
-0.0073819187679843926
-0.010970515053237338
-0.015391242843471827
0.025799336906373375
-0.0010845114937533275
0.052291229163114135
-0.10968770085276343
0.005654018519127643
0.05551031989798218
0.010095840480185607
-0.016307363816385628
0.09701195396853655
0.027744970187369954
0.015672375991849122
0.012002198197161626
-0.005810797350230004
0.04875166199473838
0.009976397528742824
0.041160205964234114
-0.01515300575788949
0.12373434343403737
0.03226965742119622
-0.09093577297871885
-0.018589351217776336
-1.7391784033556098E-4
-0.028318047340814546
-0.12226492163170266
-0.00585819198474428
-0.05164761367693093
-0.008475982723122333
0.029412175533497086
-0.00795242236886964
-0.0404357704478739
-0.13520741856788607
-0.0475606704256343
-0.11981588706541599
0.007277683678299089
-0.008914308037395992
-0.023573573029482812
-0.07289897539347183
0.07696107902565447
-0.032541690527203175
0.021008505583853497
-0.0052702180878250945
0.0396939248256451
-0.07860373540799435
0.032587012087105106
-0.03081139746782276
-0.003649184209583445
0.009474779883638052
-0.015202487696230314
0.035311363500159385
0.031809707675371716
-0.014995300753030707
-0.05099025322326712
-1.934188749971324E-4
0.15098762262642443
-0.03354724234610223
0.011069529180643828
-0.026791952507428694
0.04273834990154828
0.0037371450088525596
-0.021923468174108836
0.030070013293913053
-0.07999048448021572
-0.010246323288396711
-0.016285322868036616
-0.016067926632847652
-0.028365842936312703
-0.03155274457516857
0.03310975298336341
0.02529886375146382
-0.04767057211992515
0.018415203624967097
-0.013184155809780738
0.009131564469473987
0.021830056207660938
0.03784506762445866
-0.014405924063783864
0.007128890545934295
-0.011091106748667538
0.006168678091207162
9.609555027197155E-4
0.04143971718141016
-0.00466636525401599
-0.02502309517301781
-0.05617248171591861
-0.09957013906894373
-0.06636452263355318
0.04558374974448723
-0.023718110708388966
0.040613068226062136
-0.058804136484849126
-0.0036383792767301173
0.005423359461411046
0.023283811461164428
0.13463306543999098
0.03279270790749989
0.05831874678350073
0.009171674848801646
0.007451390488526491
0.010206040642379744
-0.0019346916086515555
-0.04517296663751139
0.006883791408720027
0.0611185831273959
0.00783973346671458
-0.029164555234256793
0.003030231805256563
-0.09403369968576428
0.028448728192003492
0.061671465317164754
-0.04044017824974132
-0.005885653510255629
0.06040093555167938
0.023665560017586986
0.013879087646182908
0.0771676364168025
-0.06821924510455371
0.03804918595079621
0.004879600460460262
-0.015558806553691244
-0.0023338743728396963
0.003151587952223996
0.011686723555408254
-0.03676841614162272
-0.017141972274381835
-0.009237921513698764
0.007188108297159073
0.011919277043158516
-0.014254034999602873
-0.030567492579776888
0.006681815643078323
-0.0476282255155322
0.010796829007573611
0.028232231666815828
0.044109302396594316
0.00896026904819318
0.009489507274293301
0.02427003545174187
0.014797403978839814
0.07680211350119377
0.05221358717154052
0.0030455142539276827
0.14291909442860481
0.011622755498900374
0.011320597866419292
0.0042985257479867135
-0.10913251221114455
0.005039625810477189
-0.05665588093946103
0.011933692498649083
7.375313347177836E-4
-0.01802761942401904
0.10697565468478128
0.048905727420539356
0.013361619916791237
-0.009341757976762401
-0.015734140027059904
0.004135019599508641
0.020459105367032496
0.0019226851003869558
0.012303094247612223
-0.015512579585183123
-0.004450422399195538
0.01727037687909973
1.296266314888093E-4
-0.022696190948821554
0.01047633914015878
-0.08503783899434239
-0.010356775803543852
0.05411004028498264
-0.006511611504811257
-0.03840266657970305
-0.01296082990686962
-0.048214292828234466
0.04166355730500175
-0.010514667813024773
0.05599345798493081
-0.010074873128313006
-0.012536784980254352
0.008075227386891747
-0.0034320810366016475
0.009818464086404225
0.011607097766236984
-0.01669698823950482
-0.08892631029166057
0.04431064647582803
-0.008920482293283894
-0.010464593782019535
0.05081625835003777
-0.08708086722546599
0.06489663683102735
-0.009255639552492098
0.059017382528941245
0.04099658703992066
0.01546063450204689
0.02280302304673099
-0.0038001267746684384
0.0473274934458398
0.004457143712769128
0.07687729489862702
0.0031954298425375467
0.02193528501967091
0.02064141754099451
-0.09689724287396341
-0.014949028418870853
-0.011930623575933712
0.03523611415868447
0.05437679127085578
0.05156662317494318
-0.0019223625793469703
0.050928718611117585
0.007435797838435393
0.016823997758837767
0.015397342579967206
0.023928585887132328
-0.039419648428383386
-0.005492860952021247
-0.002205071689366837
-0.0387879491586017
0.04108760584286086
0.013641793679839203
0.2600026012063633
-0.04401268404498483
-0.022211031601533496
0.014370221141995142
0.03163025180024322
0.020596071336168142
-0.004824917452894249
-0.036522246494260904
0.00496188785750617
0.060001023147581295
0.011866640987548409
-0.01057597064892161
0.004566834388638461
-0.014372826054006976
0.026310238355155658
0.009527750693749963
-0.011653362880298673
0.007747649024815386
0.009921158800429729
0.04150048992412918
0.007043724283076872
-0.022525255034584375
-0.004537230087613676
0.004368981568515131
-0.0360247993903367
0.0010780619873031673
0.04159735557796133
0.0547740052746475
-0.010299938798819597
-0.02195366444528605
0.026928691829574667
-0.022592389531908667
-0.14005312861306027
0.005360568337375148
0.008703418114687883
-0.14549848590240058
-0.0048844069314326125
0.05676715863447443
0.011968242361602386
0.08380106347774223
-0.0227334631929994
-0.01543741981428305
0.0024618866710706244
0.0033512953075740203
0.006041034954443389
-0.07321414423618798
0.02320975382121919
-0.006625129958931578
0.0061426203572362325
0.028373570895068704
0.011691718782310108
0.005443834541358293
0.12008274310309074
-0.022318632245565354
0.053846438068047835
0.010599387690591924
0.0166255993475024
-0.01325878313799491
-0.015782243447773174
0.05321745985858103
-0.0016997720137580663
0.044247369059949845
0.07581670420594204
-0.003113263168819474
0.044225003061910115
-0.11291969343815599
0.013100465467685233
-0.014432757142333582
-0.016545751427894557
-0.006880928802298254
-0.16255993730711424
-0.012681899243568483
0.014339769376449088
0.027310450519702035
0.009152559902166901
0.00469129113916267
-0.023963301410246024
-0.019639760319999592
-0.0055201225324967166
-0.030903512656128056
-0.05662071098299459
0.013579226734389214
-0.003050385617471996
0.0365140664992209
0.029951277193226777
0.03184153766934817
-0.07677595521889162
0.04735981368539348
0.13989465797341344
-0.029147497455894428
0.027383516924260193
-0.00994894104785828
0.01924257229708892
0.002031202546073287
-0.09777701412923201
0.025206864516357626
0.056494479749207516
-0.011942429983191255
0.01362399260545019
-0.0173783235239596
-0.006157306528049538
-0.00429486763071602
-0.09196712437621338
-0.012702651259712445
0.04720798528054311
0.07080245709453199
-0.06005495137863347
-0.010105500571045827
0.00586079486097515
0.010877484237178114
-0.0012440926494153752
-0.01290805984274694
0.006351754824174677
-0.04932855808201591
0.0032478086347653705
-0.03402474328077901
-0.009841456471027401
0.051014390684021235
-0.006905917114949795
0.03537633649565397
0.03906071640057175
-0.0147771900019324
-0.0026589655736646437
0.03667324794076076
0.041300284942966524
0.05503179727195459
0.024626154047711082
-0.008789202794884411
0.0075631767855086985
0.008538810442953862
-0.02639770871824378
-0.15397995001171028
0.005134327032022178
-0.003547353998136943
0.04010347512684262
-0.033537433439743795
-0.02505128517430838
0.028556174732357928
-0.010107822896201747
0.017525275988636815
0.009730753029948148
-0.015218908598286226
-0.054293204461526384
0.0029904100489757572
-0.036963022890311184
0.027038819815188582
-0.05848160713208095
0.004037608707044282
-0.011240765581701716
-0.009826003392511306
0.0050678070293458865
-0.06630433691033481
0.008974455411246507
-0.028724806605335617
0.021486987195618357
0.009485511240712691
-0.00927956397529206
0.021428757148990757
-0.0011354941452752904
-0.00734143665194733
6.630919682104677E-4
-0.019839582744670577
0.04702636408342677
0.005810443240997557
0.026677895092825858
-0.007221604684976495
0.03504954111373796
-0.06121034248929384
-0.006167644989696394
0.022533143856819832
0.029603172046026173
-0.05873326488545374
0.02930153810545427
0.024122664358120317
0.0025925422582671886
0.023581459272357247
0.003145512193434012
-0.06499764079705926
0.00468731500911579
-0.0029353550265678817
-0.02676558062270374
0.015277447196955672
0.013910458207536475
0.04105375004052647
0.012843525992749152
-0.041202031056449234
-0.009028189057485092
-0.019811707547531084
0.08170728401614298
-0.04532102886014369
-0.004471080844404575
0.03956137610012441
0.10182573146831816
-0.007873968994462166
-0.02923239069117248
-0.00364413607692397
-0.0013657632236449067
7.958295045954317E-4
0.04245452005160354
-0.0072200135455374025
0.052122214632976616
-0.012627119205053565
-0.022615387851419054
0.003240832720973425
-0.02057517570029062
0.03637304544211341
0.007206098103393451
0.003939202050223288
0.005437171531046125
0.005622729621509407
0.011594176226053266
0.007523210039838951
-0.002016183647465299
0.0067804489601685615
0.004784042987270362
0.01992732765521963
0.0225283745227151
-0.007270672998205905
-0.08231230242441993
-0.041497865679239444
0.042235140164889086
-0.034697432015926524
0.10563713536852193
0.045613487131735186
-0.04466499536860311
0.03281324985363402
0.04805356517627
0.041847553493032215
-0.013769366963897144
0.023822460543237625
0.008146691298274807
0.014979638946386526
-0.015682702941225812
0.005070384670929069
-0.04995407877567539
-0.0036964633732881535
0.023648289304869362
-0.0011088045815829694
0.012343405277589207
0.06534124174195975
0.03815264867489247
-0.010798014485624908
0.017228586981692155
-0.03680490814960769
0.028823538199455094
-7.083465232869439E-4
0.0057304524398848105
-0.013368293046854171
-0.026293166066949845
0.17129953615983087
0.011409211439075893
0.0034664083357663624
0.0034581902470020983
0.005876568294655815
0.04610659393501828
-0.00931252495704222
0.007639311159918946
-0.03416733626031302
-0.0546012083013993
-0.006914658448178761
-0.009424212986268356
0.03774733418786341
-0.009680270087152897
0.007588145098376626
0.0022452661397233714
0.011091530866301267
5.353625096876379E-4
0.057734229441167524
-0.028394776591692608
4.386004817594397E-4
0.028285413904196553
0.10003263902871118
0.01279950404840038
0.01688303000365955
0.010419696280250614
-0.023655293513638775
0.04583706585628505
-0.0510900895089459
-0.0037467773675148534
-0.04300500193963912
-0.013783764956934936
0.00904814809757369
0.14025617683777283
0.07115016506709136
0.025646856559562666
0.0034913585703306594
0.0032067195578782954
-0.003194405613768337
-3.348092645235736E-4
-0.037744288687113256
0.0029236095237583056
0.0038721893323438055
-0.003995995589052765
-0.01269726917855412
-0.01785054976492923
-0.0038388655785208934
-0.0906603599975249
-0.028883574728302042
-0.008766601235324878
-0.036374029454194004
0.043886256051211166
0.04523874663106833
-0.042825952522322804
-0.0025913383478974455
0.03065924056254978
-0.015414824894951351
0.011470520007359538
-0.0039042428009001076
0.02908431979025338
-0.04332280913372396
-0.016133872936930586
0.04188908111271753
-0.00787939374409269
-0.05460891038925686
0.030963476725845297
-0.028897605876082845
-0.03295765221327939
0.006370021828424263
0.021199070931782086
0.018311008447734506
-0.026290879404309256
-0.005543542928223217
-0.015656159178902986
0.014239408172349933
-0.030290231214975222
0.02411028447317426
-0.007007265469605871
0.03889627266609123
-3.964152715935846E-4
0.009991104971344183
0.007616417115895481
-0.015424586670362162
0.020199223216500615
-0.075890680275579
0.005713561550691651
-0.006391882561840453
0.03847843043127991
0.04268101067389715
-0.06707593623192214
-0.010833864900925335
0.010690668246435912
-0.04485431646862397
0.017568135255145386
-0.017305329973754384
-0.017785183611653328
-0.02323992429161139
0.02229719305617525
0.03347064645627925
0.08772553750309048
0.01908913220776772
0.06023362645914219
-0.01551443701321335
0.015221778682500244
-0.03811584119170768
7.706631088892865E-4
-9.483369392045241E-4
-0.022063379343352073
0.013919775634335682
0.037113084017949084
0.013126786612461003
-0.0058822373525626
-0.04203112552364672
0.01458268553130379
-0.1104294191141282
-0.019181826842293605
-0.008054371750917418
-0.03290683173550689
0.00422401778701379
-0.007198886478900682
-0.012469358997949724
-0.0016199723525444978
-0.12179699882519812
0.03749021290873538
0.008153348598473978
0.014659791549888525
-0.00894866263094564
0.012226233071268565
0.001962851835096394
0.029582315319629047
0.017798485635691162
0.01354027838545141
3.337668702760445E-4
-0.007395251163750579
0.005475956087290224
-0.008963646960414668
-0.009914461040337767
-0.029874148786716556
-0.09881180064430538
0.03055185221606824
-0.05032757692201012
0.009603091997751795
0.008617151383956427
-0.0231773260317804
-0.017885349477986808
-0.022440190538673785
0.08644323498363182
0.0237029955029832
0.02857075319882066
-0.02814950067015526
2.4182916640454042E-4
0.015414575369414003
0.012796588398774695
0.00975530094499658
-0.004442656601039259
-0.02290716317937011
-0.007055410730481806
0.033189716980747894
-0.008244284220722785
0.011089310292235671
0.022817441562624448
-0.0658225315076094
-0.00856497016941897
4.342104382681895E-4
-0.012662791072450668
0.014278965152919449
0.01828455561055873
0.10901187847262832
-0.03428599415998382
0.0908062987926309
0.022999398907944564
-0.008237259340953413
0.035780069503204545
0.021441307720005437
0.004630326275484134
-0.004064067053680181
-0.009872519696003312
0.03969769546894776
-0.050824418750812325
0.002783772998754133
-0.014280155904024875
-0.008866209235616455
-0.06560639605848606
-0.014006352115314504
0.03317913853122313
-0.010671907921433722
0.028301029394685314
-0.07661017475664755
0.0104117194863377
-0.010249623877840574
-0.005738407244898762
6.919666910666748E-4
-0.003952615708510704
-0.06702086632785563
-6.507315809682012E-4
-0.02888601319586659
-0.11027642781003553
0.008675544204619572
-0.0426687355386295
0.02969098059743182
-0.014713905299007844
0.008818080544528364
0.018166335423942286
-0.02781630240305512
-0.022046122380524332
-0.061802483478608415
-0.019254202949325974
0.02859186729861725
-0.0073444434151084806
-0.011125327764174553
-0.032204179685939485
0.012868303399671504
0.04067924461669029
0.0032198419940905857
0.013797985336874277
-0.010935670741221985
-0.02030762267417265
-0.07376687811152098
-0.13832944930191407
0.02956680765752446
0.030843828764838405
0.038868403733365586
0.0066367819076911345
-0.01671815818052511
-0.00680160142551821
0.021790192274371876
0.006038771284197941
0.017818319765636643
-0.008531059689550265
0.01651054848152977
1.7388020301688367E-4
0.009455553276570888
-0.02591334851925925
0.02223550720814391
0.015374230208900032
-0.026548187281400494
-0.03460560622265416
-0.016034651456783764
-0.021009328410577
-0.054753542656589
-0.02130145277648338
0.006442651917533447
-0.04830639753691358
-0.013066658983300524
-0.1708263618361479
0.026860232462212582
-0.01232380907537695
-0.008479859999388552
0.0021825487306486257
0.10708049761414039
0.016026300548585906
-8.04331300783114E-4
-0.053355690399428383
-8.72774960760539E-4
-0.014649742704751846
0.044135232998284674
0.03601836613031169
0.024327665876325413
0.028693334185797954
0.10192366798327214
-0.020246813089885077
0.03654356752172641
-0.02490530079950347
0.007665272525950106
-0.030045169933361048
0.00440190872214506
-0.015210996309440242
0.020091493765829093
-0.013855754009457504
0.012300302690156965
-0.028652986566609133
0.08347287624045396
0.006381003432039297
0.0600347674482865
-0.03731939459764507
-0.11648282046600511
0.04012225861554322
0.009711256758205621
9.62438122813782E-4
-0.018456467332384152
0.006952666818723763
0.02935238459688325
-0.03742910440215216
-0.02376117877216094
-0.22331189334148463
0.03538403577733885
-0.021402408783443256
0.041805243698622846
-0.029154575065729188
0.006946462311014579
0.01197272124550056
-0.005615515561117804
-0.038592318565230876
-0.053808191518451974
-0.04265618855263249
0.01203911752397606
0.006084261605879144
-0.20195918192968818
0.03733834509356091
0.01264102281148115
-0.031071770462981638
0.09134863960994419
-0.008223184419917559
0.009242211471281129
0.0350791497906689
0.004295852578192477
-0.007736552205805553
0.019661453033977393
-0.030161220283497287
-0.011147574432046626
0.0016473878262771558
0.011578035602669203
0.04135900130901169
0.010428876755917086
0.002962679456878813
0.028239760193373948
0.004867777172714526
-0.009188305185020243
0.14194009634015664
-0.006551920103850958
-0.024586473275372375
-2.9968462583008533E-4
0.03973159742220721
0.0990545519958988
-0.020792173664111104
0.010539105354895684
0.06431264632295806
0.020053475936602574
-0.04100040495422883
-0.004090893783307787
0.022163068254169756
0.010715530889376107
-0.04221665211922626
0.04178717988644326
0.007209544126684908
0.028175307701964414
0.03639308366313641
0.0030943783337973037
-0.08853522878126882
0.016564894656221487
0.005882403763782546
-0.0044090867046243445
0.008060088560886415
0.01993750319600875
-0.0033782033109722564
-0.027318058312436198
-0.009375089091538207
-0.07206837126576122
-0.037703513029162486
-0.010700831214133379
0.01640753547648643
-0.06029221547372226
0.004053557701711129
0.009175569333984675
0.0076983901675551246
-0.01403266001915286
-0.010444993235181936
0.024919359717252627
-0.004780840931447813
0.015216142155261184
-0.0016877278003909462
0.005380000663688534
0.026612672790029813
0.07674233433252403
0.03325151177267326
-0.014645579134576384
-0.018474682795646964
-0.06241664664777527
0.01894784155308271
-0.03719804218790247
0.01968328644341481
-0.0037299012687341654
0.024217815936712322
0.04355644051302832
-0.007321023278720765
0.017018815206261133
-0.025896836121100993
-0.011726825328765126
-0.049049297298797395
-0.02635124606234837
-0.04586340198057026
-0.0018294843994239908
-0.01982191807307467
-0.007698292225920907
0.07385336204238685
-0.06681098404866413
0.018422420658355903
-0.017749419233660888
-0.03210681020663171
-0.032487476709258216
0.05093606536603117
0.001769798380114063
0.008071231084728125
-0.0011363393828103356
0.03896885777951307
-0.009270243250153147
0.03760319352498851
-0.029215840290725426
0.03255372972484502
-0.023898720246933743
-0.031001896961934994
0.025414446222720266
0.010361869791858672
-0.006521172911818482
-0.017129544480645527
0.03843538002282053
-0.013054902202772762
0.01054746784313325
0.003197465438625513
0.021914496797872326
0.06478383007008416
-0.02135080000086859
-6.270583981574158E-4
0.026200114399110238
0.022157873659845933
0.023133837861935916
0.015549958827136364
0.041490259815227706
0.08772783377028656
-0.2129754597455483
0.2465358690199382
0.004132783982538923
-0.004471112236225872
0.022158413417332084
0.004148864045318296
0.048408321384762185
-0.007098413321988055
0.012154983302983471
8.936139665601421E-4
-0.07229348879428672
0.058048895349255406
0.006783671629618585
-0.07416060341488838
0.028400276856096026
-0.0090074905899224
0.002635793401763923
0.002201655843182101
0.033279250558099
-7.626742191538651E-4
-0.027467844245696926
-5.673638279022558E-4
0.01645778276827712
0.014434746218527845
0.11319488870377
0.03892778958503926
-0.011159250787552241
-0.01261701682876909
0.012358446818421985
-0.021933150831641855
-0.016159674049933886
0.011029022964543472
-0.014512334393878355
-0.019398777385994416
4.510474136998236E-4
0.019283638712080064
0.04143233185038516
-0.08307193463257508
0.03682447233997693
0.01490520347601749
-0.0403653303146104
0.008990785690486797
0.020876281567614074
-0.0019351862362746493
0.26246266090684517
0.0075555267564304165
-0.0017588230308364003
0.008073586685985764
4.767696026939443E-4
-0.015008896226188785
-0.016693138964382865
-0.005672422847601609
-8.235014493540066E-4
0.011473729821920188
0.03967703663020242
-0.025630173421106357
-0.0016804944132740981
0.03137958813365521
0.008247082072556384
0.01454089667197643
-0.014660766627956566
-0.07705631664818567
0.02367717631315607
0.019591267734059087
0.0028081783289620886
-0.01290212104926572
0.006075678036553976
0.010335534610667402
-0.00876081153329118
0.07419266616134933
-0.009811686295582493
-0.0068441193155070424
0.008818514913756164
0.1447212934952329
0.007511994908549164
-0.009985873890173639
-0.037913702604952824
-0.044190473624165706
-0.0864607548335988
0.013684343619727002
-0.04459447955636919
0.004229230932000485
0.024637750013434472
0.006661655254900677
0.104531258999037
-0.013823356533327174
-0.004597832591208736
0.023479922067887894
-0.004307491442403741
0.003748005679918345
0.005421658021929047
0.011880597379683843
-0.03548903954270407
0.011429236395968413
-0.007237265374788289
-0.024777601161453593
-0.017271947579317857
0.0383059289634491
-0.004882285879691159
0.009736803887931167
-0.024855052581280793
-0.06723869932057007
-0.02579844812570218
-0.0146885186147355
0.04575523920047447
-0.005348588080690264
-0.04683491774306444
-0.035763703690325846
-0.0011240588442479136
-0.026180448316767167
-0.02233979455987687
0.037435433319806706
-0.04050889000762476
9.91730084114179E-4
0.010363870384140461
-0.02957195422397971
0.005690849876922967
0.035091515482332886
0.02778756101124209
-0.010967348341864611
-0.014095019056936544
-0.02334765490779193
0.0074268601799142115
-0.01342474384145237
0.014038545980717198
0.020534596809124145
-0.043919810633038424
0.02178593513046467
0.034312790401372244
0.017659379639691154
-0.0377157490777962
-0.022446283456249477
0.006150373756332364
0.03225553458657711
0.02222909467760332
0.025917007335979875
0.02850522930387085
0.01860885889469422
-0.022861872759165142
0.015213590803612807
0.0026464204627529657
0.03412118349236581
-0.09212684934553969
-0.01638370532546822
-0.007625453933532117
0.006059364037306115
0.0032829422122755136
-0.011066466111676538
0.007959679717854749
0.005429000500229274
0.03017955449407683
0.03660382392607466
-0.016480640833490028
-0.0039399985037116385
0.020844555083240554
0.017900208473846328
0.03193283180710546
0.04832999330454392
0.01983510776850337
-0.0039558867919327065
0.09294115838877591
-0.011243023280775324
-0.006060876334455347
-0.03537140676835585
0.04922398109354604
-0.008601421508751482
-0.017132404725072325
-0.002455432916288313
0.0055752308727270395
-0.00789457152180739
-0.028568881531904764
-0.019760071268165195
0.01917051084700038
-0.01996022571288306
-0.04966238202355668
0.003503836969721279
0.01762581210661622
0.03380835594836848
0.0076905331533756284
0.01722009270800002
-0.002436937312252877
-0.06588993921607951
0.011835752540727976
-0.0010454804888446498
-0.008776565459454688
0.034382949982673675
-0.03620836116302952
0.010059776912966296
0.012866473647770084
0.012648683581203714
0.01783358094910895
-0.0047412446150402405
-0.02756730240752233
0.027985278693964014
-0.03338117897790485
0.014005600292511971
0.011907219818686598
0.022093411304250035
-0.00831038240763377
0.038436848646901264
0.021173952187794803
0.0011962291862724203
0.013669733572266227
0.006181933436320281
0.02493717669343742
0.009834503589904233
0.01867287960811772
-0.016802833012219135
-0.017918013787869086
0.14882768606145047
0.02211413611085301
-0.04408235355319222
0.013729933032568678
0.003563794665695432
-0.06473742396608605
-0.07875173636515741
-0.06483639613161575
-0.012360191282908602
-0.011827423131802295
-0.02660954273974545
-0.009966656293057622
-8.19320867870673E-4
-0.15653196542417797
-0.012006721840682336
-0.0800160898895543
-0.010409590562326763
0.0212569607649188
-0.011274936126791332
-0.03568382733973131
0.03519122223581333
0.017075526559505564
-0.004230072789513554
-0.02414464523681209
-0.014136942702915895
0.009640280528099558
0.03538182764951598
0.004938549183997698
-0.02168976238193644
-0.05826650697401505
0.01729354900781292
-0.0152923533390336
-0.008668470240122714
0.0200139799103561
-0.003815949433856755
-0.012476524950326333
-0.005124154606577712
-0.05076788416971792
0.01325353251818692
-0.013755180203618747
0.019464570182980704
0.015918581472924204
-0.029323236777356994
-0.009023386965142693
0.013402643544529259
0.007862120457663086
-0.010174527087707295
0.05240311273386304
-0.00828059311408778
-0.014336418456238752
0.04193785111684007
0.02240587216017673
0.026320446735260187
0.014828104445332566
0.09070066923604196
-0.03592739103418857
-0.01662324000970007
-0.011236385517811646
-5.015521574861049E-4
0.032820505976369346
0.006874475951813357
-0.012463654382493658
-0.05422611049924639
0.017337017293855218
-0.036517871201633335
-0.017486985546510205
-0.02024768645639986
0.021068175436954998
0.023380188141378412
0.027382474856824438
0.01586540936977322
0.007012737436412098
0.003365271025521279
0.030164660567742384
0.005449005820826639
0.007118016753234589
-0.016431915122917324
-2.728631723346609E-4
0.00835898104767555
-0.009114108630367974
0.009946468573259953
0.017720949146368993
0.010438938671141937
0.013974404371821545
0.08300848571025417
-0.05864841214893923
0.050708728072408185
-0.004582693884758309
0.009826197958113297
0.008625324268576453
0.03128860544510176
0.004789720864005577
0.005827731834438044
0.021719914537721496
0.012865623221960382
-0.010749546582547995
0.004249732537122195
-0.00566328750771417
-0.015276216494093685
0.011725442743512905
0.011371898440789363
-0.06321494810856519
0.01414040431194448
-0.004203205753937791
0.029711321941371223
0.026001363076151147
-0.00823704242815608
-0.0071294143344725214
-0.03278974530465095
0.07227629642906148
0.018932673801306497
-0.02286152384618194
0.012907292790447231
0.007823647307796592
-0.011800555884905495
0.011349459203737748
0.022199271299577508
0.003048844744286727
0.02393962888872396
-0.013069616004862913
-0.018068021581812338
0.027449244998414356
-0.04193707053834912
0.009865057971325926
0.0037229830316221177
-0.12527905504501996
0.0022227014017964647
0.016569878289812944
-0.0892092852391543
0.014389443001783422
-0.010469715329134054
0.03525363052244798
0.015607430580206662
0.0029036402513411626
-0.016829440124624048
-0.013669694046630456
-0.006371067334281059
-0.0015908513410653417
0.11995881105600588
-0.007883290437712145
0.011489060295495065
-0.02394427465901885
0.042175617047333636
0.03826985816573145
0.007205503546309073
0.020547332913325524
0.006596079915682995
0.013479504590657934
-0.006779353279516015
-0.016484004824246015
-0.002951533046128088
-0.07952851759494158
-0.05084728751294504
0.01119100328377357
-0.002270230241407247
0.02330126235966811
-0.010056936532905352
0.013738896291630595
0.008964054022720342
-0.013103809830422801
0.012064840016518214
-0.005831756589302978
0.007515125579058729
0.005046912991151632
0.0073200231062144
-0.008344948273239582
0.002750953309277214
-0.0018510000780141967
-0.014005081234146887
0.007077777437980456
0.021539584201707724
-0.01848876415610674
0.008329498430781327
-0.00956575393548389
0.01526006001089523
-0.004559220864754598
0.0061243703568050435
0.0333538487647668
0.020904650341499964
0.01938982761460055
0.03245556825580922
-0.02039687678423291
-0.02151208711751076
-0.04282807983535461
-0.003217457847578438
-0.06870220938841333
0.020711348956786606
-0.011027484243102091
0.004374887383471315
-0.08799268562510412
0.011325741816495429
-0.00976894297163659
0.015134223729380393
-0.01357804910495448
0.012530021588593444
0.012225040543837575
-0.023134803795349806
-0.007349388177600105
0.02081654754403539
-0.037885516168283964
0.022872747033141183
-0.019682189617665328
0.010118024272792053
-0.011929247952043741
-0.007858599225103919
0.005475216005300682
-0.00990488935317001
0.05371402444326526
0.008647094520670393
0.009194112982702743
-0.012183148470983408
-0.009000863619202824
0.023032741960257345
0.0017680927227793964
0.011936065897710492
-0.004589167620387106
0.017637912975905643
-0.014368583871093974
0.014406910800779493
0.02646623125554419
-0.018725880639483414
-0.036301801825118954
-0.013038417210375736
0.009814119519504881
-0.008289693675263854
0.007522579141940133
-0.016716540142866193
0.026805540590575806
0.008467789759237255
-0.03387216445808382
0.013075723339340923
0.032458344945333575
-0.0020732077381846663
0.012980184172298096
-0.013184415247071186
-0.01153393771326118
-0.05989931134404604
-0.023897618145610314
0.00826566511890363
-0.004622868928734995
0.058247978480474645
0.02361916556199614
-0.016962744651771257
0.0406315022625573
0.02729739419953581
0.04509372803904349
0.012406120445783582
0.08163479136447298
0.012604702024992899
0.02240023776690769
0.009668046742336728
0.008059823283103975
-0.0219755629562438
0.0060597854651116174
0.0014976473294322599
-0.006665534084616388
-0.013474108994972863
-0.04699366670811811
0.006869461025476418
0.011847435433531669
-0.00513999333869745
-0.006747884828326112
-0.014338565952016581
-0.011315374802068326
0.016441752682997274
0.07767408617821388
-0.08692072482083696
0.0043030212281924985
-0.005193060717076643
0.027816715489545195
-7.036791792737982E-4
0.017841460841101053
-0.019764769011270868
-0.008514246661493256
-0.005200844046592885
-0.007120903496510099
0.015376906990524769
0.023461503242603546
0.007764526029597516
0.010969646909993691
-0.01023210856689823
-0.0011202948274115546
-0.016206094407981687
0.005079497175841142
-0.015875005690395957
5.73592226342275E-4
-0.006754409450851895
0.00936993841188685
-0.04067461236334362
-0.01425337918182494
4.40673812281928E-4
-0.00793984014981372
0.015500692629585859
0.009025347917522958
-0.0030120680060336377
-0.008353319837215724
-0.006149504128339928
0.02280312240405097
-0.020966769598745535
0.029649679923976435
-0.012713311073065054
0.010659234522277574
0.11275522622390513
0.018894626946374903
-0.011043520979324307
0.003964543932640994
-0.009626822950102799
0.02640598232368484
-0.02003582505900683
0.02103110432003602
-0.00781747822377093
0.06551694182367111
-0.009458312013612644
0.0013989813527956554
-0.022313069262230343
-0.0064758118647300945
0.017805349121543575
-0.0016922017196128272
-0.01846109380591216
-0.007431710028539348
0.003127353814262849
-0.009891817344042148
0.01920370879334623
-0.02530375762930635
-0.005708277559500947
0.003665023580575516
-0.0071604690908608016
0.007500717153690497
-0.00413706158987242
0.013692124381885338
0.0382527726103334
-0.007848684457124807
0.005026449259444926
-0.054912916392670014
-0.00699403879222152
-0.02213956196446174
0.018989111437065612
0.016244152168488856
0.008270470110828583
-0.007358381961584204
0.005397596148439962
0.04485227454354214
0.004351657932748303
0.06743511690764191
0.023680456694273818
0.1886906767926947
0.05447353031493957
0.01163153438506125
-0.015568962881032692
-0.019804128113957615
0.024135863629921653
0.0043100494339148145
-0.02914229254410604
0.011677720769991571
0.02681565397491529
-0.035866536528144505
0.011799762734037374
0.045077789698854634
0.0032741125119300223
3.912810252458576E-4
-0.036753321404484736
-0.014599336036393105
0.002605646177221073
-0.006734484587877795
-0.1687434253713922
-0.017089126068228804
-0.022145844018404654
0.008723074550331946
-0.030159900157570224
0.008218478081255554
-2.2326009534703615E-4
0.006323269498744703
-0.009885492317697999
-0.0028808720155739814
-0.012427423973296435
-0.014912777869854302
0.011941048415186999
-0.016194788047906323
0.005882610735060496
0.012130113426410022
0.01530360856129954
-0.006487997237660028
0.007077916682665095
0.0495014949055172
0.008497286815144856
-0.03204070048465462
0.035237465689078214
0.012874965549242843
-0.018584133387646987
0.007755650968450397
0.1893075207154951
0.009757096101227552
-0.049657821902990326
-0.058596498827618394
-0.002891029409881081
-0.006440064407993744
0.006035225680059947
0.022875384087368722
0.011222405190500438
-0.020657028439683613
-0.009863847938418848
0.012624256036052191
0.030466884690584707
-0.011369424906101135
-0.011049169136549266
-0.0053273127329120755
0.02378369031198713
-0.028396646271976873
-0.026857988984896275
0.004153561308939583
-0.008976275534234282
-0.006271213005542683
0.010325997446334872
0.11699775688529483
0.04418181340698951
0.008761632080647886
0.007564077679481763
0.0055290191314703065
0.014423572660808414
-0.017423789172015446
0.0034405127022301444
-0.021004709937886574
0.007591931297187728
-0.07174333561510159
0.018030920075265217
0.05452881352243453
-0.027018609895001728
0.03010985490411973
0.009214096051436043
0.010650268763753822
0.002634428541079568
8.215452886859546E-5
0.004805598286664538
0.020842111961939015
0.005076298696492323
0.016150643743426174
-0.005478636137398628
0.027278352458246054
-0.07058695925616489
0.008418663031605815
-0.012549716069740563
0.010970034634410491
0.0148131860595019
0.012426634094310265
-0.007244307109680806
-0.04881768646815474
-0.003816883896352546
-0.052106865370091245
0.0046467211196704475
0.006554842573102642
0.009994277757952787
0.006504940505595966
0.04448185650911769
-0.009761612704808565
0.005445268122784025
-8.936347383505019E-4
0.00737871713767757
-0.004519556537007757
-0.010717806695007503
0.005387746675832537
0.053593291390303624
-0.04054550890729301
-0.008802387847149774
-0.01033901337571244
-0.0021692978587536577
-0.013035416679348067
-0.03429176917577686
-0.0050658045288902815
0.01572545671652465
-0.015268174038635852
-0.003149072657483217
0.0024464484158272593
0.017201675991527953
-0.018995251988284376
-0.06110572056503456
0.008165986459185468
0.03093631150524402
-0.0034846461713127852
-0.014436925720694762
-0.061512146471230905
-0.01370866198417268
0.004150255009138762
-0.0046709368522044395
-0.048458015399792075
0.009279504953623407
0.005264123554198711
-0.0064714783497506955
-0.00679998878691352
0.01802085824643541
0.008578170033911614
0.004476041977871961
-0.048731755653736865
0.01623579261490646
0.007028532191926267
0.005381929229632527
0.0062216328219238315
-0.007230782682840908
0.010529077431318201
-0.02361466074215732
-0.01500195130200367
-0.010476179812184008
0.009770080275428665
0.007199515745915182
0.0045100541355683555
0.004958903636058834
-0.004861104561385454
0.007445830450937825
-0.011836607638612476
-0.009924699716292392
0.009082186764543327
0.028597537390932317
-0.01079674148252045
0.006085882313530839
-0.010180072006559323
-0.045764681312148135
0.007277418527243321
-0.002934961166946901
-0.017807499226703764
0.010037799830483833
0.009547002922437627
-0.014304451095527318
-0.017712007620312074
0.013849928548190872
-0.012417575149145694
0.008929172222722055
-0.012294149207978498
-0.00797964547520764
-0.006073691140193706
-0.03299817057220945
0.009432764441802605
0.05329674928475515
0.003534687898371872
-0.024691287945254083
-0.002640417430677554
0.031360300094556315
-0.0036184653789069665
-0.022747223513962488
-0.017126285995445998
-0.08324966251912534
0.002871219685651339
0.016424231042679927
-8.150554938310582E-4
-0.006004647521612084
0.4249502377491478
0.047051672590671834
0.007152386201805785
-0.036594323830783856
0.005079763087191672
0.005463914767652183
-0.012091663301878839
0.005153433611948819
0.004194131598917728
0.007212536332912488
0.012040037148399395
-0.0983995389064122
-0.00881306897149631
5.338477990791327E-4
-0.011000684710883906
0.029046724354754146
0.002324208186531665
0.012741319423978782
0.03714676491626198
0.009427006568567231
0.03082501919205526
-0.015629793839624827
-0.007326681658008661
-0.026435080394210064
0.014577968548628913
-0.014117516646839199
0.007852841498621272
-0.038438521145528357
0.0031289461805085583
-0.006111999356202877
-0.0047421415741393065
-0.015474163871857856
0.0053103157270203444
9.934689887528554E-4
-1.9952654535604212E-4
0.06174927586844416
-0.0029032760025986134
-0.025213801589642315
0.0859651139519009
-0.0073552227856142445
0.00796111212653502
-0.013503025755861276
-1.680914051119775E-5
7.868223270649301E-4
0.005678635855798467
0.004773328581525572
0.007500574419508226
3.3924316564820124E-4
-0.011856362052810212
-0.008839096467538703
-0.005171441426254503
0.018611698421866316
-0.03734634325333152
-0.004695013332456101
-0.030333922874949
0.0021693791641738706
0.0017770829813494743
-0.01065552985729071
-0.010404596457473382
-0.006521364229190259
-0.012476724264198494
-0.09014625235842465
0.007521632835218072
0.010534061714595184
0.04166717818086017
0.012243942100942498
0.03390417463205018
-0.0014385552514989475
0.0071828253724348385
-0.048977251753982494
-0.026070201613869044
-0.015022221554295095
0.012148868049282073
0.009547498945349548
0.0028177519522214482
-0.002384542730680571
0.012626368787805368
0.004219098685239477
0.0025555522286528844
-0.009709736343119032
0.014131071556832317
0.00746468498435704
-0.06892073653627735
-0.009993729753364261
0.017498929881410826
-0.0058286161053242415
-0.023646421188717015
0.006398320311856254
-0.012448673263878853
-0.008694875628374397
0.005090087251850395
0.02179128489105382
0.002480174681526182
-0.07324772716222717
-0.04824437319700373
-0.02601030520900695
0.00961388955144351
-0.011262906504314288
1.4015765233571007E-4
-0.014853739740329634
0.02409521736348558
0.0058654136909378415
0.0036221247045902603
-0.009879886667674418
0.0044185513888612285
-0.015412023031398506
0.007974825672225256
-0.00330249745160132
-0.012815755851643443
0.008601900745938609
0.0042485855844841105
-0.009751321155113592
0.0055032798934097245
-0.005110217755260361
0.04529337997691808
0.002800763514097242
-0.035935074159683396
0.014878211303164558
-0.002478381682725151
-0.01582671983165371
0.02379187722542293
0.01019291243935443
-0.027387777032404356
0.0066324453438686
0.09027918569637357
-0.011523561287455651
0.004000617944326633
0.0011006360507770016
0.031612504219801024
0.0023428681123781967
0.014719144186813792
-0.024231516643100998
0.0047451310820857025
-6.222705265686517E-4
0.002010131078156013
-0.001629498528499044
-0.005754736123074676
-0.009799339921422697
-0.0036474134848021515
0.0033440787519442516
0.0028741828886819612
0.005053724848734097
0.0017102191420963063
-0.013402112932810363
0.008855114406876115
0.013016963065151581
0.020348908549923748
-0.08008005628233002
0.007506148922487817
-0.1278421094724817
0.0032142502615435968
0.017690858255301457
0.010170094757102007
-0.011025945471946123
0.0017450996816645262
8.663725498961E-4
-0.0019526647206834576
0.00571424664706656
-0.01917886269687361
-0.0115685925756703
-3.508515672287006E-4
0.007057506421261891
0.009642325354292726
-0.007709593803671816
0.009906100762118836
-0.006295611909797274
-0.018339855001862394
9.66578221811582E-4
-0.009279091837745387
-0.004404341171210708
0.009559950486621428
0.008700248999391234
0.05869287248460092
-0.015622703570756208
-0.002862302573171858
-0.007424120164156057
0.0017090223877745784
0.00704605870964255
-0.0037955317150157133
0.0163759811918606
0.01246349561543589
-0.006308142795617703
-0.011361280628723661
-0.014468989781315666
-0.008090926845394393
0.006326261940127356
0.0056694409583488
-0.005849409930729568
0.014134384743223654
-0.006753005547981044
0.00545895673449865
0.008689885270151094
-0.0028893685967183234
0.002337694624413935
-0.006422839387917094
-0.004265338968350748
0.008756476976760364
-0.008546732618085508
0.012950117290091552
6.02480819399592E-4
0.019267692056033424
0.028654821266053013
-0.009368415896257089
-0.31926356775745823
-0.03682141001588366
-0.0036277693622654567
0.004334336358738399
0.0023583130017308424
-0.005622498527132702
0.005523599450161993
-0.046402512858614735
0.00261308964375336
0.0016295614269349558
0.0015439307568615368
0.0050871351764959225
0.0034872456845800722
0.018527439090188225
0.014039764086822391
0.012552200297253228
-0.005006692042694158
0.01662469069325916
0.00727790370932532
0.013327749804180654
0.0201974952914655
0.020221542839633393
-0.0013403003726276388
0.0038447598958321386
0.006025711473428536
0.12748369031254614
0.018310043557123304
-0.014614835687633157
0.030113748010230073
-0.0026289780534589865
-0.006594992155592265
-0.015245555632157794
0.012220769709687074
-0.008752873324840597
0.0022210158138391126
0.007339187524847321
0.0016254802241175868
0.006592714832390199
-0.04987051846373047
0.004306702947130542
0.022632147076521475
0.10523023833905366
-0.0166827110091345
0.002553029910816122
-0.3827087152899143
0.003778841705752789
-0.022580318047032647
-0.0031706287333875876
-0.006445041923975604
0.004216493639212368
0.004597444288188425
-0.0018174665211858957
-0.006492925610672686
-0.006146429821237267
-0.01110635199767359
-0.006569786587346228
-6.424861002889267E-4
0.0036893283562164105
0.015909060581054565
-0.015521712134092706
0.014649716193462156
-0.019226872597991197
-0.002046528232166961
7.243823300667556E-4
-0.008697096444911255
0.008201195323436916
-0.007138776536625088
0.02426389936175927
0.002674808244259895
6.358179268105514E-4
0.01606522200946095
0.010957523489634937
-8.380984352921845E-4
0.034820209937179394
-0.4071065830291942
0.016000927119510445
-0.013888960728240356
-0.016408250918369657
0.0064248704221547305
0.006584218143991024
0.004253386072747526
0.04232806639439239
0.008933316607705598
-0.02815447925529132
-0.013853727644125692
0.0029896266381519007
-0.005574918209399504
-0.004072988321357189
0.06057492933439169
-0.08601863715944695
0.00867989564934259
-0.01664334314889216
0.01620365497109922
0.00684592545495183
0.008100637357092537
-0.008668908077276716
0.024230868428172483
0.01276029961143122
0.06468283429579087
-3.7561350651287283E-4
-0.022502966045435915
-0.00922896407653352
-0.03620522648133876
0.020724810545328515
-0.029693708381352078
-0.00423368370280229
0.004580069913533422
-0.018816214198328927
-0.009267900656914253
0.0017237564526618948
0.0032531430692142645
0.207107334844927
-0.007705959367293708
-0.026826382237829405
-0.00425440906071674
0.006941088729513467
-0.11234127624828141
-0.002339156165192392
0.013313762120242836
-0.010137512902154
-0.0025452719171257937
-0.008958209307292393
-0.022611053576607122
-0.028397956900446174
-0.012544232835028693
-0.010166737331822901
-0.015466511810643235
0.004425932167196073
-0.009904597132969727
-0.007087373105456387
-0.001987074966622732
-0.01474171881990421
0.005555280443175299
-0.006983003686067986
0.012466980709049369
-0.0015052453865333148
0.004797405336669474
-0.0074778952920990785
-0.022339230194059128
0.0066149747867538
-0.013973921311079334
0.008057732955642412
-0.0019150005102926133
0.007716659773841896
-0.005471080885591536
-0.006839070584738852
-0.00696573810074404
-0.005357062842087448
0.007763088841076946
-0.0456024654931256
-0.0029658542739971405
-0.05865792846547422
-0.05451055479562053
-0.003348837475297034
0.0237540575094559
-0.006944295500577318
0.04264772409454571
-0.20843552887948835
0.006709204207747935
-0.004950433153216654
-0.009385096210702288
0.01453631783989437
0.004562241647709073
-0.04693065131789371
-0.2302831758376281
-0.003525364178969544
0.01338958140380543
0.002142684905910872
0.012375367722350079
-0.002921609217127619
0.008711836745984866
-0.0032392426167497917
0.01504088870091435
0.005323815923028851
-0.026306934403590835
-0.0020123020769612417
-0.009177913927645283
-4.346075785440771E-5
0.13040188553666252
-0.004093056950100451
-0.004999234000787375
-0.012326051236400137
0.005830331226731407
0.00986044630446352
0.01942503638723102
6.386514158183103E-4
-0.02975952188908632
0.004358625899363007
0.012181550226046762
-0.005260753052946051
-0.0017148338110285967
-0.015494008057593727
-0.015060895147569617
-0.026390150071231425
-0.3983030276409255
0.005715140609630643
-0.031315183779596245
0.004785108856723528
0.0034098936906136984
-0.014591308216022636
-0.028105786497049562
-0.27281170254848613
0.0024694691310140435
-0.0020140894214953236
0.008678298876318189
-0.010927613830811601
0.023398935104365994
0.012295645844078584
-0.01355708163364856
0.006651554506578105
-0.04326839445772274
0.011073997034604701
-0.0014543864959536469
0.013084844195765496
-0.016066653003422703
0.004345392421516478
-0.008099897610979448
0.010930909367454115
-0.007724293906940872
0.004468485744154982
-0.0366264473899981
-0.009465816679942845
-0.002996510614182664
0.0943993888283011
0.0038321880284969832
0.010296194022588738
0.005741578078594987
0.020415562167502288
0.005400269791099691
-0.001910728526179845
0.27507167738306654
0.04981755465946571
0.01921619547859049
-0.013223326780917255
0.3065935800894611
0.008384575404897563
-0.018836706498931006
0.002998359655035098
-0.008566080037815003
0.015206928312773482
0.00874870971032379
-0.004725841926626941
-0.0012293020585560672
-0.008486411632968847
0.013667098865230837
0.007261740176631766
0.005155380408553134
-0.06642232377685167
0.008385834024586016
0.006836847372741018
-0.008074534727811299
-0.012713372631340016
-0.005537409664503571
-0.02427296591679227
0.007825024499227399
-0.005219386924075475
0.006041169267617563
-0.017083541175522497
-7.534641554915463E-4
-0.01158974459349536
7.108414172989193E-5
-0.02011579180256514
0.009368818056543765
0.022083589492060792
-0.03827146093745533
0.0062950922759819165
-0.039650957550370416
-0.06286103298255098
0.004456389235044893
-0.01474542210193104
0.013058856814081617
-0.016383894684107864
0.005678961958386687
0.009016688765899675
-0.033833954831173615
-0.007241408835502593
-3.9593575580075763E-4
-0.04251727689995868
-0.05274830185958827
-0.009354516324606087
-0.009948691288341395
0.015251045948527973
0.014665836150125545
0.005644213167120244
0.006568282548589252
0.006651617133290079
0.003068302678506359
0.008122269633857633
-0.2763072049893509
-0.00347466294459586
3.523947224377969E-4
0.011180900431546436
0.003709387315624822
-0.004652255547834466
0.014046621985322043
0.007752502560639047
0.0028086443476483224
-0.016082101675337034
0.2777571205547716
0.009030104694562655
-0.012554080062223586
-0.016181574090527305
0.0020860866197579746
-0.007065613147512832
0.00542640664543921
0.004986373983263798
-0.22324988927472908
-3.7038535982709855E-4
0.019240565894545956
-0.020451598741748716
0.0013958153746449478
0.005090597218250314
-0.1461607575003373
-0.23167522610105337
-0.1306764409334029
0.011669402113947023
-0.05289353533092023
0.003928102258464933
-0.015079357617132099
-0.010006745261129022
-0.0025220792918341974
-0.25534880187106357
0.20926807416378398
0.2205574039411229
1.248367461714788E-4
-0.04570413441381871
0.007558056325258936
-0.002670760796362143
-0.2825507376920663
-0.19500976942377515
0.00827755505978614
-0.14038930410749945
0.0019137469654832162
0.2083777890886916
-8.479229032771263E-4
-0.005654277276302786
0.0014035613499872558
0.19105295673509798
-0.01566946997161265
0.0016274568598106567
-0.004527234435619953
-0.008526761896369351
0.22533311842091752
0.0018744901197610259
0.03311945095343142
0.0015639003919902224
-0.004188023985066118
-0.0312544605770581
-0.004863551415810217
0.007246827347677997
0.022205837055882378
0.0021249349357847767
-0.0068337990174026425
-0.0038967106873053514
0.18342555832932864
-0.021856744712077075
