-0.004818640880813722
0.0032247374195814426
-0.003108848748595585
-0.002624481184325585
-0.0021792888529568485
0.0023592049721359617
0.0016123605659684001
8.336967682938256E-4
0.005333862531301783
0.002489072875784977
-9.088684955903171E-4
9.281831169790618E-4
0.0024008181965917805
7.985218012647815E-4
0.0018104135387304664
-0.0029157359572261664
-0.002145686712588509
-0.0025714228982208565
-0.0013607800150712203
-0.0013857747883689003
-0.0035591746092726636
0.002107775072418269
0.0036156083111134833
0.0016397290633909441
-0.004670263780402679
0.0019426686305021536
-0.00204600924531704
-0.0021050740324573777
-0.0016790767095789564
0.0011139955639115553
-0.007061165999054521
0.0013661874796934298
0.0030780104761485186
-8.44482394373294E-4
5.680677482326768E-4
-0.0016054140688699697
0.004288718460609428
0.00602424687272088
0.0012989612280364816
-5.694588662135038E-4
0.0069847084515468685
3.707694624908891E-4
-0.0017897632098918537
1.997094862369241E-4
-0.006899975411896649
-0.006312782852025004
-3.6032091851169646E-4
0.004081173323722923
-5.036365921456402E-4
-0.001120463899390896
-0.0014735058570476216
0.0018731573047290424
0.005274444004645643
-0.0017329464389896259
0.0023563230814821487
0.0019286516235259346
-0.004658521930792114
-0.0020739820941961893
0.0018115442159198226
4.7437445059506203E-4
0.0011399594745635031
0.0045756559238883795
-0.004484457450224224
-0.005232439696780714
-0.0020166744957941817
4.749561285189202E-4
0.0014386562122174914
-0.0013169096882258455
0.002484022760464026
1.410741580392713E-4
-0.001009587117295028
2.3591092008558106E-4
9.854482477761031E-4
-0.0022674584185572496
8.39346716210154E-4
-0.0018363162231153551
-0.001140633714758728
-4.433235330999616E-4
-7.995089711534953E-4
-0.003629895265094411
-0.0030314789499785466
-0.003819599381191321
-0.0011889681566800605
0.0016026792020489957
-7.852775590922276E-4
0.00529371945429776
-0.002421072911853014
8.567760051751347E-4
1.4300579468337475E-4
0.001801151711007784
0.0014559426795895287
0.0022672808729983906
0.00139285609518758
0.0012648355570882089
-5.088316664886877E-4
9.021373069583786E-4
-0.002721338234982424
-0.0017062509093624656
0.0025656129011265624
-3.4822812092184715E-4
0.0013009926416141977
8.788026902699947E-4
0.00207879028950618
4.0380842962047095E-4
-0.0014141797011267884
0.0022834572159181957
-2.6959078928860135E-5
0.0022295942175053845
0.0023636344807775977
-2.868548796625781E-4
-0.0037385744473012626
-5.92710745323286E-4
0.0012179999701463595
8.641853988917349E-5
0.006319080047837789
8.394102259948255E-4
0.0018423949355294898
0.002311136671425119
4.386678121999587E-4
-0.0023788783658807433
-0.00393400710787433
-0.002511871871544459
-0.0022451584183965172
0.001544459419968199
7.391782231381676E-4
-0.0014947117019779793
-0.004044501231356088
-0.003557264697444113
-0.0033809800124807053
6.555197049286142E-4
0.0010164819044459826
6.899935514702424E-4
-0.004168696443313886
0.004125880201417339
-3.538012630733019E-4
0.0028633068003189616
-0.001620428493224688
0.0017790599871356039
-5.106896387347548E-5
-0.001430706879798677
-8.641700694619548E-4
3.305108164987813E-4
0.0027233465533441675
4.710878305751656E-4
0.0016864844570649903
-0.0022153122313984955
6.120284400115823E-4
2.6482724258775134E-5
-0.003064053817413269
-5.44261222597547E-4
-0.0038432736366328644
0.002140330968028841
9.278438469433552E-4
2.900940497909603E-4
0.004343098953182242
-0.002066830183072257
-0.005113280702904302
2.1122657857652102E-4
0.004115377153876108
-0.003712587736665397
0.003067177797278362
5.491985829155764E-4
0.003244204512567852
4.0817573028048657E-4
-0.003229618823027088
-0.0031996884728417454
-3.659942856712134E-4
-0.0021031151312300824
0.002681889738005178
9.48043983078844E-4
7.757231545522851E-4
6.83083876598174E-4
-0.0021084110295466444
-0.0023083902180271883
0.0037275157697818644
-3.3793768530406736E-4
-0.0015435308275633447
-0.0010062764803884666
5.88354987079448E-4
0.003285901443808624
0.003965025502532782
-0.006312256641783168
0.0034763174344513226
-0.0022304763302848827
6.884076911901531E-4
-0.0017824611009214601
0.0033861075333857927
-0.0012944807547337978
2.043317017513226E-5
-4.998863051345579E-4
-1.9694887166643495E-4
-0.0023875686039617314
-0.002750900129042521
-0.0018159267577504015
-9.356467950316016E-4
-0.002955825365102192
2.957876181141431E-4
0.002884240348857968
-0.0020353339133912197
0.0025009451925972416
2.2591305738691754E-4
0.0040035401159029885
0.0024122245360071377
-0.0014863825239905433
0.0035692869969688873
-6.644863471343052E-4
-0.0025888753154194814
-0.0034006197720978792
-0.0033637780795311946
9.152370833267568E-4
-0.0010114962320020271
-0.0037751925627042275
-0.0035079217236995996
0.0018083147904428638
3.35292466810921E-4
-0.0016251680084606057
-0.003497735694044503
-0.0030608696354599138
-0.0020627210955648603
0.0012582055505992186
7.492504885074304E-4
-0.002621493207395357
0.0035443566052891463
0.0016464619411697954
5.675242078117653E-4
-0.0020573358126978417
2.3713140242624756E-4
0.0032249646251705866
2.41263236967714E-4
3.974679359623155E-4
8.008196582572503E-4
-4.12991348096734E-4
0.0030634368994953785
0.002272407090218263
-0.00178688487630075
8.522982188252427E-4
4.3393375060122403E-4
-0.004793558328359638
0.0025440839123263468
-0.0020174515680414385
-0.0027548911529766107
-3.947896036760156E-4
-0.0019123368432966447
0.0018679568632396543
6.090749684671527E-4
-0.0025771785626281063
0.00365199387227854
0.0017699126929281558
0.002789424821057761
-0.0012734734615296498
-0.0023637666476632566
0.002224720420581952
-7.530858241180645E-4
7.124462806037402E-5
0.0014515713069633105
0.0016717594915553959
4.811942594988878E-4
0.002842725824108533
-0.0013200205309681315
4.977904304945629E-4
3.177622710845194E-4
-5.969652679496788E-5
0.001975210006518236
-0.0023046003353595235
5.255734704611222E-4
-0.002186020184205183
0.0034879501149109233
-6.245017801591536E-4
0.00430752464957986
-1.8827262230359634E-4
0.0025325743834201733
-0.002265358545428082
0.003999224522019547
-0.0036104970586122924
-5.892602894005328E-4
0.0022625443953374633
0.002851023844823088
3.764154012916707E-4
-0.0016454351623727316
-4.7226795257778115E-4
-0.003082456773155914
-7.315339033511126E-5
3.4501292232285195E-4
-1.6923337520985342E-4
0.002704965329255771
-0.0024290146297569464
1.2358052208893112E-4
-0.0022590233392476393
3.306527706087787E-4
-0.002412042664365909
6.390553341780292E-4
0.0031213898919521007
0.001533928586842675
0.0025876225175402692
6.598016823121213E-4
-7.257494694063269E-4
0.0022066339049388525
-0.0014649336520185195
0.001201037624330006
-0.002084832417864354
0.0021621096994145716
-6.211085048863758E-4
-3.1392772886045537E-4
0.002942358733588622
-8.198852116739652E-4
-0.0020445318973227734
-0.0016031684130256483
0.0018209919992238266
-0.002411761538297802
4.688739726697216E-4
-0.0019299991439580978
0.0021616023032050226
-0.0033691582250259104
-2.7439161568519756E-4
3.417456192687338E-5
6.65698176357062E-4
5.099582835648925E-4
6.423657844247194E-4
0.0024092654351659617
-0.0018808126366532004
0.0016453699036079702
0.002209013869199371
8.413988604724819E-4
-0.0018609040373638213
0.004701703137186668
8.860778109185566E-4
0.0025145807071613757
0.002779729285534034
-0.0010151323642086892
-7.285122393440675E-4
4.3423075449924683E-5
0.0013073004445168647
0.0011143040831582904
9.562854775394875E-4
5.989123936679022E-4
-1.8055862878213797E-4
0.0012799858330226849
0.003298582724944155
-0.0021692601774333047
-1.9254714557364705E-4
-9.902096691180924E-5
0.0018857572003070666
5.315267882113109E-4
-0.001053579042580431
-3.994090660865972E-4
-7.170393710204957E-4
-3.1423452845315156E-4
-0.0015896280250694312
-6.007318075044145E-4
0.0015514563194203592
-0.002593265758038827
3.3150030718841217E-4
9.679232367187524E-4
0.0025352275029117155
-0.0025737235089060184
-0.0030199228116883337
7.20266560691666E-4
-0.002029391146260634
0.0016187503636691488
9.243914791364096E-4
-0.0013107397994684541
-4.56552437394886E-4
-2.0392078095006006E-4
2.608375007918539E-4
1.018114621472715E-4
-0.002947788035761233
6.361657990675442E-4
-3.3721028091222513E-4
2.0048794232733772E-4
-0.001955798855517917
1.3413133835110772E-4
0.0016633881664759515
-0.001025253817897573
0.0023002912829225477
0.0031029548287238046
-0.001084325547407112
1.8653025610315742E-4
0.003034445383194312
-0.0016490047715130272
0.001608285273584212
-0.001816467931103848
-3.795918294391431E-4
-3.990564943175098E-4
-0.0023796663568126024
-7.739459826973188E-4
7.882862465658609E-6
0.001464287187664765
0.0015491832508170123
0.0023671223993301325
-0.003307959289479669
0.002195316970051779
-2.653677022526207E-4
9.921597897429733E-4
-9.071935445742145E-4
0.0013399446517471712
-0.0023054778802310866
0.0018249443334841726
7.629376121295486E-4
9.30754974048159E-4
-0.0023197590810520993
-5.288814296663671E-4
3.877837676349182E-4
1.8650502088483578E-4
0.0021828574573461938
-4.7980071648883496E-4
-0.0017084976239532576
-0.004497367296063911
0.001208200698331034
-3.4351756621494613E-4
-0.0014924860593581583
-0.0022459930059108043
-0.0014237219251764528
-0.0011100627964993476
-9.310955683651332E-4
-0.0016016872841304406
0.0013586418687518728
0.001284089715959627
4.801784752320977E-4
0.0010823935193234123
4.5024503361943503E-4
0.0018341389062728212
-7.908608813794285E-4
0.0018617866092760756
0.002623151268030219
0.0016287918708078962
-0.0014389486765046607
2.9303051944877447E-4
0.002325678346864147
0.0017879370395250604
-0.002288822484666447
-8.682194652649262E-4
0.001684422767585945
0.0027801550092646054
-0.0018880409063084633
-1.5909454919966153E-4
-8.178553437569141E-4
0.0021647164680216515
0.0011773870272349762
-0.0021521114186197707
-0.001756035983223571
0.0021700202969634373
0.0011008316119791295
-6.301700671975557E-4
-9.542576475014336E-4
0.002965496677511934
-0.0018249467709515032
0.0036876567712467874
6.202057653610342E-4
2.0451521101367518E-4
0.0018920553133897136
-0.0013550314824327862
0.001431357222177673
0.0023547212901008454
-0.002563022557835004
2.524216510875349E-4
0.0027495922268603824
-0.0010294656968843096
-2.0709523007152438E-4
0.001785851332871397
1.6123460387427657E-4
-6.589773650161818E-4
1.4554409890082279E-5
-7.00151298552632E-4
-5.732241277141906E-4
-2.4848439814115854E-4
7.763249221274458E-5
0.0014733291163261059
8.198096436737788E-4
-0.00138557341488967
-3.588266920398874E-4
-0.0025070264351222324
1.8697433631578183E-4
-5.759922326188015E-4
-6.563640164740437E-4
-1.4277581848711583E-4
-0.0012655993981386326
1.9957236211025649E-4
-0.0015247912197340996
-0.0013088432056880437
0.0014740701671724127
0.0019925283149616313
-6.649366026062744E-4
0.0013202930086274633
0.0011334033128573254
1.0538252921394734E-4
0.0013198394993646021
0.0013423771343968956
9.434217680893609E-4
0.0013473601079726
-0.0018603921201366977
0.0017917515419433386
1.9357675843418288E-4
-0.0012491684956291572
0.0014260212562112976
0.001165672871531732
0.0011906135339194465
-0.0016574450199392811
-0.001449960644975676
0.0011588610620871288
-7.444374591602859E-4
-0.0011027709456392868
7.656417119103124E-4
0.0033740934226534525
-0.003140537159145776
8.530967656199999E-5
-0.004125620175226468
1.8977958154096813E-4
0.002006560970380486
-6.438356598732893E-4
0.0016766168871919299
4.78918923924519E-4
3.895494288506576E-4
0.0013816920534950067
-0.0017031727443591208
0.001862203760944525
0.001720393829495635
-0.001497343504783029
4.650428214537687E-5
-0.001403491219178623
0.0015279450998273102
-0.0027641067734137286
0.0020809188722878866
-0.0011489922583770705
0.0018445184333438652
0.0013147851974517491
-0.0012251183415819848
2.0252797276141806E-4
1.8401741358376614E-4
-0.0022508680123026923
-9.441149085025061E-4
8.043205388426943E-4
0.001685387342475467
-0.0018471937653688033
0.001335095810847346
-7.454258685823065E-4
-3.142301436314331E-4
0.002193643102320537
0.0013219946112155198
0.001191055869058598
0.0012629189069634492
0.001312011159887197
1.644116608695327E-4
0.0010171503065784556
-3.989637888983261E-4
-9.747327889578962E-4
-0.0012545542959812906
-0.0016667162698213434
4.158446771620463E-4
0.0012994656489235571
0.0011092118273969107
0.001243780355321072
0.0016751122394209944
-0.00178460898510531
0.0012986386664122203
4.498403930137053E-4
-0.0015020937101584747
-5.23878533804527E-4
-0.0025262373062310563
0.0010517979567752859
8.711947708420308E-4
0.0023158989571987116
9.779047212804194E-4
0.0012359035134892123
-5.783203483755485E-4
0.0016798740291450267
3.6226541576105207E-4
0.001337630935402305
-0.0011870490353208159
9.06484300188222E-4
-9.444936429594924E-4
0.001673226336094133
-2.840778493330107E-4
-0.002259094831385328
7.657899057378058E-4
0.0011667973799132135
-0.0011069392577013264
4.501903717341545E-4
0.0015573601476499223
-0.0011084238399676823
0.0012540614196212866
-9.895921238046146E-4
0.0024805041554322514
-0.0015571594928960484
-0.0023829655704488903
-5.637551851507083E-4
-3.660922636405096E-4
-7.598235090815985E-4
0.0014255169521519711
0.001109806706903609
0.0015683889036561941
0.0014527062935027737
-0.0010831618327777203
-4.5829005791944504E-4
-5.902173858870696E-4
-0.0015295764034132854
2.905769770159129E-4
0.0019833121761745074
0.0011567629456077874
0.0014506444680163566
0.0014243847374527628
-0.001402167908663772
-0.001691980734516971
-2.2294617200305003E-4
-9.627632860981349E-4
0.001988268675421757
0.0012190587771906127
6.660677736874685E-4
-9.178486444038608E-4
-8.031053874682929E-4
2.976238477831332E-5
5.504400872872671E-4
-0.0015215945791906018
0.0010373933133849662
-5.16722900337722E-5
-9.106928844095889E-4
5.426244166436962E-5
1.652076357807416E-4
4.3152760750864033E-5
-0.0010929107618726569
-3.6337736520165333E-4
0.0020028020337781987
-0.001545491784374004
0.0011386791188342665
-8.31004085699831E-4
3.451880040658285E-4
-6.854379632016643E-4
4.6086278843347555E-4
6.260985911225519E-4
8.917551655668818E-4
-0.001615266219493857
0.0012052766868311437
-5.9582874886872204E-5
-0.0010256433047332418
-8.751630962874415E-5
-0.001255921535502899
4.5183556076274726E-4
7.867994902318467E-4
4.0647077819648515E-4
0.0013849213541691564
-0.001485758015054132
0.0019350353062913606
-0.0018795341785587548
0.0018260742924093288
0.0021587123459889976
6.421047738590659E-5
0.001113863987494625
2.541064483177081E-4
0.0013359835573967325
0.0011408319387249516
0.0010687475399893335
-0.001674867868648347
1.5372453217611824E-4
0.001477432513781858
-4.3721706998273385E-4
5.235269548912677E-4
-0.0011228201494581406
-7.166171086127433E-4
-0.0011818229080642702
-0.0014384991172266646
-0.0015828413105050774
-8.079595410910424E-4
8.581689586082314E-4
-9.406610465207906E-4
9.713743687060457E-4
0.0011610342800860735
6.104890358560545E-4
-0.002369451007001843
-0.0019184302700103078
6.553083233020142E-4
0.0010692184798070446
1.0608626321099053E-4
0.0014071395736163519
-7.619461811149628E-4
0.001973238631631878
0.001331138145863132
0.0014895898352298405
0.0011793105318414277
-0.0015878414226002003
-0.0011039353665280214
-6.00920004521326E-4
-0.0011370658317234263
7.82658879358589E-4
-0.0011325548877146115
-3.9393965588429956E-4
-9.460619252187212E-4
-3.903465935158142E-4
-0.0022139867270899076
-6.257553990616434E-4
7.466961543521009E-4
-0.0010114511245526115
4.907805782803764E-4
-2.806266751774594E-4
8.1329665673836E-4
1.3067215927299095E-4
-0.0026985836822071723
-8.59295383743127E-4
5.050082580162934E-5
-0.001177640859756829
4.238415277074409E-4
9.658895403407478E-4
0.002041976280419328
-0.0010703310100781086
-0.0012270165919171549
-1.1908808525028076E-4
7.334021410700908E-4
8.057317023015364E-4
7.475231986820495E-4
-0.001040336660622419
7.923354184779218E-4
-0.001577766320376372
-6.374112217118411E-4
-6.867679044890103E-4
0.0023373728656308147
0.0010400407951747738
0.0012321964883132887
1.1045944765400265E-4
-0.002256503159436445
0.0012661258867059638
-0.0014426108072353944
3.691791694043851E-4
0.0012404528584511695
1.2828900638453842E-4
0.001619909917133793
7.303597505751771E-4
8.932582653121564E-4
-5.773523781205394E-4
9.703731578724552E-4
-0.002119453090465803
-0.0010958613599946262
-3.184050065935299E-4
0.001645093436067071
9.034442794019479E-4
-0.0013943970581866564
-0.001659595796035827
-0.0011644826773137482
-8.018257900671564E-4
0.0015627717854161968
3.982860639949774E-4
-5.9533335184620836E-5
-0.0010073894975221327
0.001038196270108936
0.0015713806941549833
5.193730693604245E-4
1.2926640106226E-6
0.0010763377177540974
7.160215196261465E-5
-0.0016573277962394432
0.001177515586674803
0.0010395455840783966
0.001030289096716087
-0.001931561609611973
-7.79229078364149E-4
9.495134315871048E-4
-8.840717090808959E-4
1.1499815083412484E-4
0.0011627366035091913
7.933666317827365E-4
-6.755263384073058E-4
9.314351966678008E-4
-0.0012651552672879346
5.220541808090589E-4
-1.2386094645080626E-4
-3.995468955267909E-4
-4.5246480732644373E-4
8.783566991455502E-4
-0.0019948664465040573
-6.010465591508509E-5
-1.9453620263121832E-4
0.0010256307335227755
0.0014149555022580256
-0.0013308840638787442
0.0023252228436252873
-9.652276039202283E-4
0.0012919902766189695
-0.0013413364706358739
0.0011499801397384711
-0.0011321198411119065
3.55196164574287E-4
-0.001539033879703215
-0.0011599327221816428
6.150234565248864E-4
0.0011369535432802303
0.0012663051349204992
0.0018622996602174092
-8.961517135360164E-4
-0.0011615091116366546
1.4454955484974621E-5
1.3626428445090766E-4
0.0014564202456912696
0.0011406491089793519
4.6428657850390483E-4
3.289303197977147E-4
-1.229102121690324E-4
6.425139871662175E-5
-0.001181487990429722
-9.393932495974631E-4
-6.951064751840723E-4
9.813354832709533E-5
8.454322204979186E-4
0.001567768546258592
0.0016627379256761777
2.153385347648908E-4
-2.3627650059348458E-4
5.842192808025197E-4
3.631594197937955E-4
7.624012736245501E-4
-7.881541377410019E-4
0.0016825513522475304
6.71459696760124E-4
5.790997416094008E-5
4.864549064990015E-5
9.474988383389184E-4
0.0022381613007992143
-0.0014076159048375142
7.71999583475511E-4
-9.310509721134945E-4
1.1772591361562078E-4
-4.902162972847113E-4
-9.833699173648922E-4
4.213698699710289E-8
-0.0015265102811866217
-0.0010143849232932792
-0.001783125307612731
-2.7762060705738506E-4
8.286923311737666E-4
-0.001268239021049179
-0.001049017425515535
0.001093530988998659
-7.1394231332838E-4
7.809265743351781E-4
4.451304459469174E-4
6.35568589102652E-4
2.5395408286279917E-4
-7.114486704163069E-4
0.001051382050664459
-0.0012893353134994687
-6.295026159486899E-4
-9.324931103602212E-4
-5.415999711788404E-4
-0.0010376528206542037
0.001391031523583057
5.23147286542197E-4
0.001061184172038429
-0.0011726770190158941
8.686797775435292E-4
8.363385301576199E-4
0.0012865550793404945
-0.0012124522578202508
-7.776507094710576E-4
-5.281698922235415E-4
-2.5580731289078157E-5
-2.718604781845553E-4
-6.96513595897436E-4
7.320829640942187E-4
0.0012120334666857761
0.0015806954562096439
-0.001543067744175731
-2.533088331751678E-6
0.0010961033067090657
-8.735501671732229E-4
2.1861972901048094E-4
-9.082462503677112E-4
5.66628993525932E-4
9.84575645996522E-4
-0.0015592984846270073
-4.032570471360292E-4
0.0018116041692861965
-2.4776900308013836E-4
-0.00223435413772192
7.133721637365077E-4
3.58616896065252E-4
-6.010096541462855E-4
-2.980964805901823E-4
-9.605362736463026E-4
-8.6536863555171E-4
-1.0429007332603161E-4
5.991869187809857E-4
0.0018860323290005596
0.0018595296300563753
0.0011653747188267113
4.049623855464763E-4
-0.0010860098365521585
1.1864515275232977E-4
-0.0011738065578017819
9.894339953519964E-4
4.3071542898206127E-4
8.302557551768371E-4
0.0016003871064380443
6.69530223710307E-4
0.0014063498157252192
-9.803144711558911E-4
-0.002719218474200867
-9.78634253171316E-4
-7.161737730546152E-4
8.173445715183319E-4
2.0587022028430122E-4
8.614209283270852E-5
-1.1072452641651597E-4
0.00100468975213236
-8.697348429931017E-4
-7.773570645987745E-4
2.4302907565067406E-4
8.974940090175265E-4
9.646921078861035E-4
-7.146176021053261E-4
-9.191560487203657E-4
0.002368439988936728
-9.627467595172609E-4
-7.213666401770007E-4
5.532173803980203E-4
-7.017970700006484E-4
5.697138931712748E-6
0.0013933250786829997
-7.37345330253701E-4
-7.718277292567954E-4
-0.001008390509399197
5.303294430805347E-4
0.0018715052632970212
8.960905075010487E-4
-6.465958533060783E-4
0.0015927412543068804
-6.302840078947031E-4
0.0010885714625790675
7.562487735502444E-4
2.1040912318699307E-4
3.3187307375003955E-4
6.170039261947619E-4
8.665305217965775E-4
4.1151857337910894E-4
-9.701275146433264E-4
-0.0014963646083529394
-0.001348169910555695
-3.1075670381989286E-4
0.0010487044282059613
-0.001228647959577766
9.743848963162391E-4
3.6842170464642906E-4
6.249248626293803E-4
-7.470813413196281E-4
-8.577921707663101E-4
-2.0739929978101477E-4
-3.2342723725503354E-4
0.0014682040796978489
-0.001124710574534312
-3.5922395636636727E-4
-7.987495456294059E-4
7.132817630958406E-4
0.0010790450788557763
-0.0011857923551081236
0.0012367984083870495
0.0012897659505529508
7.411547584398741E-4
-4.936711227866649E-5
-8.044468614164973E-4
-1.9410045276221983E-4
1.5098612968985207E-4
0.0012093289236922886
-4.8257092459965766E-5
3.5465292015124297E-4
-0.0010423091121404794
-7.693432264846128E-4
-1.2342908574936089E-4
9.887244607820636E-4
7.727033519355022E-4
-1.6768121726575423E-4
-3.669489974865907E-4
-7.450709042360156E-4
-1.1097263497701993E-5
-0.0011566884957268937
-0.0015179981411209055
-7.112432171561733E-4
-7.445203852770303E-4
6.550117373544992E-4
1.0409807039456591E-4
-9.536624302981413E-4
-2.463609927216633E-4
-0.0013512297106637434
4.5341875387702887E-4
9.569156322704478E-4
-4.0393716311323595E-5
0.001073536568833933
-5.181498626694389E-4
-6.477078334059109E-5
-0.0010386287831029254
-9.383900991861614E-4
-5.839430094082012E-4
7.207044459291872E-4
1.6112310653089895E-4
-0.002003154522857583
-0.0011949760297992578
-4.545400729620461E-4
-0.001510870121104005
-3.754645831151264E-4
-4.3800244649379885E-4
-7.608569561850916E-4
8.10869518004647E-4
-2.0453013113520629E-4
2.3746205013552992E-4
-2.0854339096520503E-4
4.96262206373915E-5
0.0014269550456525836
-0.001139916373416529
8.44636085530428E-4
-0.0022487876542987713
6.998378890880489E-4
-6.48560079996027E-4
8.355683781789183E-5
0.0020621419985039757
5.927658135876996E-4
8.149640578313639E-4
8.849866405797824E-4
-7.643635587443244E-4
9.605509800950695E-4
-1.018959027655379E-4
0.0011917781143393977
-0.0011793668085999431
0.0010509829695897707
-5.630905363980269E-4
5.995142445794939E-4
9.507905303851116E-4
-3.8267011383763464E-5
-0.0010566336353643629
-3.4689382638899193E-4
-9.341118964046138E-5
2.788423098285278E-4
-3.1157713481032924E-4
-7.563612110240076E-5
-3.90599077277139E-4
0.0011276744046928905
6.499737804031285E-5
9.612398016359305E-5
7.005930376977423E-5
-0.001117431508025111
-2.7358179832284366E-4
2.1519360527091756E-4
-8.291200203404839E-4
-4.8086660867021047E-4
-6.917641895269602E-4
-1.671859503207114E-4
-3.608309336357461E-4
0.0010973964352264736
2.696146128913896E-4
0.0012496290478619851
4.116532270353498E-4
-2.1166668224007566E-4
5.089576788164926E-4
-8.08386039117794E-4
9.739212446176113E-5
7.43376338231375E-5
-8.464856770659187E-4
7.403215581224168E-4
-1.5801938396764963E-4
-7.379003495910062E-4
4.788954045205222E-4
-8.125254015669719E-5
-7.68587414008305E-4
-2.726283017842465E-4
-4.713031113005848E-4
-4.697520860349867E-4
1.365771813281216E-4
-0.0010437209648864229
0.001309424711449042
-6.263609162866187E-4
4.996990286219118E-4
-1.2919467669863962E-4
-2.474995404348874E-5
2.4599762151081425E-5
-9.300000313872866E-4
-4.7056278867646E-4
3.742411202139826E-4
-3.467766805914996E-4
-3.65000543214188E-4
-6.165074763914654E-5
0.0012816004347367548
-3.4212775430210283E-4
0.00131155274563734
2.641988980261177E-4
1.9687461276772118E-4
6.01417879644998E-4
-6.208276081118186E-4
5.765197218781862E-4
-5.638696867198852E-4
-6.241863726644602E-4
5.48597231302967E-4
-7.71121877590107E-4
-4.137705376405893E-4
-4.795357144434549E-4
-8.392105344344757E-4
6.900979296323402E-4
7.912147505076588E-4
-4.0695027495344255E-4
-2.4038332356771295E-4
-1.5619169828027819E-4
6.022905329548458E-4
-2.3971881632834816E-4
-1.0618706437867363E-4
-4.2305618763219943E-4
4.512770847726437E-4
-5.995206613326955E-4
4.3328704309033975E-4
-5.665980593256171E-4
6.151831979550499E-4
1.0595002304548124E-4
4.6122809415055936E-4
2.327838248182921E-4
0.0014644042776557646
-2.0586736632828288E-4
-3.177324342984671E-4
-8.172686243380549E-4
7.303997964523356E-4
5.835084867550108E-5
6.546362852643392E-4
2.444313926242323E-4
-2.1825462519647573E-4
0.0016735529616993888
-0.001426947070589112
-1.2866751481078413E-5
0.0012812268695168473
0.0013521400067566223
-8.164789095392496E-4
5.311903380741667E-4
5.90121848583824E-4
-8.625302833948555E-4
-4.210860177514812E-4
-0.0010519371044076466
-9.802305363116994E-4
5.515602091568115E-4
2.934603918191358E-4
-4.019806258096699E-4
7.387491815172194E-4
6.339637033717236E-4
-0.0010235298835650584
-2.773682044525692E-4
1.2773162746062817E-4
-3.310831115696811E-4
5.072205643842321E-4
6.364786252261518E-4
6.159016529343106E-4
0.001171658020026524
6.291268118618462E-4
-5.93951940048336E-4
6.23025667643017E-4
9.993731851832802E-5
3.409044449555487E-5
-9.351079723735798E-5
-5.516287033250516E-4
-6.696344968345894E-4
-0.0013281184118695845
-0.0011245761760837636
6.598582261903675E-4
4.236520625898499E-4
1.331387401521505E-4
-3.4526316900248855E-4
-2.1780047845201872E-5
-6.891787393851429E-4
2.4739124592630435E-4
-7.268007527335522E-4
5.981463971025963E-4
3.550246110168058E-4
-4.7935484947772013E-4
-1.610867456002598E-5
-0.001005696303304255
6.252455073165246E-4
1.3033647451335975E-4
3.6437284340311384E-5
6.822562903402169E-4
3.5620940963682665E-4
-6.528463288607639E-4
4.317966163574188E-4
-3.33029309452908E-4
7.418095566537049E-4
-8.836873054377542E-4
-1.4061032884882244E-4
5.432517790131407E-4
1.7625846166366752E-4
-5.991180624458782E-4
8.456548504028564E-4
6.024978848810002E-6
-0.0010853071649394085
-6.381445812666362E-4
4.034217419657947E-4
-4.7688870644060764E-4
3.537961766640199E-5
-8.087206450763459E-4
-3.6839190831283145E-4
1.1927202067631836E-5
5.23467804232222E-4
6.880479122305785E-4
3.8618083003177673E-4
4.8494109236313945E-4
4.0544498262908593E-4
-7.640478369304104E-4
-1.5756187799607942E-4
8.119687232588905E-4
8.667090472843117E-5
3.1627891807310324E-4
-9.612651284267899E-4
-8.790036795624735E-5
-4.02349781326481E-5
9.88290464555491E-4
-2.0030840095405287E-4
-0.0015160404717856457
-6.9971436806566E-4
-4.8762914012851735E-4
-6.778087668406799E-4
-0.0012243364525246854
0.001326507065476253
-4.3602559361569906E-4
-6.15976208221364E-4
2.3019212111259925E-4
-3.868909293458109E-5
8.42690446244768E-4
3.4992230056249315E-4
-4.345783840236298E-4
2.1928702301920783E-4
-4.588433659131967E-4
-2.8394185169807005E-4
-6.373243722120912E-4
-3.9815608760181224E-4
4.672466301462276E-4
-5.634207358227729E-4
-6.256008762737278E-4
-6.328719758841553E-4
2.1152354328344438E-4
8.507361554296656E-4
4.096000058197492E-4
4.7285627666496363E-4
-6.723222728698568E-5
-8.299476765154494E-4
0.002207961341999668
9.105967793469315E-4
5.545400975406598E-4
1.0088872112688326E-4
5.751440254300684E-4
-2.430279933529022E-4
2.2735046054532366E-4
1.9285529932097577E-4
5.413743736915545E-4
8.12469371348024E-4
2.5981983292322773E-4
-6.877348701959042E-4
-9.786506617510177E-5
-4.1221190406879834E-4
5.232750808370295E-4
-8.552144076939496E-4
-8.234976455009223E-5
8.222958244821455E-4
6.765147529457472E-4
-8.188984810815452E-4
-4.264453264807796E-4
0.0019906613266881595
6.879493940703521E-4
4.892525902235791E-4
5.08170021199793E-4
2.516165177124322E-4
-5.158147993812775E-4
-4.168878759558853E-4
2.385857819901099E-4
0.0015384652771009979
4.735592622793073E-4
3.5847546043298934E-4
7.885351547577142E-4
-2.917340109114449E-4
5.759406405088864E-4
1.9553959996182043E-4
6.226521189683414E-4
4.706543763046118E-5
2.4277094012815564E-4
-4.944669708436667E-5
-2.1218434895459845E-4
5.940983081475177E-4
-1.8016847009177017E-4
-4.938403925960971E-4
-0.001001281020079143
-2.249682494816054E-4
7.307651530973737E-4
7.984265012527252E-4
2.0382811750329395E-5
-4.4579774104546826E-4
-6.454558624717896E-4
-1.2267826048989203E-4
-3.692436000844923E-4
1.4242630554683913E-4
9.679822996076163E-4
-3.625032140862481E-4
7.031472376838036E-4
0.0019154920854000783
-6.674077265510923E-4
4.4194784497149765E-4
-1.6595052540805265E-4
8.827554886032815E-4
-7.158511498739866E-5
4.7487792920876485E-4
0.0011940790703223094
8.171011048165445E-4
-3.0039583022252936E-4
7.10642623410161E-4
-6.556260384231156E-4
9.668994589874968E-5
7.431114291805865E-4
9.581655827596555E-4
0.0018451752094509404
-4.182818273218067E-4
8.794152966566831E-4
-5.691842960258726E-4
7.660021434554769E-4
-8.606529659175624E-4
3.556775120324188E-4
-6.43943910736566E-4
1.4751760342114452E-4
3.1540014836056106E-4
2.723256258264951E-4
-5.760184484493254E-4
-5.6974449029992944E-5
7.671450539368711E-4
5.962480091332825E-4
7.477130670003784E-4
7.225698577390827E-4
-9.298147624469293E-5
-1.2618379299106983E-5
1.3524852020905336E-5
-2.0508129968770556E-4
-9.37637743995724E-5
7.659253270633887E-4
-5.882313522421566E-4
7.228439287923415E-4
-5.540934264586347E-4
-3.79497444656466E-5
5.444813616122385E-4
6.326341248710503E-5
7.495225552863426E-5
-0.0013017312573588265
0.0015646510261065258
-8.48503258995432E-4
4.2541651955556846E-4
-7.419479504839972E-4
3.5634357994661787E-4
-6.843032373812645E-4
2.7238237765344324E-4
-3.067077714233064E-4
3.272387783859085E-4
2.0963894804569672E-4
0.001097160155955675
6.586447451038833E-4
-6.406626775856184E-4
-1.2325771085035592E-4
0.0011700055546143174
-0.0010545899276535775
-2.4019851671835073E-4
0.0010119079103426774
-0.001405065110663252
3.405887311676772E-4
3.6542313304376635E-4
9.454004889019582E-5
6.607322799869094E-4
-3.653438066050692E-4
-4.048872125782381E-4
-6.143826119615836E-4
1.9250359523932244E-4
-9.168078987807583E-4
-1.6946957646766082E-4
-1.2093786724714248E-4
-0.0012918181226500972
4.2484197978488584E-4
-4.467391299313418E-4
-5.378167884192388E-4
5.49479682883003E-4
-7.849407496238897E-4
-2.3921641559757442E-4
7.75551376899128E-4
3.7758838374598314E-5
6.939813932258878E-4
-5.691248002257049E-4
9.951844415175435E-5
3.5074869072067414E-4
0.001026720675632947
-5.64422438214681E-4
6.409728063586675E-4
-8.032269737248682E-4
-6.10315939684808E-4
3.715374141842783E-5
7.630470606434666E-4
6.364254212598044E-4
7.357790594524707E-5
-8.479439752159886E-4
4.2076725869477405E-4
0.0015247930353960795
-2.618038795579423E-4
-0.0011874056436473788
8.819315698742996E-4
-8.335896950352555E-4
7.047032549253406E-4
8.42076269925074E-5
-9.988503338535623E-4
5.512489000399788E-4
9.199040338739715E-4
0.0010069704552686694
9.093220447831002E-4
1.1664311916998752E-4
-0.0010305897935000592
5.002935718265698E-4
6.747343913881711E-4
0.0010685025274363574
5.620351947889783E-4
-5.454884966085545E-4
-8.67336890648363E-4
-2.1398084358886525E-4
-4.7093189980908337E-4
3.9204188439726596E-4
-6.197735061227299E-4
-8.485765725362652E-4
-2.2040540523771655E-4
3.414434702241936E-5
4.221848171459793E-5
-1.7476878188160406E-4
-5.961243195096939E-4
-2.4671859466585125E-5
1.2465774192523302E-4
-5.007876370958106E-4
-6.735197476501293E-4
-3.5475866000471456E-4
2.296360049879288E-4
-5.554885400907084E-4
5.332304864317664E-5
2.768564215454785E-4
6.700622021216519E-4
5.990899566961893E-4
4.851032196955969E-4
4.0009360748087725E-4
-2.035637687915813E-4
-0.001017037866760505
-5.836342782544544E-4
-6.606048629566621E-4
7.713763433603067E-4
6.174568226725333E-4
-1.6271896450039961E-4
-5.683377568975049E-4
-0.0010908514479993742
-5.77549869988756E-4
5.946564594179614E-4
-5.402511348806837E-4
-8.74775938439626E-4
-2.380481577415706E-5
8.084819092161712E-4
2.939755448858565E-4
-3.065147651739373E-4
7.250311904267743E-4
-2.8735741596014195E-4
6.579574049290991E-5
7.298641938961137E-4
-4.550128106833601E-4
4.0205161849453505E-4
5.24546056297398E-4
-3.3966462383127905E-4
7.563479135164782E-4
1.9086392718913917E-5
6.855701300324879E-4
6.006807234665124E-4
-1.0265167194758476E-4
1.3139269619753474E-4
-5.709648346854544E-4
5.986505798347465E-4
-6.685496325768785E-4
-1.8285085113702514E-4
-8.793982976188757E-4
0.0010089892068613608
6.876007570058527E-4
-5.722373112413066E-4
-8.180138450500006E-4
-3.598854930642322E-4
-5.320602426662221E-4
1.738746993517078E-4
1.1296755185529225E-4
2.392967384022467E-4
-0.001147123338805632
-5.948334365901829E-4
5.254132851589038E-4
-3.7255707088283143E-4
-4.803074528678651E-4
2.3549547483636005E-4
1.356018582706448E-4
2.330945163325284E-4
-4.6381031598176516E-4
-1.6174020397889734E-4
-3.560392333791146E-4
-3.8120480474398174E-4
-2.017712264727107E-5
-3.188868829571707E-4
5.828329043908469E-4
5.241425606402444E-4
3.7960922088069296E-4
-4.0012486734784157E-4
-4.756645340472262E-4
-3.4517279712852127E-4
7.523075810637969E-4
-2.497114076494614E-4
1.7282545828276664E-6
-8.386767420842322E-4
8.60932331018855E-5
-1.1915631137857261E-4
4.7210731280484034E-4
1.8388039015048948E-4
6.507761142972177E-4
-9.312972872862491E-4
6.119425859698349E-4
-1.406563606495878E-4
-7.395585488318382E-4
-3.6586381076448643E-4
-3.9152970585770003E-4
-2.697240032373876E-4
-6.641506806192665E-4
-1.0119042353275669E-4
6.807334983925672E-4
7.450047562129428E-5
5.931594963735557E-4
-6.267037215234485E-4
6.993561771616564E-4
-1.4323365556649835E-4
3.7610483472935415E-4
1.495461567408321E-4
4.452934055734485E-4
9.714893631270932E-5
-9.408853940726257E-6
5.41105997046552E-4
3.7005234050167324E-4
-3.71084819947896E-4
-7.828921451418707E-4
1.8064608717011007E-4
6.390004962148692E-4
-3.0230596996157563E-4
-3.232940701790353E-4
0.001061524691779886
-8.450607725546568E-4
7.146825961559929E-4
5.477716674269617E-4
-6.549193741173387E-4
3.8204085106178376E-4
-6.95435377539211E-4
-7.391363257298152E-4
5.482924574185831E-4
-5.461161104261418E-4
3.242786201646073E-4
-7.692118762977255E-5
3.448478714871303E-4
-1.6545058122707288E-4
-1.7763860404935625E-5
1.234884310301171E-4
5.583185415417643E-4
-1.5733969856551576E-4
5.879175575483591E-4
3.159023917993881E-5
-0.00144341526408792
-6.01040700984015E-4
4.0274571816073334E-4
2.1526636749643447E-4
5.282559006401129E-4
5.258083544308444E-4
7.11199183210833E-5
-2.1399724662823658E-4
1.0806380202947865E-4
-4.0698161100779183E-4
2.5098292087838333E-4
7.233074328418552E-5
-9.62013495225952E-5
3.4262884684648474E-4
-1.1487750354284408E-4
-5.43628071553033E-4
2.4302372093282324E-4
-4.675475174563044E-4
-4.8668225516156457E-4
2.1085316420686522E-4
-1.4315164154042332E-4
2.7000612953056595E-4
-3.2805728642869845E-4
-4.3650653377269875E-4
-5.616469826867041E-4
4.1476090435098084E-5
6.26434007738582E-4
9.599228176850279E-5
-4.6837716776644404E-4
4.218192400009525E-4
6.444970222674246E-4
6.729184902998541E-4
4.010272364117709E-4
6.315842311062962E-5
3.7978147282867627E-4
-1.3572749788718846E-4
3.86279399846795E-4
3.3787859053107674E-4
0.0010066383198585843
-3.287185083915632E-5
-3.0865995743162197E-4
2.7442674663003116E-4
6.259190606485969E-4
-3.626155793480236E-4
-5.970372138473348E-4
-8.113187258648042E-4
-5.918001906164052E-4
-3.36803939413409E-4
1.9615906656482074E-4
-3.393795984937819E-4
1.8559116355932725E-4
8.502726915443989E-4
2.595458422759626E-4
-9.08565913488571E-5
4.689866547716282E-4
-4.169153715971848E-4
-5.604049407728354E-4
3.6818167514362973E-4
-4.7580049475323986E-4
7.943556032606567E-4
-1.805215865010892E-4
-6.703006387727948E-5
3.3370823459363087E-4
1.2631267644217133E-4
-1.5414269687696837E-4
5.11665870042355E-4
5.549851281057606E-4
6.150562498146624E-4
-6.690752312874146E-4
3.1800481470643696E-4
4.98598749475103E-4
4.1406299451137975E-4
3.9689144069484993E-4
-3.6428842295395245E-4
6.724947445653405E-4
6.979550069918771E-5
-5.462029090716197E-4
6.110573480331832E-5
-1.0874623770036919E-4
4.931949680124984E-4
0.002044244849995261
1.5838346124344698E-4
1.1451956753352151E-5
1.0775917955681195E-4
-4.970022917269347E-6
-7.887765399445622E-5
-4.8600225917267705E-4
1.803298055947691E-4
6.711832770568477E-4
-4.8073151112123965E-4
-4.330382202646785E-4
-5.063945172774677E-4
-1.1246531531465053E-4
-8.615821680140949E-4
3.4057121638590845E-4
2.1131856293523545E-4
3.369238142961091E-4
3.183741605917767E-4
-2.0247404707135797E-4
1.3522308289168016E-4
-4.6264331364262933E-4
-3.0790923602972217E-4
-8.28703870743946E-5
9.629690574208783E-5
4.3835895294861815E-4
-1.5290474179775399E-4
3.461921927199885E-4
-3.515283039760397E-4
2.70673099353518E-4
3.1205784353844246E-4
3.0405197382563635E-4
4.1727355704165706E-4
-4.1986232746327293E-4
-0.0015517096012638899
6.163591227495241E-4
-2.458784471183608E-4
9.525172378081915E-5
-3.729433729593226E-4
3.904803148704657E-4
-2.6335828373565015E-4
-4.0253598486081685E-4
9.939409843623833E-5
-2.589768086755855E-4
2.8609600897606946E-4
-0.0012480519312943288
-1.8127575462456374E-4
3.0696892601539774E-4
3.927825813271901E-4
-5.692297513083712E-4
3.1066280188462626E-4
3.931572733181225E-4
4.8774025704809214E-4
2.870371675959563E-4
3.1004197959341376E-4
-6.022889643840713E-4
1.824757729010423E-4
-4.668661242521692E-4
-5.93392881964026E-4
-2.662052914521262E-4
3.0415013634709696E-4
1.4091178655679067E-4
7.45942964009715E-5
-5.489042955678066E-4
1.7533132125407294E-4
-8.951052412548863E-4
-5.707787037524286E-4
3.7835374086863527E-4
-9.658959301412696E-5
8.445969976312362E-4
1.1553128393981396E-4
6.731580650417515E-5
8.627136894858967E-5
1.78592330011257E-4
3.649097847471174E-4
-3.440586331178259E-4
2.7269296913309766E-4
-3.507526764774529E-4
3.44157928205374E-4
-1.0054668335665324E-4
2.566470587237493E-4
-5.53184512115621E-5
3.4081149805767697E-4
0.0010339703091179918
-2.4345140285797584E-4
-3.3278177102267305E-4
-5.948317328292982E-5
2.818273864815376E-4
-1.246340490339042E-4
4.0257657024226445E-5
2.0861343950043094E-4
3.336377305248864E-4
-4.4554443903273115E-5
6.697200089388241E-4
1.3445282996257246E-4
4.017573910196486E-5
-9.91083017538123E-5
1.1361762665629243E-4
-4.1161774859421816E-4
3.6274982506249423E-4
-2.529891530165357E-4
2.8238915602725893E-5
-2.5694337430620917E-4
-2.664858975541903E-4
3.086852943226249E-4
-1.1888586859045867E-4
4.0359726123321703E-4
9.894690401337368E-5
3.299308476551275E-4
8.298255556859109E-4
6.465669823889198E-4
2.79986100694822E-4
3.1676863463368695E-4
3.843364752874847E-4
4.7795962942120436E-4
6.060492315136909E-5
2.4243285772763057E-4
-8.895586106309124E-5
4.183827524052351E-4
-0.0012906264967716514
4.314279449254903E-4
2.2714584903232464E-4
3.592757286626788E-5
3.1346657316900665E-4
4.626113430764441E-4
-4.8034619468326374E-4
-2.9173844907758614E-4
-1.0588770725807675E-4
4.808215294035057E-6
-2.1439860751732042E-5
3.20835661048807E-5
-3.035667574085586E-4
-1.5890762200217867E-4
-1.2181099210080127E-4
-4.308249902845555E-4
-3.9225995184982964E-4
-3.371261269972531E-4
3.1607900820010084E-4
3.097434910669541E-4
3.456508063497041E-4
3.001715825487409E-4
-1.5514650595072567E-4
5.024961970504604E-4
1.0004709884657054E-4
3.909756906203126E-6
3.892693345612041E-4
-1.897619788390646E-4
5.182072494515224E-4
8.639370176298505E-5
-2.676437456811043E-4
2.798184553108643E-4
-1.3416489546267538E-4
-1.872125814213417E-4
2.631209695900156E-4
1.6166004399743487E-4
2.1777684260540405E-4
-2.340639335168266E-4
5.220112625648937E-4
1.0425588073560128E-4
1.9192562962085422E-4
-4.272350793935517E-4
2.92565288359728E-4
-3.783509178287441E-4
-6.955482007981214E-4
2.4964784219493193E-4
4.4572598966195255E-4
-9.69269920233362E-5
6.368863675500392E-4
1.9516224851569167E-4
-4.259881784620625E-5
