0.010921908667091024
0.010127038326578814
0.006922237609076543
-0.007263593710164869
0.007105813043965525
0.006054660672603946
0.00829342526742334
-0.0098961067567878
0.006027621263527242
-0.006861852755527016
0.005892384679748362
0.005580889626965485
0.008453180613285502
0.004825837107620856
0.006895812042060821
0.006800975167369533
0.0068417035774360055
-0.008487688241696984
0.007503144336141965
0.00649126925258923
0.004655381202518052
-0.017938256008846014
0.0055464364777316555
0.005836817470326814
0.006338280836048301
0.006207587855609909
-0.008324922394366436
-0.002975583304198906
-0.01439284557055604
0.005284610392560117
0.005020466756845375
-0.015342501603285675
-0.005083431552238524
-0.0032816629887750695
-0.0037901606136073055
0.0027166212168884796
0.007094365356394469
-0.007322667593445055
0.0027567845397195993
0.01310073141363356
-0.005619625717247576
0.006481247861041904
0.004140197452209926
0.003795487967187866
-0.003722040140473628
0.00596232943904522
-0.0068840832077210565
0.0046710591101084
0.002531969394727456
0.0048834397923893744
-0.005321290954616909
-0.004428021944826625
-0.006082119296939776
-0.003392795971344929
-0.010867259500862932
-0.010123674183245055
0.0017460679355277384
0.003099960079573993
0.005371925650383744
-0.005865854286448366
0.0033981251108126356
-0.014660118048867856
0.0069776651946371615
-0.002332990320056859
-0.0038105159137514586
0.004253216790795529
0.009302589757410626
0.004344950062755744
-0.002301332142284212
-0.006706950744103257
-0.0032880889486851077
-0.005326741625045612
0.0034864370262304577
0.0021217358915355208
0.007998796210340133
-0.004431038682824488
0.0025365045510791404
-0.0029697992958417816
-0.00582939789652612
-0.003896905301445601
-0.005759839861585169
0.011706917744957206
-0.00546944739765794
0.011412823508636467
-0.002431993460186548
-0.014714684311307251
-0.0038781490392455257
0.0027414363794170554
-0.026537154458729298
-0.019001013121611662
0.005806247599382348
-0.002317685447833276
0.002578274967429758
-0.008207629333459726
-0.005766309617566841
0.004176747608880988
-0.0027113610104347293
0.004928941916354433
-0.0037535452942294312
-0.007453779212962507
-0.004824352374879342
0.0058880002084269875
-0.010332569664228164
-0.003650842147644314
0.003120040788616172
0.007435778814883387
-0.011280024016682688
-0.0020104019612377884
0.002316086905977127
0.004661977757193857
-0.008059537150908304
0.004838125037632723
0.003757338143189601
0.0025957647807863067
0.002028638256931908
0.006418570152418978
0.005819533889235727
-0.013837009734220697
-0.00497640593081117
0.010204403555429594
0.004679186920442578
0.010557777567522453
0.009717805707539322
0.0023488253184179853
0.002748958333978129
0.006693851312400193
0.0031861767256294283
0.003402697791187231
-0.010555703944949613
-0.003667287038670361
-0.020861103563424303
0.002636990949250184
0.006792714840492815
0.002154661355979445
0.0052923033964093575
0.003259421685163327
0.0036469530436406064
0.004743622839043069
5.775438619252312E-4
0.004373908197673115
-0.003441980901102898
0.002745865971966191
9.197159271669982E-4
-0.00984907710833222
0.0029326958866039135
0.0030677292480141977
-0.0030555631835061238
0.003031027783301408
-0.013517844222908384
0.005274020791827101
0.016945553581394716
0.00597536810490506
0.0025278088305360365
0.003795786047819305
-0.008918054162245309
-0.011346970886339297
-0.0028482248512282596
-0.0027643391626767165
0.01654449790009055
-0.005224199203415104
0.0024060942481443997
-0.0038590987776741426
0.024711706491856472
0.019007792043744105
-0.004391143556587338
0.0052343369092232184
0.005159791781360661
-0.0048811092946758295
-0.0011993692065239982
-0.00239923655902925
0.0026210105377676455
0.009502282485166366
0.0017513951579723882
0.015780456847982547
0.001229433641952908
0.0029345021194402314
0.002036553468362817
0.00450232363572828
-0.0013024526690199783
-0.012614982562726603
0.003706194554276818
0.0032240710599663455
0.010973522901904044
-0.02646325045728442
-0.0013512565055776439
0.0016927768551932808
1.0817663087151153E-4
0.0032455491813687437
0.013220977637641705
0.006635975049384355
0.007784307336116509
0.00549431712008299
0.0055118434794333366
0.005878327962130096
0.004127003858344361
0.005365385266513148
0.011611017142812626
-0.0030761358314514674
-7.555248668040989E-4
-0.001511961520564865
-0.05288653265646072
-0.0131644321776804
-0.0015148466109639817
0.0032419459338630216
0.006898033364939423
-0.002655298581856853
0.003266762053612784
0.004793206409765879
0.020826396924397663
-0.022411882020559215
0.010816119412505194
0.006905305418569307
0.022285873256827664
0.0033599945965518668
0.0017524797448263182
0.0023022254694096897
-0.001654075106348236
0.008607234221496398
-0.002137174399635639
-0.008264772010515443
0.0016593617580476705
0.004779194951773451
-0.014207842368126727
-0.0011584419808210898
-0.003314739775792885
0.0028516147268346226
7.154218680266292E-4
-0.0016125337385630085
-0.0017310762270013273
0.019727957497952028
0.003196837178211078
0.005413169988898895
0.0014191474370032111
-0.0020104795939352937
0.0029657980875769084
-0.009046073550086525
0.006095909057873811
0.006443334506714307
0.002100686884036248
0.007704883076791361
0.0038031485018860584
-4.119692820969002E-5
0.01376289219814655
-0.017011294972882906
-0.016632863146638182
-0.012292641227193094
0.003149190394828015
0.005733106541941901
-0.010266328401960415
-0.012991004856276267
0.0010776631944868404
0.0069057146381051385
0.02042344860658922
-0.005062496346311146
-0.00319256058114386
-0.005410210794194699
0.0028326017955696697
0.00481474027900179
-0.014256557665427867
0.007876675567917086
0.002077969515688765
0.0014634475391925032
-0.0011341148442368361
0.0022103407476805493
0.011493427344223223
0.0032115942585248195
-0.004481811392789223
-0.0094293464116753
-0.007923874945915248
-0.0015606127370423168
0.007176648138324252
0.004302000453550544
0.01429611253248093
-0.0046318226818137425
0.024505021013490006
-0.010052514684483765
0.018155801694829606
-0.0051394293453484894
7.515120880945069E-5
2.2939543239487467E-4
0.015121266881253951
0.003548592972114653
0.005179287986826171
0.006382849271671035
-0.00672012283580843
0.014926335763688263
0.005895431903215898
-0.0018694509582346276
8.061133570795701E-4
-0.006904243786308467
0.014190546438183708
-1.6936244384443662E-4
-0.006653033191825915
0.0018060140173997916
8.600685141495736E-4
-3.49236922265339E-4
0.003267841109206274
0.0019126033758340992
-0.0017035527664203336
-0.02270606567363131
-0.01192962640017739
-0.001276130553715089
-9.889594000510487E-4
-0.0028347223311476636
0.007001225763666057
-0.001234538786635029
-0.005234321362998865
0.006322427296725434
0.0029182490717414647
-0.006503080196184286
0.0011971111279808243
-0.008570736660090813
-0.007275268934435275
-0.022134601087798376
0.010776815548781946
-0.005634309342660424
-0.007694630419861355
0.0029029336271426563
-0.004259811224124604
-0.012207254442379469
-0.017194762702807884
-0.005007149240692172
0.0011738093458343386
-0.0017956887523318304
-0.0031301776549441137
-0.0025955209103348453
0.0016403962913576933
-0.022015516147383216
0.009717461842847946
0.004654631799948376
0.020258888411223495
0.00398941223679649
0.017910826122816383
0.014900853697733472
0.0022220387941213433
0.0045484356099034905
0.011013848502599588
0.011801844615566444
0.0027849337471760353
0.0049891002038486496
-0.001350950487585954
0.019945062860751563
0.006905082312377442
0.008250117834613284
-0.03448261399758074
0.001383456538339383
-0.014105466602806288
0.005871519388365197
-0.0012333309897657467
0.00801352361668853
-0.001966591350418835
-0.004255457267214659
0.002928457593450071
0.0055062790239588915
0.04131278451076233
0.00230405311674391
0.006228490914228452
0.004013152996933421
-0.0014208911466867201
0.003929679793214875
0.012210215049013186
0.009358185842734026
0.010618487959938848
-0.003120793650683036
-0.0029056444978514556
0.005038565810219032
-0.014004964055823355
0.0016996783439205236
0.005677044209773089
-0.0011033946372962127
-0.004583910784122991
0.015401726760152157
9.012563734724383E-4
0.0025041084267481447
0.0020216107937948017
-0.0027470763640634727
-0.005770278791214219
-6.680404686250013E-4
1.883461709048364E-4
0.016816143561934786
0.005463465423137711
0.028520790043216615
0.03359788742562501
-0.025218099243139402
0.006493297397300504
0.003291937516090114
-0.013920220621496384
0.0032618544306242787
0.004635137539896642
0.016236942758633303
-0.010639164222412489
0.005321791881050247
0.0015848685690161913
-0.004657375928191547
0.008310912035955256
0.0014342827468561074
5.3069477100675396E-5
-0.001818886539605125
-0.02035077140724857
0.0051710619964772005
0.0015905964253499735
-0.00416324949771963
-0.010707359903599617
0.0128552940519968
-0.013312873576892856
-0.0037791960303138637
-0.0015343477952428765
0.003977871480555785
-7.066207591549356E-4
-0.0018222198206002186
2.8759227360784643E-4
-0.004388509310698631
-0.004814574132681985
-0.03199376813852775
-0.010125031222501243
-0.0029671416413949666
0.002902438408620094
-7.076517257017336E-4
-0.0020934578313381936
-0.0031136246196495233
-0.0031078504420919916
-0.005075208095889013
0.0021102219983197136
0.0070241081446986596
0.0072969188627241026
0.027546127931394354
-0.02417349701298523
0.005690034025898148
-0.010101227662189634
-0.0010124506826797825
-0.017399604231749178
-0.007380682048235707
0.005941441971999492
-0.0029158868902016562
-0.01178553519205828
7.394521357092992E-4
0.005833338021814919
-0.0015763683677500703
0.016642146425279856
0.0035004598434381713
-0.002087036727289765
-0.0029228774673144293
0.003373178226758475
0.002543197758369558
-0.003045106036239306
-0.0026950572461017647
0.021426646972733724
0.009220322608679842
-0.02649469013269714
0.007857671215716878
-3.0938700445010006E-4
0.0027195140599875697
-0.005532327614130428
-0.007412936135820934
-0.015158112100157438
0.021967549385136526
0.0023505524877732967
0.005074256177460163
-0.010393860639737544
-0.017111000120035542
-0.004768186706394327
-0.009430038974870956
0.0024581151393142427
8.926515490646086E-4
-6.824369753287284E-4
-7.953515946955712E-4
0.007643771116474444
-0.009140146073291982
0.0036565205524306107
-0.0010195065826586807
-0.01850143705497694
0.007457431883664032
0.01583447825945026
-0.008780284311964736
0.01954445745622505
0.01964073953601407
-0.005353986141507134
0.027960003476504926
0.0018677264341292207
-0.0046463151991589565
-0.0017159610679704101
0.00777884555680534
-0.0013840290464066762
0.00457187186160388
0.003926837819797843
0.0013090107321735666
-1.6890860339896833E-4
0.0038286008617386194
-0.003421459086731453
-3.3914319813557764E-4
0.014844780353364463
-0.014601979057761155
0.005800861028245366
-0.005194032958507396
-0.002611843082642371
-0.0011365918290934254
0.007722835633110502
-6.92750730780541E-4
-0.015112393723643668
5.74086638011587E-4
0.003981785549251323
0.005075493571837458
0.00499337834436735
-0.011737383611231542
0.002801949401202415
-0.017866742024773247
-0.005337769305491436
-0.026976760938704467
0.006852945363655615
-0.007567874608534793
0.005506058524227445
-0.00326272770831577
-0.014752810991163936
0.012822077287383393
-0.0041707954082549105
0.002864264114002083
0.0034741828529822926
-0.012892387237680243
0.00949165110754834
-0.012726927576203919
-0.010588998910858108
-0.0021955285986657164
-0.011910483621624106
0.005916441902832816
6.625140113259741E-4
0.0023300896676810793
-0.012829284376812175
-0.007276882015771613
5.194137764995273E-4
0.003290593517017457
0.00963187253273811
0.014431025156615008
0.01081480698296655
4.217750545833735E-4
-0.0018828724868568303
0.0028294203450245354
3.785843996961552E-4
-0.003572156245998974
-0.011625859474927058
0.016582501023260827
0.007332571255221329
0.008757492036708316
-0.015882848321345403
0.006985735315765943
0.003253868124655473
-0.0065092363948905385
-3.4604768455362666E-4
-0.0030394592380741724
-0.02510217180693286
-0.004275877316303065
0.010086020263986513
0.005129651609022806
0.0023627911766468464
-0.003865513724283771
7.542468420603853E-4
0.00417527422983308
-0.012782585082275382
0.007624169743950178
-0.0037941373456675167
0.010025166409059129
0.003530639709492628
0.0205846131044852
-0.006678630939073429
-0.007900899645295365
0.020747294421202517
0.0018095528439244133
-0.012654238633313334
-0.007117045537313003
0.013418402728517534
-8.263684860887667E-4
-0.0014374889123831
0.0017985246014542325
0.010169734046249228
0.018385174532950018
0.0011239434259191002
0.004211179043890869
0.025538358350301847
0.0075628604451035645
-2.0821999070348772E-4
0.011838235833192056
0.010089511141146857
-0.007703876093706222
0.022487631105764832
0.0058480102486364125
-0.008834689410907839
-0.01531511670467339
0.0076315992227444385
-0.008412516299760149
0.007156128751033716
0.012395756921918183
3.867283259301196E-4
0.0016338486413250762
4.958422534679359E-4
0.006258113205714021
0.007295037480850862
-0.020438867717290563
-0.001297873527747798
0.017515600299104248
-0.012069890516263384
-0.018295793780413717
0.003903674486864208
0.010143035180648713
0.019520874019533955
0.020316739475357056
0.006384851435799025
-7.435354773389749E-4
0.006622630623411357
-0.0036021531594918614
0.01504555816785274
0.0016167876755886392
0.013060049052132167
0.003075176688426717
-0.01585155760848723
-0.023335611164580623
0.0036753028551839467
0.014540970871326395
-0.005288180005141371
0.00457053540439404
0.01686914222808392
0.004429859654305537
0.023055246839651766
0.0016918477916697614
0.0027736568324141495
-0.012789887261862315
0.006137141588075073
0.008163379063204593
-0.009402741283587167
-0.022837050580205562
0.011371648785786288
-0.003842902348810657
-1.6176857283498158E-4
0.006560817895199001
0.01394054097773983
-0.01172183564298099
-1.6260158191162675E-4
0.01035613364349884
0.0031748971701061296
0.004093710844444685
-0.013639734748293211
0.011626677504704757
-0.0025979006752152073
-0.011847109410842615
-0.030529755697069234
-0.0104152645769083
0.0034199006158867795
-0.0031325525955915494
-0.002696857332951769
-0.006078943297313877
0.007087593042323451
-0.00537988178911858
0.018054464803574328
-0.0011644379958859225
0.002737504155782066
-0.01127568198513575
2.72639495594494E-4
0.010159840299719893
0.001145266032554034
0.019094835690282298
-0.012769793403280971
-0.006909748863107424
-0.012680087418455896
0.01144626899778932
0.017862324934173307
0.030712723869880807
0.009359930874487209
-0.003899988434178486
0.017969381341728055
0.01534348290952828
-0.005603929042982885
0.007862725764570977
-5.987590182929006E-4
0.016194018832238935
0.006185224107554796
-0.0068690255471081626
2.879942821404294E-4
-0.01656718747363726
-0.011599722638662291
0.015459661496255524
0.019009933505463057
0.0018931581924661685
-0.016118258992845264
-0.0032416527676643334
0.004255627697961905
0.005260143531275013
0.016330771105991796
-0.0035085879576314434
-0.006465162022981957
-0.004162599373932693
0.018877225324151592
-0.022410448091885356
6.033769258418785E-4
0.004298611043134889
-0.01044573828712897
0.0022573209417417733
0.008172207883247858
0.002422309947214049
-0.006547290421779126
-0.008288298432736985
-0.00273170482841832
-0.0038669180091446247
-0.013491783063983206
0.0023196748264251205
0.0032840847249446434
0.005794841676027896
0.011876686196353152
0.0027036879454501034
-0.007781134100923105
0.001521896906923503
0.004992721339052514
0.005794086550838083
-0.006680922105208085
0.002341120665606548
0.0021740917715683096
0.021320166718490692
0.011565897713683406
0.0035267643095741883
0.0070114078850734935
0.006758563492893412
-0.022634928425143173
-0.008513557808331839
-0.0033470438094391625
0.025039753228088147
0.024209740580669242
0.0038443576500220016
-0.009379978888955616
0.009954074001391745
-0.006815312924898984
-0.014266483525238835
-0.0012561899630568404
0.002865369590027412
0.004649556907217857
0.005035880496319338
0.0086048972134677
-0.013697740037777451
0.018257852717959034
-0.013968298872853753
0.007821204824288846
-0.013703721434174176
0.001824511105913152
-0.016024698983067673
-0.013703825109935766
0.009104909339669606
-0.0014577229065722858
-0.008633765892743091
-0.008008721593789236
0.002682087940207088
0.02089913845235286
3.782195775778199E-4
0.008022229557332455
-6.781933991053796E-4
-0.012225068232875702
0.03275359593010117
-0.001130655524823055
-0.006904988037217238
-0.00603124601057096
-0.011396288078249222
0.00574435915544873
-0.007689922594966042
0.009029968939198605
-0.024080492770081213
-0.01048662655251699
-0.0015164352927367797
-0.01569602568225199
0.012613878620871898
-0.01027740397673686
-0.005745026611440004
-0.0016238512021212626
-8.323664900605135E-5
-0.014067599426939938
-0.0019670697032042645
-0.0024039579214637135
0.0052067924612310456
0.01167086780945522
0.005588542158631219
-0.003804437270115588
-0.01287707808319229
-0.003181748252263909
-0.0036679499269992727
0.0037171537917194317
-0.0031620729030999452
0.0012691628373551654
-0.008461970947391987
0.012152408473540635
0.011318214771122216
-0.020717664141270256
0.010447338323121613
0.007754901136610974
-0.01272587538902896
0.009067345161822461
0.00934939081465197
0.0071999704295427
0.00283187178267204
0.0204448798203876
-0.0039284099769459485
0.0022543520130456065
-0.001370557648851556
-0.005384051598332982
-0.009927802689532587
4.699070730625637E-4
-0.004777590416099385
0.0030319306598735963
0.01570657409340486
0.006202066671988235
-0.007547006765599048
-0.006542529777382391
-0.0016352650024766013
0.00540447192384886
0.01796589980620881
-0.0018661198974920126
0.00787852367549775
0.006772775920736326
-0.010109466432035865
0.01765147791975683
-0.003443904801139729
0.007782282796714736
-0.0032617447909615185
0.00475507684192317
0.013265214019082629
0.00588660195971463
0.012078818210266237
-0.0032140708011137342
-0.00952382512097189
2.764467990181952E-4
0.016415162168245796
0.014903019946759632
0.006882125980914721
-0.0015544328665773783
-0.013143301723651723
0.0012470716902431907
-0.02068352430224084
2.640234195812278E-4
-0.003591612308513824
-5.743123097773996E-4
-0.010362534511529879
0.0013087784304033176
0.004830606307253755
-0.0038412542238659255
0.011329277862904785
2.060537804181194E-4
-3.0363069483907104E-4
0.014457937774918722
-0.002387802196250582
-0.003715855868651641
-0.008279046580989246
-0.009145250210584977
-0.003144367817015341
0.002909301809359319
0.005213174998175034
0.004039814154373191
-1.0647672406338821E-4
0.004722252135626978
0.005695073822442498
0.002052736605623026
0.0029918944338007555
-0.010873528637910674
0.010613164830890887
-0.001554375840959972
0.017381835309106492
0.0052713291448994205
0.008514048843155415
-0.009134701384620997
-0.013158531011283003
0.006829292533255208
-0.011208160030792514
-2.6755646048644006E-4
0.0035048880555528152
0.006046701214438045
0.0044308862954034875
0.011451080577139304
-0.001126384868444591
0.006960900604700554
-0.004947533274457094
0.0038866004587737903
5.80660560160618E-4
-0.013688081707426924
-9.263300140505479E-4
0.0019085452238080361
0.007385370232928776
-0.006124526840647267
-0.006955511910603719
-0.004052069295679141
0.009000707451476775
0.004356656624421062
0.009828163959526655
-0.0038427155001580613
-0.0012409807934820965
-0.007323572915097846
-0.012622757101812392
-0.0021200916901556286
-0.002165522349036945
0.021302201094594943
-0.0018972409825113333
0.01898951955894839
-0.0011303897053906514
9.637660511005816E-4
-0.020133907276290566
-0.00369792611586963
-0.00144175695036002
-0.00966301555517123
0.017590046121220105
-0.013530075223751306
-0.0035500870804302193
-0.001991601492911469
-0.004003265960203182
-0.002184712909138125
0.012821536276994921
-9.696414874502979E-4
0.009783186428399017
0.0030953264649431086
-0.002345451619907747
0.012534995262038839
0.013847764078846721
0.0051301781079703054
-0.010610968091882564
0.013590726217392988
-0.0027006980818517178
-0.00483267571313128
-0.005020220591957641
-8.605472043464027E-4
0.0056789862236365785
0.005960009936698468
-0.003258562092546435
0.018019028475079163
0.016815678221705575
0.0036366369779727596
0.00536619771112386
-0.008601616606576625
0.010858890363486869
-0.012851056009629866
2.6812552824412696E-4
-0.0023718027786201424
-0.009850709232434215
-3.8046520016196266E-4
-0.0282053358618383
0.002670785707181363
-0.0038519373750846315
-2.0879444414599005E-4
4.2258470813609885E-4
-0.0024219020094090934
0.003526546157965943
0.013998277910243929
0.005899992658049142
-0.007947805556954169
0.017478130865693064
-0.009883594861995434
-0.006202778662233235
-4.1296833866757797E-4
0.011340843536749377
0.008823434419243898
0.009370854345078252
0.00249613621150631
-0.002557753010370899
-0.008091279898597984
-0.003595441643235851
1.9487542730458693E-4
-0.01703530821829232
0.014663000635598706
0.0031638035236728154
-0.007188807963726393
0.014740604265415192
0.0050195789946754265
0.002196622855880294
-0.013758588647643327
0.0035087346655935836
-0.01864029819942055
0.00916166605941331
-0.006388746370674597
-0.011281521962878719
-0.018327797537632275
5.582590327706075E-4
9.248574846212191E-4
0.004658175008320409
0.016821230781900856
0.007993309840557303
-0.006222188897220014
0.003972365580330649
-0.01994304573142102
-0.002533701829448224
0.00142807196205774
0.015354615542330549
-0.0037691805526311466
0.00964602217771726
-0.01742109362907644
-0.0037547375200599237
-0.008061060210445753
-0.021065551540984342
0.008230667229797062
0.0015672276511043714
0.002470706247770296
5.082596899688671E-4
-0.0017467101081293827
-0.008681530479155106
-0.004613669037638729
0.0026275064536770204
0.004649045831904555
-3.1241925892935434E-4
0.0023034104300718805
-0.003495332654504608
-0.011902119727063482
-0.004890277080181994
0.002100181908215015
-7.56370080528004E-4
0.006524942571009679
0.00275020480525383
-0.006745258766658386
-3.854415255403031E-4
0.0020992238203385223
0.011430205618339063
0.0014943525902105504
0.004539536355660673
-0.012999821005101985
0.0036346915118366085
0.0285813393178427
-0.002681566663876714
0.0022954958452222267
0.01995098290493191
0.0018348719020418829
-0.017279843010043996
-0.013708251405958945
-0.0028819740312097854
0.0036477626075041955
0.007505797436051711
-0.009867899560651004
0.0012875273497400966
-0.011990057924637958
-0.02198522502762979
0.016490781655751064
0.0014266083070177227
0.0020970760831599817
-0.005089331524830155
2.0930899111619973E-4
-0.018679996195174627
7.793702205296335E-4
5.05728683253461E-4
0.008419485335369183
0.003243877714896969
0.008783806793763674
-0.013541533403380207
0.012741670851666003
2.505770266243037E-4
0.011551741957754866
0.0038735366013662315
0.0047864903283372775
-0.007578016303342786
-0.0031454126718772585
0.001390157292401869
0.007288664390573462
-0.001321162757876995
0.003287648491973011
0.0389405021563196
0.007683132563827191
-0.022828148168633086
-0.007642937710955685
0.0036352546465935887
0.0021134705588542733
-1.7493128393058667E-4
0.009471625889844822
-0.00898732780584032
0.0102879985068119
-0.004594921141001357
5.724150800881131E-4
5.109343777782063E-4
0.016135114757072033
4.95999524144269E-4
0.004241122317273893
-0.004253744475776584
-0.00226232521195472
-0.021968623342859803
-0.0015328197354814914
0.013890493490607527
-0.010454061609376564
0.0056957108682359385
0.0025134800588915746
0.021502087702393945
0.009249675517593566
-0.004443539004659357
-0.013200270358304787
0.013194252601392443
-0.005313390314841109
-0.009003099298298055
0.0050636403622607695
0.0024379354965371573
-0.013473334685599294
0.0028327980097694475
-0.011133677392520074
0.01757845219946572
-6.675250307733821E-5
-0.001130358722599593
-0.00447244532730874
0.0020844407633466232
-0.008872965979488742
-0.004050572484366983
0.023168682838565755
0.008261719417492906
-0.003516216839709069
-7.353315775468463E-4
0.0034197677089026174
0.003755676185640809
-4.4053558102536143E-4
-0.0011450879803413493
0.029835649811971652
0.011209145472756674
-0.00993778743998924
0.0058046873301200305
0.010825928093126599
0.01069384579439098
0.011524579996010776
-0.008190200013137507
0.0016173863419651094
0.007069787231685143
-0.0023903013558167234
-0.014525879807914109
0.0056463515047929305
0.018824023220531082
-5.562136393575375E-5
0.010752491208633414
-0.004509273712457666
0.007964139018795096
-0.002073317400877072
0.0018982984554112455
0.011272373145751706
0.001133125770434548
0.0029208750721322267
0.0088978765421704
-0.0014730409415099766
0.0033627959214114307
0.004623643965833704
-0.012901713084852478
0.015368277024416352
-0.002323843184481517
0.0018286934958897997
1.7645845900608065E-4
0.004229953744915659
-0.0019837183056241364
0.0073077499578881955
0.009041524959543383
-0.001988152280165319
-0.0042731618335157436
5.981129310973157E-5
6.051601827655602E-4
-0.006433144682732367
0.004365652064255166
0.010050721310609826
-5.257849463109456E-4
-0.002967656038956738
-0.005659997308893044
0.005305656336535386
-0.00926413260543411
-0.002927061490481193
0.004371283231910409
-0.006731525078755881
0.006419481441582582
0.029195599677761145
0.00456225241995418
0.013037330695839847
-2.99828613492961E-4
0.004959604921495005
-0.015374848372322078
0.008346785354262245
-0.004336608064365528
3.2767534800152705E-4
0.012555672703510976
2.8265911414593635E-4
-0.008490494239637004
0.005813357094622026
0.017768256577915816
-0.019498405258677482
0.019612310587274733
0.027364209075671813
0.005779619406184896
0.024119584255913318
6.202483432154634E-4
0.004400954119496243
0.005373250028842996
-0.0021468379599037246
0.005885820388744835
0.004264450148217098
9.335216217387482E-4
0.004221625952316264
-0.00795465821442157
0.008923337514853129
0.01188757546842211
-6.119439041637295E-5
-0.006443845592340588
7.147667133565495E-4
-0.008930016354094107
0.003695281515167305
0.0012358586544456687
-0.002974404513090715
0.009475348149548262
-0.0041616985959553035
0.002564441626330159
0.01337149310187589
-4.495698881561248E-4
0.0016774930802383131
0.011369711381047004
-0.00338909948356431
0.003018210226501263
-0.002939876945991312
-5.685949190752912E-4
0.009475874844142735
-0.017895272077146862
-0.010977269436511256
0.004551111491865021
-0.0036419228137727347
-0.005435801793527182
0.0010749947035789665
0.0031640595583941515
-0.0012209372517890953
0.0033682918611953948
0.001603181745238951
-0.008936463424116095
-0.02150375196759341
-0.001798213947013334
-0.010019185739030883
-0.008616030245900408
-0.015043460301016685
0.0053334834918289655
0.0013276437814397227
0.0010870562723177333
0.005723624536243273
-3.943495096911716E-4
0.00982834160258178
-0.0025584296186502834
0.003364699288530049
-0.005829277539604342
0.0019286442311614524
-0.001006436648085532
-5.432325945467424E-4
0.01756547999445748
9.547338777443799E-4
0.001200932141700526
-0.0011598280763462463
0.00523574975962195
6.61283726526973E-5
0.004586531934727353
-0.002277579570694185
0.010362778189856753
0.0026409529172755557
-0.0016750287611925114
-0.009344872694661785
0.006099896561939053
-0.01288998797845803
0.005246309912819109
0.003540384995302351
0.01766243572828874
-0.0015988265848357348
-0.002608768885505185
0.0026203138215866377
0.003333076597466931
-0.009507585946341261
-0.01822488023941069
0.008573079513526058
0.0042628025879535856
-0.017945439907390136
-0.009161729538043487
-0.004849735038623397
0.011654763422100312
-0.0010897659128986865
-0.0013324903885784723
-0.0010959175608001414
0.0048218215145291315
0.014094221799200432
0.010790593661526867
-0.002885877874274198
0.016408068484057466
0.004193268732635541
5.494920520282765E-4
-0.0027046322775850194
-0.015749466779848002
0.0042633333418139055
-0.010743764436347473
-0.0010894244826745655
0.008961832254128325
-8.131157207397614E-4
0.007260607737855295
0.008577723798944855
0.0050484247017266335
-0.010649421668689464
0.009459838163657516
0.008914784897051076
0.010410449998533142
0.013826054912614566
-0.008761899580937938
-0.006799224243904702
-0.008635604148925882
0.001599427587811057
0.001920520348212855
3.28080696940991E-4
0.0018795406603438736
6.709600713398164E-4
0.0019168430759172698
-0.002804947119634848
0.010241858142762897
-0.0028902935358469644
0.016767327847249564
4.975767908030276E-5
0.0058935667540191295
7.006978441984002E-4
-0.006912253056682652
0.0014571179244878892
0.015012632632391077
0.0024088490397632502
-0.005581495574096544
0.005061815931199975
0.007330520601582728
0.0032560322513926947
0.005614865508101441
-8.92148213335229E-4
0.013285084763469209
0.005324540688843465
-0.0017437972822739725
0.003927309184388886
-0.0072743497102697174
0.005838165918800416
-0.0016015114654753819
8.535771274211753E-4
0.005721734639571263
-5.93986838552584E-4
0.003168774988641272
-0.01024113651509087
0.003227571784464849
0.002161160966695795
0.00556915220587746
0.009204181339091339
-0.007691754263299762
0.00856577991484694
0.012976307840444656
-0.002366452526708589
0.004092629147707537
-0.0037606880933496473
0.00569697620281251
-0.004859650827777071
-0.011203475840459994
-0.0027992084601650242
0.007279340447349537
-0.0023797770047045653
0.0091065953716162
-8.1485885170869E-4
-0.0022714925015812565
-0.002489869810781431
-0.005878991074598096
-0.0030080198039349397
-0.0035357501295939084
-0.0010203642065998253
-6.006319339467152E-4
0.0020983150593654075
0.021602568804466066
-0.0019548733439162143
-0.0028341073674505255
0.0041099424840328365
0.008915549349704137
0.009660800748312723
-0.00612704125281638
0.01736979510090909
-0.00875493136242174
-0.002616690330012751
-0.010091366986909826
0.0065554909928560445
-0.0062246609612710176
-7.009131194697027E-4
-0.0044455367603542136
0.008137294235288042
-0.006926382991855178
0.0070856549997931105
-0.009511536240683207
0.006105509552871082
-0.0056302682008190705
8.073247718473184E-4
0.006204851522110646
-0.00581718120004198
5.111948686066291E-4
0.00750709376410942
0.014284049458930727
-2.897398167584261E-4
0.011225920662196937
0.006692101767748315
0.009890350974166644
-0.0012244212723280428
0.008496338167711021
0.002619994529223883
0.007991612652719658
0.014015164729499471
0.012979811230886176
-5.84427451933686E-4
0.0018476203947689332
0.006041627146469347
0.0012960250715477208
0.004879206733616698
0.0013976136364027825
-0.005293008283800009
0.008057831771818392
-0.0028406586417409094
-0.004365332450656261
0.006890357991325536
-0.002143941435840891
0.0019256669638812104
9.214785924566338E-4
0.005143395139597396
0.006048780077211618
0.008186313376739114
0.007924319898754419
-4.783569393243332E-4
0.005514184940741531
0.006857195333194801
-0.0074155856042010795
0.023561398435244373
0.039133554251057405
0.007091359701566158
-0.010307934937953999
0.0010833736429277973
0.010022893028526686
-0.002904366814564159
-0.007311280381869936
0.006364142636343167
-0.0052227949542197295
-0.022007871426985553
0.005912483670412464
-0.004243628329642567
-0.022374992360517446
0.0012230905844491818
-0.008410321436384802
0.008230415556227976
0.0050332214325723434
0.00988391169980665
-0.002047592697537276
0.00781144213706187
-0.0061585274804151395
-0.003997338489453211
0.010117477065103945
0.0028602232269575962
-0.004115668727083866
0.0025819044050927912
0.0028260384487513385
0.0032963374390611337
6.902822507986099E-4
-0.00964226510706317
0.0078063016217486516
0.010020171648142555
-0.003669255525614705
0.014800087314625945
0.00800164277577264
0.007502137760275392
0.009021410012715397
9.518911107847075E-4
-0.03369998144442926
-0.0031273694119885492
-0.009386483782427313
0.006023472478879032
-0.010793533003223041
0.011355015418280804
0.005956304621684727
0.007629376902145062
0.003424831801076677
0.004807564581118078
-0.0027610519427622012
-0.012458044420674616
0.006195286128879049
-0.005146470414531498
0.00685676558375474
0.005289119109591719
0.004990166836291333
-0.0034054339699437766
-0.001980049671785722
7.152022676630786E-4
0.006633323343228851
0.005815696163796262
-0.0028865711174447754
-0.005032809389016005
0.00477081784134613
-0.008752852763990427
-0.0012477311321202598
0.0014648084672651597
-0.0012897904046127984
-0.005310213128929743
-0.004781135888860643
-0.006031499616777892
-0.0031704368427757476
0.005446574476635731
-0.0033133131331480005
0.0018035723118927597
-0.02170248393809694
-0.010627258868363161
-0.002344518847623484
0.0019377725636302338
0.004632158894871892
0.010407822868323978
-9.095861852891764E-4
0.006924859616106726
-0.0053722646476370645
-0.003665538100734278
0.011544353165759422
-0.03325373609703869
-8.719662247361752E-4
0.0020704606054561536
-0.002399845672614119
-0.001824972682883218
-0.002747981279176464
-0.005609918906776316
0.001889927625866577
-0.009163889923541169
0.0018686739907515285
-0.0012378483586241223
-7.467407359104006E-4
-0.0022172395437970805
0.01084591867653464
-0.030988773714251048
-0.002835434930891126
0.001942925051394052
-0.0021876554281577048
8.904607779081148E-4
0.0023763701343719594
-0.0034830913055771662
0.0011885517178533188
0.002146380072832557
-0.008160657106146805
0.009919082608905503
0.017284089927557932
0.004663070710256659
-0.013681022256154342
-0.00485426268790211
0.007184559351720795
-0.03130147087343591
-0.0036979954258757907
-0.0021680555889140017
-0.009835678464068905
-9.135734206927644E-4
0.009787014238429332
2.1930659750231228E-4
0.01594865772525715
-0.0035246990820185166
-0.0031202246078915574
0.012191468777315983
-0.0041257625252970834
-0.005095953607715216
0.0014613015143238645
-0.01379338488112108
0.006012080876266957
0.005576211528414253
-0.0037585821661903322
-5.433342140601915E-4
-0.0017861415840459843
0.004354079369505877
0.008856233620540362
-0.0023465930504309534
9.432280952188231E-4
0.004380793894878491
-0.003028804446832632
0.009343324868416394
0.0039026125966602257
-0.00805683919947231
-3.969082613394269E-5
-0.03638898467258575
0.007432101067356917
9.814037546207807E-5
0.005873167873374281
-0.033634386310303285
-0.0011991598817329672
0.005144363718143598
-0.012767908210733422
0.008126507441144147
3.173512943285749E-4
-0.028301294728163996
-0.003472847163078288
0.0019587608344414278
-0.0016619742725668873
-0.006023240035748222
-0.005654862060609439
-0.005334104867069877
-0.024945373714006895
0.001891436193172408
0.00476906412754326
0.00150629129184556
-0.004255247553740846
-0.008517189019124608
0.014025823710051007
0.006194755219703529
0.001604871013306069
0.01093254827915999
5.2564319175218434E-5
-0.02150771780883248
-0.002399403941106365
-6.791250637165743E-4
-0.0013047867285130214
-0.008919960114280371
-0.002338215652434639
0.005556469577310404
0.013092114541410734
4.0320425642614523E-4
0.013987322823181988
0.0020971074429593463
0.001758606206219034
-0.00628630322947086
-0.0037360382336565005
0.003953567272558553
-0.007560895201102151
-0.009759599997799242
-0.004884618748826864
0.009267744368523045
0.00855703510814049
0.004273574968093974
0.0013288846091445744
-0.0015047437882973053
0.002438461373636215
0.007890109194488588
0.001939279519659102
7.953112692246653E-4
-5.667465817976204E-5
7.376984019758313E-4
9.349599514922299E-4
0.001265310761178838
0.006948650405327945
0.012990479194123248
0.0011048157124400459
-0.015248514180629193
0.006673019059098197
-0.03138437297918116
0.00581390646478723
-0.031653967321914646
0.015885611341443926
2.309010604676148E-4
-0.0026330108916380523
0.006734140885015034
0.00425849334102695
-0.003341031863866313
0.0013475732747485762
0.0059682303612241736
0.00983093848396816
0.002760203146758709
-4.015956786782085E-6
-6.086170238836408E-4
-0.009890248892729233
-0.005238518593430761
-0.0036412960330834956
-0.005198769192304592
-8.635290167813297E-4
-0.0038277842840796408
-0.002621108308163015
-0.006533363957160969
0.0035312593246067726
0.004539807734636872
0.003653645725327678
0.004763586392516973
0.003774479362296579
0.007886986885281165
-0.0029357215286146543
0.011066183937844493
0.02494689912755137
-0.0016111143133367056
-7.561633455289639E-4
0.0022527805204771755
0.003194592783511928
-0.0017945709593457904
0.00455068852937835
0.005733488603958943
0.005572032035300732
0.004164850469437136
-0.006010981832417457
-3.743198586973949E-4
0.0041083374324842915
0.0030335187233815194
-0.005067837452240281
-0.006713491702384973
6.162222260632915E-5
0.00237139626759176
-0.0053855230523281415
-0.011619894310092648
-1.1178642486784985E-4
0.00944365481992914
-0.0012270494195023719
0.005721592610427843
-0.02501559112311488
-0.0018664829750538652
0.00870154847661811
-0.004323859932766575
0.02615857439910158
0.005864416596700027
0.006665247963806845
0.005477757453863651
-0.004379830550887512
0.020414352853159477
0.008197180384667957
-0.0074674803245250556
-0.0020652757006626465
-0.004273268964641245
0.009101436282138343
0.026921999301970104
0.010356539728344138
-0.004326676991067577
0.026452721510994873
6.90379616430392E-4
0.0014772130595770182
-0.00119120731239464
0.0022988075667562716
0.0036701242115539166
0.005836540265847863
-0.0327503949758532
-0.0025466237424866473
-0.008151419469100342
-0.02010445938961847
-0.004214782462944342
-0.013258445643478906
-0.02581896961505603
0.011995346375746358
-0.01951889982917281
0.021843576570075494
0.011361345326419093
-0.0026989905360652335
0.010411963712817442
0.008211963890744554
0.0030841582568497325
-0.00929393388772722
0.0029208089261415398
0.03790700442431919
-3.8484440590691124E-4
-0.0033639832915494275
0.0064394241981443395
0.030607145054105774
-7.964214394851195E-4
2.1220767591840836E-4
-0.028901208150696727
0.011782186368252734
0.0014204457121042963
-0.007503194577578326
1.1800319840156535E-4
0.0017122237069328345
0.0043213417783278755
0.004296423467249643
0.010459988096321586
0.0024750825383676885
0.0033218107798696304
0.00953166548274727
0.009541709277065298
0.0018242947268666528
-0.016206050660171088
8.757526247478927E-4
-0.017632369875251602
9.175924337751818E-4
-0.003939698225696024
0.0010054355047179446
0.005014772553536289
-1.7641700752633578E-4
0.00435218400759
-0.002534163045079747
-0.005279056116470266
-0.0012785014079159517
-3.0072987461074186E-4
3.1395459423209427E-4
-0.010998540351015445
-0.0033613103522758744
-0.0025346467507576867
0.010679644567557657
0.004268171083190632
-0.004562972942619569
-0.023827304100688763
0.0042509825313332104
-0.003990845360642073
0.007952781413271642
0.008193228501802657
2.4261299109452827E-4
-0.0015900321196930817
-0.009618722965837365
-0.01234789716681536
0.0013508141699851148
-3.279815381019789E-4
-0.0282130901321274
-0.0019236288055454796
-0.02241180678983585
-3.8823801105760606E-4
-0.0072432753415021915
0.0019966496480386233
-0.002099659367293286
-0.002080417867684757
0.011484231709019436
0.004266823116197782
3.2653762056933757E-4
0.003525975756477877
0.011555373903536774
-0.004677000138623228
9.328689181746573E-4
4.6425657951217384E-4
-0.006640482003377852
0.002270729827626276
0.024004708503931903
0.008842153734212458
-0.010863659717873024
0.0029828753110688042
-0.016131062343439747
0.005195808086500087
-0.001776633857939242
-0.0038426607537829626
0.004349235346725103
0.0039820927902406355
-0.003183002067320342
-0.01745857456136214
0.01801478949101286
0.00951552922559807
-6.496160706095681E-4
-0.001827991212468282
-0.007891611983294135
-0.002033396066416982
0.007766071153447787
-0.016071655056648166
0.007534851877931003
-0.005871182774859689
-0.00334792604302248
0.006459927403444252
-0.0021937514862980564
0.023837933944167493
0.003609210784728415
-0.0025603796735833915
-0.019219333047250788
-0.004593976925436572
0.0037531664037926122
-0.0026843981326348408
-0.014264364962571233
0.0016518120670611185
-0.013482841816006902
0.004799653050133539
-0.0023372731053816595
-0.00322654100133501
-0.0024942200359970097
0.009154248742733283
-0.011807654467154899
0.007573401152175814
0.00594787915365025
8.915562150451099E-4
0.0024528371537974746
-0.0031659796806321723
0.0049822588180769125
7.742230260342283E-4
0.0047796005860780985
-0.001866432128224703
-7.49485703769354E-4
0.0166621102028589
-0.0014000334369110223
-0.014403289692187156
0.0034894369848643735
0.0025317490380944276
0.004199827358837353
0.010617279661134925
-0.01344169597898809
0.0014037849472697127
0.019952833616519984
-1.37428045455782E-4
0.002916066056606618
-0.0035552903139303028
-0.00416984205150196
-0.008253319412303792
0.017086583576924833
0.002887660945852228
0.012180701780148434
-0.008083693016434813
-0.009683559737131827
0.0015916847257537402
-0.011805310966522048
-5.286968038610916E-4
-0.0045016441874215695
-0.01961482874831199
-0.004912549044717488
-0.020873817717140156
-0.018288833457641075
0.014036503349138106
-0.017989278006079495
-4.114390097978749E-4
3.480226643208855E-4
-0.01741714245972889
0.004033379679372801
6.414767161798267E-4
-0.0012709703080572006
0.002402726183037697
-6.502795347517758E-4
-0.014301454967978187
0.0035362248069734474
-0.01626199097219185
-5.500970144393488E-4
0.002838109338888763
-0.0017244094585136581
0.015417206986339154
-0.0018447180056462447
-0.011705348875630227
-7.137489181783121E-4
-8.545024830285071E-4
-0.015942410724830366
0.004406209690912222
0.0034152406653447155
-4.166884632682156E-5
-0.015071138496026978
0.008287017702332613
-0.0027117879333395127
-1.8984471440462448E-4
-0.003763173578723844
0.008740955497463856
0.008184768144978071
-0.014750627597014978
0.01533721503974309
0.0033807207461253016
-0.018190035647001623
-0.0017365025973857893
-0.0028228380791864597
0.016095166664852934
1.1758986595358195E-4
-0.015497512900782232
-0.0010582831694123625
0.010732949965327804
0.018034013545957447
-8.195211010227419E-4
-0.015612275672021975
0.01613264440563722
-0.01955887870180379
5.103651591501835E-4
-7.12600028806277E-5
-0.010798937925763816
0.0051486182955816995
0.0033590053908596645
0.02007534589803124
-0.01348555242462325
-0.019483115644795254
-0.007421766554019514
-0.005800423823988933
-0.014968870610492081
-0.015136537254258385
-0.001175238447160245
0.016854965015253142
0.017550828263372335
-0.0015121272125713499
-0.0025819402949727468
-0.005073082971861141
0.012531516208209395
0.00666463296905905
-0.0021225091903098593
-0.0015107793552119242
8.55663326808125E-4
-0.0016734366561778962
-0.008480631867926535
-0.013653172472533632
-0.0025223594567556173
-0.003142031724169807
2.3349201043032137E-4
-0.0012287808451459236
-0.012301032228662745
-0.0012407125176802196
0.003343996748580122
-0.010544343070559091
-7.589562965084942E-4
-0.00252945356586589
0.0015689220571248408
-0.015820436281635788
-6.912158540536714E-4
0.016630348430569018
0.0018012614406181318
-0.0014386984833994053
0.008347478202686219
-0.0058215875568071
0.017036408367476174
-0.00810765669329719
0.01099185597764355
-0.0015728759785124007
-0.0038076243720395024
1.6798016963265584E-5
8.093065417457456E-4
-7.657168825937807E-5
-0.01586259069886529
0.0012007450331546785
-0.009184699794138534
0.015489392926785403
-0.009223480062507002
-0.01389085487422145
-0.00810414249832984
0.008673246607737484
9.35455172195362E-4
-0.013543268813100601
-0.005999580034108087
0.0021808854938267026
-0.017147740241296314
0.01380772209093672
-0.003611201148199634
0.01445606324371405
0.00493780453636493
0.004765198030940017
-0.002513507910684313
0.012742559215870454
0.00869697800610514
0.01230132440269131
0.0015082539890170046
-0.004251963542565416
-0.00937375160503536
0.0066961052104173545
-0.006843173260067579
0.0027421781773694985
9.950380187514919E-4
-0.00950476582882946
0.0019332531666424162
-0.017127407486113938
-0.008638298387992386
-0.00708400597530121
-0.008925697186374912
0.010271662448866495
-0.013536849563653733
-0.007638251201282572
