0
2
318
329
1
289
0
307
4
349
303
314
347
1
2
2
329
300
290
314
322
290
352
11
316
0
0
2
518
2
18
1
304
5
302
3
3
294
1
343
1
1
2
294
0
348
4
315
317
4
374
354
0
526
337
357
9
290
0
43
4
376
316
291
2
11
50
351
3
6
288
1
329
3
3
54
2
301
298
375
66
2
320
314
289
313
316
11
4
2
4
1
1
1
302
358
23
1
29
2
314
334
0
60
1
335
15
59
2
3
318
341
519
0
0
353
305
17
346
337
15
350
0
51
40
352
47
370
298
379
4
319
550
518
346
10
338
2
76
53
290
5
6
0
9
30
611
2
347
10
10
4
324
1
49
346
558
344
339
666
292
22
23
383
1
36
45
330
323
336
30
5
11
371
64
5
5
328
652
11
314
302
315
306
4
4
339
371
613
315
4
513
52
659
349
0
10
673
555
295
21
32
378
318
359
34
23
76
10
16
3
2
35
1
43
558
4
612
24
512
353
295
1
5
3
35
557
29
329
29
332
2
299
4
613
81
325
316
10
0
289
8
565
352
390
288
548
312
542
554
306
5
301
54
62
355
82
320
816
544
305
18
39
2
377
31
517
8
309
4
6
29
52
316
0
669
44
5
41
329
304
331
384
9
4
29
8
296
282
9
53
728
56
560
28
31
68
1
2
43
362
549
53
10
2
31
13
1
58
304
286
293
391
67
320
301
28
26
551
1
4
348
32
317
9
315
309
284
387
320
321
280
1
39
309
610
0
614
721
9
339
40
318
8
355
301
675
303
287
764
387
37
294
1
76
40
550
316
55
348
38
817
0
514
3
323
520
647
617
34
565
1
50
69
20
314
2
0
63
1
668
351
312
536
602
61
77
320
469
35
527
552
277
389
721
678
322
590
290
1
48
609
538
275
37
289
34
315
381
311
28
317
31
25
40
337
80
277
365
1
4
286
19
314
340
283
363
757
391
26
9
8
288
295
23
3
347
72
756
47
776
566
378
524
774
1
67
92
302
27
32
32
273
309
786
391
66
311
614
11
586
614
774
1
46
305
1
333
49
350
813
54
279
334
234
57
519
3
91
22
51
374
297
367
676
218
9
816
304
339
3
12
3
621
373
542
770
674
525
1
338
42
66
342
9
21
332
56
4
39
519
645
3
50
6
1
335
40
43
19
21
334
12
48
656
4
30
274
767
372
309
0
11
308
301
340
546
388
299
54
338
262
226
354
428
356
7
262
275
524
261
55
314
503
754
235
620
894
41
50
3
719
317
6
271
663
612
26
716
38
548
237
272
373
227
34
218
28
10
58
261
734
321
47
285
349
442
274
39
113
236
4
766
1
1
258
74
100
48
365
4
283
755
261
239
538
554
33
296
76
345
45
249
38
371
79
274
83
67
55
1
68
276
71
213
654
300
75
335
240
49
31
239
197
248
228
239
417
38
237
248
233
259
605
359
279
240
272
319
247
50
262
5
3
225
84
277
28
181
283
82
236
42
336
57
389
67
62
7
103
615
179
57
0
576
284
24
2
18
283
246
655
263
23
205
234
693
333
178
261
72
506
260
633
318
633
216
35
261
636
11
10
443
217
25
4
372
256
53
677
6
234
375
66
211
626
23
61
81
313
310
643
346
25
336
729
758
245
500
249
3
238
341
24
3
351
3
107
22
63
126
283
243
1
67
216
311
555
353
696
65
250
688
262
275
13
266
62
52
43
11
773
246
186
257
260
585
227
262
91
151
610
232
391
29
217
584
671
727
263
3
195
263
259
743
5
570
25
278
676
194
177
540
4
258
196
44
197
741
279
275
539
6
379
14
245
56
462
276
282
