-0.23688761519220575
0.3630338075048201
0.16791552371324234
-0.5167185541252974
0.4702202966360337
0.4218849627932679
0.6061798238240481
0.1539307148107682
-0.31227574868970326
-0.2507593174649969
0.10540328079940313
0.36598571432688876
-0.09660724726925099
-0.2087319569686632
0.7369687494474251
-0.05202444233521061
-0.14675647685133264
-0.518699616612507
-0.12486452127963599
0.10527343443648886
0.04775886765781214
0.3095933115400869
0.10230055761158437
-0.4351809907334384
-0.10364402041873685
-0.1567471737078534
0.5030256851868237
0.12028840746280353
-0.32821022024053437
-0.14378237107432754
0.12255972130478615
-0.10464371992123415
0.14310054270060038
0.3391527370200407
-0.22728386418160768
-0.26514848136023483
0.07490054555910011
0.1601049650967735
0.04609087265988257
-0.22233817890846788
0.061530884756154376
0.06490897726895349
0.1983390039140848
-0.06898159594143151
0.05105423723749104
0.07222654793937895
0.06463846376347364
-0.1615681616320765
0.13363099259478056
-0.22223924604568318
0.06263162354388024
-0.1320433734222595
-0.15276509724923312
0.2118851126518513
0.08208652208069202
-0.31951075291761005
-0.01669447966505973
0.04696296532885439
-0.06511214718396373
-0.14886510702024838
-0.08801503456685483
-0.2755251209409511
0.21630586959444054
-0.05885262498729072
-0.08394635920522826
0.23608379967023324
0.02873523212769438
0.04267424251778316
0.05750593010313158
-0.2136489073577272
0.07359603203999722
0.0422808291097559
-0.03337215033304063
-0.150564444441376
0.15070445677542058
0.16809064627962353
0.039411784650406734
-0.0327973124179946
0.04424371395393872
-0.179731205680873
-0.024777306290332927
-0.13631635453201887
0.04616374154878908
-0.01663583152713873
-0.04648197779594601
0.14120374846728134
0.028248776737044474
-0.011312056508740016
0.03163510884802668
-0.14082805472813503
0.11415490270458477
-0.032319857037222254
0.024176585972014927
0.17469303824940335
-0.05437951475009379
-0.07320774635088079
0.028392203490915004
0.030432778721079207
0.03644991291088029
0.0790206901314752
0.2100177475994963
0.22389354962878685
0.03168599496743047
-0.061333279902451146
0.09520559433404881
-0.2929643116251733
0.012726898531239707
0.008191478477324338
-0.011638910460362296
0.018902132392992217
