8
10
5
9
8
10
11
12
13
5
5
7
9
9
11
11
14
9
5
48
66
12
6
46
55
17
7
62
17
14
11
8
15
8
4
9
6
63
4
8
29
5
54
35
7
13
6
7
42
54
5
73
57
38
53
4
338
74
13
53
52
72
8
6
21
13
12
19
89
60
304
10
66
80
337
13
5
295
17
302
50
60
1
7
37
22
76
76
56
16
61
45
10
3
36
15
34
87
52
5
2
13
8
13
6
48
79
9
12
323
5
13
382
11
12
339
5
59
10
89
56
4
48
11
5
11
82
83
308
75
2
55
289
49
327
4
12
91
367
82
6
303
5
289
76
5
8
2
291
307
87
80
35
383
301
14
345
70
1
6
90
45
41
302
4
46
42
1
55
54
8
22
12
2
20
55
62
16
331
26
326
40
30
341
503
6
298
51
71
335
4
15
505
306
326
333
39
49
46
359
287
361
300
351
25
91
45
69
24
519
87
311
6
537
388
555
518
343
375
342
47
21
542
4
5
509
5
32
325
525
