-0.005099583070921176
0.021919192349911618
0.016720330790476152
0.013576397873281054
0.0028894617466463965
0.002309051418109971
0.013814746493589365
0.01810942977216846
-0.01774958484347061
-0.003288893540146099
-0.0019801328467749157
0.010161970306774735
0.0024280645104510974
0.015338123866067577
0.01591176021991326
0.012027336671198501
0.009155985434401541
0.009280417305002831
0.011085814749825154
0.012143891028949302
0.01063895940044153
-0.004190903185892568
0.01112430972914319
0.010644596258976718
0.010526790642146754
0.008661967531850808
-0.01284944315176751
0.008521228833514222
0.009193989695528596
-0.01048006934512912
0.007446353701175607
0.009977969599319342
-0.010359334830280632
0.002753055982804007
0.006203499261250175
-0.01027452551606542
-0.01069313143722519
0.012060393885643792
0.0011802674743907507
0.009714290804354006
0.006825467446066271
0.006435112310202662
0.0035486952879373018
-0.0022662712384882017
8.08260837901669E-4
0.010109678557564552
0.0032220317699332567
0.013418771071289675
0.01546335218282492
0.008895092600214458
0.0052325387654163094
0.0035119084351144373
-0.02283879600019728
0.002293927626035863
0.006570318443099958
0.006971131821735618
-0.01444604229053549
-0.010573581318812433
0.006748729305443824
0.005559923256376992
0.009161793179716726
0.0028812238283993275
0.014372693773981276
0.007123043152710936
0.007851094340350197
-0.0015549361520097002
0.008308126867956076
-0.020273095285138376
0.004533798133497136
-0.016081084776613533
0.008036059082481688
-0.0070812599130126285
0.010214181787556948
0.005305154302862507
0.008480197270014237
0.010709018571267935
-0.006867581941335007
0.0069970129465270975
-0.007477946689972285
-0.013109873402351488
-0.0037466290156825356
-0.001238023171601582
-0.005295608885108128
0.008550719665740567
-0.0030144389803468392
0.010744331313428545
-0.002325733934101822
-8.502184889673769E-4
0.006973485992045874
-0.00609208366776362
0.01446733460431863
0.007400028811301047
-9.746073609807999E-4
0.005615810438071654
0.012716802963179662
0.00445798358724038
0.0023723770693657364
-0.0015053012983371548
-0.012678090873890201
-0.0017280023397081557
0.006298534166360314
-0.003791746541000669
0.0016951800786141728
0.005111858423374483
0.004896997012407663
-0.0012974779206636224
-0.02154337023629363
0.0026461948575584333
0.004108821267912603
0.0053396533576781065
0.0098725178864394
0.0017846332589294038
0.012750854491045297
0.0012078983890377512
0.008541628593279673
-0.0016979447544427676
0.004075062567245414
0.018035881393289033
-0.011447384495178847
0.003634796583944478
0.003594824929310788
0.0010715969712452296
0.008368403977674159
0.004615741103289469
7.119782147306987E-4
-0.01229652854645842
0.004303178331147631
0.009930198462357478
-0.0043927463123568326
-0.003691720106834106
-0.009305535244817299
0.013799342799232771
0.004613990933021919
0.010670476471892027
0.011389082565166886
-0.01659877146389822
-0.011730247282932397
0.007346339740978267
-0.002543781911932309
0.0033188892593632204
0.014460645653639253
0.004730026996071634
-0.019706096910145087
-0.01621596677149769
-0.003971584635622044
-0.011897859931722914
-0.014733668044014187
-0.0012918881929085487
-0.009803263864073052
-0.01871510371688214
0.005705509908986974
-0.0031591815228390074
-0.014321018990462774
0.003926967627142741
0.005148741803273324
0.014642004469648154
-0.004968992525393893
-4.4541967490717215E-4
0.0015531827359124095
0.007106922125001708
-0.004417217058427172
0.0018847987770412265
0.0060635772818644455
0.010338828897668455
0.008394355118589646
-0.011153757601972424
0.005382336547442836
-6.23984438450008E-4
-0.010261241481858177
0.0025572562275456277
0.012946330490790562
0.009533938784383677
-0.0072166542096599295
-0.0052975698542388275
-0.0013130453519735912
0.0033058475646466972
-0.00454230007957309
0.0022378948974626175
-0.014835870092037889
0.0033360467581209758
0.0023763948638063402
0.005692458425788455
0.003728944391676319
-0.006484014562196232
-0.005607635616276397
0.003436461599666462
0.012006959497278313
0.006345356080778352
-0.005766668181143466
-0.007733321318930937
0.003063173962083176
0.010391036292292532
-0.004222786101062817
-0.010233526781558425
2.413885455842413E-4
0.0011743832828899209
0.013205194171363743
-3.360507839539828E-4
-0.0034123236868631728
0.004667868266734537
-0.004581443258088496
0.011424716628480458
0.011242846355196512
0.01339715528148573
-0.007201539901515325
0.007954852523646134
5.922502345105415E-4
0.002250502644874244
0.006895117816272314
-0.00477733197270024
-0.005718663582613034
-0.014000045072607825
0.004625228803860554
-0.0038848407470081026
-0.02517501932823419
0.001350162336449158
-0.004656841941498251
0.0061466287682526415
0.004744191533768665
-0.01067316811250809
0.006156261361679771
7.36819826671363E-4
0.0074550717942648845
-0.0010760834701031257
0.007173642112513685
-0.00971551052615556
0.0032815459642922783
0.0058284964227877534
0.0028370865463622852
-0.011434563409361085
-0.0114882633127055
0.001457069602211307
6.590413236337794E-4
-0.001400839201979907
-0.0045099257484419114
0.005925919306759371
-0.0054328203283191216
-0.005839950329220558
-0.004081280589434837
0.0022315484132367646
0.004798993223258363
0.0021072975160697097
0.0074228746598579
-0.02139958244760247
-0.016291566225829383
-0.010483823097442137
0.01146822312433824
-0.019862366760563265
-0.01423220037468112
-0.0026446871646565225
-0.01624020813494774
-0.007668662734660444
-4.6771403585190043E-4
0.006759912206047457
-0.01201387226506709
-0.006553041635318175
0.0059493476932476275
-0.006973019441826243
-0.008940242083384928
-0.003400658256596891
-0.008016035024813049
0.007197507722845349
-0.003783445566598186
-0.009369261969369694
0.018926284354719356
0.0037105686757379205
-5.425926861230566E-4
0.007724702758920204
0.015476372250715811
0.002297845886200856
-4.3359239312503833E-4
0.009807037076385574
-4.7742414346678316E-4
-0.018433347247726134
-0.018299859610488974
-0.018474111511211203
-0.018366008920606677
-0.017811709073321934
-0.007220356769963445
0.006016539103157729
0.005055122123955631
-0.005143817019704367
-0.004370223455584214
0.004923159515968689
-0.011610023945120992
-0.01819122696788632
-0.017232056254899673
-0.017680034496367254
-0.004662186352519846
-0.012252028140705404
-1.5094051560582723E-4
7.514964255028613E-4
0.009708723821694411
-0.008449376952697518
-0.017783454453810788
-0.003000600374632252
-0.005414965611108874
-0.0017839233892789868
-0.006448066940747109
-0.017247643743718705
-0.017336013044474373
-0.003042981047858513
-0.007245005690929346
0.0019262923283075027
0.018411190730242336
-0.005206632286628063
-0.016628586424584448
0.01698145891711949
-0.011840201669431985
-0.008456460081829983
0.003986867479648975
0.003570803602875444
-0.004072382600566522
-0.0033404979323601266
-0.0014153202794828805
-0.0012137229079312323
-0.003523564712517376
-0.015265172007786721
0.010389810919749366
0.002482977097930616
-0.01553871301701465
-0.014280558363878626
6.241853146073638E-4
-0.0013231982421548914
0.015625790935721032
-0.014756906241825447
-0.01668292376337539
1.989613026613858E-4
-0.015105447270517571
-0.015149622181436425
-0.01149540526089016
0.004812209769388226
-0.015512181089791766
0.004216720007593366
0.01488651505916458
-0.01145367222177288
-0.003803323377218817
-0.014766689087399476
-0.003259713110390801
-0.008261841777852904
0.015465001583706617
0.003195577006301206
-0.014963463604260313
0.008362609854076747
-0.014714498321471784
-0.004523613336709051
-0.002672436552290445
-0.012325490641582785
-0.0025799773286107586
0.01331672527362861
-0.013864718492234206
-0.014131492220638935
6.617705733383852E-4
-0.006063128370573697
0.01372090222167507
-0.0015099729539662407
0.0018452944551295891
0.014159676556195815
-0.015275308530318252
-0.002225150671224654
-0.013267015659576454
-0.01367339750981839
-0.01090809059183948
0.012775862913880632
-0.0035995523667679136
-0.013154706498740988
0.014228533233157733
-0.010922460367226407
-8.330326146640519E-4
-0.01339906679531067
-0.013658770003647557
-0.012213647035599857
0.008152989553062831
0.012338629443663911
0.013082874146691195
0.012242104485212625
0.012623198465533718
-0.012522154181725854
-0.01366545424442236
-0.0031466085489667566
-0.012454984696679305
0.0018585598643937587
7.014875580207495E-4
-0.0029066192446806347
-0.0011724043337173512
-0.013214556990628366
0.005647309476418652
-0.012074709754241368
0.002794883168876947
0.004595379105216327
-3.860216858211396E-4
0.004258331367511416
0.01196406856490305
0.012734654286549464
-0.012090704205139665
0.011525710305061351
-0.013035622725828816
0.0016885221054264421
0.0037478794777977844
0.011971126439304456
-0.011196770350592071
-0.011110546020354465
0.011856743927008926
-2.1908559739348336E-4
0.012023738230679787
0.01199008443483302
0.010786284312589167
0.008564345461691584
0.011030493985041263
0.01157791517575651
0.010930392034040039
-0.011020539793352262
-0.011032242146655723
0.010700548300955359
-0.0015871139158333146
-0.010298275217190279
0.010677225403979668
-0.0011182857512276236
-0.010469010476779972
-0.003667926983381936
-0.009501561453804536
-0.0015082790754517305
-0.010313757607318164
0.00609531902511443
-0.009967001773995059
4.4074288460128186E-4
-0.010313384510979032
-0.010075732529659114
-0.010244589017270513
0.009758664800739418
-0.009910232862718318
-0.010525186461121754
-0.009901260608797438
-0.01008227230302448
-0.009578112415861952
-0.009703010402823552
-0.005970198945065066
-0.010053325715887887
0.009640696855428038
0.0011021701085628072
-0.0026157067646783595
-0.00894166752862483
0.008839446182195083
-0.00997025531664175
0.009968582085754794
0.007284824196217258
0.009545950222267847
-0.003496739756580491
0.009786184936784036
-0.010159893481358538
-0.009174435211446282
0.003844346726387993
0.008982182910742032
0.008979728431501579
-0.007933376288040958
0.002508512274015843
0.008204517072301859
0.008557810102184484
-0.008159541859074883
0.008382139313913215
0.008513888806697465
8.101041990692239E-4
0.007769366068488877
0.007909828490876904
-0.008058626208646509
-0.007781883441770637
0.0015755151942778026
-0.008007882720403038
0.008673938462647203
-0.009401488319550578
-0.007277892706952378
-0.003982496575563543
-0.006674395822327732
-9.395324802536189E-5
-0.0027616310868595765
-0.007891532444744803
0.007216769671501567
0.0077053236980215295
0.0010152518358232151
0.006984975733091272
0.006995279336034898
-0.006957715497694384
-0.00731993201487196
-0.006798614311794178
-4.4670981623174847E-4
5.025531344995842E-4
-2.2030543195269983E-4
2.1947951969254466E-4
0.007669039565360977
-0.004487086657915578
-0.004360752174511618
-0.00395259350425402
0.005680583635486559
-3.48150227077049E-4
0.005810368510391914
-0.004875500654113646
-0.005652091500153553
0.005522149069306713
-0.005113687649860614
-0.0013769683221381036
