3073.6236881820278
5395.609050048465
4693.985425451621
2612.346714597653
3338.625974371781
3348.9295272101263
3336.629090896974
4391.168822970225
4395.098247384307
3296.912120299161
2460.347943293047
2584.8456752353136
3600.7190664474324
2905.005080645989
2761.3561596662444
3893.21506444639
3071.734968721211
2179.3422810385
5505.111688831219
5631.257260544322
2743.9939349144825
2779.3422711640274
5053.053446983106
5439.145815834884
5050.975983255938
6077.506769160913
3627.1831973932963
3354.5482638017725
3319.844763124233
5946.325095022036
4703.315708175439
5261.400788213464
4779.749451565261
2245.95306151113
3575.3027788694108
4188.946949744363
3065.7154734789406
2458.1752484742137
5748.931483738552
3580.8395523717973
1962.2121119643405
2884.4788684101272
4448.704075529307
4962.5151305621475
5944.250138423637
2354.9493345907904
3058.549193955105
5633.3012431053385
5455.413500130698
5780.618668415675
6037.472358767372
2464.135615090452
2195.265416612021
3066.516464478226
5213.272153666139
2781.2243527608985
5942.170753709723
5054.107372948689
3631.090818967704
3571.6917079737127
2294.187615115966
1959.9434917336873
4159.10561071549
3484.8309053943203
5441.215782328363
3611.895892009775
5392.7125216167005
3450.9289409774806
5639.631636083472
2727.867345209546
4402.902945091735
3335.8258896026823
1940.3767129836378
3720.83641232721
5505.819875420522
2085.9616285481607
4678.906438754772
4399.1255856362895
5630.648074127599
4685.596659463635
3301.1282710500095
3009.396889686664
2717.0035788443274
2392.835794935291
2312.6483879148664
4632.537398235577
2786.6434908333167
3506.6597652919527
3006.669136104673
5488.449593063919
3850.282231754615
3665.587934064008
3343.993925024059
5926.572138527469
2466.5164693312763
5206.321025068191
3598.1069792761314
3003.954429731458
2732.445885305018
5070.042996549235
1551.6386244435646
2107.3838199613824
6067.668644238691
2328.0429774613526
4656.212582354969
5502.29842287415
2888.774115330503
2792.5457169105625
2982.9107351811103
3719.63466454732
5665.62380137114
1941.9317183273977
5052.3641093905235
4992.983378443889
1834.7033007054679
3899.974678872508
2771.181197910789
5443.248697734699
1911.2600772489125
3293.215069362347
4805.0307384883035
2305.005097212134
1641.3857556104917
1253.725483595683
5646.875301161045
5625.224958945657
5787.790455057689
3211.513630120565
4686.697249167017
4452.364110064982
3510.2204685632832
5333.711917351498
2457.1130260598106
5646.876491405269
2144.4364001797107
1640.9889176937147
4225.251285992573
3052.16195344308
4617.819209049483
3361.356151112625
3873.271926184717
3482.6255196966167
3521.2330804053327
2374.785937456837
2334.7583024372443
3470.2816975892642
3672.4971922132513
3850.2354769283634
5729.285265190353
1541.8535039312433
2275.534591931598
2774.9538718987064
2622.1944435460327
3513.0996882334675
5205.856722765753
4096.336399139602
2332.944120392914
4210.410767366087
4013.2349872293776
4618.375566249749
2196.487268773391
4552.4034750895225
6234.179860163816
2305.6557908332657
4183.858801265138
3741.2308795946633
5921.922377440896
2031.6968248395058
3394.8620861091003
1141.2019535694756
2473.6236997729175
891.8236840113022
4026.479299118005
6034.574917242027
2860.433843179583
2795.5082688403945
3632.863916029488
5068.481000219341
5996.433382972118
5935.924967141138
4584.301352951938
4820.092625728231
3015.8613105021805
3098.528754641879
2912.458089724189
2288.175696042696
2855.6700941408535
1599.9646762457828
3588.9469559629665
2617.538532750042
6115.075619970686
5595.862563295558
5916.284002675853
2741.8534946077893
1526.7092148808422
3500.891861194577
3579.1456534819745
2098.660512259175
4348.846290596901
6108.3450910958545
5909.945422718503
4395.738238597831
1908.3764879968164
3335.5859609539507
3919.9299222695395
4988.2208626006795
4889.241147872872
2247.985013570721
1265.7154973315742
2734.052307727677
1267.8575470403264
4964.429360057906
3360.397646107326
6100.967432600474
1642.4600089986739
4701.2133861913335
5302.610944019591
5689.957271169041
2619.7330026111385
1932.711475875831
5888.791534708309
3658.1578489403582
4661.400791574857
715.0550454306116
1269.8328718668529
1022.0825589099306
5134.384373279211
4829.046885885582
4100.7098762067935
3475.5345737648126
2601.6816256722054
5129.285282346343
3850.2695778247794
5330.9700790678935
5764.869553143988
6033.913309747658
2998.7507707664017
1213.9965027242808
1554.0584907879702
4344.841351506664
5378.020077490164
3101.055824735649
5340.090178290089
5323.947237595243
65016.167587751355
1635.686311875309
1260.347954787703
6057.582110536886
3718.413385034807
5431.958560888995
3017.7525587362597
2616.0431495177872
1539.8299457834694
1412.715681297443
5342.170763190766
2155.673203310086
2190.42406980191
5694.8102523041425
5177.186565314063
1412.6752138233749
5179.192681059792
5932.699079002355
4997.1429758620825
2185.9403127105506
4160.151441581273
8089.349304120256
4602.909669432046
6217.78314244284
1935.9272003151918
2541.8564344078313
2815.5791624143235
2815.9284314976444
3467.4711950899605
5194.455504510584
4492.312970907285
2105.839452095748
2880.341599594764
6036.324086682567
1815.1343454165883
4158.2415101154465
5788.842995786337
4649.964947504566
5930.404116146047
5627.164541764911
4940.204377897106
2741.0524718604315
3325.3874278872768
2941.941194376273
3929.067677179715
3473.0835086555094
2969.5922771945307
5741.132491740479
2083.783515676181
3737.4638772086364
4620.701083003199
3094.8622142648014
3030.874397245002
2454.5308787573176
3141.534195110309
2104.616758177853
2111.503423941443
3745.089868483319
1824.0277175154356
1898.0968258010862
5931.823759310442
2435.1615250821687
1357.7049667343679
4141.72712235504
4137.7907861052245
3321.5555438844863
4384.8793395045095
4265.310393197798
618.3707918854677
4114.5956596448395
3476.348113846981
4351.568170899891
4458.975897429928
3497.2960970049867
3054.5308766349335
4905.819883394314
1660.9565474279052
4691.732981440439
2175.7552843540407
1813.9964984943858
1723.1704722767552
5738.87516096352
4178.420235733751
1653.6335901149068
5635.321764663712
5178.196836734466
3549.166966887738
2129.3604845998016
8072.399800150803
6088.4495784830915
2796.3432412591305
5568.273392780469
3710.0968066149303
5292.231237751597
2346.0514056710117
3512.4580850305447
5627.31017268652
1553.3497231439546
4116.622310037245
3738.7489619533085
4179.749455183114
3971.7921097446897
6253.032408204438
5786.461960272998
2093.9307940768363
1506.706008912186
3897.1904851245545
5621.706030355579
2429.4165966101145
2854.4727749696485
5976.614961816548
3620.7600617485123
5634.802533937101
997.353539738826
6049.421875966022
4596.930831342295
5290.637235406041
2311.1872561533723
2741.1471850328385
1130.3543973198362
3901.9088909384755
4685.555908205969
2055.445754713195
2743.7480627781356
5007.346590825395
2307.9334270171103
3315.4563079759464
5250.234334794052
1816.7473509315705
3872.248585302321
5920.510967559086
5429.016438820446
3226.0827117211015
4926.15569038836
5523.763231435515
999.185473437724
5121.630715792292
5369.645436372553
927.3373944731597
4390.88567245693
4181.659703271304
3803.223368499217
5648.307894661572
5096.556066027592
2589.126636320546
6040.097655174398
2975.3027923108107
4093.0205848740693
3771.053457270085
64416.167601665016
5373.044275978738
2440.7460435241974
3899.583233163695
3551.9050438557847
3590.9645667971304
3063.2564944182004
6028.108496295747
6065.532159674113
4010.5755363629946
3871.2581822643297
3715.4711254970443
2192.545721440824
4334.354827532592
4831.958565293814
5635.689090708146
5177.229863768515
2190.7110447959417
3638.7562555916193
4289.241163127815
5328.061612128134
4455.321263736789
5448.043414049334
2545.881693341401
2603.356479080037
5627.393901947029
5741.299610524935
3473.204464264243
5894.788082448035
4015.9490356750616
6054.408464119571
3853.885933122394
1353.2406807066893
6239.631633538334
3523.264900857033
3216.215456296667
6029.000279612349
1412.2039691766824
4258.210797626857
5182.060014279201
5777.186557370654
3031.0908218143286
1931.2222200355413
4806.880978964519
5342.292535341809
1590.3673505356876
1694.1595520125975
4269.181821262895
889.3651422248711
1694.7013135009013
1669.1215108691492
5618.129772517568
2913.7942302908723
2079.5607781725744
2761.1850617159485
5136.190578757361
3929.1124454675964
806.3295931776436
4686.227390350516
5652.364109129019
4113.789043608077
3471.7202075129135
4951.167109605883
3654.530864624428
3191.5354971612455
2054.01057473764
5310.808191966056
4308.548764354259
4346.176737401371
4100.4747338187
3499.0699820239397
5341.284239650062
4890.791301732508
4350.197486377599
1078.7968806405047
5139.5727754660675
4936.566285035395
4090.215769118437
4185.69537030667
4755.983592233095
5334.061914132715
4929.225471766272
3337.407073786742
4456.015838118246
1006.89682504861
3499.321131023576
4003.648789422951
5328.783402603308
5646.506522221344
4683.299149506671
985.3829618776405
2574.6698321432286
3962.2473898819767
3837.1925504749515
3052.973054521405
814.7863044965424
1652.2138964559103
3754.1158131053976
5693.140032038245
1644.4980174349487
5776.878665434548
3399.2929486879652
4928.730621126057
4058.788413983932
4011.895375036876
4087.5428017355503
6047.74005640313
4387.195508955546
1005.4469263372804
3091.9450375986885
1077.2203927544786
2636.0164240274266
4512.233734740735
4273.969152152094
3630.874395086931
3569.135585455645
5583.6481608757895
5012.803937615607
1939.0923257550132
3949.991455997773
5027.310173546244
4112.788320446201
5521.722544386557
5910.808191088632
4830.1098423356125
5573.971009620675
3447.3640524754856
3606.6161157687516
5329.135084808351
5519.898661537907
5223.132496954028
3118.892852722333
4890.021977253136
5889.888276116979
4684.935950247422
4694.914625062635
4219.956575291596
6011.067199434566
1735.8922275533673
3009.9045123875344
3088.2755998622265
1939.6871549093817
2126.854413813477
2853.460117660289
1508.9284616290872
3658.076054909295
908.0347924584881
5331.064322423535
1126.2439725743834
4995.590428292448
5297.613121687299
4031.010176881267
3712.772372430289
5325.751987894074
3056.970290118782
5435.514910666328
2410.410809195957
3365.13963824276
4688.87347946032
4019.902966224703
5234.488053430884
5208.975942092345
5488.1677843153475
2269.7700187792084
5317.2306071159965
5034.836400584325
3554.5650566536037
2198.3576791089763
5649.388457448848
3051.0558108266246
3651.578699154991
5625.882167277051
5562.977786360192
5392.296482126682
4219.401415918485
5227.301255975283
2437.954500855527
4100.8124500965105
4621.977170077238
3969.9249536891475
4271.58563181161
4048.8366935598906
5318.309847865928
1415.5577506928832
3019.142731660837
1997.585852001497
3674.530111953595
4528.652412673273
5655.681122414773
3984.2168508075015
4178.472356206975
4998.788196264112
2749.158894048662
4291.700620684733
5442.085728427733
2128.853037256805
4264.047220950897
2331.187467293079
4930.058905129633
2995.4495109626228
3017.727011472721
2037.8057853841087
4645.952938446095
1654.43345075942
3112.1799235124636
1937.282069418032
5016.998740029331
5634.836399326506
3949.302682216607
3513.0380113396827
5923.358870785351
5057.008364853805
5013.806589167808
2417.5596225576387
1672.8383820866875
3054.9753249241758
608.0098528022883
6165.934759208554
2197.141276673242
6030.665312339011
5493.570937696306
5656.465750824676
1818.1278327056673
5630.663573315839
3090.970257813388
1355.4728931866132
5516.761543978202
4544.18229162695
3939.111870706482
2283.738135382271
66816.16755094277
2737.513663472527
4916.573473051627
4276.318127364428
4778.591514310056
2355.6796417451305
1246.2480543069767
3798.0519416001703
1656.8108324391387
2445.4090285571883
2188.3944246559195
4683.683533265475
5799.390327499761
4510.82603130303
3546.3569837050795
713.3921814801369
4310.844048934144
3749.2850800670253
4451.174288550802
315.2744176567074
5933.29696427515
1893.8823050701524
2196.343246567235
4370.682910495867
2040.1586870587676
314.26609861605937
6246.875298089975
4603.919396849206
4345.876285739995
5569.701238183765
3049.9796833768214
5102.189738657474
1216.7473553051707
2174.3971523183172
6120.75161697049
2449.5481676756112
311.921071695079
4879.091741207881
5234.2514800872905
5974.656835282676
5620.484182659546
5722.332198613613
885.2371537948819
1717.392650698002
982.025570631932
1069.1215115465125
4824.782544998574
4180.589136762564
5028.228386273189
622.3227221537488
630.230102645824
5330.437938635238
5492.989102424708
3264.0664145144274
3748.6161057094
1821.4196846603368
4684.419740134582
612.2020215328125
1024.965185855247
5014.839283761696
4201.875117902342
5767.064038324839
312.90765723821187
3620.479396738565
1875.972474503651
5228.8320748970755
5337.163094222723
3932.8686610948753
4256.833217354071
5125.278143894688
4481.0208125368645
5324.8492021675565
5527.87205167874
4252.895212100164
1670.1318789442896
2383.12364533756
4923.763232791542
5237.808753480438
2280.3416037324473
897.8415773929518
2299.4894906999207
2741.257102391308
3055.041182899685
4262.832480838832
1269.7159263064393
4896.245333041956
2277.9761793652647
5975.707140425556
3547.298772301711
5688.414422548167
1797.9620203185098
1060.6636073019667
1684.2154747577981
3747.9178383841972
915.0339663767631
4345.398572857111
1797.2455512789056
