374
539
14
517
515
516
386
717
377
718
12
304
310
539
572
310
574
283
571
42
508
375
319
282
325
542
508
43
320
334
564
383
537
41
509
516
385
527
59
540
281
300
32
510
716
518
70
295
390
693
49
419
340
32
394
331
331
290
295
418
281
347
681
705
332
708
505
291
294
326
391
9
310
16
315
768
346
341
305
542
523
295
316
382
506
557
42
15
507
356
22
298
662
541
544
547
757
673
546
30
553
384
312
47
390
393
17
19
19
519
617
529
298
29
538
49
285
10
523
15
725
416
562
306
46
355
330
313
39
303
15
61
61
662
48
284
301
414
419
715
308
56
312
298
339
36
390
506
15
706
27
20
284
16
20
284
334
21
543
388
286
368
671
36
9
358
299
307
29
319
309
345
359
734
361
360
373
299
378
773
370
465
712
676
322
698
552
396
560
739
334
551
300
304
290
558
365
545
304
318
282
58
388
335
390
787
333
37
298
313
56
766
289
325
697
332
669
338
291
51
707
350
414
17
351
325
330
299
289
554
548
330
40
300
398
504
333
34
13
728
778
389
386
563
330
339
35
329
507
281
46
533
61
696
483
294
317
543
675
460
295
256
281
331
37
520
361
330
340
518
301
332
530
550
723
287
540
30
534
73
760
35
455
342
40
343
421
363
292
413
336
666
329
542
284
39
562
334
298
26
341
551
558
732
20
668
552
290
311
785
376
68
68
520
609
323
542
653
544
37
316
16
365
302
536
764
331
368
305
339
41
558
326
300
420
291
542
60
534
563
519
685
399
29
64
780
730
18
286
549
334
55
547
333
414
563
559
750
69
54
423
369
310
309
28
54
341
508
44
345
43
524
40
256
24
393
543
507
514
401
417
413
30
66
777
738
72
302
19
67
332
751
12
38
500
344
566
301
511
897
382
288
314
422
347
381
393
298
372
416
527
347
778
512
318
291
934
560
33
321
385
735
484
677
356
283
524
302
33
672
41
730
362
335
671
492
51
557
526
525
421
666
299
557
43
42
315
304
651
329
510
28
353
554
320
307
53
549
306
547
288
324
705
793
292
343
523
301
56
37
805
302
668
294
400
556
658
51
708
344
306
354
52
518
660
713
331
400
281
507
43
337
684
309
369
283
550
611
751
779
850
339
280
314
558
528
323
76
54
539
779
11
14
65
326
674
552
535
697
507
81
23
661
302
293
12
346
777
567
491
779
753
694
464
302
285
768
706
677
362
517
62
498
43
323
425
392
282
720
337
539
502
19
587
319
397
560
526
296
566
809
71
367
394
556
462
297
76
61
314
561
544
74
698
482
24
51
79
724
328
285
331
350
729
494
44
525
364
291
550
23
304
562
8
286
22
659
491
659
283
386
39
314
555
524
519
319
10
549
525
405
571
512
700
27
665
611
333
64
290
338
17
284
41
290
517
292
529
517
699
784
568
51
85
541
71
281
28
309
457
282
585
541
36
795
564
50
347
707
321
521
385
613
552
26
307
303
283
292
489
428
60
7
354
21
353
737
716
797
715
796
769
54
555
561
731
661
718
325
356
574
66
62
796
348
315
710
347
758
412
322
509
45
694
285
19
43
707
280
528
297
513
288
337
322
893
11
661
741
60
12
382
274
612
309
660
539
728
319
300
63
63
378
540
758
303
324
293
764
647
367
320
797
55
344
319
317
553
283
19
67
366
29
369
537
52
735
520
19
72
463
328
541
346
650
500
265
58
22
801
501
37
360
62
272
567
293
302
799
756
44
363
826
827
729
609
375
93
665
567
367
622
384
799
776
61
36
488
556
554
546
498
535
395
325
795
771
802
751
301
354
576
291
57
26
355
287
529
522
285
308
505
324
337
526
352
506
813
326
57
