5815.804284990536
5592.990842469394
5525.49773598369
5823.809312798432
5580.995436595228
6083.568832531443
5634.66376678043
5955.504307222182
5520.705954475714
5670.922721067047
6638.846634748201
5347.453705283048
5796.066580027104
5823.002421208229
5974.644554180754
5656.799140516475
5687.897942699814
5527.190691434432
5677.796678463448
5530.367333771181
5523.780349431332
6076.783328482066
8113.708474335817
6652.294565986898
6080.2124950473035
5962.186808932004
6175.122410687456
5716.890302017787
5486.717487254587
8121.5999244327595
6073.283045478243
6481.931149618097
5968.622267501731
5934.122134830655
5513.5021057144695
5980.270522568697
5524.995845016973
5918.867934876802
5881.9346077189675
5298.684440192918
5874.382301984879
5985.756208126202
5520.98660902341
5148.131486753292
6062.622528848182
6915.937151359957
5492.154155416757
4935.752159182864
8268.402909759992
7740.524445610956
5604.144404383502
5914.583802640845
6179.85369925109
8771.223785907929
5565.650868338806
5925.873620887265
5516.746086632918
7203.850084395262
6343.581221340469
7424.7957337007865
5484.759801732358
8113.115435153439
5587.939818815393
5866.850028840219
5992.7037245318215
6053.956440785887
5321.078202575005
6882.926866083662
5378.505590919142
6555.501779122239
5519.571097636663
9099.366953221717
6209.750062714103
5871.15268472058
5507.058538268036
6485.49186300507
5610.294989954632
6900.418908027861
9035.954739650497
5054.926490135313
6594.2285714373065
6644.817681312987
5147.0378265544705
4909.191022091992
5507.089047591319
6324.9533956035875
8183.614416729494
5916.675119814229
7796.4205162670305
7675.118382552666
8120.911287937116
8494.5375495281
5836.5175283725075
8169.43631341801
5570.092640610642
9292.632041418536
10624.127992347805
6204.527890412875
5294.165082198447
6359.370150511807
6038.849462706804
5684.582586205362
5641.262372680901
6087.037088543446
6932.981744088819
5783.95809220284
6677.98368808106
9093.322867044186
6902.960664913908
5807.516967697304
5596.038551046941
5398.653653103486
8506.166987574965
5241.830823085882
6905.364900635693
6653.95444060815
6174.512663238814
7809.672854139082
7433.259009918347
5788.623714782814
9708.157294875362
10042.45770922867
5579.856717490576
5144.896409435756
8718.377162549452
4920.475407179001
6620.863808058993
6596.104378894223
6924.9509737498465
5505.890716016553
4992.134703117045
7446.266736025198
6238.668106084542
5260.370162934467
10005.056333725839
7179.223958954629
5266.855571793247
5086.8784843293215
6085.055297665579
5585.26045723652
5990.02973542969
6432.376791897145
9383.608611249663
5943.896376078487
5809.730918881913
5288.576940222043
5596.99510829736
6679.2835194790105
5748.129506048572
7186.19405093476
6066.1802745599725
6256.796565670525
9288.609318441804
9072.92664123558
6217.5455158057775
5053.094664150684
5302.423038446659
6495.700309408162
8112.219643896275
5331.5067339880625
5489.0546663921605
6008.566044130805
5573.797231973114
8898.04062876771
6888.753682405655
5795.183058191292
6032.104472906185
5183.960961524807
5651.5898824774395
5757.9176928163215
8023.899043132755
5599.051372916821
6491.508799517039
6185.257705920984
7811.880532831871
6189.212003786115
6212.340357069234
7241.929823779881
6894.214696203096
6280.0061564421185
6334.370189972154
6580.268758032401
8122.6199783829325
7700.850335327624
5281.983922575996
4982.5168793152025
9113.24674924773
5241.843379021505
8108.2185647833985
5691.1408214492685
5626.665744609151
6455.021326069296
8270.97135111822
5490.699839073369
5912.011303685393
7196.102821312647
5308.808040942627
6895.572953737827
6381.6819576172575
5828.704163760812
6315.939522314947
4955.886685620194
5548.148840957858
7437.32423519775
5744.89468183609
6754.652007004901
8769.433352057305
7155.1975629578565
5395.698169998358
7543.577501068262
5397.655614684866
8783.611676290755
5503.229786565793
6220.190203154365
10583.604317942356
5374.648060635453
7208.562204387499
8714.303895976418
5085.092856591673
4996.823555298074
8254.571271885326
6061.427892909167
8594.132420488677
5363.646757674899
8472.930158774794
5081.335544711243
6091.781809410635
5259.090953464096
5052.270692619247
6284.513820962585
9241.195683530903
5005.918698166218
5316.67928127742
5129.249750084718
5554.664344106777
5578.165959807555
5139.515030671863
9297.520052693122
5399.546762618357
6470.913055908405
5041.840719974517
8697.355663370596
5940.598220605442
7115.028566512841
9119.448008980562
8702.726464269734
8692.635313271827
5219.488091523953
6366.643689291655
5584.870818439742
5395.358082471368
6366.484667389088
7793.942497739346
5888.576127780659
6190.619431064911
6585.8077244610895
5098.839525737307
9453.10136744265
7583.616490630421
6052.297776502706
6963.133493906413
6632.101929718247
6927.39404793631
5393.887296393501
7081.2738605345085
5130.997112204157
4909.404625247532
7805.9989225864965
5818.867534121854
5238.368700508656
6077.984769653187
7894.542171140062
5158.524676940728
5076.120746192989
6317.496578354932
5007.609412755833
4895.8787443611645
7119.237289961826
6084.389948314141
5538.788238006863
6673.281800085094
5996.667105008189
5535.817204110587
7054.169712479779
5004.500687088156
5527.6756588338
8641.199183072848
4957.271243361634
5504.6319808834305
5119.363255158424
8476.2614701569
6065.233839123668
5843.504356498111
8486.671387903334
6870.880359328459
5621.62004247029
7129.637193462325
6687.036438478072
6020.866078011622
5041.26640788275
6514.712814577618
9087.660237283815
5130.60588349011
7534.366251353101
5090.423020678767
9626.157161348463
9108.160793420107
4575.11378845461
5253.6490347128365
9688.205523126891
6776.22979426152
5064.974289003886
5825.885206313634
5368.62569915365
5207.2240716627675
6529.144954604694
10497.5152171009
5211.65193297218
6676.782130030501
5332.468879092074
6058.105776498901
5586.437064027085
8162.92969531495
5563.505763860588
6534.119895734494
5832.788515435223
6207.149648542333
6293.43474649544
5621.057695856298
6125.992189317055
6647.477144335878
5375.062855895381
6574.642544044549
6641.931418131812
5881.981307928386
8485.104981519471
6138.787617384341
8581.84804673611
5085.492484741043
6279.190362278526
6602.950554764184
4848.855041118608
8748.471522078673
5201.905359594045
5397.45682879473
5951.588048910211
6045.542535413777
5621.851624500535
4915.000599499009
5487.2467684103585
5724.954821994472
9524.22889556357
4861.430931180454
7123.558770347429
5800.460684360276
5247.754025394789
5126.22535959389
5986.169803253934
5715.940870679361
5525.635811635815
5385.7597302018985
5258.907574752727
5526.947243463055
5279.324942897542
5653.090042374227
5334.1245400048765
5119.000389589928
5160.527049835869
4948.226815767971
9128.881061968106
5685.039606819243
4570.203852942753
6069.737638092819
5687.635230880209
5413.304464543368
6943.578844727106
7178.972256511915
5814.799596801154
5207.51953676349
7605.068513908084
4595.38739310691
7624.144808643236
5679.192267683279
5215.808835462315
5231.28729796817
5510.428520392514
6954.122644749825
4572.03864622354
7253.953401144367
6579.149282672448
6079.2850897265835
5690.42189910643
5075.738290907463
9086.66752882822
4980.100538439267
5806.918834755478
5431.711869393091
6557.0489235808955
5393.260843170364
10237.842772606873
5057.728977127896
5533.0844460697845
5001.548905383883
5426.54632781742
5276.545671155634
6234.391667450812
6867.016626174706
8037.367439168867
5200.462075305653
10605.054604655537
5048.728037025869
6683.567779757116
6586.195742457913
9304.59264409501
6128.958184168479
6666.178996421587
5601.421473418598
5235.3728702134285
7081.93014439966
5097.86036633417
5607.146469683617
5747.035927287817
4889.057074159288
6204.143473120583
5143.890265359487
10287.654939862148
6259.856527746864
5253.604268987345
4907.065660322105
5524.332026586627
5141.659512290604
6545.662418942448
5526.290012143049
6196.0364708837615
6207.145593827806
4919.548516266759
5007.694658787549
5494.824044469793
4942.308738769865
5627.657192504716
5819.850758442917
5420.762183122531
6656.661507791505
10328.936738006605
4916.864140425581
4944.7743635255665
6685.054336768258
5125.008021564716
5260.624651470683
5532.29505072575
6939.606422446751
5605.710814803691
5376.561647034523
6806.336354175224
5523.020674099449
5066.828461348832
8824.137523510619
5202.434215357729
4946.874337424776
6619.780042552997
5133.009135655413
9026.158404002927
5357.406605693762
5220.192804646837
5267.521403609187
5492.329790190651
5145.963139557925
9686.66637755797
5634.445978497273
5309.532459614064
5784.378406484598
5325.876189724987
5524.9845096087965
5437.731471176631
6026.545976733609
5910.642294295056
5535.750903377872
7477.2761927716565
6180.556838478549
7088.240199019274
7798.15568331675
4515.060121510071
5740.67422742348
5232.789695505004
4904.638730473603
5697.718655624968
4568.943889719027
5238.249333369706
4936.852424045784
5223.814067630901
