0.006883654069030213
-0.006115852028548351
0.01196614878670729
-0.012314434063330491
0.009180305938229364
-0.004294202509953969
0.004352126530897213
-0.004080075263728646
0.004163355917296586
-0.015862613969045605
0.005404756965894937
-0.010715449787688408
0.00838657500816978
-0.004196808393255548
-0.0035921293009047997
-0.01026200154656157
-0.011227283151773224
0.012804476582188393
-0.004597480582989338
0.013686232661482087
0.012480370435966889
-0.008119223533514228
-0.01351261610725199
-0.010580761138172818
0.004993350551830955
-0.005481359414871465
-0.011789398449545168
-0.004000200917402065
-0.01371822786551314
-0.010675989969599219
0.012117014756150716
-0.013674283335413503
0.007902299066555553
0.004886575304006387
-0.00953772086754902
-0.008799512471444903
-0.004792628544907258
-0.007632977450046609
0.006068225004959716
-0.015192750648333144
-0.008495807970574306
0.011259460325928138
0.0075713130607394504
-0.008628555031738133
0.005495592655984417
0.010662542736889786
0.009237304122966994
0.01044275306968903
0.0037222368168881546
-0.010223785609127789
0.005575389483233422
-0.00972983381764017
0.0031104579547989136
0.0055899138984060286
-0.009659412634597131
0.0021932606045019145
0.006874552604373054
-0.006080882665924318
0.002283245934292267
0.007358379960998366
-0.009004105799917292
-0.003321719025981578
-0.011727667925465401
0.007981288482524104
-0.005923949884457392
0.011042513033654326
0.010170881904433658
0.0070352977697032545
-0.0033893398917721708
-0.002758223028586391
-0.007647016114900589
0.007886882084809109
0.0054418896823277135
0.0039020173378829094
0.002777238591954218
0.007914848727121254
0.0047309224793573666
0.0060792971940929605
0.00807006318775145
-0.008337510390113346
0.0027304090928086454
0.003332866684825387
-0.006793590347918348
0.005913361440828187
0.007185969095966225
-0.010560286533124979
-0.003909962722959877
0.00818779219928471
0.006345330876780994
-0.0038230437058526254
-0.001171462358507144
0.007040205894443315
-0.00449504081312077
-0.008077051212551142
-0.007249522457770256
0.007579279165667405
-0.0076597644073916294
0.00651179723671348
0.005863221361536686
-0.003692388246807317
-0.014371128509324352
-0.0020761357560547
0.004393681973314689
0.006515770830310115
0.00934084960971035
0.00727718058565303
0.006874891787872304
0.0020721698211258665
0.004547995838518755
-0.008497128053248823
-0.004328990036959849
-0.004686208681238829
0.007314738152854753
0.004346384017575047
0.006400609474445055
0.004350404527684785
-0.0021122412986716035
0.005746882928910518
-0.004028718259316352
0.010098602773706606
-0.006289327624551283
-0.004853744941053883
-0.0025585069803496243
-0.00909972317602233
-0.00862423521221297
0.003185556498104463
0.006073119217175059
0.003157907842550297
-0.007431976076867886
-0.006511678896076958
0.005972262206985627
-0.0015174874773411133
0.004942040380521121
-0.0023234193276464
-0.00783962460861929
0.0033110348775534145
-0.007567650313260885
-0.006374899596507942
0.0040300925634710084
-0.00418147100769372
-0.008957082023890763
-0.006435999658502987
0.004476382050526962
0.02110279849856218
-0.020767354989227403
0.0024370394470278694
0.020278277959367614
-0.0072064058709670345
0.004038194884235602
0.002405091730909023
-0.0047958608159708906
-0.004361537644512964
-0.0033436988975151806
0.00379389687933489
0.011526654052884111
0.004715011932344026
0.019561873763743527
-0.007515181393577407
0.001999979912743667
-0.0028398435201449326
0.00449436345607005
0.006221244260768352
-0.0019877228505467558
0.0018747491931946788
0.0058053811874708965
0.0066068520659047295
0.0021331878881764876
-0.004826039189501118
-0.003390813305390504
-0.018591270421462202
-0.001038185577196929
0.0022614287349198917
-0.001068268583306374
-0.004797739873173844
0.004649721766326726
-0.001274208484730305
0.003109699025301601
0.013922890809535978
0.018365364788808642
0.008235468068482887
-0.0050369801631949375
0.0018664696215657441
-0.005295970692619381
0.0026252772224176126
-0.009267002387671286
0.008475583499718897
0.0025468321175732577
0.004254845471428569
0.001464593120948836
0.0029815540093003122
0.0033888033509403112
0.017620386238826384
-0.006269714920248896
-0.0057642874635822185
0.007027923247809433
0.004673037614846742
0.003878415467465224
0.006271543721814201
0.0019396352346459985
0.0060229540591575925
0.005145201347187518
-0.013649025745586104
0.0034855967322678506
0.00834478921746516
-0.006526625176607845
-0.01710207000422675
0.005747230591692858
0.005182326892924046
0.003663144301357029
-0.004540371237359144
-0.0040698166860426745
-0.001657200079841578
0.002687613993949589
-0.00636332316301122
0.00837221255949052
-0.005754120368931653
0.0040692719985320315
-0.00881749247683884
-0.01653142375997982
0.0046143413987978135
-0.0017075954191538647
0.004839649461733102
0.005215042332959309
0.015968390252227734
-0.008363373976161367
0.002332590933462568
-0.00879025067509331
-0.007633900510298646
-0.003438703180178114
-0.005493948991086891
-0.0057955917279823846
-0.005020688352279206
0.015294702673311126
0.006498834805106115
-0.0012148386991734823
-0.0014491465491245881
0.0027085271288237985
0.0023617212937099602
0.003317584757779769
0.004278044587415505
-0.005331454979092363
-0.005985588831167196
0.006039945857096432
0.007512914329410761
0.00812999621527073
0.014387744670248066
0.0027728677038503366
-0.005266506095496686
9.089692693225733E-4
-0.004845461818409398
0.0024379877889947666
-0.013767719258086999
-0.0046888383956534
0.0023775153138652153
0.004256094303712425
-8.208823177820512E-4
0.0032881074233730738
-0.013741962001149759
-0.002046242788630725
0.002222254683455679
-0.004708347753216701
0.0021986933829554385
-0.013286627811580165
-0.013365041074934437
-0.0032171466683325986
-0.01280234877411118
-0.0020793905932453083
9.261243148731684E-4
0.012748338175746214
0.012572424374428064
-0.005105175069932951
-0.002278629579743042
0.007985686864723687
-0.004735043393747227
-0.005524439572755836
-0.002386646331221676
0.01174606505145369
-0.005875140870814208
-0.0031101790860602065
0.001790885210605239
0.0043824794325887755
-0.005859558096479938
0.011912796294379442
-0.0026014786120922553
-0.0018552452127465946
-0.00287487425183832
-0.006812579150620654
0.011715949904596413
0.01169727951741249
0.011680702341676083
0.009626185633660448
0.0014944814788734524
7.628479541096809E-4
-0.001972460042928248
-0.010074964975809661
-0.0022949587637687355
-0.011200469580505064
-0.007605210727450128
-0.011193224901120225
-0.004698886091237805
0.003990769660830547
0.005093071476034849
-0.011170436469908177
0.010679949879906676
-0.0015868222028623785
0.0017967418732817064
0.0016484669061602483
0.009664521930231689
0.005396175338920574
-0.004214411287483746
0.0055968499053893886
-0.010643565892324555
0.003990501785010569
-0.0046227661134483474
0.003432059303749024
0.0018599610916993923
0.0035499511040314536
-0.011019403170170758
0.01073049693150242
-0.0021193527489239473
0.0034522108101879495
-0.004581010316723517
-0.004150494718369344
-0.00981756230668314
0.0028546961537876106
0.0024827361179995257
0.003434531934216361
-0.002505777110939688
0.010031821168486384
0.00991364898471782
-0.01055233970841505
0.01005446174961434
-0.009250159019087326
0.009685363041434197
-0.004189607313830548
-0.0102001763849378
-9.325975409848976E-4
0.009436827137820552
-0.004482031258099182
-0.009467692152658871
-0.00940398518835611
0.010161626121104494
-0.00536888217042768
0.00431183199685874
0.0032749802665412915
-0.009652596522321482
0.0025511853150560057
0.004480580431836099
-0.00933083476363353
0.009497576855539322
0.006268986541510915
0.0017400882892204734
0.009636963734449782
-0.0036212270815431085
-0.0027119281521338773
0.009328262108362044
0.003213208845902042
0.004312264423796454
-0.009845520914352899
-0.009106417638353232
0.002500610142594497
0.0034362712650522456
0.00922272712613149
0.00401260259620468
-0.010013680037158012
-0.005427765938316175
-0.004289486918676095
0.0026843021939265427
0.0010242548963959935
0.0019960875927622127
-0.008892026633626617
-0.006635448811720411
0.008702044654928515
-0.0022361190166636747
-0.008209309544289986
0.00858473191095051
0.00913082267959719
0.0032000193792110394
-0.0088795534179738
0.0028222366066044625
-0.00857462511663634
0.002682905719912682
-0.003489960819717955
0.006497792459498241
0.008290309647717087
-0.00818865277821707
-0.0020209541555948284
0.0017630064925650806
-0.0031812522481279174
0.006741781830327399
-0.005361537588874709
-0.003575870409850138
-0.00196099794678675
-0.001169163427793521
-0.006060503965168079
-0.008253640148203597
0.0025977023227162356
-0.004298280028168196
0.008507779070926353
-0.0033059965483520624
0.0010447970608886623
-0.005880660674751957
0.0042037497907255455
0.0015400046912902793
0.0017704065483241244
-0.007761691100140039
-0.003218806284439232
-0.008323492149101447
0.009078329870537076
-0.0017087515332533613
-0.008046474118848474
0.007415499689989619
0.007832913176034718
-0.0035408192637214767
0.007874794629608169
0.007336968318051269
0.0032167707734147267
-0.007708241379993853
0.0035270279146291713
-0.00562157802313361
0.004257089956803416
-0.002173330214021792
0.007841095029993287
-0.007775424797461805
-0.004315937783709753
0.0029796913839879127
0.00469247122004795
0.0046238521427707764
-0.007622204249321526
0.0075928113274662725
0.0012805303390722288
-0.007655858785958794
-0.0047307094155795565
0.007635329480385425
-0.0011237540503969527
0.007500527832737864
0.0025801114386206116
0.007284744730794896
0.007151324919625829
0.008781727889598388
0.007154262488601302
-0.007539526579286861
-0.007277723077589905
-0.0020949437776304307
0.0010578701503925789
0.0036438562581677706
-0.0014758675749024426
0.003719117878106512
-0.007904357846545904
0.006897543965500446
-0.0014969097595138778
-0.0074766237627498745
0.00715822317846714
-0.007129183072770654
0.0011849715468745601
-0.007091752694287971
-0.007230197857496002
-7.037747750207524E-4
0.0070616040957389315
-0.002026233334027615
-0.007015950900043228
8.735324539422554E-4
-0.007092879051871185
5.502721242879641E-4
-0.0022325107090899513
0.007069907613001629
5.395881019449845E-4
7.296748688814195E-4
0.0068941928945153545
0.00214655986870026
-0.006593756083495499
0.0026437553814837194
0.006764985865986607
-0.006756895888160296
-0.0067054534459421115
0.005633006554281774
-0.0014638270213150838
-0.0015086047412546173
0.006230399299095389
-0.0015541265843973717
-0.0020020890609532597
-0.004336555001188105
-0.007173572112755317
-0.00603669617815752
-0.0065231499112147545
-0.006462041485055633
0.0063630578709524144
-5.571781042635606E-4
0.004599085850126209
0.001076002793540308
-0.0019818991874932107
0.006132841218391704
-0.00640803637441584
-0.00579335803587494
-0.006051961952104048
0.003199491379165519
-0.00623833118213623
0.005971073198942156
0.005272874855089363
0.0062355445294164265
-0.006026850853481299
-0.006074281364642864
0.005837084855031586
0.0020508186241229597
-0.001868727359808919
-0.006032933136981668
0.002191985325792986
-0.004987119061116003
-0.0018252743029694377
0.00626171346362982
0.0030981045982067055
0.006211864519148853
0.0018209796861342214
0.0059493142138204455
-0.002171586636573381
-0.006022476804170477
0.0011465833509222265
0.0010037903265080878
0.003705206467948073
-0.006548099998420199
-0.001973541553112751
-0.006049560877402932
-7.470477878811134E-4
0.0066283767640719655
-0.005465058716552927
-0.005873890248775349
-0.005103586175438031
0.0021228576581972677
0.00583946895869357
0.005886367353365979
0.0037388081829871863
-0.0037565198148194956
-0.005791316856651023
-0.005622235930628622
-0.005870336083534289
-0.0057896606057754214
0.005672746278421128
0.0015392860379284078
0.004985946889948117
0.0012447698217770942
-0.0050695492215143785
0.00544412145941581
0.0034155027664935556
-0.005722666403903972
-0.005435311611189487
0.005419189251114794
-0.005787457259874377
0.005469752948795301
-0.0052699033691019906
-0.005445363191460238
0.0028723296531730463
0.005209547960386166
-0.002377155776583237
0.0015501159653065573
-0.003338970847788892
0.00187145595708102
0.0022070414409081284
-0.002324787111326572
0.005100192681995714
-0.005079580725870545
-0.005304537750480054
0.005138085294303222
-0.0043201731236565555
-0.003918711189353902
-0.0022145107302362446
0.0012710549145557796
-0.0019410735223756982
-0.0032940458582164274
-0.004998777902942987
-4.6371103156038777E-4
-0.005193920612345299
0.001999282760548842
-0.004974755008487652
-8.932703532695489E-4
-0.0017416346849089626
0.004908938922822453
-0.004876168951028244
0.004962804148609316
0.004901817494320572
0.0044265057907698566
-0.005129051059912
0.0014448291295612022
0.004765647170841336
-0.0047618491744490215
-0.004862778921359453
-0.004900674872571288
0.004775716102367585
0.0022437578392692455
-2.4704856917389924E-4
0.004911664975915777
-0.0047662160026939295
-0.0026279087082839193
-0.0048707728303412
0.005226612141049429
0.004866233571627462
0.004968057299360449
-0.005070994998628318
-0.0010060070228746088
0.0049625229752452244
0.004945809843527299
0.004774646541720918
-0.005063730496177009
0.004952261529873469
-0.004559772069402274
0.001475807305416286
-0.004655658594323375
0.0044912043368694745
0.004764725980245953
0.005008614139118889
0.004669599847915837
0.0042301769953177505
0.004521745002365966
0.003741238761356308
-0.0016000319128186054
-8.204562018274043E-4
0.004845274756758368
0.004539359470644738
0.001921724837380966
0.0025649269503821297
0.00345135948290218
0.004348564521227558
0.004374959168008069
0.004390937875346871
-0.00420212929113665
0.002390977105791862
-0.004181533922445321
0.004535361482744497
0.0042610336759457456
0.0025838827821376823
0.004161048732434425
-5.842838477229722E-4
-0.0040426131407487334
0.0044202102219793715
-0.004361840622409973
0.0017199246241726195
7.54344798633544E-4
-0.002108155979523885
0.004192046645723737
0.004142894106485089
0.004230342466170068
-0.004067256990999873
-0.0021896439649188104
-0.004126897995325987
-0.0017772543918752304
0.004390981847251531
-0.002562509622811254
9.523289154194643E-4
0.004011229785400276
0.0028289116821438674
0.004162725097849882
-0.002784893224654555
-0.00208054627292942
-0.0012262593807306436
-0.001148885627246152
-0.0039566110617712405
0.0037460395323513427
-0.003958785909803255
6.229594980516367E-4
0.0012040869268603463
0.0011784330474710258
0.0037310435331913113
-0.0031731563024601384
-0.0038718715182777396
-0.0036979533328299436
-0.003736953952559739
0.004414033511657139
4.4995600278456126E-4
0.003831095997203857
0.003771988372278765
-0.003725652881284992
0.0012829271512595523
-0.0035164260181924775
0.0017512389765407222
-0.0035623994453650516
-0.002089129368984874
-0.00423944542900727
-0.004140242519460826
-0.003769003010123077
-8.302784820056752E-4
0.0037941239475858036
0.00378032529746432
0.0012530568756062804
7.301911360879395E-4
0.002438336662677606
0.003598644271161908
-6.337360418667148E-4
-0.0020397410224873543
-0.00376674660226102
0.003642072008730898
0.0038717506022288594
0.0037940844149470603
-0.0017016771375404477
-0.0011341009180388824
0.0010979989499177462
-0.0015701591093477353
-7.976445337414921E-4
-0.0033390065282929617
-0.0024919499785985297
0.003604844625015958
7.382501630050195E-4
-0.0012821653792791075
-0.0010947662394929294
-0.003677529475921383
-0.003483195830245915
-0.0031446613438689815
-0.0026089964610560424
-0.0032950396163088434
-0.003275451843936409
0.0035703943669231366
-0.002252151478473451
-0.00182318044160604
-0.0032135604188951294
-0.0016947826729693885
-0.0021112827719129246
6.947530489735065E-4
-1.0586147007437666E-4
0.0034127826805962456
0.0012605230893820852
0.003253168265141099
6.612806881488967E-4
-9.572400077489367E-4
0.003018652608540894
-0.003133747303805175
-9.850550638602384E-4
-6.767951781649063E-4
-8.636965225785117E-4
-0.0032558927694245126
4.154180151618698E-4
0.0031034589763745354
0.0011046387014918989
0.003059307023417104
0.003225761450928519
-0.002921172901780635
-0.0030988169005023046
0.003082500875191642
-0.0030440918246457983
0.002792137478738031
-0.0029708162755136104
-0.002913662902707325
-0.0029469558148839557
4.2091365820448763E-4
0.0017465237137310376
-0.0029785257050671332
0.002902173944681669
-0.0028759851704818163
-0.0028668528482843295
-0.002851864330232646
-0.003173228460365347
-9.740343410079023E-4
0.002969112210219558
-0.0028525821364014364
0.0017748923473399148
0.0026264646343324084
-0.0019737717152093306
-0.001565513278715114
0.002669900233278103
-0.002669807768806456
-0.002847574622756175
0.002389863674688789
0.002724531761093529
0.0029885773106485833
-0.002728438956515607
0.002030369356760224
-0.002539111733489468
4.092138108458418E-4
7.296530899865603E-4
9.549529263064993E-4
0.002502794217255212
0.0025528959765564138
-0.0023801331161269904
-0.002496223807801298
-9.224336885548809E-4
0.0024187246541918198
-0.002597202887009738
0.0023765346768270723
0.002487469904597945
-8.157821396451183E-4
0.002367056277978571
-0.0023823663707968116
0.0010163237841168918
-0.0019980239804600307
0.0022008805198795245
0.001751020725831388
6.604699639307663E-4
8.749202830577215E-4
0.0012803486258500581
-0.0021689324217657947
-9.56873554498646E-4
-9.403038374782963E-4
0.002011463372035105
0.002107129304203425
0.0010866011698442762
4.378293606547624E-4
0.001954321209814502
0.002261806684469541
0.0018327074481685201
-0.0018788790470594685
1.7569910424157221E-4
-0.0018122325984865526
-0.0018225942760454455
-0.0014890880045454686
-6.893046628587534E-4
0.0018649785193597653
-0.001612575369975682
-1.1181377327065548E-5
-0.001538039737063108
-3.3471296308155296E-4
-0.001639408295589771
3.100931380807192E-4
2.695606864902389E-4
