98.96181680928372
-90.54631670312962
-70.10288784067669
80.60838140407073
-55.03823793814992
71.57914052612917
92.25455747545845
67.75407894296272
51.00924763529272
-68.33543282479874
-80.19583275704049
-66.46113667984974
53.592672922570294
31.18931837128783
42.28859686079277
-36.986920289847234
-71.10255191239823
39.959645760444985
-37.93448821950066
57.16677462132133
62.220478211647055
-20.696526563079562
-80.4701371394115
42.058310677006475
-69.63821205659174
-24.6671931792823
-52.565401513815026
-96.68535718457157
-93.89084294224524
-37.13841181935056
108.06414511744005
46.62811523974052
30.323194332878373
29.655078749690407
-44.25741698577981
-51.00663294748324
20.668832780392023
-93.83949246201131
-22.178844645642823
-26.625266387961553
103.50624394248129
-18.106567448069608
-45.66536194436473
-25.44167923666661
36.00003986168223
-27.261849494918845
55.2416005244897
38.80322921277247
18.66575564399124
63.509466925778156
-40.69557218347739
-45.256493665646985
35.719129205622295
138.82389211174203
10.158353163747929
23.17296740626345
-49.29569874024181
102.19136918641297
-43.40857745236089
29.135885755715858
55.142265940404464
-0.9816999521319576
36.75116457171657
14.199277604277073
20.083518808995333
30.01327267781617
36.683914835416914
54.97901339794014
-8.270893891640887
29.327161204230656
-37.92209256634254
43.701424276390505
-20.08985683004413
-14.162385850004721
21.520039678483514
24.916744592827946
-31.805987208821428
29.36418974501733
-29.23590414037538
-9.263263353440717
4.566850170726498
-39.608624187469474
-6.240132066726993
-70.38322417595548
34.17861356330002
-26.937276180458962
16.177870216602013
-16.819909336604614
16.727968416904826
7.662045510326981
23.20606845359819
36.46140504386823
-28.106382087095042
3.9171628232014655
-22.911174068993795
7.524949895140609
-7.141137751800218
-8.161043749047975
1.7785599156624348
-0.7759665227930888
