4273.854891924886
3181.3564630071023
4457.451930207856
4452.259309433162
5934.542059483873
3037.414538649742
3977.923664353493
6035.198870492493
2721.173795005961
4567.193658150058
4275.3098215388245
1919.1347882789664
1305.0916821500896
3188.3512740785577
1937.0685176568159
4463.355601308217
2354.430043704723
2711.978969975037
4547.859929963939
1923.1350915523296
5435.1988926802005
4699.688939377106
3029.2585142635307
4691.3200830892065
3025.3662637220514
4569.858860881882
4703.815598918424
5858.194950776871
4577.923644343718
4575.181874000059
4464.1874508332585
6142.458507126002
5740.224211624448
4465.426379795431
2296.6788751758954
4842.520027589938
6354.4172684829455
4701.7822049768965
1756.7710128159708
1603.964462698655
6534.542046825085
4262.888287481293
1636.6276898553494
2494.9778846728996
1637.8570285697704
4394.5844670428005
3738.379919641406
4473.365178883915
2586.1136227723973
4763.651142748291
3799.64981213017
1758.1841243149497
4487.45820562528
4425.835355202134
1313.617866124085
5814.42268606203
3068.8993647384236
4427.404595269564
3967.19367604713
4178.443569102803
3033.265034603692
4802.815836128363
4255.75282336702
2621.1716060280146
3185.53993331354
4837.549618387143
4449.53077963494
4467.480186889776
1920.0695021360223
1300.1013548152362
1848.034202508203
3246.278051636022
2304.6607538754897
2020.8826281718189
4454.304624645412
4869.284363251945
4768.314994764246
2309.1943381598126
6750.68865833834
3860.70348335422
4301.648214763354
2040.7120766642608
4391.110462510184
4490.734760219345
1037.6298634186473
2045.8968420677177
4283.793380640595
6352.567050563432
7050.9078493984525
4702.5722656252165
5715.969531669498
2488.883066365265
4002.979072503515
2131.0408573690356
6594.481220174081
1935.7648545872696
4277.623372041272
4800.440184224002
6580.851677693304
1635.377601800205
5860.621198822096
1986.1136456804838
7403.829994631601
3171.784550858391
6249.665211192719
5750.043003635811
10513.364231152542
3067.423844327441
4609.7538417652895
3975.1818934751454
2909.1943224198785
7058.006284030592
4655.72654671292
4862.888274438586
7375.944997752739
4269.2843736979
6356.262053633684
4118.979515904484
2302.572324689891
3473.297846699452
1641.408345904768
1523.9414637977331
2900.5605468713625
2047.6396262936312
2010.3692256462612
3242.864214656578
1595.2710100464176
4571.650745834191
3504.9441291749745
5562.221248681368
5399.733057056132
4286.878810589566
4454.647477962184
1918.2183853453455
2485.7232163005488
1039.8991297151304
4276.438887311361
2603.725539584267
6742.458500234614
5550.6886807069095
1865.9354387323085
4962.221287470346
4471.470060192739
5667.751445248261
5402.048769630664
3369.536414811175
4693.413596573314
7044.016422301456
2740.756001890556
2477.1850503903297
4658.194989070261
6062.888260090216
2344.8870667677124
2812.8521093401773
7949.949595497399
4551.017844814355
3506.861756851251
2944.8870599962383
3518.1618565919375
1325.9005607173792
1928.7076156914575
4007.247524044328
1251.6414594196074
4492.270113972161
4159.790367689367
4943.929877651514
4598.782746452156
3571.792648307544
6152.996101144893
5087.458196666582
5638.318013801294
2580.4614885042665
4561.792549468206
4704.660693521497
2542.4585863574525
2271.689396415528
5038.318017480084
7386.506037286168
4067.650560679514
5255.726533226802
5566.102531735585
6596.578261078634
1916.4177420347019
5334.542080579037
3876.1176742949356
3969.8588792448177
1527.4156691994192
3070.3649123013947
1646.866267144492
3225.8459348232996
3203.725527521825
2168.5900223200388
3856.886076398624
6586.497775056807
4157.853759755328
6193.734284858578
6465.112137374719
1759.60939024621
3967.8824097773013
6124.532119099225
4483.964890754653
2809.040036815652
5031.399413457658
4058.1950132811294
6890.269798491457
4450.363836608407
5550.042777070755
5621.328456450748
1704.660771373705
6268.401335943343
6577.641328748785
4667.650548438731
1870.3649368805545
5754.417290141446
4966.10253742603
4855.752807761161
3495.450276228624
1753.995417239113
7379.288358515168
3253.1462642590272
8221.354942936257
3199.5482804544395
3673.8549249864686
4106.861740364722
1872.1682041487984
6055.752787137104
6586.31945319589
4168.379327325368
3762.3099160623306
5089.125646360091
5807.25240796082
1748.5821889530935
4333.02421105252
7344.464434398281
5154.890288818122
4554.417319810754
4952.996165971058
4913.913749160573
6004.861921347651
4489.125654664532
3073.266808018146
1645.816738171677
4423.301641892182
2950.8554659515644
6260.901520596623
6470.1029649767725
3184.1469124486994
2142.557945627622
5553.560021853986
3507.8502289034077
1917.3149425535537
3162.6766642797106
3798.3259684021978
4670.103005488133
1925.6265872013742
4444.461389390159
5150.8901891875585
4100.560513286201
6354.890271656229
5752.763704530216
5370.210361231296
5339.121362222472
2927.743268399327
3605.8525867565727
3142.458579888742
5550.483617602967
4298.684907235808
3509.9167680352534
4580.624617623752
3352.5230632159064
4020.8173764106523
4119.107467835834
2906.8617724022947
1529.1500758498548
2940.947499234486
1915.5191744545286
4615.088944466594
6367.675630702494
4268.056674536882
3763.4508118086956
4118.627645580435
1871.819541137243
5720.704277814431
2464.9766571482983
1639.6491151318849
1035.416509403071
5741.669996194804
5538.794067200249
4117.438664608391
5029.637567101821
4410.25199274025
1251.845580031283
3843.5536634818886
2533.0281643514377
13598.761659425283
4283.214048947869
3498.6024022056854
1751.2849591204522
2271.3651621734048
7048.592870230836
5551.196215468638
2558.0384085202513
1868.8993899174823
6472.501273520793
5090.734752658753
4384.75686182135
5480.308234345225
4010.900481262895
1044.5534113097692
1263.843717338269
5207.252420776005
1635.4165000061048
5291.320081000515
4592.009907193855
3799.6291816624775
5258.194975553148
1642.5433750639404
1678.7990099188307
2547.204544022916
3171.274395457082
7938.940687781764
4452.316048818995
3509.194308479258
1299.556395746352
3507.1467746658464
4685.593931975306
4592.6200042358605
4839.219585623073
1966.1285624545237
2272.501353955635
2518.334677266272
1538.6416050228106
4672.501314728762
8821.908373228513
6588.4969306453195
5641.219013250629
2482.512302652146
4549.458470949475
5286.239899484823
5881.7943354459585
5049.665249077951
1300.3809702011945
5344.887007974958
4959.181960091568
2526.0191078762896
1755.3750162764059
1942.4585904436128
5716.52404724593
2460.252371030941
15801.679749845322
6021.420415034415
5627.886326229875
6578.00137989295
1650.6616709235013
5543.929845302865
3152.996207071141
1517.8534453502475
4280.582257846078
12055.351520952965
3966.9835863035214
2571.2744175046632
5345.518415498668
2620.882625531141
4163.775981758803
4613.371134550737
2642.864229621964
4175.226362516753
2936.3515441361683
5524.363051108568
4944.368616238903
1706.861803750122
6766.1024991995155
3493.2369721945493
4570.244915524673
1301.8821452903492
5036.604720583159
5883.695728238558
10922.990916549164
5108.640361142197
3192.245625568641
5418.866782867718
1930.1923083285171
2308.1803713188156
2904.9441347888533
4818.866787506431
5092.111290161089
2167.0358398592725
3415.1203760310714
5622.883118303433
2852.580086868523
3539.8577041195954
4837.937926864725
1639.064471301147
3504.660723559593
1644.7465938599473
1153.9954445921455
1438.9762072416647
4248.50079785101
4469.5030202127045
4493.711002615946
3866.9417263310916
4327.678753206235
5092.270107266601
2177.429713306018
4247.264344824239
5525.969486308716
3082.859656269861
821.5097496186761
6111.0729403688865
5532.576901424614
3800.9327879306734
2724.236374466654
820.5075732365967
2729.930716806204
5053.311209495044
5428.590424805088
3971.6507548144014
5421.108859651761
5030.330466509798
2838.459886812422
1597.4917055281821
4449.665264051196
5096.326649736547
5874.109007261903
3144.36865487477
3631.813521628878
2805.6657672922474
5265.112170538435
2686.852863327516
3159.5221765934143
6032.615299852964
6120.413810213318
1531.0408610409404
9636.52610410773
5569.213562817451
5368.68973258403
3494.3118830691146
3065.9354124241922
1042.2142892086886
3146.151204976589
3975.0271045548643
1201.7639334412133
2029.3962728327872
8853.268792292125
7141.262125946226
2042.042204786604
5207.05429192193
1260.3295999318686
5378.213101327621
5175.5017078857245
9068.05651198086
2359.105000016426
6000.78105849513
5089.107679236995
6236.069073124738
5525.170149800089
5260.4407508220265
6455.7265002361455
7051.183492831536
5258.754001432053
6335.370641792913
6336.484381058637
1315.939774286269
5064.187440874783
5733.992886779377
3823.301674404912
3277.7849040808856
1851.6156312366581
3031.5211594429597
3143.6075611424008
6905.027041134472
6229.409038234636
2562.221337740413
2899.9044787922667
5206.516641798505
2352.274578385766
4392.871240178776
5636.5117375066475
5091.023202103388
3150.688731319963
3874.8358660318754
4448.017538143979
3674.3932376983175
3251.4223019325573
5272.501306536525
3120.66876126026
5094.6138991231255
3175.3565700016243
3155.231973789346
6216.519916465483
4433.124746868717
1421.5097427842884
2558.5653397763735
6353.795257600238
3854.6475092376586
1250.333369986346
5003.241950497894
6210.530040393365
3326.3333200462394
1736.3515668336468
1855.1537342911047
4060.6212615989725
4050.1892694854596
2689.0574296282757
3458.19502330989
4617.031022121134
2437.5800137205006
5843.636907103523
4357.116566554577
8392.910828214877
3629.316985833696
1645.0102486131038
2435.5726781265776
6003.01838843617
5985.784161924184
6350.042995618857
3138.3799352721308
4660.621236778804
2035.4175723720411
4411.894475967301
3859.1395384101224
1844.505117923347
4757.898984372873
3213.684660385885
5810.900460040442
6129.113556182924
5397.248483574854
4109.194291085372
3518.979533039913
1399.6498758177422
2132.042639734694
5197.55506029886
5756.2620752467155
5624.715850357264
2675.2091307590927
2459.856972985821
4098.60238824168
1328.4511706462988
4042.899742263508
3302.8457511059737
3761.243888721463
1629.6246731312317
4578.452535699467
3499.904472622524
4297.111502313243
2755.8312874809585
1535.377160179165
5961.45452017242
5086.158809356876
7903.565852491643
3510.937505101455
5829.74185199044
3152.732788581215
4608.446466948614
1276.6745701511882
1702.5723427025898
2491.9702308405235
5140.224237223898
6573.060999262391
3113.612324586298
6025.246424528061
4370.9883222063345
5420.00561907564
4425.372452880665
1649.3520762568292
1958.038413517629
3086.7977710214063
7027.888374203543
1240.9209255567941
6231.062549480639
6328.116437048862
2123.9414590993188
5092.822617310044
1420.5075670403378
4339.213177828084
4916.965413385049
6437.629518642538
3005.4394954335303
4419.538301531922
6171.274307197836
5095.149734339706
2698.455324443409
3470.264388057558
5380.487303655249
6017.567695605262
4665.112176633471
14904.950210172456
5721.829012326028
5573.556343433924
4314.948389772877
2497.9187176629052
3367.1936941530257
1062.1376469148886
1855.3113322391748
5531.879989298035
4289.59002788483
2550.6887384884176
4938.794100634278
1304.0977226114433
3028.9988246082653
1918.3346817603262
2971.792657337077
6624.618506645538
4338.794133692669
7944.511928375358
3221.1715845103495
1528.6883234651696
1715.7421290677066
5887.473855340582
4119.179372290784
4258.504706013913
2581.3564886790023
1400.3802420616996
4607.161869154779
3401.8247711153294
4522.20172658051
2865.112211297896
3316.5125028587863
5433.111272619345
4825.36110870153
3370.570643535707
8455.627728661499
2134.792756299172
4976.092165225767
4595.825100786564
2872.501351757021
3369.8588982902534
1301.720340866985
5740.083037173476
6222.270283307068
5150.043015875233
5088.409215066171
5696.12289740533
5412.134243435933
3030.9890200349832
6336.813668232686
5633.14781348612
4438.318027409472
7916.063411559321
5889.4020353445
5532.633214355835
5182.786472470428
4523.46875456068
4055.465379633955
3405.826696826349
3186.1136069013664
4314.152852446055
19343.062382823544
4280.753594573953
5374.687906824511
1400.7464714934551
4311.073004396943
1968.7979854795242
8186.064859188829
4352.996198361912
4461.266875378868
5006.343223912182
5745.3470609608075
4432.495524752394
5822.459807241691
5815.7633771032715
2134.9784719488935
8657.895437678037
4448.956840222093
2831.646738383165
5088.053215043243
1754.4300644835898
3185.034875928722
3159.181992992392
6900.658490479168
3200.9327924860295
2610.3692186702824
9658.791614714293
3854.3046472410606
5118.386784264253
5360.220249250131
1270.7814094813796
6159.1819308542135
4179.950963683692
5026.110522946345
2520.795267849603
1747.2109034913067
5898.333712089665
1867.423870071343
4372.20193682158
2249.35207419455
4249.713374117532
1394.7425499160108
4108.287346756988
4352.732769608587
2029.7104648895581
3706.509259227685
4418.222868883746
4101.782237385276
6373.262522558437
4320.413861638149
5885.59392513681
6027.622834689512
5426.481957087347
2339.8577161095336
2195.0296365541076
4030.2404604310063
8792.862169509142
8261.769813376519
1408.2233135289275
5681.224303986248
1247.260241905307
1202.7632733462958
4949.54060284551
5756.384244633487
4072.501329327838
5636.604717323663
2754.41735292842
1536.6526208938353
5888.5342745216485
2090.7441154232156
6010.046267078576
5750.8901774775595
3162.2213285695084
5958.7096747620435
2353.8172406593094
2093.5010558914746
3234.9119467285245
4824.301034355718
4149.151871238106
3980.624642547358
5597.344528247908
4675.0422260091145
3958.1827796647713
5347.405087093544
3182.753997396468
2472.0828977431947
1525.1504054227623
1410.6639786775584
4868.056652251185
2244.553405467359
3367.035816222706
4695.522155755065
4001.667471079539
3254.867012012545
1445.896867155727
4487.876237117475
4405.201373178987
2708.959662424094
5553.093116628933
1553.5304320046178
2643.395073154873
8768.578984173086
1540.9914976700702
2354.190812973105
7141.477926024293
7584.133311890585
4575.295552861134
5749.014236856783
3874.0492797974885
4215.9437643872425
1946.3742278782927
4109.91676193066
2377.4033199629566
5547.628986355101
2775.6253006431566
2045.508586325822
5727.148763192936
1228.499211790366
6458.194942887294
4799.733061655196
5722.933464591544
5664.18742545703
4607.252433767109
6219.403322542346
4342.826470329718
3781.1480681079
4421.328466910137
3372.385878545259
2847.886242158278
3887.4582186924044
2573.6153028325703
10851.177620082177
3067.7989352093427
4235.198925179432
3137.0296174520468
4709.91672908629
4483.887312166207
1832.9402684007098
2460.463736857887
5654.304587947161
5033.147816119406
5063.318771484035
6065.070479676668
6146.15112861625
6264.187419127215
3366.983597037442
7732.38882980575
6787.08101552446
1726.4598219576526
6475.025509594155
4134.542120349018
1120.0710730122205
3910.1553522830973
4574.396449483209
5870.102972859832
5041.2190166782
4144.887047621968
9097.111369284552
1703.3935902179396
3364.1918300591665
4933.024200215614
5814.23837093754
4344.368632564332
5624.360745588396
2909.8046126646573
5522.9843545722315
9035.518835065035
5223.84693308512
6986.06490163475
11998.786645167622
1749.9360704724975
5710.7488591133915
4280.658189181806
2365.947552419224
14148.669086120535
4276.754514396245
1628.2020361285215
3005.1873562235032
4707.85018903618
4016.8944977570063
2248.914848934238
3286.4228478810624
5700.752739140628
4109.713801342336
2433.2650532651455
2345.604083737294
3919.7454425295714
3571.8142280994975
2377.5516894476186
8846.26445815658
6617.567690166105
2008.8909589742677
5753.7952657427295
6329.554493325013
2135.9785927683756
4244.887097410927
3972.385869391082
4840.878058534163
3159.7561999818627
4794.049467280261
5121.829020028918
5830.284364004298
3022.4384859275483
5699.320852532226
4689.402039804654
2649.8469031075942
1036.6277126074845
5805.750878002521
3534.542125221113
5431.055538424988
6414.422684706015
5719.557503033343
16324.661248071252
5032.117756069386
3166.10256859297
4875.3098136492135
5570.886529502741
5631.399411085977
1725.6692217963196
2277.794768942619
4671.59095250142
2298.60243202068
3183.1943371767084
2340.9475075068885
1631.4042524060499
5090.845999206979
5169.799585643263
5482.104043635269
5343.474928649635
5263.803724648773
5220.420013681444
5532.040576688316
4168.315022159552
2962.811019566226
3703.2532093084696
3505.825653413492
2860.6212753063705
1685.50106402634
2139.3425690652534
3186.937798514642
6744.368572362078
1398.7150660626019
3216.4264572418074
2438.647982136992
5719.904901360881
5588.7996952444
5244.063254390352
1402.7486098003435
2752.567133226003
2850.835757193319
2931.520094015714
2795.874976242833
3623.6053884010894
3732.273680239289
1378.2139255655293
5069.093987227283
2854.5820259633874
4951.739766606638
5909.001948363204
3969.0882701728497
5752.427603080065
2467.423868309745
3713.9137757574654
1944.5248603215102
1910.0539691075564
2579.4323657202654
4706.732752091183
3199.6498284588674
2874.829580514495
3455.465383826332
8508.40263983261
4691.305052902476
2792.276435088892
5224.297691273717
5817.694725882642
5371.7156950093295
1492.056962530322
4583.588632666285
3066.9688224247348
3471.7763573205048
5736.813676058626
2178.021770586866
1971.274434988463
2396.1486741756207
9388.243001511253
2181.0295371161183
5729.608791946255
2781.0295338405763
5098.010808344776
4248.860145557634
4323.29331373249
3972.8768237246504
9130.882095714533
3210.166112000294
2251.8711991715854
5006.6358484360935
4826.433588876317
5732.12321544844
4820.005622861526
6492.760575527336
2425.366282707491
5423.733930121697
1415.196236910395
2502.5674228641737
1908.8846227530717
3197.0202069454954
2163.943225217881
1978.2139070185945
4202.461689860235
3198.3259728817593
3411.272614801384
4170.0887945925015
2802.892440986958
1333.3192314255418
9986.064802537278
2378.1157168935424
2125.2743432472716
4520.95905137857
4406.018233101701
5738.3484243405255
4426.110538431344
5627.8705808934965
4275.76325377978
2800.326982324804
1242.2056980003538
3185.88320643859
3375.181914207489
1935.9580602020105
2546.700772741923
2653.146274333703
4310.367324046108
1420.8826423290632
3174.8851581191966
4794.872041371443
1639.8991227871977
6521.08219153847
6600.146838105646
1244.0124840234823
5603.097822493425
4110.29105721214
8253.2688083612
4389.306208166716
2835.0317830430786
2734.953399870194
1223.792929763593
4091.320105337687
5901.900750230531
3277.862621403776
3519.107485605538
4835.198919218734
1877.1850683505968
4147.405099046261
4247.767026232911
5613.239338931731
2129.9307310542695
3795.7126233306926
2250.3742716525726
1666.9232603051769
4926.887382098186
2164.6469398577824
4349.741487945635
2140.7560121284923
2270.103043308925
1386.5121800003492
4621.558824735697
3791.7202006877483
3362.753927281398
2178.839229135447
4984.75685962328
4685.865357183051
7917.553587673865
4407.907944518574
6051.00255984327
3356.2621311790954
4522.992136003629
5004.462122779129
2754.113117411282
1731.3996986641966
5214.2383767405745
6234.387464258598
1533.1825588290853
6701.413630916615
1530.8818899580012
2118.1120743385727
6460.621190950124
2675.0391300395786
1156.7710400104884
2890.9747038700125
4425.898229518047
4607.247518939098
4844.136051789667
15600.880515960325
5072.141504663869
5426.205108244395
5180.6424927044645
5887.3837975007
4155.35744284792
4687.473863738456
1959.1820385880064
2352.330992124287
5262.118911231547
7310.367256050709
4573.418257873325
2816.5871140783047
3386.0650263709863
3752.996206647604
5462.888266729831
1537.4894494023977
5216.789173399225
4362.221317592369
5337.02553839815
4145.5184282816
5213.269181266577
4673.828704202087
5287.494254149663
2182.1825589826644
5131.2072251628615
4237.937934107291
3465.112200301906
3270.8600514217414
2224.848574387439
1299.7769699012906
5099.655495486608
1003.9644842392511
4530.537498899707
3937.341279322983
4357.852509486006
2792.119473854593
1516.9250822109918
4199.733068636203
2821.7870468999763
5668.641104651206
4929.113565309417
2025.8459671972073
6684.178256085068
1393.169245666747
6462.50520380156
8801.218637275611
2279.3044342589724
5086.404556717367
4988.16439687142
1572.416293472002
2250.5197637073265
4995.700648550528
5226.4055739196865
7908.402654123403
6026.969025134587
8840.055579511594
2265.1122114022146
5384.649187797985
6364.344125663849
754.0409550416738
4354.135482046675
1335.7648756901183
3714.948399014969
6054.131541399235
3857.4519612610147
5101.261444586544
3680.658213795044
4984.04412811733
1517.7132271757416
1119.0349539955384
5724.9597826026875
4091.021390689355
5624.144838339999
5751.103137702955
3009.624562843232
2815.120384841321
4956.550805780359
3091.2839961210097
3403.720240446651
5267.650541694675
4854.4185409717265
1915.9397709032983
950.4748124872779
3933.506133057843
2599.6498427571037
1389.5147847325493
2860.7114365649204
5837.62952452479
3518.6479969929883
5399.5224706292265
5684.442944492317
1907.7216160389382
3849.530802840623
2768.5900209881815
4228.590468194245
1244.5051228824584
4858.79177112817
991.5958337501442
4320.668756611873
1251.6156361865717
3411.944010958442
2646.278065049266
5215.986620161651
1496.3145202465662
5092.082026927767
4851.116129177658
6047.766954591695
5351.501401393674
1386.9009744873852
2769.536436744508
1705.8166435545509
3582.81445081335
2299.894709989747
3496.678845862778
3936.5475920248655
8376.55677794139
4922.196190787083
4019.568874734794
3578.443590585347
1320.0695223782757
5971.6696328800945
5214.628543277896
1637.6298552621179
1104.6607785720337
4039.346100780251
4284.178343193468
7396.654738076663
3112.7339813786994
4815.774097344168
3890.734774917044
2099.8936384771705
2422.4384883778935
9790.876821211812
2858.1950281196996
5050.0307139671295
5220.817368158909
5980.701915809943
1464.9851917419435
3745.750651315168
3648.500812333954
9691.43119893765
8827.331380994501
2691.361438551582
3605.5009118081784
2082.906756578932
5966.800393711297
5001.255101591537
2833.014249170635
3647.5331026520826
3697.1115244032926
3915.0241058414504
5033.813422823396
5821.658329156203
2952.3309811025297
2876.3730623254987
6127.678741223385
4356.550816184107
3412.8521090805757
3682.8008772529697
6127.699100275948
3709.715042078472
1405.6376729433491
3000.166795908507
2757.8685508765057
2965.635598853992
2850.97881608607
2625.8459482331614
6350.8901694317365
1243.9309160445216
5287.473856655663
2174.054212569917
13306.057291347157
4055.7265702055847
4741.308939571713
5529.379131163988
3229.3781730501737
3372.4950683683437
1159.6094171609138
6700.3471397818685
3518.627664318216
1845.7486968047428
1511.7677175035753
1216.8991245492539
4095.522173395178
5449.988894258191
4989.572057961441
4709.194275588085
5692.672835258675
1515.6547917593414
6134.515920836533
5138.613808950798
6524.0734547481325
2176.3169435264767
4696.678820448052
1229.3669619746256
5816.143742136806
2251.8473186871583
2177.0528273915756
5027.886332680127
2005.6424385825503
8705.116925750206
5085.90649001984
1502.8915730756557
4817.824980662342
5438.31429813298
6364.585104019189
3415.147648137858
9852.272096482728
3762.2213257172325
2892.6689798605885
4007.252449076844
3889.125668517976
5824.297679613719
4536.060509640134
6133.024182549964
3066.2111142011886
5472.079451085726
1526.8922784999586
1705.5712445145873
5637.726529896408
1734.5421379735467
4263.116799702232
6622.58650602801
4346.665219576711
3510.291071341548
1707.6653549482555
5349.2146937987045
1725.3330500505756
5369.990278119554
1640.249049707327
6052.554067739305
3982.7865020295367
3821.1715783662885
5341.308932338784
8389.563704485858
3490.5037884137346
2188.6422577598896
3833.576050689326
2651.422312830131
1828.9343723542888
2901.2176674202437
2102.845763941242
3663.464170048187
3857.910285335826
2756.7859170180704
2639.5700646419987
959.1065499770242
3831.283130450048
3568.943369549125
1629.8916586638773
7586.064879547877
3499.6889818605355
1203.065408072022
1321.026267130975
1236.0283443675655
5786.0649396558065
1920.7952724435374
2044.164105001782
3810.251994885587
6472.36140484365
4564.066336402382
6337.455076653067
1881.7462143894463
1906.548496939087
7317.692261243327
4014.538831889499
2965.863996919567
6006.458816870598
4244.136074190423
5448.869887916071
1927.1852293691647
4756.489921418283
2918.1618713191165
1429.3962785936571
4530.487492492792
2421.271536624413
5714.122427333608
4726.00294060013
3195.1415969491077
1514.9483699151501
5725.08749819112
3766.1285041254073
4342.563731809092
5738.527843314143
4558.354191925583
5992.832603813098
4250.101037352636
2541.1963976346524
1288.9690778930785
3322.2835252012956
4399.7792241617535
9293.471106830893
4337.685337613936
4061.7457317520093
3456.185538057394
2417.454275054832
1625.661242539575
9903.536836430947
1891.7960460283525
7294.777154299117
2538.0371360472773
3396.74770150778
1416.8570594815124
4924.61223692629
3358.182787885894
5204.115149989061
3380.1616307854797
4923.488164055297
2532.1119616929664
1400.3390783878315
6632.015253640888
4147.752977763711
3199.629186200131
3435.8975926278704
5712.202403060102
3930.563080946563
4426.975252403624
2246.917562557684
1710.0575304550923
3190.568191239003
5790.135609690112
2911.014723308818
3354.417344831037
5998.19655358979
5124.019250228279
6355.893476080377
5083.548266396188
3647.767045315519
3174.4887326498188
6030.653296987903
3713.7552217856255
6341.287073441528
6331.045836793566
2651.66431492402
4433.147828539841
5307.10642392304
1031.2351945603273
2380.6998162445734
8097.044874460751
1787.5780998105806
2438.173075130051
3346.5863473331083
1500.1267610017435
10923.223670152393
3724.989183182642
1761.5397164095175
3201.4671241112073
6342.137980797383
1708.18037227274
5791.567275987785
4147.284811181632
5212.364700266357
8492.57989923415
4550.890195059805
5903.051521315623
654.4647616700292
1911.2489290359858
1731.2284203767322
5122.773546779052
5164.066326184726
5003.641121345365
6128.767454543448
1254.997500632565
1161.0379721711292
2505.6992514644926
1333.0504534250201
2627.2340083394065
6676.03816076466
3002.6412233968326
6602.0431112199885
5551.865711119505
5985.719636085177
3815.1234128852193
1316.1533020059921
5353.7284848937525
5152.567085840481
2676.1176930532774
6320.51964775996
1242.562056566778
6564.564588924898
926.6173701686389
3276.1176861960002
3003.0910897346876
4823.092458368095
3762.0094593181157
1711.4649196648459
6538.025551030449
2812.408387379414
8192.862190729855
5038.918849083128
3200.990303363715
1839.9720730427257
6484.266084051149
2513.040420378289
5808.72759549313
2582.7540228089238
5452.230031167205
4012.4083789447245
6385.0159690755245
2042.4384868804875
2536.6267523579345
1347.1157658187133
4508.640383730638
649.4679881466824
1520.7462832840058
5452.899796191498
5061.322959825475
613.3382842380106
1733.0196511833303
4087.494277382987
4950.039940760139
5823.984148150493
1897.9187306682984
994.3994412520397
1376.9947423297285
1699.5104353941117
1967.7597026029257
3066.0202776206324
4343.149955997367
2381.511947885748
2200.3348098746374
5216.861726335005
4604.955491182046
2229.407307251845
3361.7925629653882
4097.711780543557
1408.460583916984
3143.535624069274
5655.3875247557235
3049.404192412305
1148.5822160241141
6326.558433242173
5817.120450198356
3485.04730202804
3519.467086975534
1534.7927592741603
5178.527968774819
9467.176591561707
4590.452296809922
4436.697443137489
5236.677846110104
2170.7633156984875
4296.965574529486
2413.7859208521036
2082.400414638681
5176.221478619148
4282.800851630946
8402.468879034073
2052.8363080166714
3330.5375247006727
3495.6887034885567
9392.862144783134
7046.529401168429
1618.8007746454373
2675.0443867729905
5593.734287519964
2870.2644070575157
1713.1107903685654
5988.010239160315
2285.479685554527
5114.364235999219
2248.2599391833646
4585.808989368323
8795.961143211982
2272.727379975146
1405.6424458716726
5819.339737189143
2338.6407893460255
5069.135683899356
4858.113618138726
3184.1402935551746
5549.088571096588
2293.544981970677
1710.589747687212
3145.5909645970432
2428.729087587686
5625.065587232074
5798.380607362797
1429.710470722603
1744.8870726063858
6068.056602942102
2246.1019227615293
6338.348402614556
2312.592510880144
3757.051982446914
2910.9375115250004
3760.645739605122
5754.6400960451465
5741.287080446199
2183.305539407168
3453.2746360315236
6162.676570136098
6784.178565394499
3035.9506798684974
1324.3686092122518
1504.1606343788942
3726.8874081618305
5735.37064801794
2678.6086954766974
5695.531787476769
6058.79171857829
4143.474942311087
5059.184827990192
4795.621119366621
3610.95441059366
3865.4264077236985
7397.8160110055305
4152.351764561956
3683.793405793897
1693.074399445369
2376.8835301452414
3055.4349412604006
4138.201228426279
4309.347834439202
5048.06252738552
3494.435856342499
1622.490647412185
4430.055255173637
5386.86176971903
18292.622450814943
1380.3485767703464
4491.186857694054
3135.566582574781
1005.4390365750382
3820.962527736545
3773.5563683880364
1193.470846156534
5000.018199818103
3770.988345376005
2416.4097697857787
4506.850192867268
2573.343071084733
17925.39669840816
2134.9534124947018
1215.095654270629
8748.858325707839
1660.4317393719
2873.297865225087
6348.981861814899
1631.5432732426186
3077.375588937139
2287.6741995031166
2153.981010192564
3275.666784850354
8759.875697758309
9453.268778051666
4575.501719925036
4180.53270440924
5138.348449817408
3159.387599752952
1401.8614209302557
5826.323966054503
4173.323120984963
5993.776227708505
3350.712784302386
5067.625095490108
1330.916264094805
6385.693229562336
2677.0444012607995
3658.5047166876316
3938.555933128572
2466.1037322165666
3178.292773837496
2123.4482383396603
6384.151742048687
1654.1526246370142
2185.137117217564
6282.695345836072
2190.7322135092736
3236.4860175614517
1356.0014233323948
995.3991283563857
985.3878425238787
9835.725855206247
4011.9945102805596
2256.2211582644286
1704.4080408840418
17512.602262380624
3485.91155790688
4658.844245846987
4703.482509321156
2966.4222693740726
8517.69222987063
1343.5189647344594
2674.049293693765
2549.2405941966995
4603.700684439522
2533.4162675013094
9684.178157279805
3502.506336943062
1232.7341712419934
4519.745441176714
4855.500396141583
2536.9649284383777
2209.499579792372
2542.5821266923767
4025.699448720339
2244.7578535003495
2191.7357231098413
5064.247211852063
3608.080128246954
3507.876858572748
4076.295926621691
2653.5390981324795
5070.65801714652
7115.193825028863
3303.5369763950907
1582.182571986541
2846.183606108987
2091.092204165518
3721.9198955840575
6359.123172144248
4015.147643612094
2437.2045603004417
5421.228065011273
4944.941257089565
3653.0011175531604
4276.543951752803
5516.960325449429
2564.388095490957
2544.0425148041695
2808.8408871696693
4388.864198692446
2909.126431702648
3508.2873601159577
8841.580857506176
5800.030753531967
1811.9821848494366
4908.099051254542
5252.616035060825
1381.8970764896492
3753.0314636063954
4332.273662515634
4738.970374610569
4255.434928197104
4042.6518446127216
1039.0644939385152
5624.819711740596
3110.2613279673037
5454.276818317307
3402.030753437647
3409.8721631162966
553.8870035055793
8505.05486192691
928.0375271174556
6486.973567986493
2811.272618773454
1308.8093163506062
5890.839252040267
2910.0488996813506
2179.8550938401304
1242.5234848284554
2541.180230356693
2129.178476095523
1945.7604980471028
6467.6505085977715
4023.7162174630867
6897.323380380078
9893.471092515114
7291.431282432744
8214.566498893555
5245.206347644368
6351.795909122781
701.7203551129049
3499.8430245530435
5855.726508150574
5882.685928846725
2259.0442750468555
2847.7718012244095
1293.8318360955127
3990.751301844075
1646.9175642762777
6544.8869814230475
4911.072981953688
3030.8182624991955
7228.739019312514
3034.965578293489
1292.41488091281
2255.7265914783484
1594.6456370102228
5694.609097222048
4436.604731384765
3454.305892672175
5691.60065964232
4258.791793045152
1837.6791197272194
1617.507027359205
2498.299634180422
9110.367198847272
4605.378045949452
3675.696850042791
5633.006649257696
3392.8623507569823
957.5880148138809
5626.1105212777675
6601.096516882229
6341.663908276045
2048.0151355720554
3164.6729519169926
10640.409148622204
5352.807480794316
4262.091743109448
6666.633634297074
3307.9136872173253
4991.379916459181
1265.935463169266
794.7229139401438
4406.914843406746
3388.243186255928
1194.6419752538688
2246.4567901497207
3440.035129534652
10480.42639282775
4017.0310355853767
5208.650195506931
4200.4401913144075
4696.458578634057
4112.381336172039
7588.243065831736
4100.92709740228
4560.021038644618
4305.84446865143
3442.8997424750673
2906.0759691323588
2823.701079398759
1290.0710108795479
7858.791663404022
1616.584510581158
3024.564794534668
5004.179991837133
4037.9272546696307
2195.87346913898
2364.316680010864
6601.439818161401
5911.897631480189
3072.0828960801914
6708.402668992005
3510.923234634619
4884.178321103345
4176.8672868657195
5484.178296507361
4150.789095483157
2315.5051190121167
2614.085321139299
1632.761617420291
3089.068833010529
2181.957188693986
3515.1673157261253
2544.368658137277
2644.575317049184
3173.556381106058
1391.012561147154
809.1688307305393
6774.151729845469
2392.1767932011635
3259.7704728077833
2133.041954469645
2890.051408467445
3235.984225653311
2566.1025689075313
2098.4553336767235
1733.7351655949792
6870.175210120811
1091.9711168050126
9069.963673440885
4323.488164509286
6034.205436776209
4948.326442330912
2537.02963238245
1482.4004198584223
2186.0650428106323
4506.025978647188
1951.322261239278
4521.004300239738
1262.0944719217293
996.47113405916
5241.158596032088
2156.047880541929
5671.8115629640015
4921.513335517688
5638.918844998361
6611.276978533296
4273.753968841045
5755.703775160871
1107.9222548513058
1481.530152498615
3103.426692195117
1238.234325766551
4815.473123542797
20788.7748967774
4600.822971150833
3229.24060321953
4429.637581078196
9108.402628822181
1260.3892979024222
2764.002246189322
776.6190648599826
1046.8662884424236
4925.369591694523
3370.173786103366
1615.7945427014286
1567.0358638752066
9379.295386622623
1712.638123964551
3639.9198144674942
3576.867308796358
3632.1203223137973
8267.415501300395
3298.4553206877704
3710.367345279335
3964.002238945275
2163.893528799527
1398.665334552657
2141.1116656615122
5967.780979157656
1203.9450196053099
5830.290641863149
1250.910433892494
2100.6529317703194
3631.119247030482
2541.9486086382058
6500.086663750353
6771.863961898501
2237.090859991071
2808.8430449048287
4182.814430966994
3327.294798750952
6192.302836124679
5532.8770895095
1295.4906674035228
4156.33207788896
3607.182988881598
2576.413092204211
4479.5149059608875
4805.023682717575
5986.964313432502
1359.1820537757774
499.4170223423166
8830.655098748008
3953.957383765695
3634.161243701267
6176.581521253292
1001.4720826250337
657.566155138245
5304.7035704741065
3113.5846647440376
1442.438512318798
7247.766921321444
553.8894611077602
3416.1551918979826
5649.372765070077
2747.983200477684
7162.981233569778
10760.266773264733
5632.0012024061
3728.6902585089097
8117.45570834126
5634.8291723344355
4173.7606407584435
4060.3128872253205
6333.836870741834
3937.9685127333664
2913.072526139782
2198.7074948140257
5072.188935391305
3905.8063387651423
6228.133586130133
1445.5085866808884
994.5478924914505
2124.8799648098334
4165.450702399672
2649.6652987037623
5424.3527179014545
3388.338257589109
9793.509040068784
3189.462867549204
3274.049289051005
2492.1783536992034
2518.7619560690546
4933.555962501906
4598.123245742978
2099.5431880194324
4897.821060362957
831.5499094071358
4316.965435417607
4223.119368064928
3472.8457477069837
3425.6994620833607
5833.336333696258
1838.6479846975437
3061.220325916122
2456.71304645015
6540.562961205745
2565.451843331193
2721.042542212535
6788.833587714011
3570.088818264171
4768.397347059929
1284.767577373551
5709.300601033849
1557.9361688748343
3167.3516407647853
3179.280892648565
2021.1716295791384
1644.5534067204255
4661.875339717192
6560.730868514758
2636.519408096944
2781.7155528867597
2365.248486098322
5381.906683002965
1601.7713665830213
4199.7519506536155
1571.1849268635556
3844.597655846525
6637.937877387981
14123.159266489403
1352.3913586366702
3087.818704124398
6166.10250682065
3188.8642062641284
3188.2970977483556
9795.781051159092
3579.163753382257
4429.378130141852
5036.511742307031
6714.152797081106
7238.861524362946
4734.542095908266
7609.871405891716
6666.851498271649
4110.923220483884
1482.9653992278354
3965.330140845459
1844.01247304636
6946.493553244996
2394.310152563911
1525.6818507042326
2410.0437266759745
1471.439534302722
4307.288314995935
2005.1025848483396
503.429704454626
2090.817588537357
5567.564149975785
3925.191284361428
1807.6568850973672
4934.515970079173
3279.8906431458977
5005.2425181288745
4254.412320950226
5492.220561910042
3991.3446912150853
4827.758382005762
6331.895336150936
2845.015940227323
1625.4895845325343
1253.1045529399576
2535.5427743372747
5780.97138298506
1444.1641302977885
5873.003118638456
3005.086551975435
4833.359281370221
7828.590358133658
6207.239697422035
2701.3589387729744
3903.998678442727
1003.7991141817756
6387.985590212811
9003.836058497325
4857.110533439197
2265.6164377064247
7492.628055684491
2667.7855074871713
6055.73973721321
2254.7828719111685
5969.242430629658
3135.445104605599
2502.8283035007153
6126.630137756731
3907.687447700137
5602.649849237466
2230.303410721866
6107.978248387246
3389.060962559588
2290.035328618787
4275.617330399904
1048.8436497270086
5066.068103709846
3135.6113244970597
4106.861585240147
890.6857726686874
3937.5458475706987
3079.4232555248814
1368.7635992694923
3569.823492161114
2671.790935138223
6849.6652103190445
2520.9533235135937
4476.756666558982
917.7864497828107
4431.283096753478
2359.1420178795984
5576.4309024862805
7153.799966996329
1385.69122937719
3883.9649024484906
2155.831288956939
1914.6112370218584
3165.045819051489
4730.180906809443
5729.932801616489
701.8821654135376
4732.427422108544
3185.8423920320142
3159.0003700882326
8673.838997930638
6348.94334682995
5083.964880717281
4278.539457777438
1734.9622783457037
1291.2628665574962
5368.038676305603
2437.4145568750264
1245.6372668227527
3339.4892486111776
2896.4393009751197
4424.411360166538
6357.50083585668
6952.567047147996
6696.519127652053
7911.737302887912
1392.9106356691993
5435.152955573999
3622.4384821870062
3228.1801391608724
1883.7746988968252
1232.0327722472673
4882.800850628561
2076.124719938073
4733.620101018311
1324.3203519191584
4052.529598161987
9308.640263516678
5008.28163074594
2535.6113274587374
1403.725577623748
3573.5350746708373
656.7130579616517
1243.7651664590817
962.45404454883
2538.384917206688
2098.433819846229
6110.367281701317
3327.6486521981255
1161.291917042902
1116.0844926928207
2276.8959819748816
5984.47196460023
923.7395119090554
2359.8186080704236
4035.607456263326
5082.0982848179365
5735.486934226657
3904.6868909037635
3174.6657564221864
2754.1366418904745
2181.714270555874
5237.859946271537
9901.647022876228
4827.9218718731945
3665.808689255944
3379.9064756888606
3953.530189794941
5595.723130488059
4350.688713973173
3518.990296518285
5473.91549092391
1435.4175825459276
8222.71742011598
7871.204149747459
1263.991601885686
2827.0221231545393
4180.223805913153
1323.3356693647086
4230.946821272215
9900.039625520018
5072.598664792097
1374.5070508681652
10671.679894519373
8080.7842404061685
2217.960405166423
5422.485834861246
11985.418492396635
2400.925005818304
2793.4233768894283
1564.646942054676
3399.7348006245807
5115.969544421209
2873.128094422861
5282.685932700107
705.0916980459652
4583.658143928938
1224.4734300434534
3540.560455235349
1218.6037271569478
3828.0658391410184
5207.068391102811
10851.461072514458
4745.518424281312
5727.801452204517
1812.393202691251
8179.363295403826
3160.2031047578607
3969.7074674700107
5226.07374781892
4905.268324337823
5726.576855948117
1568.590046163623
7011.738104786254
4988.318183819017
5820.340441876097
6345.347054979586
3651.6042371414514
3367.882414765404
3020.970629737897
3314.0813340742225
5283.695733436071
2049.384262221699
10141.136004470869
1513.1608062187229
6702.146833132419
6801.702072282279
2202.8924469541703
642.7022905171889
3247.0321804288883
6125.170142771094
3303.4845750498584
1248.8124822783452
963.131526888274
5089.624222399402
5811.431767911318
4026.907168687245
1204.4378640119503
2247.490856652268
3287.303051852319
1639.749978714497
4795.675429778283
700.1013660827824
2126.6253306729463
5210.152830668612
3337.545857714553
1234.0012252192982
667.7055650346065
1110.074615772293
2429.2585331436594
3366.6245438298047
3887.0695273709493
5791.4076502783855
1739.020832565918
2530.797660757449
3793.064155324897
2407.0077692063205
3697.774266385766
8426.555366375054
1306.5745925993162
4136.379066300955
4517.369975703451
5661.879455614037
1255.3040602693043
1355.2412007731468
1022.4513536282941
2303.15925601827
957.4401822974072
4723.923409607207
5661.844545004484
11546.72839834981
3336.5476023044434
1513.6749442486562
4305.112608343387
3281.9203820662847
4325.29671994217
9912.577197663437
4396.159060536991
5205.300582847684
5178.185144299223
610.4531014103698
4213.044202869682
15656.474001816567
5245.049999985161
1559.140949953642
3330.563091445099
3305.8063413229534
2643.562821196324
4216.563619165761
1655.969037570652
3500.52489176128
5534.570399978993
3015.328479066122
1203.091101305723
1287.003689357304
3149.8814769980845
3411.5698492341235
10251.177630169144
3954.9760030281664
1463.948146272582
2534.5160309141593
4993.931626490514
4957.116556939774
7552.507820146696
3414.0128621328963
4951.865723133923
8449.951537240388
1851.4833390472336
3297.0449685713224
5055.377838697592
8356.176548568448
5124.970535794889
435.75810060125883
10240.32814100911
2134.047107879366
5943.228469148144
7809.188580540745
2896.917633324501
5764.066323012134
6485.865333713969
962.6976141423355
1716.46747912268
655.9530488686989
5148.665620341205
5540.913007692204
4389.888376405244
10807.890836330143
7210.739650312424
2275.8482094044402
6458.235662326142
3935.404361238914
1248.5583956391442
3430.9884727984254
3098.017220034768
4564.100595119184
3867.480214148967
2670.8926878533116
2187.3363974527856
17054.306494099994
5126.172140943018
5247.224662885931
4389.396525626447
4027.7254046135627
4233.359288063739
3714.3759776586553
8104.33038872353
1172.4853049463445
4311.27691344717
5809.442995944626
5899.841026556164
3322.7736060692578
1324.9953977256514
2181.117872108787
1904.3784010863255
703.3277199333944
2900.6252822562165
5035.41529227552
1529.6439241410988
707.3257500626817
1836.4609765308803
4993.282683614035
3527.606829538094
1927.9505968509118
3461.745751251379
8412.73790075283
805.7610091693498
1608.460794760263
1044.74661573784
4590.751293441139
6461.037709183346
3327.1691569017194
23459.69549091836
6325.430897429393
1409.1688276572465
3021.271533951227
3961.5285742115752
653.9490203609143
1217.7581049956361
1003.0982452960844
5873.325743073094
2369.6361101285866
3303.9986798832697
3512.1203624380696
2554.7839734106506
2274.79280289714
800.698160960587
2006.312872868764
10931.50157345133
2909.0097741700574
3352.567125418758
3959.2471207804506
3749.9468673301503
2183.1380020993906
1872.0829145507207
4405.2104123187155
10250.908521391466
3310.297859015314
1322.699705645231
2718.1120535020955
3682.8381272630686
2480.1823134026845
3187.463057193448
6324.423760415799
645.6372757482286
3962.753920523488
4501.10553150522
5438.168352140065
3954.5171126585014
845.5490466837549
1222.7082469550346
2405.439511985164
3163.450822886203
3656.7130350231623
1601.7866856551223
4988.7996986489225
2893.3813140502275
3471.027902178612
5532.958692741069
2497.3806336351795
3952.567117289949
1024.672199479654
5407.769719702921
4654.133409376399
3263.125021505294
6429.741845248899
3799.5366787591115
5210.5005116352495
4986.45379594331
8748.145088483527
5872.42850484018
1417.4344799539033
5422.19326863121
4898.0868843723565
4304.383733106443
3308.6404195839013
15429.43282722735
6172.745848670148
3186.715259864754
2541.274379116332
10246.479257239975
5428.702218660418
8873.007989482394
2468.152628789928
3507.492591319453
9065.03434834137
3194.445319369576
4925.969553674206
1245.3590355775636
9471.670847482388
824.6593728076857
6115.917501564071
3996.747699192459
3299.232753799601
4736.19124013353
6119.8429246781025
2401.672249120137
721.2157363069202
3581.4036689382215
4832.372687246635
1801.6722503858673
4985.506977858518
6301.160861983641
3132.3781405399222
5808.65019014438
1596.7697173241675
3527.6056522915837
1613.711837321592
1117.0537537469863
2703.2500960068946
3510.0488935056974
3095.9570545506613
18258.84818497129
3940.575190179677
5896.350412087778
6706.460248017252
816.7782653778025
1965.5845982727412
3784.1402894533458
1905.2327437627669
827.8098019570812
7093.954609106749
5040.084001277286
4731.283814286149
2547.652567304143
1096.6788959517876
4434.881757886956
4581.516417994932
4945.2609877275645
9303.536843564632
2910.641399414353
17053.68044739959
3009.261214151996
9032.957010490836
4850.97759573652
5994.204156301528
3709.34784496423
4178.265058113549
4904.1793293418605
1996.9230733893062
2530.219196161292
648.8124920813422
6156.533027890341
2310.589747348319
3088.833251711945
8786.064838080385
1262.1217283851815
6496.121252368823
1297.7778894889739
5059.352495162467
7204.377916593663
4080.9750967577133
2147.983206791983
1403.6437603787017
10692.167647519302
6144.368580105934
855.002131448691
2403.7725613941248
2182.899353891897
6711.072938224945
1155.3750435644886
3708.6768815494597
3954.4173371633356
3676.5439605186507
1203.3250562300723
4234.303859987547
1509.5943301163134
8809.871388190866
3641.1936701828904
3301.358935159032
5249.409080041359
1326.5529762927895
5826.289090269423
4828.590449043925
5137.952724028524
3111.3182024119674
2254.098827500609
901.7008625583591
1377.5316351795077
10739.99231748052
1214.8644380472501
2444.012471800573
6325.426443242211
1426.5435397129318
5447.7669803823555
995.2710313069955
8747.344174214977
3390.969030625184
1290.381030764031
5857.3739860029555
2673.9615288198293
8209.871396740466
1945.1458093312242
3538.3800829527695
6912.005721619471
4349.877874251451
10675.19982287149
3508.161413469019
2160.7545382837166
6021.37537872145
1182.7781373228115
4028.8083458036554
3124.111810162971
2875.890383693889
3039.9198247875097
4926.606737178968
2706.7430796946883
1563.1303235022046
7304.930497932799
1312.00409687012
2184.3578305179044
975.5799798469398
3864.1874831502478
1292.1744668572144
1014.1114842083779
3475.5461253476687
10715.91957634166
3220.919922269468
2254.0984394126895
3675.8455833262033
1606.7884329868211
2272.6245275536057
2671.717076477606
1856.7130493345396
2844.4906530009634
6874.5918554141135
4700.215710353113
1196.9870752903978
5810.500506079323
9521.798414099288
4727.032895980971
3176.048811808817
1066.4172880579536
3608.970684785255
4895.612174110116
1329.726432810818
5548.346275551638
2202.0307676677085
4030.9884703007874
3307.6874488513768
9043.461255014707
9886.952408348585
5361.390235259115
8565.777436305101
5634.881743336921
3010.04370894284
5905.774588857039
10236.526094794468
1317.31496450408
2465.9354367759406
3633.8015848748096
1008.0847867737294
1119.6888896808912
1266.1169080905215
10875.470029297636
9426.983481622126
1784.6765821052093
2796.8296416685757
4701.938389338802
3184.0990769235264
1903.4879507197932
3970.570642801321
2293.466713224738
5265.508960716643
6772.930176463985
4277.706105718827
3676.4495016357077
639.0530411208259
2493.407965107406
8744.074502865864
3660.329589512103
3443.021953235404
1292.141461277648
1348.0797514315025
2829.106937154434
9473.013584350581
8472.955508132887
1260.8386997568007
7228.5325138146945
1994.4453550831033
4898.176787318428
3322.9921604508245
2798.926152321085
2894.112439598133
2748.860791875439
5077.17719507466
1273.2668556453327
4350.371203620436
728.4150317231461
7188.475174477893
5812.8520578580565
1370.3164615906906
4991.2751677251
7812.190338641436
5362.37284577124
1210.2436209641075
