5599.487203754987
5304.256029933368
5019.270526234775
5026.676539694124
4980.341540005199
5018.447524666719
5803.841027895027
5020.855449159962
5309.844554469808
4469.794650150773
3226.680015723702
2705.8906328636594
5294.683020967846
3259.910956386383
5888.144310552773
5295.557066157015
2716.0131021521343
4690.34235791446
3817.282530942247
5618.445817253105
3780.3443963114955
4984.3290644431045
6488.143387680585
4683.404202088428
3250.2550417141742
5267.108147734255
3255.422929133578
5296.74847831596
5019.566917196127
5014.5009380742495
5613.605371209235
7094.795327132472
5288.145985727584
4032.934411215286
4409.923076488588
5285.041256544316
3215.0073785909462
5853.115772596785
3224.105634201233
6490.338109361423
3872.4009347321257
4085.0443405804217
4413.608862697138
54345.46236971191
7097.26635091856
3214.5056451220903
17425.412694237984
5021.987594435949
5890.339301044725
4089.8156079790338
3254.863461464521
6479.611901239832
7063.951971314983
7935.783790324854
5017.28004266904
22410.93264637966
3220.8569179731335
4714.766160360994
6495.554410350892
4653.118537116327
3377.0495452502682
3254.0096447079063
6479.374515623308
2738.828251748839
4749.257535811487
4044.4733865635976
3226.0456074976846
6961.088429005386
5074.26406393683
4426.677915864667
6960.238799296321
3814.3938053103893
2710.3789551817326
3864.220107141213
6398.5032901870745
3815.006601654547
5036.699766188673
3869.795916082308
5049.780893560697
3368.5931312383873
3249.78257712885
4530.492377227409
3702.848462973681
4380.343122773171
2704.741475934713
5054.86194704306
3215.7541713835394
5621.241902353085
5800.23060831221
4688.147692609201
5001.5518782240015
5656.376971109202
4778.763995108341
5283.402500517843
3809.9246074120742
2732.5282487309655
5130.491621018028
3216.5686933364236
4712.314775677068
5857.869115742984
5050.252210932047
6504.096592161306
6101.645449895768
4062.53488054238
54945.461419532
5016.567090202728
6108.306734983019
1563.8923779919817
2500.5301363085823
3499.49987128043
7673.950245388034
5605.403897196516
1880.7788548238625
6463.953392191625
1926.9833007895948
15637.846049416088
4704.940213710393
6483.1910660727035
4419.272059667763
2725.90753155225
3219.7083597286664
5862.530818815245
3826.0142403676377
5674.263195243076
5650.251843598188
5853.434708870569
3818.451091127332
13713.972265317418
6447.7784547666815
7051.765917789756
2060.1813180472927
80799.6799112359
4114.7666427142885
2169.51059840803
4053.4360495844358
5056.377851877509
4415.005910476595
5894.682161897752
5230.556282090029
7421.2387072791735
7104.095425896062
2153.274055473215
5091.565010777865
3280.4926537021147
2771.4745422057754
6413.1453708879135
4149.258285114319
5078.582913751437
10406.189125189023
6462.529386150928
4847.5197081251545
2493.9953790785094
1894.923591568505
3269.7971878384947
5024.103183736788
19760.28181477031
5303.4221826406565
6024.819168964691
4685.04280124786
6998.502158124366
5239.209950617975
3245.6289349270846
4991.305436759178
6954.491949578837
2719.9028851955304
5009.921479942836
5850.475561941379
28071.042057408613
14875.726539104286
10457.982766366735
69031.22823886693
1293.986567369072
6218.445110648227
3091.108524035246
4094.686514372332
4067.1106654134223
6256.376107170663
4662.533723167934
81399.67861860813
7407.614961727031
4995.049104958516
6199.486750090171
4417.281453485131
7006.142595453226
6485.038585193619
2823.9693239820326
4095.5602501419353
5014.3907764419855
4349.00565186721
2032.7259062592545
7436.696085631402
2558.114715343306
4047.0371098035785
16517.200738035488
2709.8931674473656
4428.604171451658
2143.6380656023657
1285.0128418398358
4352.017877103817
6467.105128378917
3369.638175899778
7386.306353837002
2792.2950235328053
10404.4461713222
5251.768779877597
2707.248719634719
9344.155484046463
4395.04941090701
4693.645877301134
6951.502853175396
4751.197391924986
71886.85153400221
3849.781734382156
6927.106884599706
2768.593977310725
3803.7243480821226
3374.2890772887054
17991.690625554384
7771.448190726935
7053.1135061013865
5897.268320035724
2818.7844848375175
5003.723709923199
4729.7340611113095
4403.72399821775
3335.620890895749
22462.09215360111
5303.364147377074
13585.042549514714
6357.406560748447
4401.552251423473
7986.243897810238
2218.7854479408284
1913.6242194507531
4999.488966099311
6184.326524095571
2222.052796992102
71286.85257053391
5904.2552109917015
4424.104415696091
4695.55868377183
3979.762235303218
4811.933454222814
2608.9863527723687
4414.502481995665
7068.456587072868
1549.5786724256752
3489.8174052322165
4577.048187991219
1868.479776505435
5929.01789151331
2598.7147434252124
3520.5899552445157
3307.1295030151814
1892.4900721962022
2949.259419084199
3994.590049749727
6746.139992983193
6274.262461245909
4639.210393628973
5428.322107291015
3093.6185339498784
6354.492949754619
7565.497784146986
1398.7153139805907
3819.5688017157568
3826.678892816862
5313.197111549223
63668.87788700518
15917.201233508096
7079.563934681947
1911.359471545206
5490.100870276508
2551.929277844869
6269.423315974324
2502.5233093966226
2626.0466332970855
6431.6620043763405
8205.860242114597
6437.061771625362
7201.356221217169
5005.405657431644
4399.490284568134
69631.22746846522
6180.3389837918385
4059.213329675623
4707.104947047126
2499.7077286077247
4047.4892346638603
8251.764108191504
1981.618591514489
1891.4440442354744
5405.6443045907245
7574.613631361198
6214.388448060376
6512.312084223226
5263.956251971907
2581.618242792756
4419.568167580038
2726.2194524491692
2632.725635701211
1381.618825060786
1897.070260752121
5290.498527344998
6953.992663282269
5693.153370419606
14825.848299928479
6131.156434665363
8021.2376236691025
5308.331686056338
3974.288448422583
4988.825458168745
8002.98420122397
3201.4807137565476
3331.13515310844
4549.563953060326
6923.778364343138
3795.0497824176896
6029.088787026341
2163.8916601910496
3977.0489205864583
5863.955183175423
1768.2184324386308
3549.258931993674
1755.8215356632688
4162.208104917026
6258.014437586084
6786.053889886685
3969.6375237282327
5895.555557665776
2569.6149227545343
5607.618311665189
4304.704064877078
4104.259535723443
5240.131834963542
4112.3153756855345
6472.91234814026
5055.420269576492
2196.8307552274173
5286.156421321756
4281.731042316695
4487.704697426
30198.677854544472
8074.26075389619
7763.147504482504
2222.1391631218876
3832.1815552046
7149.25436592032
4764.579953395791
3228.6052657068535
5035.330024828372
2550.636744019515
3225.854069055433
2733.510390847208
6920.457697465723
4501.163947068051
5525.048366322509
5591.305187270127
2475.982629635605
2495.9284588355827
7129.016116960538
9053.741775413278
1707.7401577715343
5847.487759868051
4496.705186300467
2349.2597024891047
4640.132318689927
6431.269145175746
1155.8216877884981
14436.344250558648
6983.386143732391
6483.399889773657
26331.625637595294
4815.728750369375
5621.987120371528
6209.919130599858
4464.219605755916
7605.86091329827
5906.581729668522
4050.1116583201137
7062.528691132199
6021.669012633694
4043.990788036882
3423.9689152108467
3264.989591971647
2069.8898540568803
45577.72054426755
5617.279533760306
5013.607062620496
2494.923139054581
7729.0152665927635
4631.270584101494
5885.0398213928
2121.8973532356017
2170.387623980315
1903.481630428013
5071.403304902515
6127.905538916361
3382.435774080786
54130.56876355513
6683.198852422553
1743.6390496588742
5586.2483750888205
6787.275551576738
53496.39634148107
4663.956966179837
8897.263405226922
2513.6238314094603
8297.264130598236
18097.706147680205
6957.558836669294
1448.923980419124
1889.0650286363432
3418.7840134897106
7542.755375934565
4053.1196333021217
3274.2663107861094
5000.041121836665
4295.875254585805
4891.878376522653
3317.888400326542
6996.95133567946
5817.263791095112
1643.7286451241075
8174.6129430951605
5148.212164766502
6136.11213150499
2610.3077096221878
2532.0385266570283
7873.2495861717225
2080.4940008200424
6033.158186939103
5272.297209195292
6457.867642551487
9344.07774798576
4001.553468143125
4640.396113462658
5793.390520802568
6125.215848514952
3379.7628541982876
3065.923071295784
3187.2821091156547
2019.1413521959735
3095.312728011109
4418.055296469333
3854.862705396597
5526.846066869993
5007.417067685616
8329.014575260539
1998.715081038074
6417.262140088673
4155.752652806916
6355.61574726649
7072.910960483516
4579.761504484565
5748.537148188389
5029.320502800786
7683.18872994565
5813.392840635845
1397.041509494379
1882.1282606698776
7836.708480320631
1058.1936721098416
96175.78808028117
6549.25516575622
8382.057181052907
2074.977626123686
2048.9237626955824
7474.261265789343
1338.9625675056034
7926.843358839033
6400.229919963486
5809.314636668929
1882.3431963237695
6132.462196014489
4995.077325857652
3494.6882970329075
4300.324621865925
6701.644942519964
2186.2747255266186
6413.415187155005
5838.0693269909025
5743.028897064178
61343.82928096956
2131.301244076594
6413.391198519592
6123.6735530705455
3800.0418443466533
1507.2500783434753
5018.409283972153
5844.4718351511565
2669.8895695809333
6364.730511059367
5730.4911002811095
6360.239796815122
2692.0994035134104
2902.267257088339
1303.9297377895673
4185.802576448957
3143.5864668097415
6129.293696202911
19160.28241421617
2127.024452441171
7606.142001720769
10757.72861613626
5272.9152893502005
3848.461871072226
7651.764935499163
7083.399539120582
2733.7611527258573
66031.23340696511
4585.896554371398
3999.3098452590857
6236.69800952363
4053.3126254518183
7557.558246264812
5630.115406363356
1725.826863983937
2740.9566006669716
5619.269828309552
1107.7403378571319
3301.1655643516715
3930.8635702500305
3743.586315061737
7525.956003827769
7067.10446356376
5382.058143071505
2480.7785810159503
6073.251374612894
3578.765560206886
3971.5025350906094
7200.317577879323
7883.121518075977
5025.10765383447
3304.445669926098
4056.252373884921
1976.4831865974293
5580.923088318776
5010.878127643752
8805.859735323635
2789.795619779339
6090.099699288153
6126.845528568934
6927.900588245435
1086.637435636424
4736.804624903671
17567.02579355159
3198.7145230485676
4630.556734272496
5545.6081477644375
7635.258609419931
4298.110207153479
7712.30987999147
5317.954978719376
6351.5038548623725
5386.2821139805565
4093.6463153458285
2529.4817268747443
2010.3080894018651
6131.339310997837
9035.448552413847
2732.841255334541
6146.140867791847
7190.797944893557
4424.325834115534
9990.180739788202
5373.416179428587
2495.3133153928884
3256.379808875369
5840.137654563559
3308.2506295392013
5628.928087848607
3842.1866466001147
5595.076989269598
5883.191870142579
3085.974653157455
1961.346774756268
1430.1855811955318
1866.6686044101339
4766.512076771388
6736.1118394130945
96775.786688128
4472.40060173242
2715.340090964667
2691.567883108276
3096.160125218071
1041.8318580371663
5753.534083001543
7013.126023276305
4420.8109489639655
7598.501967325039
6556.172785267689
1432.7261327587596
5831.269574911742
1372.521067146546
3426.4799423774484
5060.57273093084
70686.85338328265
2486.724449636901
1893.9857920146435
1168.2185856498397
3456.2529904646135
3585.8029038007676
5963.149007047874
1316.1954798118252
1474.9778353880974
2946.575869176159
7222.454263318366
7663.951565484856
2701.166137922949
2062.2253220045104
3309.4326008082476
3850.2536707894565
6939.285240855949
3098.3370003804084
6444.471569725519
716.3778030139663
6186.308789451001
4800.892271409048
6786.246326102898
6425.7584132154025
2133.5108268101817
64268.87682649696
2674.266726041885
4775.317199630797
6213.6046411404095
4211.934140898518
8201.344603266363
5673.938524795967
28965.28056625338
2088.160258734405
3820.8567061229464
87753.67845585565
2648.923549266081
4449.7815363622685
7031.6617513545225
4718.992664846214
4343.247012320515
3821.9900158104815
5206.14413143673
6313.171436703823
77202.26134103468
75402.26525788526
3675.982226248584
2662.2250529705834
2122.9312161534267
2867.1672371451928
24031.7830900974
3183.612568603179
1143.6392131838809
4053.2165033754777
6260.662348557017
4980.908900688303
17594.02676560052
2229.088494287786
7672.910567897918
3217.2837835839027
2187.575388633138
2074.26694429752
1910.7316301181786
1067.1678397372007
4170.567624609436
7317.907074182253
6134.861738968324
3257.0376567414496
7205.449273640094
6438.067481749869
4596.828910569075
4400.041638725285
2343.6389520464313
6886.283656527529
2618.05698769015
7694.794493904728
5032.469802858417
1873.322514388106
8483.120830677959
3825.108831193571
2763.694898219736
3857.2843730738073
3265.6332500845297
1574.7105727725493
2471.8055306912397
3816.568425758019
1520.9873974683633
7507.248630641433
5019.0708430875075
5390.946346869154
3736.1736295475366
6144.20071487126
6186.247508574939
2594.8559177786815
4821.036872820228
3696.905248866962
4568.591767541116
5293.261016495861
3091.7547163649056
1262.6043324934885
5411.932955303105
7640.130216466026
3864.0567687230787
1316.9421504508762
6243.81818750141
82599.67599429077
8378.027135675518
8801.344004860246
3208.9860263395512
61497.032508225544
3269.8892841098796
7522.092552334484
2113.6697416325974
1460.181998420973
4289.6837001479735
5837.062571741314
7079.373070864698
2117.8893909924373
6018.464620770447
10792.989798215693
5020.810719462011
4694.684720451075
2488.6443725377308
2785.9092241528756
3729.48124465067
3108.8116027430933
5885.698716842553
4632.473808698073
4437.866900182761
1866.3195014566045
2363.152903781919
2687.7074209459724
7090.337426297152
4455.421071311402
4574.287715270301
3210.307376656616
2777.0503893657356
5889.811252952568
1003.859369378053
6133.31225410143
6419.831228964795
1263.7108361820485
10342.449289765971
2767.2079233506415
1306.7171399029737
35363.9209117949
3447.0378475433326
7456.37435855449
4574.940178874441
3813.6106802482664
5201.5493020299355
7526.747494581832
5662.5970814269895
5370.4821092708735
2597.4618177120365
3679.2666037609333
29565.28006327593
5024.325581385715
6415.1116433899415
2647.5032895457675
61943.828513390494
7697.265141425611
3217.3446840871807
8036.69517948223
25498.207232981542
5811.153758223361
4875.602759962693
3826.0449160731346
2244.7516503173115
707.1927118512001
13755.692726774805
3330.863759945819
1043.728824897444
3207.6199925557567
2091.5364110325427
3819.273470046949
4436.342281106529
10743.215605650585
4416.5715747506465
9026.715190814595
2006.9520930336505
1908.81267977513
2166.6875472424326
5899.493764241984
1436.823483699212
8691.251808885856
1289.0655444381805
3067.680008964899
3424.7127484065627
2230.7456569013325
1778.7668254462972
2024.8701069566591
7546.139426502102
5064.219542916395
2481.2634138570274
6132.02497946696
2997.136860537622
1275.9832881691962
5679.620087976862
4743.039307473494
6633.804806962046
1877.3510191380335
5444.623329529155
6346.984653212852
2496.957930545504
6247.478864499973
10676.811754388547
6413.1265316074705
5129.962637670841
3968.592498910427
5293.6452142702165
1562.4517802534874
1686.637252958924
6015.369597683032
3246.925480776855
5652.556108632161
4014.1053044770915
3212.5996069870566
2065.633813314746
6468.457992121763
1468.0588822271252
1951.9300788071628
8668.609824147732
1293.6655262067418
5584.327215301852
2307.739977594738
3691.754591905216
1312.1405196248888
4016.7231102260116
3171.9791340189313
4420.856553165948
4703.537137701269
2230.4889257149857
35963.92031210343
5663.695185851334
54696.394920469895
4407.417636128177
6453.114258806738
3392.6322307161645
8636.694445744452
1428.4333578517935
7640.393631659774
2013.1474618792456
5609.919714690019
4725.705670820587
13164.44423724472
1593.7682097284187
2623.5141043092317
4667.109488008688
4572.283222482755
7534.469718911019
5112.6158380800225
5634.690395421478
6248.773328557976
3712.6412886441026
2101.166364659062
64868.87560117962
5018.0547241954855
3837.7911789692535
30917.26800013396
6262.596122679619
3345.0086644370813
5378.763281069468
4699.49632524412
27072.17555477316
5868.459785010281
3665.922834892828
4298.336317054052
3713.6230303260527
5071.654391958371
8293.639789864643
7731.771983222114
2465.119387590259
3807.4179289347394
1419.2045341231506
3802.443463147744
7085.037835221208
2355.821486441004
3855.42162947796
3222.011373924903
4454.862568251833
3814.503931318295
1286.7255657458704
4551.284498611891
3703.609670744677
3529.020850223308
26098.206756522166
6115.141689936674
5615.004391567711
3218.0563421388724
1530.8214502816231
2168.2546321052614
7782.132579753116
3696.1597876364235
4733.779887099626
5518.71189325739
5037.791078564241
2358.2459713495455
7322.078445029046
2053.8569471276023
6839.84738245385
1281.131120431713
3679.647450914499
3989.631616608548
7466.45341971621
5926.0817086916795
2073.2495767781047
3836.82088619275
5050.1364954730325
3213.157028006689
1969.6152979596277
3093.9948506433298
8025.546876892105
6871.459758155134
6025.963288706239
1874.3693947506365
6213.422223770206
20970.59436992512
7531.186387362115
5015.5731014098865
4689.813805339075
4721.133705266433
5017.343854595842
6399.546133917264
5648.774071859875
1920.7815800080775
1888.645049086709
16968.645908347626
7609.312015299425
34060.63217258169
5123.499494811274
13709.962412993063
10076.820391587846
6736.35804904782
3227.8811761746347
3328.9347028150114
5790.028351035791
46283.30060733057
5949.255935828418
4347.52657117897
8663.302315258501
55545.46067622312
5525.271101017127
2769.218260535426
5614.389008361556
2731.1354124497493
8332.824449646816
7693.640707083907
5602.607550085089
2776.8793592207467
3246.534990255659
6685.64218265043
4090.343914266878
5303.6254299455195
6246.860252254177
4594.138793156699
4325.049422903199
8036.659887174279
2498.337500501081
5910.394674430969
2697.012999400658
8621.236755812162
3824.104992238709
2132.8418242670045
4002.7697580335
6428.829726387284
82327.05619174056
2327.2540314049047
2397.137283014867
3949.5721429012383
64497.027618213026
6279.619810476858
3113.6233872599337
12052.271875981807
13694.197669138903
6249.884358298593
5748.211893893004
6430.555493657738
5635.32978586709
7561.087831244486
5729.9623328084435
3792.4507292093845
1932.0581802423108
