4442.037578447794
3383.30367668487
3842.0379564525683
4295.426589224823
3849.799804975575
5050.279502565816
4560.561587306541
4450.030259960968
5063.431909557618
3277.984589924592
4575.279941726207
4293.372541545586
4449.589287266687
4574.171208553929
3396.2789627723814
5196.27840207338
3252.3403760811293
3299.8263062728593
4450.511731113852
3946.2196631380725
3896.92644126478
4566.116937380847
5069.733852443931
2041.2103403425242
5053.271115706841
4595.314574108022
4567.255526348045
3261.0232555818957
2042.0708895890436
4584.9242890147125
4293.130409850491
4449.373237411775
3249.3738186608293
4957.901139642938
3255.2746142821684
5383.018533655269
5163.696491528754
4564.174761261672
6424.884287789302
5043.3556820149
3898.009098537759
4584.314915056625
3818.8170039933075
3232.3516396406903
5896.231267337014
6080.288998359654
3281.195570171951
3253.271459176496
4450.2974319336445
2597.418180195011
5837.632191077364
3695.4269000987815
4961.315169154434
5179.632731414435
5549.558654951088
3891.444623746027
4761.13925316348
6430.897926425693
5067.443027607094
5189.61818976124
5839.64440599553
3990.6333172537684
4183.018775392505
3286.9695366572782
5831.568377900934
1991.6303952931983
5052.339597041333
5267.812696665216
3396.0025780774295
3284.955819644061
3236.401051149098
4771.282270350066
4881.61162755458
3961.1582710555326
4575.208148509662
4568.779681547287
4590.633048959422
5657.476781469798
4753.552757875156
3958.532910354577
5187.269590173578
5310.9982516376085
3993.462995999482
5014.49365663116
3984.924580614217
3288.419349642026
5242.95075455701
3246.377626463058
4563.479555090201
6148.468557066726
5566.619567512641
2089.1386707104916
5642.037086341365
1369.9930907746673
3955.900815608542
4252.895829263871
5282.848703838888
3950.6219747361533
3812.633754077526
2075.7167874819156
5026.6170046615
1466.0219358860295
5188.432384814802
5903.5997813032845
5648.418564605438
3887.6455835980323
5381.612316009485
5910.998102016898
3843.356224194216
4446.377024017099
5018.804796772798
5046.376804718625
5850.609728049619
4686.172807942866
3543.3597187413316
1472.0050699554397
5559.595443693247
4792.822799454924
4759.664979696624
2081.4590332872986
5187.788495981821
5107.938602063831
3225.340359588769
2036.4815501383025
2045.1291632101013
6348.701299027748
3210.3371259886258
4004.3513285975746
3823.760520445504
6433.998666575118
3288.2267249875194
3888.0107730048326
7484.649045993428
3583.2715813792793
5175.208059133724
5547.957599805426
3393.4631443670355
2726.2333150161066
4440.320674847016
3095.4272846241915
5179.643581525457
1996.2769380962727
5656.025335404618
3535.3246069280376
4563.696632861772
5840.268388881151
3885.439035831391
2638.21504769427
5248.637212484981
3827.813980504046
4732.959798294145
4426.617163021706
4859.42604425417
5742.356286029735
4566.531420290131
3825.6122617666915
3208.6182832757986
6442.950472205156
4863.808135971714
2643.1293564789366
5308.424042231375
4593.101202070639
3212.0921312743794
4755.536458972716
5719.967891015298
5545.637453177742
4893.13035253921
6430.942730835357
4959.5958556821315
5286.172670511024
5142.35643003015
6433.653373661542
2046.1117339366501
5657.249391093526
2683.995726303866
5392.822702729014
6697.876402606957
3849.153973776959
4550.259229618618
3822.55676335432
5173.152554166885
6045.666872693841
4968.451565334289
5743.856398306727
1989.92655404908
6009.7590141728615
6508.297394242629
6352.89908509589
2087.0497884888628
2072.004924024949
5779.6992464132345
4454.476373655704
2683.214176273896
3870.188012811418
6049.683188672793
5899.362501437831
2664.426785492796
2043.252995197421
5186.06765645471
5507.781280342073
6354.030747789582
5906.896998945322
4634.642661705569
3846.377347151562
1353.3081307931654
3852.3401317725047
6443.912124425205
5331.445676082252
4981.252750882857
6440.138251858483
1988.786232229502
5568.451149171044
5653.270982599877
2761.7766626686366
6499.824426809308
6670.2375434484
7035.94113482542
2591.630109850992
4966.619983982277
3815.0472072749185
7158.489656894291
2751.9038316704005
2701.3780800076584
4192.822907160293
5784.908000755523
3093.131012815695
6503.59969404611
6863.651016398976
4458.171095364488
5796.278296483884
2633.9420651000296
5846.399626942079
2005.4863442360086
5855.422862500917
5184.762043783729
2084.950636225919
4703.600100059369
730.7419339757195
3545.708565719737
1372.5987688139803
2118.970786928201
5648.955952928317
718.7446540895377
7810.806898098749
5155.0237127680575
4433.685318217889
5290.248830434595
5724.932039640738
6885.988656503445
3284.706995372959
3827.061477433673
4632.1223165043675
1405.4864952600285
6995.458781184412
5561.314755256041
7789.438573249588
5141.392674354704
2698.2320384176915
4418.81697788542
6053.89559217398
6452.259229662202
5147.827386766492
4695.1012786917045
6916.100741831158
5175.120782996465
2108.9333784119635
3849.373556474096
5658.170816646567
6977.161618020434
2747.4285700673963
2128.384983112128
1397.4185883895316
4895.426448577425
1366.029685405383
5571.814088887807
1342.950168860727
716.4727020117979
2113.236653143533
4884.730335351349
2871.2626590830823
6910.531523651709
4682.848832057569
5049.153624870531
4056.4429491735505
5764.760527703337
7374.779572752785
2107.233497047158
2743.2411589070257
2049.80035194054
3816.9268275838217
4593.734772167146
7413.831643921387
4412.633705334405
2049.1544617448817
5175.279890385353
4946.942557651683
5172.307996021272
2606.9325190808054
5013.165093413858
3584.4543619143274
692.3449108898182
3808.3176348070265
1578.0240003458534
5670.187774827739
5783.955502850838
5276.177434953215
5160.561492708511
5175.363164540986
5277.806654463984
8013.831515551215
2744.452073306698
5177.54391796402
5148.343150938658
2016.6703471933124
5178.449550052275
4875.354850939022
5055.273861571302
2391.484754621773
6348.462505729796
2398.205203805785
2040.389008479526
7381.426653671911
6428.201692716669
5157.48647494459
6636.8562991148665
5154.498672052403
1285.3508799044744
2998.2051865191324
6036.245375264761
5856.171410235716
8169.126881148228
2003.7916414089098
5848.637095560279
7022.869919624807
5160.888601669831
5061.022563226827
3891.8328966454224
3386.0026460820623
6680.288911701907
5641.298451247669
5983.018480526157
2077.064630604748
723.273417517852
8180.613891683772
5095.921269996677
8087.375335203332
4507.9386621377735
1372.7457746257137
7148.33602749545
3942.8323505127973
6058.63977553363
3665.327393383932
5648.470168017113
3850.030545262853
3250.5119792977994
5175.97405555226
1383.6242834773743
2712.2416526642396
6344.523562709858
7158.129305354784
1289.2548343620858
3281.4768471139605
2154.0630208391954
5172.245274384758
3282.785528283453
2912.27276611141
1460.7993406236553
2585.3787099536758
5749.839554574043
2012.633929880788
5650.247504529035
2559.577353608868
1441.6767209085547
6854.476162378549
2172.2069532548544
5148.383200023972
3855.2743884072393
2991.6430020146536
4964.82452712868
1361.607044809721
8136.361801661681
2049.248044417192
1299.2149755113692
5156.005194188795
2636.0720291671005
2615.7153420213
1373.9925478324637
2115.1571386269425
4181.612530799588
1985.3787300764693
6873.802004517497
5163.479467795174
1288.8877287782286
1640.7219118173373
2032.5259494501843
1689.5979395892464
736.4723558595932
3384.924793830423
4838.7812823410495
1416.6704345243031
3468.6516548207323
1982.3270811757147
5666.635395850815
2202.8605599589205
2219.534712441738
5652.067993665408
6485.681976418507
685.658574740617
4999.3369217047675
5733.281269951472
8513.26877039022
1368.8134532421134
4630.635741066849
3900.653414233252
2404.6900918792203
5751.340630605282
2199.4006547400227
5587.370406031235
1468.2209603908636
3919.9547813284753
6334.790918559799
2576.271587451033
4388.919387469291
7021.69852291131
8506.15884695514
4009.2349161179873
2390.5612263837834
710.9964354907817
1461.7732256283666
3316.506763809229
1458.8764422919685
5779.177768504747
5362.6686290570615
5773.152442999572
5618.804775543093
1422.6603179259264
1638.0084292765073
7366.745244173695
7378.122842604162
5020.681465906181
2356.24378721766
1387.3421054957248
5652.339555163961
5193.462536866833
4661.1878046497695
6457.247501418294
6868.46783381242
3955.348999488695
5589.494387200837
5787.269473639207
2716.5067936160735
5143.85654553827
5177.228828598286
3803.7915563934116
4661.904088967006
3173.8591922301516
2231.188598520064
4667.812872632745
6924.644427011221
2700.000199665502
2628.767391789177
4555.900810678517
2783.3039411902996
5748.342994719808
4545.970128021845
1452.9694482910345
4887.861674603573
6495.1008580195075
2264.4632809952764
5021.002172693848
5106.002318782557
3281.4588960418714
5155.523370446951
6450.10391783954
1522.228225752774
4838.963577263089
5615.04707807678
6861.743025697256
1861.903659314646
691.618833867287
