0.018906592728228633
-0.015281235451529089
0.014269024367424284
-0.02146236231330312
0.010759562755068541
0.013739057528602204
-0.010149014869937243
-0.02076143605524053
0.013689030781507036
-0.009716486788245257
-0.00969174807775168
0.014319335764329583
0.016251432613198138
-0.009270764744364099
0.00809441070622458
0.00940078255186065
-0.012436243532060283
0.011080772503841894
-0.009111584242670494
0.0073908076240174385
-0.010220904397317288
-0.01191937229697639
0.006308390040877672
0.010628872418128871
0.00625056355434909
0.009480719772252509
0.009937335167801629
-0.008326212761116133
0.006528139043757459
-0.006136875186806864
-0.005810522453118218
-0.006323487898645933
-0.00910341705900508
-0.008101899428832772
-0.004705177950215065
-0.006169338314631099
0.005155206502184929
-0.012498795182525573
0.007442192897147005
-0.010730514776907124
-0.01024955007530646
0.008223775588221016
-0.005844496853036811
-0.010680926696561196
0.011068670553142649
0.003563530065386936
-0.004325730924839935
-0.004630027599928287
-0.009493674616637091
0.005628534065704369
0.00597789788458938
-0.007815013575631316
0.007076914123978354
-0.005324409148320285
0.006405644149501888
0.00672909376016836
-0.005733776758173069
-0.006759686919782163
0.005174240565331076
0.004912290879582023
-0.004229642520220891
0.005770796124721364
0.006568089087254196
0.008885312016684443
0.008876007617285272
0.007577975315133817
-0.004607463103413544
-0.00967336976156361
0.00564821413686164
0.007494923727109613
-0.009800885742499803
0.004729934898604349
0.0059895670332051325
0.005280125844093486
0.006286289984856904
-0.003986914918528985
-0.007724246587985069
0.011650436213753442
-0.0051991150889669204
-0.0020177033246613764
0.0025414557209382013
-0.006620955419031412
0.0071623304135246535
-0.007680263720546804
0.006726454360153584
0.00835596662072673
-0.00722656357610484
0.0022531302846357858
-0.004500827141624075
0.0031262622068282545
0.00745355295962576
0.008169795301739547
-0.006208137655510245
0.007210720619653159
0.0026804240782593402
-0.004976127000902382
0.002226329652068315
0.007394307125311241
-0.002828916504467989
-0.005504388291259721
0.0056963160320858955
0.005169793032978498
-0.004205630127580349
0.005603369749072496
0.006328221191919717
-0.004536973493709796
-0.004439771804815748
0.004127619833790314
0.004691372133339238
-0.005200862585507739
-0.001730883542508052
-0.011158753018863115
-0.0038243864449195595
0.004853082334413158
-0.0029346747472532406
-0.0051762862986618
-0.004631911459050502
0.003930635572539342
-0.005585062979392932
-0.0025977672184899943
-0.0054923311143124775
0.01980659593876115
0.005532391641900903
-0.004957302022261047
0.006705852449714617
-0.005573469767368595
0.0031305354886278086
-0.006453465511272446
0.00547931507945009
-0.006710068301436604
-0.004277314746903939
0.008943630084840235
0.004122493983916043
-0.004787437777546498
-0.0034417008547979713
-0.006961169634967184
0.005319545035830428
-0.007264798164078043
0.018359989034853766
0.008774113955694628
0.0013419941873422958
-0.006938980337946503
0.0020780896238324366
0.0036386422051153233
-0.014634693892962394
-0.0052069098315549005
0.0025966390386465547
-0.017250122224034315
-0.002461903310651099
0.016728868341863136
0.005515876869308917
0.004781247988137933
-0.005310842581490054
-0.0038890424606990086
0.0038613726051149383
0.0035691923864976925
-0.004858890718574204
-0.005344238513206974
-0.0027315158002035283
0.0045272738174177655
-0.004742473724478201
-0.0023713203711569933
-0.014984077127396208
-0.0037136422889338335
0.003779992234926875
0.0028321566365676815
-0.004058733240853765
0.002690624319959951
0.005555822200447189
0.0021737856850903353
-0.006059448913401102
0.007209437512352674
-0.004899593641564723
0.003223047954292356
0.003549086625419639
0.01430383945391764
0.004072857171957272
0.0015387006882538628
0.0030128427222631876
-0.0028494893171454394
0.0026971080007663797
-0.002484095245717554
-0.0023137708635025435
0.0018079758473934363
0.006065412914574139
0.00190819223080452
-0.013638964639962706
0.0024416502321370393
0.004955829122631463
-0.0029485553783161313
0.0023612484522073512
-0.012965417202440252
0.003952099155918476
0.012544809330839514
-0.0018763430623232043
0.004387853575890276
-0.0014487415894935075
0.004656867277949809
0.0022485372038210613
-0.002794257591403306
0.004133913876491642
0.009647455838984156
0.012505830466738532
-0.002023176568893659
0.002176811310781124
0.003539301409691115
0.0026420023188636044
0.0028060356116365016
-0.007213093885039186
0.0031633632265895945
-0.012099517907775166
-0.004662364001718569
0.003730934879878768
-0.007609011624166565
-0.0019916284393571414
-0.011313238778313571
0.0025803721328260232
-0.0035325082546411434
-0.003948923521167405
-0.01104248329639052
-0.011311399278254189
0.0031389752456384055
0.010811797071973238
-0.0024988323181502404
-0.0036630934031325955
0.00354374066959532
0.0031783602977319457
0.004723648066315373
-0.002744372869912344
0.0017357592528574005
0.0017299858285876116
-0.010711234656855396
-0.0032131596176244426
-0.005281665605147267
0.010539629109402527
0.003642094368880291
-0.0029460713943653635
0.009906377940198618
9.276472874679633E-4
-0.0021641054912156675
-0.0011331889767209494
-0.01007057651739592
0.010154411415350924
-0.009609364700914396
0.009982183649086764
-0.009889098014529701
-0.002644873425597814
0.0011791591247850481
0.0020203256022640185
-0.006379073641025614
-0.009812063236058093
0.009637324925065978
-0.0022607670458344863
0.003285157333868316
0.002982701844295892
0.001120366781356499
0.009478332804653485
-0.003058623544196038
0.0020513289053731712
-0.0038085314698073497
-0.001693540925758501
-0.009173490963766717
0.0016496680076730436
-0.008336897856971158
-0.0021876357418091352
0.008415109728289953
-0.002542039218716488
0.001396323296057434
0.0026586997431093493
0.003086904729347194
-0.008639114959835823
-0.0028941427965769005
-0.0037621152836026066
0.008861287553643477
-0.001768763446681149
0.0015746784505744995
-0.00880408419071865
0.006931403345830641
0.008471099778548936
-0.0016403781550451964
-0.007965033948808596
-0.008503528107620765
-0.002175657081587737
0.0022972231189547125
-0.00852501844941082
0.003715018719464112
-0.0016068609719694074
-0.002070072324608353
0.0017653082900565304
0.0026688855102464694
-0.0025961890772054816
-0.001321010858112573
0.007838672628901363
-0.0034019245717064796
0.0015314603700859802
0.0023396205998970853
0.007754627403152862
-0.00783568076550582
0.008087935501239223
-0.0024873395221822266
0.007402150468517953
0.007512779078736599
0.0016264192186983364
-0.0034451575472271875
0.0030207795648493157
0.004724582916903145
0.006732001385496201
-0.0032213634566729673
-0.0023658868085947977
-0.0025293011808900662
-0.0027666064623791445
0.0026059737173526167
-0.0025888313125703023
-0.0015921799005862993
-0.006937560654851956
0.0071206203818735825
-0.0022878008718690574
0.0020350664803232554
0.0031938016370490867
-0.002120808668469941
-0.006828739874526073
-0.006732478218300596
-0.00449691955565627
-0.002194127973862903
-0.0010407155931856586
0.007058548558017384
-0.002607661952987623
-0.007029186038530149
-0.0070566165963494454
0.00218792197339864
-0.004778139677745789
0.006991223559313752
0.006526522721283586
0.0017298986250763354
0.006322689771002908
0.002036893628495866
0.006475949161800301
-8.402001516999574E-4
0.006374800851311896
-0.005991687706893863
0.004052426153512893
0.0064645112071141046
0.006043145754332558
-0.0060845145786607305
-0.005959723794096459
0.00584768454323972
-0.0059839081774509814
-0.0019325699667775689
0.001433470535976137
7.38200761832626E-4
-0.005978433151259103
-0.005994696270876168
0.0019309807316819161
0.0011144341385341881
-0.005657013782487137
-0.001683623419262525
7.24712825317424E-4
0.001326036455592304
0.003219737365917612
0.005469521083357581
-0.00240154609073197
0.0053319082008215
9.194766900567737E-4
0.0052902060303434304
-0.0018133625875214404
0.005470026683260857
-4.2989402678253295E-4
-9.086080099430621E-4
0.005086665516646081
4.012023002831292E-4
0.0050833252247462725
0.005034955227113237
0.005111684239975089
6.520595490747936E-4
-0.0017219951774731772
-9.044530520055731E-4
7.783383881683425E-4
-0.005094932812526677
0.0016738554073162033
0.0012678898993936706
0.004999729461850166
-0.004957494306434672
0.0014656974766720367
0.002091904572171879
-0.004864871094773336
0.00497451128020666
-0.004978162102267435
-8.48045810308809E-4
0.005168196397406677
0.001215279274113836
0.003066364986389384
-0.004773170679747453
0.004541566356001675
0.0014320351571399147
0.004814965581309625
-0.0046387965242402195
-0.004470685309992886
-0.004269482666700444
0.0030915949455370237
0.0038994204634806916
-0.0011241743430757663
8.056379123733905E-4
0.004402231466664175
-0.004481930186177807
0.0010666667286632406
-0.004134228397661499
0.003874698291221519
0.001999206111201456
-4.565761898939197E-4
-0.0010272027840857833
-0.0037889409649024893
0.003967613574003969
0.001099034345045366
6.842230957316097E-4
-0.0011730061750829172
-0.003409821023217265
0.0037555309982093693
-0.0036878360971789098
-0.0012928628941295253
0.0037039655237698916
0.003585533053253729
0.0036962763444313607
0.0035456369684995575
-0.0010637203051620245
7.555661678395653E-4
-0.0015945698518680437
-6.392656679952587E-4
0.003450280449668911
-0.0035471972866399472
9.000697010134351E-4
-9.248502705790286E-4
-0.001065969558276732
-8.402735894272335E-4
-0.0010351016845365146
0.003290096888828392
-0.0032361987228699896
0.0032180626194681507
-0.003035489302067001
-9.341486746959699E-4
-0.0029977158513233835
-0.0028063678899955874
-4.949754840500872E-4
0.0030954648053613475
7.275565806504679E-4
-0.0030109161512874346
0.001710473298475692
-0.0012952678190669262
3.869714214591872E-4
0.002882348097295825
0.003366437518449702
-0.0029436132211309854
8.729900573184608E-4
-6.846694333842706E-4
-0.0011274956987900023
9.883669174599924E-4
0.002140972141798605
-0.0015546540906614583
0.0025341312628627574
0.002321225788825666
4.918836884859615E-4
0.0010927546468611953
4.5486581785406175E-4
4.273454538526255E-4
0.002205551927212136
-9.176599364207565E-4
-6.430331869687526E-4
4.376832937736055E-4
9.349341813326761E-4
-6.096793112000258E-4
0.0014709411222975093
-0.001445491366067462
-0.0023588684923325806
-5.517724455735338E-4
-0.0014422998760756016
-6.948770656020734E-4
0.0016248074242579513
-8.866899673894594E-5
-8.597399753510174E-4
4.496965146028637E-4
4.4776400799878216E-4
