-0.009456823437764274
0.00703915278344042
-0.007574893222776918
0.0070090723221763645
-0.007798786446382017
-0.00480479429624799
-0.00438690701747045
0.004337169571988743
0.006298151085473686
-0.007376625075487334
0.00788979270895705
0.007166370621444652
0.007330828688986672
0.01036660662067655
-0.007110492411405417
-0.00403064998647636
0.005897964940264741
-0.006122068956896732
0.0036873832941592805
-0.003798107583473717
-0.004063945427904929
-0.0029893604337755237
0.0041927700278758025
0.003847053935186607
0.004602671388179195
-0.00511769509316897
0.004448016391220622
0.004068845796010071
0.004982918947446102
-0.005957583468344908
-0.005415118031327819
-0.005371826338365397
-0.004262092159973691
0.00461271664144392
0.004267824897415382
-0.004105296399619897
-0.002895604287149839
-0.0034740365159062463
0.0028131437435233043
-0.0036347009982781887
0.006260314046507905
0.006740273058775609
0.007083945203628964
-0.003299810317224997
-0.005440245098894172
0.0030163200742510995
0.0027801346118198665
-0.004329130443829115
-0.0035406933294143714
0.0023684822373351367
-0.004535791195738271
-0.00490511040963008
0.004202683157744782
-0.006864264732734274
0.0025962173650675565
0.004053003584548616
-0.00624686635462543
0.006004194237233349
0.005211238637050963
-0.003752656414489859
-0.009572491838546433
-0.002284686925502834
-0.003202682469010612
0.0034763484238352384
0.005338993567351208
-0.004432091049782303
0.003110814108724844
0.004404279926102691
0.0019358265948612831
0.003250236289148104
-0.007899017989605949
-0.003010367470258009
0.0022920401577976794
-0.004687922532436784
0.001999968173574295
0.005461687837474979
-0.003744664796646002
-0.002729548922798344
-0.0035525671827255564
-0.004485923449801625
0.005322750041051682
-0.0022238005952971364
0.002114328360340286
0.004887209424425497
0.00550840460315531
0.002700288844943003
-0.0019388983476894023
0.0035546563704948143
0.0018708775254301726
-0.0016594399576099308
0.005928914220213248
0.004199346553280063
0.0030978552102682634
-0.003909681128753642
-0.007155417928445311
-0.004619956685031361
-0.0013162003641067153
-0.005850250952332869
-0.004300007305574341
0.0014206638265248951
-0.005300913972930368
0.004017389397466581
0.010762472412853623
0.001014373251483792
-0.0030575802675746515
0.004325342501851071
0.003229922604973112
0.0018351181213630491
-0.002541065886274934
0.009873686954294018
0.004012915332577926
0.006016835805741754
-0.001254117961726397
0.0016814836732148512
-0.009303889982864768
-0.0042953323495008465
0.002337398560272349
-0.002554040567268326
0.002260968506173618
-0.002680566920105947
0.0011552511746170974
-0.0031360252687198734
-0.00416975397567736
0.005832211819846387
0.005800981338139295
-0.004148987670822874
-0.0018221980223101053
-0.0025625519852182934
0.0013823977641651952
-0.008481601410514766
0.008643876514046522
0.008396584733723489
-0.004535188406626329
0.0036789575087386086
0.00815929251604481
0.008183915935582533
-0.004089320934050526
0.008472663344734753
0.008266150478402842
0.0015258793088712833
0.006204881216640054
-0.00199044806030188
0.0032050758569536547
-0.0018105035010436484
0.002061941350433594
-0.0040172452155718364
-0.0020469549810844373
-0.007752205133435493
0.002141663265735761
-0.0021665496702384453
-0.007503972314143918
0.0016680568691327343
-0.0030899633493853803
0.003351637298684327
-0.0032282332266907357
0.008054613038998602
-0.007727525694256343
-0.006827906734858629
-0.0021517216151640487
-0.007126712963684999
0.001068833105084632
0.0028566481481340413
0.0013933388408337518
0.0072853825857350256
0.0041729762685720545
0.00721043890397098
-0.006444070329623168
0.0031895749868651457
-0.0071552774219192745
0.005057366514478921
-8.242366511828386E-4
0.0035593105105655837
0.0038066227222468994
-0.0015460038443873792
-0.0019691196179506794
-8.210430343374238E-4
-0.0013790184541412377
-0.006541412407427413
-0.0010370170307239072
-0.0014109817787834194
0.006414292566346293
-0.006183564321526333
-0.0066669695428599185
-0.004867796376988224
-0.0011673583539333957
0.005325905493843154
0.006132839485788774
0.005861730170077489
0.005828488861325548
0.005920134481624839
-0.005784118853694715
0.001180740427378215
0.002734268175660741
-0.005950063914784216
0.005396746273787033
-0.0010671191319216462
0.0014260069377934688
-0.005651070601139504
0.00557758693210408
0.001978961295318475
0.002341653570196909
0.0016660671387663903
-0.005597789541184722
0.0016719747992619608
0.002152650615272151
0.001596805322282635
-0.005178580142249689
-0.005519277686172021
-0.00539789024922781
0.005631845748550065
-0.0037700603834531898
-0.0016611942586363386
0.005541664445523116
0.0010309559308065304
-0.005266426864859196
-5.758980587201125E-4
0.0045492297333060636
-0.0018041316696330132
-0.005057816469944451
9.312836278264223E-4
0.004530349466047088
0.005413962500849737
-0.006075555804396952
0.001577923214910736
0.0012122114083211882
-0.004515077083593451
4.481046269617731E-4
0.004593815373408751
-0.0013990017664562994
-0.0047925351406629835
0.0029193709271457956
-0.0053355754751552445
0.004972340481481985
-0.0015604031204332115
0.004766111668140367
-0.002133024680589163
-0.0018903048942948667
0.004341460888518803
0.004578373019942575
0.0045143667414993165
0.0047700963351424725
-0.00457319511466971
0.004136986706375069
-0.0021678701660020963
-0.004535293645648415
-9.73285564805403E-4
0.003562517310424655
0.004552315273083879
0.0011036052156730715
-0.004410598242868871
-0.001485256224298687
0.002846849534168092
-0.0043112191284298655
-0.004339791807396804
0.003964950303270726
0.004328764850365533
0.004572871785039368
0.004442861633527229
-0.005052078757846234
0.0012192894961324994
0.00435660920553497
0.004915630317132742
0.0043183882545280855
0.001811811126179039
0.00429547587944347
-0.0018809441254040975
0.0018374406453226242
-0.00422369913991014
0.004322049196189081
-0.004500615562605939
-0.004357712303314223
0.004185359661158313
0.0012927739053012189
0.004129040470951199
0.003984581022435174
0.0014170773986057733
0.0011715748996178755
0.003926390555814018
0.00377652545766366
0.0015208487820308654
-0.004004516564300567
0.0041574179296867235
6.14858134443925E-4
0.0038118653103153387
9.467260981107796E-4
-0.0017197761915596409
0.0023381537063970554
-0.004155605481184891
0.003829087358140573
-0.004093219957358284
-0.003187271011833553
-0.0038677340164799566
-0.00284421088356213
0.0036331822486062007
0.004117876446534512
0.0034770205002814395
0.0038142009932968526
0.001636215439161614
0.004064392968453052
-0.0036292466793810384
-0.003133149891663208
-0.0038717235993807517
0.003929416886837811
0.002186540725036946
-0.003479566769426259
0.0033815081744340354
-0.003265715290080139
0.003535673161232734
0.003631559315145454
-0.003997032356491784
-0.0034745126377231845
0.003504715049506831
0.0036042219853528604
0.004056746319006701
0.003404035749612496
0.003449297574247439
-0.0037956442933149456
-0.001953133174749645
-0.0034813112423583118
0.0018370935178185122
-0.003394339001291024
4.3778847759331076E-4
0.0031610657593009626
0.0013234173331685072
-0.0017433746818997934
0.0019501392986201163
-0.003250078106951569
0.0033110134868626537
-0.003286567512927224
-5.162024335508022E-4
-0.0033773766321779047
-0.003331703309327918
-9.56648770386017E-4
-0.0031789409491687283
0.003424497073084006
-0.0031353576649891875
0.0011711190490223877
0.003299537446246536
0.003307454800789382
-0.003176178534115835
0.0033432690143543465
-0.0011514651045468108
-0.003160688424558446
-0.002803786417312928
2.538273144216159E-4
0.0030618305185436826
-0.0028688396281477055
3.345293429420805E-4
-0.002997760407408669
0.0030410045386533744
0.0029541144608559327
0.0026908158427440894
0.0016257619413065434
0.0028906496678150232
-0.0019244239966871009
0.003082500274958779
-0.0032797111374346065
0.0028200961550022986
0.002795247539137076
-0.0031999869129095636
-0.002874477109676773
-0.0033367684060164804
4.85384927482461E-4
0.0014170269813497463
0.00275351658694727
-0.0010370108169303113
-0.0028910322254565315
-0.0027373130841163436
0.0028707450839062882
7.810303817813489E-4
0.002769515356777806
0.002937900718962123
-0.001067941665287136
-0.0024241142247181454
-0.0010737833771257003
-0.003029742815607128
-0.002787602177677874
0.002850802362730164
-0.0025410027129779923
-0.0026280672960813495
-0.0027015105415983684
-0.0010373978239049128
0.0018346440498775462
0.0026479026216538145
-0.002750123414434443
0.002634338027355703
2.547207390221315E-4
0.0025993776171562293
-0.003080708505820197
-0.0027013290217820416
-0.0025139214864213846
0.002691498703191725
0.002523014139085674
-0.002520465683996364
0.002648297776532631
0.00256866964929754
0.002415368260339669
0.002544992440489201
-0.0034427316427186605
-0.002617097855735661
0.002530233214487954
-0.002533703707866232
0.0023755795815972444
-0.003205438055328979
0.0020286716732272904
0.001151047339540596
-6.059478916658507E-4
-1.5304709764976486E-4
8.563799773966516E-4
-0.0022270194257440175
0.0025923489841258966
0.002585777284675687
0.002299257308956209
7.405190340425414E-5
-0.0022242399940754607
-0.0024260736520643274
0.0023855890833585475
0.0013446009979123648
4.4049997020528835E-4
0.0023105733517785236
-0.002242064388876737
-0.0022931264082770714
0.002484252724549046
-0.0019442660438791885
0.002137615218277109
-0.0024458622450448486
0.003061825332632624
7.30960680420859E-4
-1.6275954549905763E-4
2.3448556911382352E-4
-9.257757981244226E-4
0.00134517813642606
0.0022155335095212915
-0.0023629109913225377
-0.0022122420346865706
-0.002153068489566199
7.350993525269599E-4
0.002222867957016772
0.0023256664943240007
0.002058541997328943
0.002352933288611996
-0.0022947153789213276
0.0019487965227041365
0.002808934895178966
-0.001130685954259167
-0.0011565946553653303
0.002104461010659914
-0.0019754050488227735
-0.0021475041253715514
-0.002077558748304455
0.00210997248101704
-0.002400844841982702
-0.0020755919486690868
-0.002109628037601282
0.0023618819474270415
0.002076047873759491
0.0022130356525510726
-5.315592378971411E-4
-0.001964524199698282
-0.0020534496190754347
0.0018480979855586225
0.002003902977994704
0.0020109769675694727
-0.0015786156813513755
-0.0021165548883668047
0.002055406343000568
1.9595099119466602E-4
-0.0018889823575367092
-0.00239116136851189
-0.001897988623032771
-0.001970049655131172
-0.0020454838763436086
0.0024293878174635637
-0.0019043028464712651
-0.002067317991939906
-9.101418911740287E-4
-0.002006571445972471
-0.0020210762771835588
9.83915844276249E-4
-0.002044476779658257
-0.0019134839292573467
-0.0018170388503923507
-0.0010854726966366159
-0.0017343149517401644
-0.001075214003649893
-0.0019215766466347446
0.0025904345402026937
-0.001805636458325174
-0.0017191635864617248
-0.0016867437197698022
0.0018809391935385863
-9.53794774554395E-4
-0.0018628094327413178
-6.973069466352496E-4
-0.0018722724197906802
-0.002019427956406564
9.752184378269675E-4
0.0017169888503492249
0.0010702020394124671
-0.0014978561438106215
-2.5908861402658694E-4
-0.0010108336962729747
-0.0015517868824596575
0.0017158099968699477
-0.0018679871027551794
0.0017223593545223545
-0.0018735146871329017
0.0016447332456821571
0.001739276810457727
0.001998047740141723
-8.593457266214364E-4
0.0015302720209178753
0.0018230832794961494
-8.159566154980222E-4
-0.0017896471888460938
2.008990354082966E-4
0.0017971267319588538
-0.001856892660901394
0.0015360419676664623
0.001673071659770593
-0.0014424320980943241
-0.0013403470682283513
-6.122284104383833E-4
-0.0014960707680276688
-0.0010263159595549011
-0.0010791971691836541
-0.0016196385624148522
-0.0015298777466852863
0.0015296549395189547
0.0015465861137485659
-0.001698614558173701
-8.239950835864378E-4
-0.0014710887937841892
-0.0014288462822155922
7.037801717802128E-4
-2.6812082845339047E-4
2.7774654929645147E-4
8.920935871491952E-4
-0.001231671501711218
-0.001416830951249501
0.001464843190218765
8.399329753333692E-4
-0.0014592594494051933
-0.0010927784431490743
2.86598091106364E-4
0.0014115588710036553
0.001185944666954513
-0.0012408297176894848
-0.0014283241289948867
-2.3817156965423952E-4
-0.001353108744344917
0.0014640444408011632
-9.482174644259866E-4
0.001324126831741112
9.75944042384733E-6
-4.7264747177868077E-4
0.0013414734119048628
0.0014356462943821402
0.0011393618424050827
-0.001383247360038992
-3.8075132830989904E-4
6.019392275979832E-4
0.0013056790895388647
0.0015732228929753816
-0.0014171887084275174
0.0014869268472548565
-0.0012667990375824802
7.450469298649464E-4
-7.919810281621916E-4
-0.0012820824212531946
-0.0012349531242843124
0.0012022083117686673
-0.0012260028717539773
-0.001182646720442723
0.0014761581081595572
0.0010980444190794936
-2.5145407529773687E-4
0.001384705092615223
0.001444281294190223
-0.0011001831291113271
-0.0015622519325073445
0.0012351554516976952
3.836051156497369E-4
3.078286899128609E-4
-0.0016632103051842221
0.001199592009443869
0.0015090613564780547
-0.0011685650637130514
1.6706171089931953E-4
1.373617087236324E-4
0.0011811240725428888
0.0012342756680369129
-8.017064006935576E-4
-0.0011355115256740933
-0.00131514390776464
-0.001149742432109258
6.024910033974347E-4
0.0011297146379923243
0.0011186090321433052
0.001016079822011453
5.333621414461885E-4
-0.0012733853427325898
0.0010290772239970848
-4.099140547134615E-4
-8.473678898145176E-4
0.0013528440072846102
-0.0010985010987680692
-0.001015657692755261
0.0012429199930262481
-0.0010423934955511788
9.894117099804864E-4
7.943344921375745E-4
0.0011081332664383758
-8.226181426411901E-4
-0.0014990249600959132
9.141850920871659E-4
-0.0011619012363418759
-0.0010080665512509196
9.890447617378906E-4
4.3969315642592756E-4
9.299650078783593E-4
0.0011022295146524588
-0.0010138182437440062
3.449752888589246E-5
0.0011103168799201624
-0.0011180455296317215
-9.733107876548886E-4
5.197876623515966E-4
9.373352433772843E-4
-9.555374145809514E-4
6.377168769070942E-4
0.0010618372576292813
-9.017965032285717E-4
-8.660732512005107E-4
-9.226139397711511E-4
9.899181223621135E-4
6.17519559241677E-4
8.936337608160937E-4
8.628243551688981E-4
8.357870172293631E-4
-5.590434417482006E-4
7.877843975984655E-4
-1.2120297114439404E-4
7.169999724481347E-4
7.709106376780886E-4
1.1638350021889927E-4
7.746493808315759E-4
7.795536991874353E-4
-0.0010703886195540298
-4.1538113335653094E-4
6.350658278467279E-4
6.988747987294922E-4
-0.0010538346957959595
8.062897791393551E-4
-7.273631770080865E-4
8.057182173865631E-4
6.17897499877E-4
6.854117554354357E-4
-9.531482728845998E-4
-7.932066220880612E-4
