12277.927912291696
3176.382443532239
12250.430241348042
5217.406518250434
13464.141965712348
2704.720065564587
9126.917742124391
8753.547385956472
1970.900135987028
3896.0178407038147
3776.3824004197672
3296.017902383609
9428.34780022819
9059.763633933302
4698.643696046415
8173.267925872868
3936.136904628825
4152.3420589089965
8445.379453425427
10085.197171760517
2703.170975875887
1953.6117343477354
1940.9758770836947
4604.517293725625
11277.5999857848
3995.1194328608585
10588.388789929619
2057.9107625743372
2898.6438347272338
4003.269314691408
6560.371627504441
9041.214209879157
11366.217123150775
9889.435824471657
2438.608352560056
2570.9001207427423
5369.783914093648
922.3381190044738
3831.6917824898064
6522.762530261988
2024.0360252147152
8188.721470254564
2448.517255491031
2225.606565939344
4076.865134312866
2553.611716785715
1346.6376403669608
3996.0712527560627
17751.249271918667
13431.931611651877
4154.5043672952825
10096.951579131395
7160.371578460809
19421.14844619745
4921.96418744702
10562.066736601939
1938.6984952373043
4277.78204573029
5882.173678079229
4380.417424342164
2065.9971888379637
2715.210601873611
1333.861570369199
4877.782008489054
5221.004675022652
10504.070993486619
1321.4922110887007
2053.2541957003787
7274.432298810936
19715.925493150502
1632.00112910281
5326.970217632875
9419.180723916415
2232.001117328188
4393.371394597645
733.861581498489
1424.0360416383492
6519.0689211869
5277.455571264991
10083.083622758615
2245.911768941745
3296.9730427279674
4654.873722972096
782.3140437787848
1391.7210877695277
2261.9280073769196
787.1005442590665
1661.9280101629522
753.6117899621369
1578.2435784616684
1256.9221454071376
9820.724579065001
320.72377033943417
3797.0134909753315
4457.910547798022
10454.009369956857
146.17897750325304
340.59205167748866
1448.8775073492254
5523.92185865451
770.900191564737
5369.217110410538
1370.900168328255
358.12102396652125
5110.231792327571
3708.2665221727116
805.3860086403204
857.9826640323054
3270.768268333643
4921.200567176778
13902.990897141684
3593.6801795300826
9637.865403682825
1045.911788890602
2463.2384685378534
885.952254961757
1521.1882801771678
13460.910953874434
939.9922183404888
19115.925620427428
20315.925395785842
949.3204276642781
1061.9280248812868
1220.9736733837988
5052.115318197005
1032.001145187428
3326.532007312129
5023.021518856451
11837.234084381436
1200.012068579333
3465.1050790224726
1876.4612027313478
5060.961553970628
16716.414060341394
921.8358001858884
620.973680215478
1485.0253459486162
1267.955631002345
5707.116736619202
912.7821056892448
10511.663005705892
1917.6177219033837
2905.6179178485213
19033.66596404635
573.8754496702518
1418.6008212205613
303.4359624047318
3346.304324532456
1685.576942687989
1915.2448054932406
1205.0423807176664
1499.3834306370952
1789.8656957092971
12192.420005862394
10618.597445111778
3103.5850908431767
3082.0103037160407
5422.663895758989
1754.8644687674896
965.3792147272427
1623.8191876749802
5011.292165433846
61786.966563348076
1886.0404019774805
5156.612264283853
1263.2385049633083
1523.1076615518107
1198.0910802219225
734.6325272185267
15663.04053102505
54439.07204694186
1361.8020785116114
1244.6713779657518
3169.440328336515
2029.1556336484273
5543.683104984601
2557.8799147909936
7237.146533161189
353.72839957800045
2016.8196872785645
