-0.1968650967501187
-0.20985238449000354
-0.17926709384841977
0.11372646605261831
0.17877901412064287
0.1380750556479677
-0.15397849727868673
0.11217541145373969
-0.10852920199650753
-0.15381851638436173
0.1814108019067914
0.18035335194054458
0.11613667674657317
-0.1473348123468803
0.13215282107155046
-0.11081000339641257
0.2122765806610408
-0.11552254183188562
0.1254953588777938
-0.08411775164618983
0.19081220896875262
0.11142364379119378
0.22468617730142237
0.08877912035935788
-0.08546614952845322
-0.07730877118057315
-0.09659790488358323
-0.14188780078457447
0.1916026300381448
0.13175448230928238
-0.12261062666729367
0.18239713466426083
-0.08583754473694732
-0.17794538729203063
0.11871910282923614
0.062072680179581834
-0.19815484689151086
-0.10465941240014373
0.37411911325051644
-0.12413625427285424
-0.568044263840925
0.0646670441284208
-0.244925303694333
-0.13891179674514992
-0.09042251061297232
0.10782950573344142
0.09178973722848198
0.08914924893870833
-0.1492337976040302
-0.23114195717316152
0.27555110242039255
0.24451684182150854
-0.06615331688351717
0.15941147865106564
0.26438391186756827
0.3862409627775791
-0.11490181912935446
-0.06946107793342685
0.08397844123886739
0.28097335341534724
0.1183656620797133
0.09959779663333095
0.11921312405320245
0.23685568930502934
0.1272949914529227
0.05717253141602717
-0.2395428061851315
0.10038313539153462
0.22674486942639205
-0.13521598321189973
-0.25502224722889766
-0.14336915491082933
-0.06246286469283557
-0.2636745812237645
0.07624682185954645
0.3093657582415097
0.21507815490656268
-0.33568884846576286
0.2687391640561069
-0.15378516798529981
-0.7124899932135303
-0.07964485293227809
-0.08833735866774252
0.5357930722534132
0.12709978902424068
0.3264067339131756
-0.17143529322977327
-0.3804234294028998
0.31498344329078726
-0.2005686690151999
-0.2993293705180309
0.31209112183285737
0.06590285915058534
-0.11084561088415612
0.4084705111254865
0.1495932845042386
-0.13854182823984448
-0.1919948007607892
0.04488738444514707
-0.06255721506693805
0.4430501004846041
0.15406066323659204
0.1463160196078875
0.1172750646906861
-0.3618334250558879
-0.04250765949787592
-0.25924613821147163
-0.10694670300264399
0.08561195305786148
0.4796603071340827
0.14172716824090115
-0.0663529026447951
-0.11605195950303804
-0.7192788258763789
-0.29746908513012726
0.21040948645518123
0.07613303221367074
0.47566774142739016
-0.3224040066442246
0.08469817033915882
0.07183852065837021
-0.0594021442000287
0.11086823504200341
-0.15946886143475494
0.16561801217564298
0.09296847824240571
-0.18787212617424914
0.15057176740234066
-0.06900169771284113
-0.13830954090289874
0.0790882572375727
0.20536861700875603
0.14100619904227582
-0.13284529277576188
-0.07035554133861174
-0.36773437463324155
-0.1525950018063894
0.0620494514922078
-0.20886792381488273
-0.12822685318198496
-0.4596427525011177
-0.18083387516290644
0.11997646312344498
-0.06645073118132142
-0.8442628044492222
0.15433837542053155
-0.5054534342226589
-0.1604849754950411
0.042180843370572194
-0.04912583415180089
0.1200595028644495
0.15279062093494056
0.2942194067392648
0.09296592973444646
-0.12366029833774853
0.06366920626154074
-0.23000066962057905
0.23712572507415783
-0.10703479580203269
-0.2679021889284579
0.08368872556397562
0.03365332858674815
-0.0911491551722786
0.15907606385232856
0.049346848459718214
0.3638381262293938
0.07217507498074269
-0.14057355701219854
0.20226627655182547
0.2251054163552807
-0.11487304692995437
0.12524388248767798
0.10420415322783587
0.8114167795379034
-0.32692636737164554
0.29301023457926945
-0.2095602709011858
0.18520704041620437
-0.19468921903777903
-0.0927545612074537
-0.09485307562547687
0.21383306254916723
-0.07750656938862296
0.07634303958760855
0.31757711233953023
-0.07105206665808937
0.1448022389965347
0.17792487560672268
-0.036859370988866734
-0.3061411320764347
0.3847902500942047
0.27057152139004315
0.23177665394972263
0.10230177446567956
-0.13305882857744236
0.12387813375077575
0.38368503993062625
-0.1747319031060118
-0.14123654836576177
-0.17479963346686617
-0.09629441992369563
-0.06766591645286028
-0.09001792307036696
-0.3144667707957051
-0.11919078292857054
-0.08716468250026269
-0.3046353256048761
0.30801364795848885
0.5705315319868527
-0.20680900178945907
-0.19774082266162038
-0.20236916315059242
0.16856180293356432
-0.3537476408036888
-0.16378669297347462
0.23296910150825687
0.04435325776759731
-0.28153597768247607
0.28394581647693573
-0.09661864881810933
0.18536106570313599
-0.2681764724905977
0.1100144463713819
0.42955988564007197
-0.03129864135956198
0.23764820647912152
0.16283619027608634
-0.1278094127737036
0.059983603377654585
-0.17899935317201768
0.3625112282015842
-0.20603672100994458
0.22116042829446075
-0.2878417062332433
-0.11528514589675186
-0.15380809007936716
0.0804798943051406
-0.09548682289506641
0.10250154813360994
0.10685365574514524
-0.2060240693616665
0.19137444352618282
-0.2952606996208174
-0.3111825558978963
0.18904800680410808
0.25277449954343806
-0.31297015188152605
-0.02676919405777197
0.040923401164781326
-0.2676254228940349
0.07495507476151078
0.14133326618009867
-0.23249989315928954
-0.2842428056135727
0.11631771387847996
-0.10303301753522172
-0.037259325489757536
-0.32701371400916684
0.06672822911672861
-0.07922334899423897
0.19349359736154673
0.1738936285214161
0.22274743518858442
0.179802154321719
0.051012007967399256
0.2686343128219917
0.026328663582125673
0.07336158230134986
0.12070062994310515
-0.40143657248103504
-0.15360489579797004
-0.183493888346533
-0.14178946280770813
-0.059874805927888616
0.16042094960152942
0.11960880448723676
-0.6453052232074118
-0.2446020143967047
0.023434836574136565
-0.11196586713540675
-0.03950086802480097
0.059006470217572736
0.07234272420030402
-0.06779254872602694
0.058921058197944735
0.1276151844215142
-0.13233675141266324
0.25401182913068443
-0.06887744653191465
0.051083205231859725
0.1313319262703977
0.13086880623822544
0.18683407286326964
0.04211516951610464
-0.039194867178230446
0.08255670688675329
0.045818914399604005
-0.10252930442113761
0.14707818815574336
0.47651756186932187
0.2608245409213604
-0.2246941616787725
-0.2199405783796484
-0.029982158149604497
0.05979323439851788
0.062113913869748925
0.060113341059042265
-0.23308200630388848
0.08640753802939899
0.0650161926708436
0.06259654154937405
-0.42288073744044347
0.1679292832618223
0.23724642868681947
-0.18328104871343032
-0.02846628477325524
-0.04363704712476941
0.07854838396532898
-0.9054681932225666
-0.0488390274958637
0.1368623128163834
-0.04815266115158039
0.39365139771780894
0.04676117783131563
0.16436353859306188
-0.18977206987234504
-0.06401039740796434
0.09148041548983869
0.03238675411830369
-0.10330594756164317
-0.03757183814235274
-0.15666047179054637
0.11797780038212488
-0.13460493997476197
0.1340561835744063
0.03933484292943586
-0.0718358455406826
-0.051923182867039556
-0.2004506641922132
-0.12100838281356886
0.04136498024250496
-0.056215050455659235
0.029950199743564807
-0.12591534904336663
0.4481716123871364
0.258722990112944
0.10623080332833632
0.058466831868478335
-0.20023777437443882
-0.1579194251805708
0.06755575992530104
0.031136867371061264
0.14007173182593913
0.07967336698974778
-0.13006408234995329
-0.22041355126293138
0.20896107159456628
0.13055197546454317
-0.04014312331504618
0.11905629450031412
0.1354127046064607
0.12384057352544846
-0.18930222870031946
-0.07042112903241722
-0.06556488049182456
0.08296072743149899
-0.029919265564671702
0.03493353516643151
0.25190705775629346
0.22736948139296545
-0.08520732997650433
0.06300647930679347
0.08680500066525311
0.35628805236617106
-0.14255482055959356
-0.23143717797052532
-0.042666312313169245
-0.48432333005256106
0.1833735642920303
-0.1255395568265163
-0.0886498662124351
0.07747227745574474
-0.246793788397678
0.08928591546576493
0.04361913579867927
0.06902605119721081
0.40933193989038197
-0.03374932931547432
-0.2443261394779375
-0.3992479710700832
0.1461391622264446
0.1254434012072183
-0.2667417744142858
0.4239533112346244
-0.16845856275560145
0.1175116660578449
0.3406616211358201
0.4904881113526294
0.07851121824150362
0.3637833371992422
0.14873588996554069
0.2473303242984738
0.15894083395773162
-0.08946552689718794
0.04833439467405608
0.22419991025704541
-0.08726859504427195
0.5576440907971603
-0.08874104484609417
0.020062518159964612
-0.21779395422830078
-0.1496053774880474
0.44684257561495155
-0.3862667114183322
0.04128537924037483
-0.05449905145171368
-0.1438246295608052
-0.046532710061061966
-0.33203036916719664
0.17226040171235313
0.15540069089796246
-0.0877186495775765
0.19548032817094438
0.07992413622828194
0.10930709692467638
0.11784955566132854
-0.11314015698509944
-0.10804492493307877
0.27936280442442507
-0.05183261132733603
0.03937717736578776
0.18829145729352642
0.17873045410559732
0.2865146172856878
0.07810131251024358
-0.1342461782924759
-0.10104220571933453
0.8249212146243906
-0.13566184883565371
-0.0947435673973537
-0.17706523191239185
-0.11904132409354097
-0.10311683629804311
0.05976572741473871
0.07267566175142874
-0.0951951320092173
0.09608500812362356
0.1755808894996659
-0.12425636883713326
-0.2456645352106271
0.04600327158759282
0.20636246858971904
-0.01921082779213801
0.36912213105073965
0.08461330472969593
0.08500814174373554
-0.017922221560849043
0.4111657833973192
-0.06170308392722583
-0.0355048746909294
0.13286269892450045
-0.13439449970957112
-0.11093799491898079
-0.12991353055109073
0.307809308290368
-0.037416818025041175
-0.10984621911108464
0.02892328971788466
0.02531475654500913
0.1007668271386703
-0.03044139168293051
-0.04695475093135512
0.04744862781632017
0.09612928036217201
-0.11137593348445582
0.35656841480661056
0.07968775224521824
0.1490486444324643
-0.09054425346297318
0.09730244402417175
-0.09708230392320061
0.5240735150974729
-0.08150663440125319
0.09603296401089531
0.06189187868524288
-0.04273429274989501
0.14950781034091146
0.11392069162776561
-0.04438117501268128
0.34839354733320893
-0.20813099394642526
0.30364077973581993
0.048101213289628145
-0.23941460988725308
-0.3061867563848236
-0.09297506178747646
0.07379843692127942
-0.048716019795242274
-0.14425631040498157
0.017553602551093946
0.4182565394003485
0.36951603121067733
-0.1416722278392258
0.10348506743252721
-0.028846684267118023
-0.06549806652946016
0.13169817201443046
-0.09488080776378939
-0.09817189722008589
0.3277186926873459
-0.08245829678694251
0.09274498296121587
0.06428002905227981
0.04786502618539868
-0.1314083548004491
0.2667944435747864
-0.051076007131779115
-0.0835446465115818
0.050355221825101076
0.28765855009152264
0.04217627656519799
-0.014269969286684673
-0.0522298660970685
-0.03006127409562399
0.05837264377837289
0.04022751261610738
0.14157880705198073
-0.023043490068691858
0.028908595096224003
0.1040977399622153
0.028297662827710072
0.04346223910904536
-0.12075689499627375
-0.09451231383490209
0.18485648072893268
0.14414997422380044
-0.0200370057866454
0.12702835104588708
-0.04362531162462775
0.10892638615833594
-0.04646980755607656
0.012651069421643357
0.024431698900689164
-0.08904732301326976
-0.15891667643298452
-0.08909467033034837
-0.0993019500939093
0.12663041374339137
-0.09518436870026872
0.021099025129496705
0.11291879950671146
-0.24208750578638322
0.15983907665162617
-0.19514227218011432
-0.4337643686359291
0.3546438222381567
0.17877326531226087
0.5952412972466152
-0.3550608239110849
0.0949191085773374
-0.12328553630510426
0.09088868273862165
0.018948453442279713
0.24488374051195
0.0498559095982849
0.09242926479681893
-0.011909122920921123
-0.18488527053125967
0.2303983753947682
0.23979804011663666
-0.19127620328779904
0.19174677348906943
0.04676166782715472
-0.09512981234885971
0.20207789589564942
0.12235515740882635
0.07634172378053149
-0.054084805647352276
-0.05396249221286538
-0.12491890833129722
-0.024084159205142466
0.3235128703079789
-0.1485263166883679
0.15086270960904713
0.04647194620864709
0.09964511093350303
-0.1396541815916003
0.09940029432194164
-0.02544601034697613
-0.04962681143237404
0.1267532798618229
0.08496687720458242
0.04079388659136716
-0.15355459882528444
-0.044339949687321335
-0.0605827138076594
0.17024697756457835
-0.15945611211905894
0.09027515231680486
-0.10938224249960997
0.024738206456638875
0.12044239505416388
0.15318623332284517
0.2850270865795611
0.26742476732823633
0.09671125231941075
0.06188915960760608
0.03241510128273928
0.1190742302183158
-0.18721688659778862
0.09443055264323741
0.044767766764617814
0.07119368466669818
0.08366012336217171
-0.02960330369692026
0.30165398058345844
-0.03782221362842668
-0.1029607034349312
0.2505559410615842
-0.25731114522788984
-0.11434461463708273
-0.3488632154291652
0.16670886749764707
0.0831653056997336
-0.06193011858615545
-0.13862962089999575
0.07599069888968059
-0.05082426011795197
0.05379936930534558
0.07094456138136063
-0.14300058019649745
-0.14730802208838736
0.05449436582676645
-0.09577480538343179
-0.12383394754547786
-0.04624262469092115
0.012671655473293497
0.040718128360600674
0.026586289638203652
-0.2407231969499153
0.2817565523660174
0.18458109339113077
0.19760691591296034
-0.18809080771199782
0.061562588788954306
0.10153099834141592
0.07438777006028725
0.3238495567851799
-0.10741505798398174
0.14275731083942506
0.09111874486542415
-0.08717260723473919
0.10464634610159843
0.057662737125748535
-0.08970336790625416
0.40784997440636295
0.03825432936685089
0.2711211056098627
0.2582176998191554
0.10222853696247003
0.2592181715609413
-0.03813398542596388
-0.09602661622646938
-0.10516827305065087
0.04003064119369014
0.09365096310205914
-0.31138381956829997
-0.07744702070643589
-0.014350553290290422
0.5630204159591964
0.2553128777420533
-0.0757985545445664
0.06459316133458758
-0.03769463537895274
-0.04730481096049171
-0.029909118894934736
0.016232851143443864
0.5088391391043653
-0.06081506089634647
-0.08756129110495275
-0.034323354222481055
-0.01553574276737361
-0.39082036401201314
-0.29554682907258945
-0.07185823892418328
0.10524334420593831
-0.08295496179807058
0.02752947473166165
-0.030675012353069644
0.44825465248279356
-0.08302955340685207
0.012953086701133525
-0.05584888728348669
0.02487034466775689
0.06404678001497538
0.22760730721444933
-0.07219547731678787
-0.18082324848757272
0.06559719631815576
-0.1312729175454611
0.037473279796624286
-0.03050933209341651
-0.11037668690530274
-0.11423747547930206
-0.014349466207835278
-0.21715458274526905
-0.42617937367702874
0.02391886901799054
0.051740134177950724
0.038116580890663686
-0.09212683502578718
0.346250063974169
-0.0458975237797527
0.07378790858942967
0.19404329877682266
-0.024156108273381657
-0.3830077085611297
0.0709215850317871
0.2608857698823696
0.6198313054192278
-0.7238128820016269
-0.06201857399225789
0.09108803951173779
-0.3198267278889105
0.02045649644880537
-0.027565856666329852
-0.13987863181426433
-0.08672581444674486
-0.19244073677344786
-0.2931660149013836
-0.0947083296000518
-0.0352604674644874
-0.14352903688902868
0.0735254227810605
0.07130084981698838
-0.06286414833580538
0.3301331947322239
0.12913509884196506
-0.22242387902594735
-0.04038637061328643
0.18105340615512713
-0.414723265080785
0.0336024924430946
-0.015965006848035982
0.022523164937264736
-0.0962662260357893
0.07003710348108294
0.04184896646174909
-0.04994658077046153
0.05002347552248531
-0.2632241501174168
-0.15717134166881025
0.1384722287684637
0.06573900999202908
-0.34864305512607957
-0.16149338673166677
0.22844588382277614
0.08651603973824037
-0.030037850821888205
-0.0924100462425309
0.1609839208644971
0.04710602069445565
0.12047901794404546
0.18723466699119437
0.11021090286992798
0.05185212745680377
0.3025470057500507
-0.040965022761236904
-0.02264988831302911
-0.050540309854079306
0.18330968450684673
-0.09336443217805146
0.16053575306917695
0.1771302164400455
0.22742828130760218
0.15501823810290583
-0.04281522481011852
-0.02550704783132699
0.05665459237378554
0.014595130913875577
0.06753339394126671
0.3802387077542943
-0.10389026597638558
0.18182193775977368
0.20034959277896017
-0.1449923304655852
-0.061880848247080476
0.0669184037684866
0.5748846037852802
0.1189863954737303
0.06840370662180485
-0.014405349522260094
-0.1854996684975632
0.17384547262725852
-0.05149264214356612
0.16455040117850755
0.37148681609685474
-0.09751119763622872
-0.05120934855163787
0.03976284434521876
-0.07906886779816498
-0.12337346124589187
0.033503939996688756
0.03201255952458395
0.08527724840315166
-0.11262957323552363
0.06373496435807195
0.13902491223137278
0.045205889961737855
0.04016245526438366
0.06852807219696193
0.07823928542765908
0.06294019898967196
0.0504502445531198
0.07216442825418173
0.04351561560591665
0.04397094290568265
0.08640519330296999
0.22890132837192226
-0.033827599103524716
0.03127184792963015
-0.20976547921582092
-0.19428979267295737
0.01867865057002795
0.3383184439821552
-0.012382495085791456
-0.05855671194459995
-0.15394262335018097
-0.08487257702088272
-0.07592189559981459
0.057400253031549
-0.07570683149632491
-0.07769100009213112
-0.04564244562524516
-0.015258197887623075
0.051737052346337686
0.04529077063538842
0.16950919006472165
-0.0553918069676906
0.017262582487067964
0.032746399122633676
0.014043776241112662
0.07912653755043789
-0.03314849183713224
-0.09631521800496227
0.21127689588803103
0.036552697833755365
0.01432839096512098
-0.1282400524265666
0.4919645695011543
-0.02964018588983158
0.04481535494789615
-0.0726537187762318
0.03572415821699955
0.03080846067197659
0.014555883964288719
-0.17346680844560472
-0.15757810320212445
-0.08839527945646372
0.3463039194577839
-0.039716564721103416
-0.034077414290894295
0.1275754245990634
-0.37623454976472526
0.02199106428431715
-0.041731340206025265
-0.05338564568460816
0.11072734176904028
-0.09117671904516729
-0.011390437291719057
0.027662207931609145
-0.01921752816957469
0.030499720509788924
0.10682931155411636
-0.058886721329266124
0.10235107992590785
0.054098805788502485
-0.08956008657306225
0.09957224645012518
-0.027962661427055873
-0.020621115002687932
0.0471846820153797
0.08785544220587531
0.005849091372738436
-0.04214500102274419
-0.19320562761690915
0.11867085442985767
0.055247719634387175
0.0992055606092174
0.2909938363788464
-0.018899910220968152
-0.04616562315038165
0.27179761784659545
0.0753731012348937
-0.08584244406949207
-0.029987036865252087
-0.001760603170161855
0.08982509069850633
-0.012281768118880852
0.005020197634178261
-0.05016096980535474
0.01056956494991678
0.0173987524549762
-0.03797651473042049
0.004898368290183469
-0.023756425615476716
0.016166451156701293
-0.06668435400962242
-0.04616008478072746
-0.018308262847108132
0.032529999320745386
-0.18267576986567036
-0.007522094316821881
0.05709441458389804
-0.0071120135102928864
0.011020801363142815
0.009048364926536195
0.014460064530065448
0.034510791940760635
-0.19213052383004853
-0.010000817776134891
0.12245668836610318
0.01335876235077295
-0.10564009853869961
-0.015206231836886592
0.006805977813708129
0.01868373309824652
-0.0448439480524066
0.013899085624649471
0.007708210951423995
0.04854883405845082
0.039445427411014485
-0.020162768811088742
0.021507941013966053
0.010376662656129708
-0.006461645055941437
-0.03203759376860555
0.018826386523899855
0.007914710258745884
0.004536090558717265
0.027047264931661263
-0.013570832268686162
0.002975948952265161
-0.0023050182518911727
0.02655494520566382
0.02609437972819862
-0.017712270014647723
-0.013526570163852891
0.011720389200897621
-0.00934377708469899
