55263.31126516144
56184.55021668915
37340.62108543106
54984.551123455945
8880.916714472216
9225.84845858667
7251.023567010018
7658.351678823222
36740.62139681526
6348.891624298077
54063.31193990863
17327.35507834311
8568.898973920841
8450.26770805324
54384.55157825651
16127.355341483108
14927.355642310376
39961.60600800544
9303.257068836027
4704.829119550179
29425.17584130359
4638.710849085082
42827.36313034846
38761.60681623842
4757.169194227246
9298.083347925987
5737.921178383903
6837.882119158732
4157.169252338857
6204.742004178625
63511.70539567681
7569.12129973976
7605.654471851613
5240.66862555431
5840.66855428475
6635.430620339972
8752.022590341105
9418.565812496987
3841.1814282129103
9376.80183271834
11218.565550311887
7045.11092572314
6642.696880114579
76267.55131091575
5748.891732269414
5271.958226237433
7942.825907788178
8353.718235491297
16227.446424318616
5217.535852449161
7390.36849550214
61436.709606392884
13160.078841267692
5781.770345328749
9293.152317837603
4688.654254930579
6109.721881796421
25066.900522000535
5766.332801393161
48226.80809085284
68763.8087394152
7640.02184186431
53672.31557405209
8218.565990807605
9284.324255101661
5741.880487032979
4634.773332201486
4035.9476978437283
6649.424957495796
6039.822284519055
7196.388307573013
9608.895301530874
6869.116717668775
6335.445533455429
4285.643733578047
6114.831589564629
6329.992113136204
4592.103561440876
10533.770273826925
4328.508217564688
17979.494285190605
4709.90078943778
7036.841788017074
8901.10781421014
43427.36285508283
5990.422595014535
6366.998509536473
5853.440852328471
6641.717876586596
2665.6103974308166
22594.43540794782
10540.06051277889
15413.847031384934
75643.76507679801
11164.212674398315
6372.969613362728
15307.927655214502
6651.899001987925
47714.717652917105
7389.935934574493
7362.002044284621
3446.7144772765328
2643.272050412626
6376.71519395719
33076.21501292548
5154.892688774919
6174.177372451919
2613.9652715528314
2657.2241054286865
84743.59403404738
3992.699222842481
10851.431698701164
4874.122968997764
3413.821432137987
5754.126950293871
17394.018026678008
38268.84676954126
5192.103438300326
6271.5209962865165
5749.834008819663
7745.796005406382
7832.632260169402
7530.02146491048
6039.259697709867
6760.307398355985
7451.935239515683
68196.74366450387
15238.388451437246
72643.76681848789
2657.537641190159
10196.387914886507
6374.612832568021
12830.703058680323
16634.07695555318
4505.054562045986
4867.218389549475
8243.991354472158
35409.00534400317
5821.036191373658
11380.852802031373
6929.99203192808
6845.642775128078
17316.63414936711
5935.396473217105
6973.690309985241
48136.38467544531
10837.593727528947
6656.040533348469
5566.895305087944
33661.79108906885
7426.472497474182
4573.690644087376
16720.39283125585
6053.9782762108825
14091.49665631914
10534.160432254204
5481.50777494881
14869.848041412055
15794.294624639602
7841.852931515174
