2294.3328684601734
5141.322895496964
4037.004138969273
4828.508533291573
2760.7567414597524
2109.2762029686883
3434.616791198974
3424.6199769113764
1886.5314284909914
2287.7812008629853
3784.1848568021774
2680.8479108198567
4086.303734603976
4157.782667978648
4034.3397224487094
3417.998478911704
2199.1877840768416
2850.6961325466114
3322.683433912224
3624.8368304505107
2848.658235425076
3449.6697505547486
3552.741899058605
3890.372294244618
3205.156409411758
2846.8254957567387
1892.2549401384854
2291.0650279669153
3318.4965084674473
4435.133984126576
2848.684746852344
3785.1742896869337
1435.06358596552
3427.8398003410907
4163.478382580038
3668.2489677718113
4417.816074650795
4676.4048172169605
3247.2148917677646
5070.713077715727
2891.065016192861
3870.357160142089
2664.7445259990695
3782.318973499067
5057.893892547665
4269.597999402118
2659.6051426574622
5658.4046352354535
3037.2409721967524
3874.6407426093965
3521.3336751922507
5707.015785106541
4417.980673894205
3450.8587885904726
3240.677107130119
4766.179066227742
4468.1917071763
3237.945568608523
1446.8020937964557
4620.017727873891
4941.099852009425
5952.928254898253
3537.8903916075897
3262.44012147675
3302.986434117173
7373.183006178582
2584.7827291458575
4268.248952207213
3587.0923649926713
2572.6415718450694
2123.112878734729
5851.468811414068
3820.7145107723572
1824.8564587069595
5863.385954284765
3018.937944721304
3629.983780316652
1381.8510096990892
6274.555590015436
2155.9439432045347
5552.355367853064
3536.3065045949716
5530.6946113840295
5879.307209760567
4840.780473075517
2798.849165184046
5835.90066889599
4029.8321234495065
5608.033600622172
5063.027465489081
6447.030871717587
5605.498746990465
2478.617623530324
4437.945540152751
3818.59975650942
5387.227070260492
2491.061745987685
5656.050321850584
5805.7401698958965
6269.2745623896435
5119.469390052711
3261.3156445536756
5258.995787889125
3021.0080707695015
3801.3765196213353
4136.306492093951
6031.617619759037
4371.958429180609
4232.606035835172
2881.318908309833
6131.6961771049155
7949.645798613192
2204.505907366326
4819.642450945806
5424.085289178605
1202.8650408385445
4457.89391617687
2563.7828666726127
5134.563581391507
5278.222305357652
4459.605087456443
5415.990082507327
5554.23354456317
4789.0284093641185
3819.538259803918
5120.274127819957
2316.4328975454378
2847.159666275459
5526.404768772379
5085.026679231717
4123.005896281108
5459.954808444584
1510.197766268941
4717.1534749618895
5407.786597549723
2493.6541188245665
4790.862287382722
4994.043059666476
3325.2785106078577
4112.740611691466
4058.9958160891074
7588.810201693085
1319.1404667976642
2820.8629416502245
3858.70175231906
4811.009335729507
1388.901208093459
4660.48559192939
4792.775068506352
2454.6678900359107
