536
537
513
537
465
540
553
503
501
538
536
549
536
504
548
541
549
513
540
513
562
546
500
495
543
540
535
544
519
710
543
465
538
542
555
560
494
540
535
541
537
506
555
516
548
523
514
505
528
538
503
541
507
507
510
551
554
493
539
558
541
563
512
534
496
535
519
508
662
524
537
523
552
572
546
298
667
281
598
545
556
530
510
505
517
656
494
516
549
280
549
529
518
278
652
506
517
516
515
543
299
513
499
518
279
597
521
539
532
500
542
503
517
502
544
515
662
504
544
535
539
561
557
552
566
502
585
495
509
714
527
545
542
552
722
567
503
525
613
710
547
668
566
264
713
502
277
551
299
516
515
707
514
514
300
300
550
559
499
783
556
284
650
298
509
552
532
497
524
298
553
283
509
536
1
535
3
714
525
503
641
515
1
285
600
300
554
508
543
551
379
515
497
561
518
541
551
497
653
556
551
613
538
721
514
713
506
550
318
280
1
3
497
561
552
526
3
732
772
297
300
1
662
650
509
513
563
264
531
547
525
711
510
650
728
289
517
519
544
3
604
282
266
675
555
547
512
545
266
511
498
538
549
281
546
516
530
661
11
10
710
527
384
607
9
520
512
521
264
287
651
564
528
541
650
560
288
559
736
0
731
550
512
508
698
3
555
770
309
560
8
515
673
11
298
1
654
651
542
284
565
785
336
296
533
281
788
285
535
292
0
716
294
713
559
542
548
2
300
909
9
768
554
266
715
284
532
674
501
781
514
575
513
304
384
546
659
389
10
524
900
714
526
576
336
628
671
652
549
613
286
541
287
511
662
395
535
564
316
280
4
547
380
534
780
313
506
0
500
615
509
0
279
526
553
725
758
512
292
278
295
8
654
4
280
277
290
300
545
331
3
0
290
558
333
563
533
614
537
392
571
303
722
758
611
517
707
578
542
1
711
641
522
774
553
772
565
546
533
7
768
294
538
819
510
787
771
305
300
571
719
662
0
265
11
564
548
1
10
299
499
500
0
656
545
331
277
334
299
545
522
715
533
11
500
532
287
514
311
11
4
391
315
708
515
10
2
286
3
340
587
573
353
307
514
670
902
494
530
501
544
3
504
723
572
614
0
577
316
11
543
600
287
720
335
554
532
3
299
653
756
535
10
316
546
608
11
8
656
305
1
511
716
496
4
608
285
3
15
536
569
543
0
602
313
551
265
493
286
297
756
277
12
613
652
329
9
567
611
655
668
0
413
511
666
710
508
308
661
551
330
711
17
548
821
29
495
527
500
301
505
0
600
501
285
652
416
724
303
19
320
539
606
307
614
312
311
0
350
507
631
907
8
776
744
3
1
508
0
721
306
355
910
300
543
668
293
557
562
3
774
565
329
529
330
679
531
57
289
10
506
600
321
295
734
3
560
0
298
16
602
504
540
752
285
9
283
725
412
516
795
611
561
601
723
556
776
360
500
769
12
337
305
654
555
773
780
8
514
4
9
9
329
358
286
671
671
300
550
309
283
654
767
570
281
562
528
2
505
334
501
388
770
305
518
738
539
651
538
351
771
721
1
505
510
569
338
381
601
749
503
509
378
3
653
295
298
673
557
772
76
299
386
499
294
16
710
630
530
531
574
707
68
349
535
619
643
503
335
264
1
513
612
655
337
281
770
69
780
773
302
18
634
280
527
290
306
7
707
709
330
306
280
754
0
714
722
767
540
556
4
306
301
504
712
781
598
782
506
554
729
673
367
597
765
532
7
653
366
64
716
379
331
18
15
299
384
1
67
534
534
265
667
773
905
414
333
761
0
516
414
722
318
282
9
2
334
557
897
307
18
556
603
597
717
396
281
420
724
715
498
545
642
359
0
60
770
300
312
278
302
387
643
667
52
797
612
718
627
277
657
603
19
727
11
8
287
0
549
662
733
29
312
383
898
295
50
655
77
778
305
8
277
375
653
504
662
24
602
708
3
0
297
650
550
672
10
8
572
707
300
294
333
649
744
387
76
20
657
319
312
287
555
8
510
286
67
77
1
556
287
292
727
2
503
614
305
570
64
301
331
2
713
0
391
746
282
613
4
570
338
913
726
59
11
680
358
1
713
728
614
785
655
11
523
59
493
550
295
306
1
339
334
70
332
500
0
332
7
10
1
772
317
772
655
735
511
65
657
291
2
610
60
317
598
58
63
6
9
501
505
336
293
708
672
330
8
353
502
733
669
51
339
385
320
331
316
601
1
67
512
663
339
375
820
266
764
675
620
756
549
2
656
318
640
348
300
812
546
737
725
9
721
2
692
659
706
340
304
770
16
57
821
309
4
385
507
421
739
496
696
742
331
15
382
389
780
306
533
312
6
719
288
60
285
2
610
42
537
3
701
79
507
315
314
561
265
265
519
329
532
8
609
531
302
548
20
76
755
737
292
1
284
375
317
2
496
553
528
0
302
762
6
805
34
366
337
374
3
0
1
282
511
356
1
337
524
794
293
294
315
648
637
648
0
61
329
547
771
11
703
25
58
0
316
68
361
567
907
309
10
285
536
554
86
374
347
765
297
563
289
386
57
304
620
533
352
697
55
2
3
315
330
747
333
676
17
7
21
772
674
418
534
547
575
778
369
502
518
307
737
738
735
512
762
669
717
3
287
282
316
4
670
0
565
293
643
2
588
86
548
312
4
395
296
2
373
3
19
659
419
911
294
9
56
36
340
38
22
29
47
619
524
3
0
797
818
288
568
558
606
669
746
8
298
760
823
498
306
512
66
338
296
23
501
1
10
376
2
570
308
301
830
511
364
2
3
914
288
799
777
318
3
2
712
20
713
550
18
708
670
784
311
719
903
802
281
632
517
386
7
342
545
298
607
785
765
778
776
672
583
266
8
19
30
704
506
562
415
801
574
1
611
327
266
310
2
2
297
340
284
264
74
305
387
78
16
706
314
311
759
392
558
13
76
9
346
289
392
6
3
29
2
34
356
9
61
334
721
328
290
7
777
651
333
572
661
734
604
359
332
376
688
714
552
366
310
16
52
285
314
7
21
824
2
313
55
309
26
537
0
1
317
284
80
689
67
52
21
13
290
742
1
41
784
18
320
51
55
656
337
312
383
289
723
10
676
342
71
507
10
87
531
44
367
310
537
778
27
4
2
335
771
558
518
398
66
536
45
338
325
548
784
9
316
340
775
4
59
66
605
605
699
657
519
1
377
737
911
534
552
265
768
328
286
760
533
904
295
354
375
345
364
287
783
752
61
6
333
299
78
14
341
25
599
901
10
286
465
347
365
43
763
776
655
4
708
7
519
293
13
640
521
281
767
8
908
651
58
611
757
72
70
348
3
502
661
341
717
0
36
304
341
2
692
69
66
43
0
812
502
27
354
499
76
903
52
7
59
44
523
508
612
658
266
32
298
279
26
677
400
308
313
1
50
547
3
372
725
290
715
46
715
2
753
387
0
505
703
365
367
754
510
761
319
740
47
55
28
46
1
70
723
19
294
326
781
8
65
264
1020
348
391
1
692
68
413
288
637
524
72
293
642
670
345
373
534
716
9
1
44
795
660
571
779
518
11
821
2
395
702
675
280
520
608
498
320
1
324
378
331
27
776
12
377
56
277
312
720
311
550
40
24
399
541
2
707
282
527
391
654
670
784
783
635
347
415
368
591
388
28
552
308
353
0
574
552
45
671
9
63
5
0
297
48
47
712
617
771
33
2
336
1
769
350
823
287
24
4
562
8
569
316
573
745
798
319
536
49
599
499
342
339
68
361
360
328
782
909
266
298
18
333
29
306
858
754
629
789
320
6
290
610
645
553
753
730
5
830
749
394
684
540
306
321
318
298
315
35
736
711
700
4
896
4
324
3
22
377
301
16
606
504
738
559
736
354
515
11
781
291
41
788
307
298
331
677
417
773
24
293
569
726
761
775
639
501
11
10
4
819
777
497
33
54
362
0
693
0
12
1
614
739
86
594
612
789
789
372
7
560
525
824
544
3
784
786
36
497
417
532
520
924
4
9
679
321
900
300
292
70
53
706
602
538
39
295
743
290
306
338
321
55
5
17
296
359
660
511
2
301
245
332
499
658
296
775
1
389
952
543
665
79
3
8
44
286
323
1
557
519
909
71
496
13
524
43
284
918
89
3
779
387
339
730
1039
570
771
603
32
633
898
327
791
4
503
353
822
304
310
294
520
30
305
555
2
897
341
712
508
81
798
826
80
820
659
0
4
669
312
329
779
726
649
506
639
287
709
50
650
361
328
342
77
660
620
277
48
341
694
799
841
285
6
81
600
388
42
0
664
291
313
729
691
0
323
412
367
336
504
339
517
318
311
2
42
28
612
551
673
904
537
774
63
1
649
2
303
32
787
819
819
899
2
659
787
301
64
11
906
52
549
330
681
371
8
3
505
647
326
52
0
615
315
7
381
653
59
58
24
0
354
71
312
589
667
289
686
34
376
606
58
616
656
5
23
346
332
786
87
516
41
72
530
895
564
363
18
53
56
83
87
71
788
666
729
111
818
300
2
48
678
733
394
40
40
340
773
768
294
10
292
347
577
13
939
502
365
337
27
11
15
278
554
17
23
291
52
30
566
755
716
76
658
17
810
315
615
23
368
706
302
2
303
292
61
74
658
3
2
1
711
507
369
748
297
902
729
898
49
349
723
704
307
704
336
21
661
310
724
659
39
291
712
374
790
893
3
379
838
32
338
356
314
853
332
507
7
62
2
520
599
88
819
336
520
781
774
310
74
778
288
293
338
378
606
3
317
324
531
2
322
65
710
311
0
855
1
291
901
522
54
55
590
519
356
46
62
48
21
784
8
2
739
48
295
544
647
321
547
779
517
539
4
571
899
513
525
304
332
318
690
22
27
1011
348
41
751
363
63
303
789
1
65
900
344
333
69
498
794
942
902
695
285
0
21
900
823
606
646
25
60
53
31
336
5
665
785
614
547
43
266
5
15
67
297
5
728
719
44
329
279
709
325
906
3
44
659
830
804
676
717
614
50
12
804
336
36
605
343
390
37
34
308
566
19
352
384
392
317
305
289
315
612
725
830
288
373
652
854
730
313
1049
412
23
48
287
363
63
316
9
324
287
309
331
281
650
769
47
81
615
389
502
43
319
5
809
560
609
764
764
69
346
352
22
279
311
6
564
62
12
378
539
70
45
371
751
350
300
0
7
750
687
844
295
1015
748
605
375
89
740
61
832
38
353
325
751
279
312
7
824
63
533
3
66
283
3
33
718
377
811
45
93
769
309
0
343
357
720
918
338
663
296
235
347
7
337
317
673
2
906
39
532
18
54
18
1047
4
81
522
371
63
47
74
792
742
71
717
826
741
314
70
731
17
5
292
73
38
897
500
21
56
475
284
511
720
27
769
832
351
831
42
283
54
642
636
0
1
842
330
278
47
283
318
790
311
829
97
319
696
414
905
758
498
658
391
436
914
753
296
355
376
299
608
341
638
11
579
14
607
540
32
614
822
72
7
4
289
540
736
13
820
5
663
352
605
380
58
5
646
12
334
354
295
20
305
1
817
55
6
348
654
347
418
358
4
332
245
51
62
546
40
824
293
5
806
911
294
652
389
357
553
913
509
246
75
349
783
247
1016
831
290
775
544
3
780
815
22
371
803
309
38
662
12
310
743
681
309
13
286
46
324
647
288
350
750
42
0
615
6
774
5
775
656
266
894
49
6
705
283
499
372
47
764
265
529
41
751
795
695
1
352
335
369
31
1
327
1
332
341
787
662
669
636
568
302
351
607
63
363
313
571
47
920
349
908
342
13
71
362
19
45
7
278
352
553
924
701
910
638
769
382
57
5
715
308
380
64
307
40
16
301
6
70
5
71
23
829
18
264
282
912
399
700
2
49
920
739
21
672
307
301
29
767
2
27
14
56
320
731
822
44
412
709
678
35
3
53
565
276
12
905
827
66
903
545
415
332
23
596
3
538
1
311
906
304
753
963
0
3
393
909
862
15
90
45
288
378
302
327
73
975
921
953
576
823
930
323
309
673
4
23
372
1
644
53
351
1
13
534
509
12
295
361
329
237
1014
609
297
316
350
748
31
379
0
304
805
86
0
766
73
31
64
813
793
281
711
698
356
62
767
869
237
3
73
26
8
8
65
40
20
693
386
62
394
14
334
7
1
2
5
342
72
735
75
5
337
372
36
37
41
498
714
743
325
13
910
8
518
299
551
29
1044
8
361
1
305
914
352
16
73
761
35
664
831
354
278
927
563
474
592
637
734
46
17
88
368
66
567
387
57
360
51
382
3
791
700
380
581
41
14
511
684
435
1
64
326
56
599
25
679
54
0
37
56
532
75
385
810
322
323
56
30
47
385
58
25
364
616
388
802
696
65
690
897
53
1
739
247
813
657
7
334
7
0
417
598
66
694
698
567
307
292
68
299
12
340
663
645
291
4
669
293
333
291
1037
330
2
69
83
313
14
902
62
295
6
51
382
920
970
4
84
71
374
342
711
765
93
780
536
347
323
283
339
57
38
939
34
499
521
328
935
928
9
1
618
759
86
340
266
20
504
901
766
23
4
292
353
48
597
336
4
285
311
335
340
3
718
393
334
277
4
330
52
304
2
2
556
1
1
779
284
777
1046
100
619
236
7
30
34
2
728
323
462
324
6
970
291
349
314
682
100
730
310
498
0
793
665
265
286
49
327
501
325
523
284
92
13
75
74
61
56
474
326
282
791
765
655
332
521
283
412
310
962
817
641
5
284
638
55
777
816
336
331
586
79
3
28
349
696
5
902
1013
710
0
329
93
895
724
390
336
6
602
908
99
76
322
753
749
503
381
617
526
54
3
763
768
1051
70
338
825
45
557
1
291
358
665
940
26
368
302
91
305
54
345
22
840
4
414
36
319
904
752
9
62
604
35
582
298
515
54
36
569
30
789
4
88
776
80
665
346
316
78
949
67
657
76
613
55
1035
4
1069
709
415
53
846
422
927
1042
413
302
18
3
607
807
37
736
265
3
507
335
1009
58
28
294
26
281
772
808
699
660
729
830
682
2
395
337
525
557
81
351
57
674
843
35
303
709
84
764
297
385
415
821
290
833
43
69
276
9
796
28
317
329
43
24
26
2
703
64
782
393
321
65
15
284
50
39
786
732
329
790
281
542
539
791
22
81
354
459
324
280
523
35
245
0
55
724
1
4
898
306
303
74
0
1020
307
64
286
705
812
0
35
503
67
2
384
376
290
3
33
325
700
347
766
35
6
20
649
667
865
0
899
760
8
827
19
1052
1019
1
1
101
90
554
322
832
345
7
1014
63
234
349
315
72
778
101
344
809
309
33
1
8
899
812
336
347
320
360
32
69
367
63
886
945
234
790
39
72
605
958
28
353
745
314
912
16
314
385
397
96
441
770
326
663
392
894
51
747
528
1
886
912
715
668
918
49
285
37
978
39
282
712
355
5
921
498
288
1
766
287
370
350
807
11
820
335
45
318
972
522
4
364
849
923
12
22
397
10
822
733
568
730
867
59
88
1067
495
90
5
239
910
31
70
23
807
19
887
940
301
609
803
711
840
91
353
830
318
809
1
326
0
75
92
1
0
26
99
393
3
48
313
555
1
1
1013
2
3
3
306
92
731
914
845
2
303
89
766
309
904
548
82
320
1024
327
766
852
28
40
458
346
659
377
895
666
313
697
1189
476
71
373
1
964
759
0
51
741
829
73
335
7
9
199
364
400
810
12
14
352
39
0
831
899
842
9
705
314
370
836
1
36
390
908
30
302
310
367
919
1
281
781
373
35
38
44
388
2
1033
670
704
11
347
691
61
916
321
81
6
76
9
943
280
67
9
22
83
518
785
861
728
369
360
326
303
567
714
310
530
965
708
286
332
903
25
890
821
856
367
39
46
362
2
834
289
855
0
73
943
1
89
677
1031
613
951
759
704
67
744
74
348
77
92
1040
811
722
69
904
3
1024
39
62
51
882
348
504
53
498
317
355
496
339
578
32
9
4
344
73
79
782
1010
343
277
448
876
810
90
604
350
957
505
661
734
655
502
922
312
663
354
687
344
339
62
285
330
738
321
310
43
684
3
346
325
514
339
88
1023
308
370
80
277
660
3
716
43
1023
750
1016
846
509
280
13
696
923
377
370
343
304
614
918
792
328
99
1034
0
928
781
369
342
660
697
318
1
826
296
335
92
392
640
315
750
14
15
683
541
3
338
61
927
15
376
19
917
78
601
24
643
71
512
0
100
12
98
313
1015
648
814
975
58
20
668
55
77
940
297
1036
233
78
317
93
355
91
57
378
501
528
883
340
311
1
423
330
653
888
20
4
814
27
917
21
46
774
767
777
453
38
72
869
38
453
36
664
50
306
929
7
885
14
974
791
29
72
305
664
308
688
608
782
1045
23
841
94
674
85
561
881
325
49
794
1034
782
641
324
375
313
4
708
969
754
453
734
833
705
947
91
34
83
800
323
792
2
768
606
1029
837
308
1
794
785
955
510
981
83
879
346
10
780
284
27
836
26
747
41
98
377
1050
328
383
33
8
4
429
698
9
339
910
86
952
26
308
64
371
884
74
925
910
1
0
426
295
903
1
48
794
776
927
853
101
68
905
9
1048
393
1009
843
2
0
649
53
12
921
1030
63
1030
956
1034
683
686
31
61
68
7
846
80
2
0
5
1
738
827
1226
735
1025
8
959
343
875
787
911
603
60
5
544
907
1
582
499
87
720
681
48
34
283
82
82
218
543
100
897
4
15
828
40
78
666
934
83
764
885
250
506
786
660
94
658
828
391
4
57
1018
5
293
602
12
544
36
82
1190
34
247
290
258
25
721
37
882
283
355
685
73
82
935
0
27
37
543
25
656
73
335
403
95
93
913
363
606
26
113
62
784
57
245
866
58
674
294
61
54
80
1032
1012
835
753
282
63
1
767
587
679
946
980
100
296
301
521
55
837
932
31
41
5
513
32
86
709
1034
275
525
37
732
322
101
788
1045
0
27
84
745
911
863
814
289
21
14
880
671
1
857
89
78
304
50
35
65
755
487
20
646
765
351
79
933
105
294
310
294
249
282
10
430
762
348
941
71
1022
748
862
1194
95
29
4
0
261
919
1027
92
671
605
47
37
440
28
207
599
864
820
17
813
816
1008
743
32
92
72
339
568
860
97
863
95
666
6
90
313
11
781
834
6
931
272
900
546
970
360
770
309
888
71
912
362
953
852
647
103
1036
1251
878
318
666
85
85
835
878
39
665
225
617
343
509
314
1016
25
710
49
228
381
752
1004
346
678
416
42
1009
785
840
114
420
215
390
73
2
366
1192
2
9
82
22
342
324
369
383
4
877
837
980
861
834
907
742
5
57
914
982
782
2
9
59
248
541
207
777
815
818
463
608
275
22
786
50
529
282
301
81
393
224
568
54
319
375
6
956
269
19
381
307
398
196
51
349
791
823
648
706
237
84
22
103
299
103
0
788
87
933
726
547
533
981
337
817
1191
42
70
37
218
949
663
508
1014
262
302
197
501
29
1047
13
322
413
566
889
1038
752
849
901
313
339
416
458
88
6
976
884
349
427
877
108
1043
365
76
194
341
58
61
1019
543
667
102
1305
35
65
539
5
972
404
896
457
586
234
7
385
471
53
751
33
235
262
1193
66
651
246
300
70
323
28
33
653
419
786
326
258
997
620
454
6
215
677
101
917
699
296
843
783
344
216
559
6
922
813
7
452
281
39
682
274
41
783
1248
820
0
33
214
1028
709
525
737
901
98
56
246
668
195
634
846
1049
762
238
527
387
844
837
463
919
918
1031
1215
1189
249
3
238
386
19
1011
1048
684
702
958
1054
280
1187
919
701
916
597
36
762
760
599
415
2
60
603
637
744
349
69
707
607
45
636
322
1052
943
530
1224
833
290
744
528
236
941
240
1010
52
91
918
8
769
1037
854
352
1247
485
434
274
1009
290
857
1
111
97
1191
320
87
1067
1027
706
277
573
19
226
51
565
1
641
226
1308
297
65
1022
1212
1028
455
1048
30
665
8
329
21
597
473
102
185
4
11
1191
1046
321
206
50
487
703
722
716
262
