53227.13479881486
60369.873755931294
80560.62852812464
60969.867595936936
61569.86187530022
53827.13077830318
45397.032928681074
76340.29924956925
52627.13998449139
79960.6346658965
53175.50443224589
82960.60164727777
45997.0270819277
65817.75743476783
54700.757550171096
40403.64127721796
35741.96691378752
54100.76296963978
81160.62167261746
52027.144758217335
64017.77798179305
2508.743161890441
46378.4083196008
68198.69512946077
44721.575693358216
64208.84166981969
53775.49817081538
44121.58139957074
52575.511091301894
80756.72206656754
55300.75329836238
39803.64548031277
2621.600108248874
53500.76891221654
3333.645349815773
3288.2163257289576
3902.7231387054726
4559.9950277453245
4453.4827653879165
33711.8319784307
83560.59674696592
82360.60773564558
88072.84554273516
94729.83715201121
32694.586361161586
39203.65079804561
62169.857874249006
2517.744582756671
55061.60945657441
54427.12908243324
73940.32596344883
26453.26175919652
1987.8578525625821
5035.948584466078
4546.366632968533
2576.8199864759263
59992.016405369584
38227.25188411816
13066.430097866232
22701.55844364226
3884.484697826008
34525.82176893316
75740.30695176513
2609.026295364504
36185.929285033446
36941.9601811243
44797.039094899934
1993.9995827739217
96529.8145692869
25853.265022624935
87472.85191995098
23301.556408451295
46876.593246138305
2547.859874376719
107706.81765856038
69395.86439351615
27053.258815593657
52369.68507065041
30960.84676087267
64617.771019409076
63608.846259410544
41787.28463305803
3485.773400188307
19314.291219523824
3074.317730396146
3639.7432594375678
4473.937468441528
20344.705228720555
4476.819909655627
52969.682407097804
108906.80603704983
36341.963237345415
24963.121086263047
27077.192526665796
9947.132591080865
72169.0169611333
61208.872544915735
3979.4104288628123
26426.144217861784
27653.25671426611
26181.40996778585
3674.3157764397
65795.8959802655
2450.818446190528
4484.483030300083
46505.76824957671
38603.65557895458
5041.314096713929
25563.118280762526
3112.24266279805
1884.06208247589
6233.025321004672
6302.71644445116
54375.49374890678
4478.661440611602
20757.09155939236
6275.949333437196
2623.9490111171995
65691.93120961814
46978.40434691317
42387.280155191314
5050.840699380659
1861.7836887846095
5251.780289512384
45905.77393770712
89272.83769956928
51034.14005489413
41040.912271122965
28062.526644047186
3209.0256957111633
17152.97440360922
1884.3040742299393
4495.7191224874305
3302.7260498626574
3039.746208922513
3667.0573539753814
84160.59339895849
108306.81240709145
28622.112190051972
2599.866555709891
4483.318269179744
5702.6088840387165
80156.726799556
3597.1375566104357
2588.0359020588935
5733.638535774012
37627.256800442985
41003.63952680128
3296.3189602560938
1926.040344813945
12370.759695295425
2593.941204188962
9368.346313808715
2484.3037783693276
3379.411251781857
22101.561277874727
5076.818394597654
3894.0446475588537
42987.275542173185
62408.860158181924
1400.1694199786255
3087.07696333476
121300.15125139036
75140.31452704321
4471.7827900222155
1328.941384820705
46276.595315963
3164.9242703766336
5216.640664489487
78760.64317754873
73969.00511598344
3766.3774005314276
3395.1932632736243
3754.953382105019
2610.184576306273
4574.701203511181
21357.08914791255
47705.76192825748
4249.32735774159
2559.7025398630585
19744.70729962213
12466.43192873989
34985.93770854453
5702.718009190086
4467.858842387202
62769.85643900807
1929.7143836872765
63417.78399650626
6544.759597594718
73369.0068295443
2446.107394889176
4442.704043223416
68795.86851095918
3293.231467503394
4474.390485949494
61192.012458765654
25923.069781202415
110706.78498703722
5729.4094230039345
5044.854254873139
69995.86157168023
4441.655858164702
1248.6850230841221
29462.57168772975
4467.2522082474825
1860.173386315254
27026.14142437817
53569.68081704518
33294.5842931722
71569.0237762532
3863.9888096389427
97129.80802017335
53261.62667911452
4186.910326785429
79556.7305887934
75529.24490478628
111306.77897637764
10915.648537773639
13184.190570337169
3603.583194059278
6207.904302095106
6290.754920130684
7530.7412101941545
66395.89090875011
13666.428629570664
2454.6265001557063
47476.59157587641
2745.2542024856266
55234.11242516123
4589.764523058514
2330.147154663942
60592.01365925073
39874.49464536604
2840.1009904715565
26523.067243817506
1259.1289532891776
32224.943343838822
6205.598441140273
33111.83553782103
67598.69889465199
12950.352338313149
69998.68401175192
10957.419319106539
15533.73085301445
86872.85905896923
2007.6637657301228
19979.174619242527
37541.9592571942
3201.2782251094613
3874.392768291533
52900.774699712354
5052.363543894391
1971.2551022175755
1846.107820545501
2006.4988272560802
8144.78548601554
3860.7880611832256
4447.214875298833
4464.903791969276
3286.393097353159
4439.407952763152
54634.11563366742
18006.752977833323
53861.61985264536
65217.76389964041
6019.953485139263
59392.020000736135
2733.648347563646
66291.9298262802
2046.0074265366977
3933.642944289602
28662.524234671633
5690.756444200385
27549.932969324007
2845.96486697412
20944.70436950504
30360.849288469577
112506.77097135498
7924.442783668082
16133.729348571587
10945.003881129032
22594.99129623962
84760.59185495685
4445.611814424492
86272.86614573622
55900.75072932954
2052.7485886341888
55661.607690399134
20955.121752740924
99826.90939055264
98929.79756428637
7757.371623128234
3907.3918476345375
6243.037387908621
2601.9548286826357
2468.0490601755882
6536.757418309439
13743.182361115098
2452.1304256527915
2092.4663179585423
4934.321746114332
3878.6637473940723
5047.21420122195
2515.683706510359
2578.375064683591
32511.840014467434
2458.6481397817156
17406.75506995255
3292.819547093436
2547.7611863561624
2477.6966110232065
5678.6575533352
19144.70988601867
32476.480788905603
4931.88363208471
2558.0235418810357
31062.626640491388
4553.056301120012
3293.874227274605
2467.305893645342
29222.108616219906
1954.1700309517444
3221.599649727206
52661.63309051239
14593.417199739895
29822.10647791315
6333.637322946517
1246.1082847845228
8130.740570741294
4392.380914441042
35125.817559238065
92929.85328417113
5235.042876473846
3083.0069663572144
5718.743717039597
45321.570579104446
5741.628321012918
1912.5585647206294
3292.2069717007007
55834.1102213941
6286.41439297968
24653.27035998937
5986.907233213175
3975.239424706138
33925.825998337066
11557.417958966424
1973.632744822411
90023.32930400668
6189.906158096709
2000.2230204689943
3071.2264685748555
44787.2659938243
3876.8216367584264
59769.87892970707
70369.03542148734
4475.953029671531
2095.1910985124373
6266.038731871221
30062.570237635126
76729.24148118489
2637.122490193513
29171.855570891403
52300.77967646237
3878.676377118536
21957.08804663158
23925.23455020918
3763.513504342612
35585.93327396258
1843.3997293515283
94129.84388355077
2010.25181793647
3285.061477136489
2631.1833129933784
2001.9552794859762
31276.487287627046
9183.07324779114
20268.704232273627
5130.746183954167
6550.393124028783
51634.13689437817
18033.33964090684
3295.620114181079
3193.9405941799673
3374.7512072698537
2469.036875209442
9114.68209475293
1850.8188826620121
8162.070437709873
41533.35730217815
2603.311555614228
3163.764506717354
2029.725040139726
6239.782516525757
3611.552998290354
3476.8019705188944
40474.491726669105
2981.0145704373435
5207.494502692596
9092.137125086916
4179.564841342899
20126.25223409008
4450.917749821465
10060.545352462013
51700.783304551434
3226.3555842749997
3881.982684481574
11963.025883019449
2023.6005801473664
8409.076415990947
2522.4297113846706
97729.80277583883
46597.02292599252
41640.90963022858
68195.87361024042
2457.8609674364834
2484.0617381271704
47105.76379044427
1967.9264482820413
5300.7464575987315
113106.769487403
3285.913031469949
4937.035274822494
79360.63966057965
3863.939036841032
5081.978652622408
6249.924372314238
5710.181939011398
4683.836686672347
6273.764749739361
4449.5532274681855
3842.7054547353537
5102.719771563967
10555.234337545406
9370.451275704909
40440.916716668275
3223.948710544141
3106.9931818132113
108041.99780603212
1325.2182806980595
85672.87237013373
32326.778677534974
47578.401993652486
16277.974342301572
6889.057244816502
81760.61457397681
3839.409723727853
5145.8747642958815
21367.84977345307
67491.92736156179
3286.0511002048843
4109.393058191826
5479.391338626848
3239.299629227226
9968.345722865917
7833.597409773017
2548.2826106554708
5616.349318861191
8639.363898908048
17922.790378833775
3504.165811151655
122500.1444702613
3031.2773639228944
3809.350118381842
11545.002398093622
5475.857456925372
4702.392872843719
5039.339415698245
3853.4845605849578
3852.0295084895015
10345.005342963947
3839.299224249747
5724.123371928191
1448.9677591052066
4549.598146416511
3856.8335497526455
6260.784435376254
28610.357596941507
6001.956348336697
3631.2744480760193
5589.90882272955
54975.49218445186
89423.3313339469
2465.3283722959723
2355.086948622755
2909.6777910392507
29262.63723585966
6891.279914993016
8749.036871684762
3867.861109024903
76940.29230112802
3107.851568276945
88823.3330332154
6276.117445153555
6267.493199390543
10549.06005934994
21420.318672553065
3931.322710545137
5474.080245368176
4411.607837767871
8778.749377309376
21967.84804150953
5104.056388848197
2590.3857699752552
5075.606996749661
7312.4450907511855
3907.3479065829833
3602.1457028193195
4997.948875742062
3883.320577374477
10540.413513891714
95929.82195853506
4926.550797552689
8849.421699597397
17322.792459188673
3071.850099510864
2904.1664199059765
10123.020951487742
6772.128525507223
13871.649092245678
3898.3826446112685
3294.0465463711203
6278.658918583971
9678.489309072686
18993.572090487334
3212.380473622854
95329.82966911128
16424.300193382205
3188.035415776526
1961.4531934797371
3267.2560959082734
1240.2773125323981
3390.8128076100434
1284.062575229982
9679.593157391173
1989.7816747414738
124300.12945138723
5070.880501737526
5650.83682676206
1260.1738809817866
6299.111357316285
4423.418645392675
4231.2717771290345
3913.025042508443
713.1812963734119
4570.271772323342
31911.844011271703
19567.85666435971
32773.379749027314
33076.478337510795
2351.118665498982
2460.17292251757
96226.9355578982
4482.90513599577
5663.984741044464
2423.081238832753
10862.621172970543
5526.547090554276
3851.4727266887153
3845.613595572066
2202.1472133266657
6200.564490723749
5212.653456767903
3302.104698778089
38674.50124897623
5287.96110064898
2604.045304167294
1008.9020900146572
6052.548048563275
26163.117011744074
66891.92842229006
4846.1191864258635
14460.494421433734
109841.99143928246
32094.58948966255
33384.747619427275
2437.2828290094026
20767.851965635193
18967.858637245175
77929.23883639408
7426.953117948299
4240.000644849136
6639.735420160814
2461.783409065385
2449.990610546025
10871.335690847654
3237.122261876072
3176.8194577244303
8727.01607455156
10230.035282117595
123700.13462439933
4451.470980728784
4573.571906242334
3034.183023310476
2601.2788739013554
16833.342983127357
2012.7754246728973
6278.655869787842
8814.212238895147
6712.445743678365
33676.47685335955
5644.851110579368
25826.147716620795
13393.419805360334
5056.8309827583125
8316.509771883857
2459.180925823382
5043.08820203514
6977.14285298644
69398.68676193901
9349.036402246622
3199.8659640896185
2519.852025350409
15994.095408619936
1238.5135964398353
975.1188617474979
17024.298584548465
5985.034008005126
5745.873711944085
4994.209298192193
4564.684015906317
6962.148638046754
2611.8115762527905
111041.98834295834
123100.13975688464
6811.364154905232
1242.1882952822891
1968.261274096318
3064.3242588606963
6458.951886429816
10547.964572424238
638.513886061325
5049.744896772311
6034.172848077654
924.1274505599312
7918.642892148503
4457.441176612903
42733.354683869744
31876.483896094167
10232.31929649118
3928.572817770106
3074.6934289762353
39274.49789806564
7732.009615750503
1918.427546616186
1932.558911744848
5061.982465867255
11416.62486612764
16256.426995240005
107106.82140048142
5084.482233395231
7863.287055787202
30371.851370646535
4354.095870645791
3873.9397721841765
1506.7449810377734
13693.192933060514
6886.786131752425
1283.418281187384
6252.025950497627
6090.1846975960725
6586.906981419315
4468.526889814576
4091.1113427596897
51769.68787449829
3172.557304247531
17653.86319473461
2714.8544988598933
6295.682513936356
7916.994976122253
2145.5527782608065
4567.056992016031
5060.483435307473
5788.783313146271
8313.684275236858
2469.162604154828
4456.428740000698
5635.945047732308
8041.0026114250295
3111.0583130124014
688.3354884240376
6270.700644923416
20167.85435548737
81956.71305392246
5095.718737551659
21501.564229051928
15378.440569225566
3230.790023790949
4450.753686260046
4991.4885420927785
28022.115755713676
28010.359626227026
4903.080250146331
1261.7840986805277
5531.880214737982
857.8388963377295
9374.390943983626
1869.0371594709643
4475.607997731571
7368.85587260212
8797.444132596556
10315.649751570712
2453.0487085124323
3154.581119991997
4623.109536043071
6128.464729822288
4467.855333522623
3394.179743263365
3759.7541553963633
9297.74472133562
1284.30450628197
3882.575283903491
3221.8077203219377
3939.1863117302346
6259.2402468817745
15978.439533775352
6964.091646809716
4209.790559517776
5254.78020551504
7310.399699966164
10547.131666309328
6801.549459487665
12750.61969669094
15026.065487724567
1231.6865658438996
121900.1484078213
6266.41596919053
3895.719986697457
4406.334922285201
2211.011161201703
4470.881997906479
16233.34504588193
8672.191141124129
5681.697450455293
869.2969447590407
3599.8327003570294
3333.166128291033
2456.1120504761975
13143.184045422815
7437.50222631623
6320.3265962141795
42133.355699908694
4103.2817955780065
3210.1840828931304
4556.039217836212
1968.8304915177719
4455.591211100749
6881.056360977456
4478.623849628138
6492.823624111278
9539.660275220807
1905.7650678517846
3950.4131469834856
1287.3866554583906
7680.672889969297
2262.6509288503844
4447.226493347237
4253.609821782538
2625.6898530278813
4257.517641379605
21555.11927345001
2097.665646141817
9320.851460446198
31624.94502667664
3871.7850501716507
3275.9744582223175
4417.343271178474
5983.735787994345
6881.975444382951
5844.9778092035185
6211.959140954547
30526.78601544917
38203.74473646128
2462.2537072186856
7113.819088169432
8687.051542984369
5212.336034916242
2448.843227987971
6893.766769166005
3657.519782062691
42921.59081757075
97426.92749526759
22567.846993140425
7793.512137566835
1261.3240842192006
4581.034020341325
56434.109205783345
659.1293672976263
9054.751700131004
6243.651734817796
3123.7837844073824
68091.92682725437
1954.2873777371371
30676.49057086655
8908.08486332428
6140.1239767254165
36427.266167324524
2695.190828574102
1937.0401336989764
67017.74933917182
18823.252895679565
4893.370342567022
10944.247159224566
1545.552948333352
3263.9910985772503
9895.660959992463
8187.697045232451
3849.7472702814393
3154.0970409913048
3114.3070649039814
7486.182356868493
8816.928560718172
634.1242079824697
2388.8085528031643
6261.484524680445
6275.605013712754
18367.860064045995
11624.43518219981
10216.055456255068
2335.99212424122
7740.532269446246
8959.888619933534
52234.132988828846
3810.4123052970763
1841.1415383451763
111906.77420057823
6626.602886746875
4476.936485489378
6975.423767443609
6247.923548853405
4779.564419370012
39840.9212264939
9670.119296431812
9132.224657051793
14843.657301032155
2596.241468196398
5847.08460154225
1928.9409567197483
648.6854400726254
4558.111456464851
4544.192531813554
11981.55362826016
2550.998167452366
68798.69074800357
5540.077607073742
9927.01421243612
6483.092814229601
14914.539996102516
4539.185863876687
22919.630411240734
37394.13187284647
9393.002918647375
8587.353322485937
4427.3232186432615
137339.95504921902
23933.781149205537
1241.7194708078928
4402.5188183292485
1242.9845248281194
3284.4875367982468
9245.229676233563
2050.521967230125
1918.7334006124229
9916.325403749614
8979.25976201745
11031.925378064865
6261.924464104384
1260.3612697008061
45778.41241006279
3301.3048244351166
3701.5200681376855
3163.2376124504885
3711.057141255879
30462.629389653346
4996.878722603141
6489.591476406205
9557.59448147741
3995.1925038477953
5519.8615671737025
6305.387147736682
3336.2653384426244
5045.15850102129
4506.0814647551715
1222.2760516654996
3201.9547086029174
3416.7682137997076
643.4004737486102
6276.8174830335165
26445.692568015067
3223.422367614851
24467.278553793178
11448.30029286795
5255.118132088193
3851.159139577422
2621.8093443493863
6969.703544170454
6550.180617840541
8948.438491176545
4397.37682604589
18062.028887065408
7420.214737475975
6252.1515827137055
5992.350842863363
6388.296703371753
3205.1268419793396
2692.466018874935
5563.457835394987
5545.96128268034
5859.7360935479
2671.5640723833776
76129.24328125044
18714.29353793646
17433.340896183614
7445.3341124303715
3827.3443584186907
3099.9210213588517
2112.7586891424803
37474.50731471557
4687.961546241323
1452.4935750347202
4151.352254130772
650.8196936874984
126700.11488258751
7743.5761990906
5652.359700092467
7928.680994105672
6075.854321646543
10532.774314552627
7713.6854495677935
4579.4101121734875
4473.293068757428
3288.6104317272047
8371.516494751446
6802.623672766699
768.7841574029934
2640.858927183817
5040.44107621908
21775.402453666993
8308.085588565122
14729.108993412809
14191.205421629391
42179.88727164286
3292.822681639166
5626.088783266913
3535.557073814667
5943.804875984571
2520.94307321296
6454.591003414062
11866.433544900581
8454.470883359078
41074.48936273318
1965.1987272950566
9397.112801226804
3266.8743681481114
5892.206888410047
41674.487737290765
11645.973207789053
7520.855558516461
8720.852537098399
8339.545472292491
2228.4932339445554
5216.790117003325
5016.079254429859
37603.746270329604
4906.263735208281
3331.3238753938094
16255.424080931325
4299.9188687190335
7680.772138609172
6147.124347693833
2532.5585369637943
7554.320266156984
6804.7873315365705
8359.88971930167
1239.404087928885
1970.9096349933516
8346.817286763076
5064.590165576836
8130.42298822342
7920.849663114344
4440.441536557046
3305.723614133471
3715.109020547638
2432.036497108337
1401.9556368244698
10220.017935439788
6250.025393467744
8097.017088662328
8458.238478476578
7417.292589580457
5775.596240220607
3217.1478076526696
945.5531625169414
681.2412261433936
5446.11883933383
2554.7222571405796
3816.341059059142
1857.8612370198534
66417.75238292433
7482.568504995717
6908.365704530123
19210.80511657359
30679.41727456342
11977.641141880793
9352.104225608875
5492.494283119554
8968.792168207503
11618.523208941097
8087.05243389491
3870.88364167704
6207.954451150034
5090.567762280235
5075.717473257477
7121.8941062702515
8448.306901532944
5203.0130216179805
3821.8068504416487
10871.401177042324
2312.002784528366
3118.426400830329
5054.199697946015
742.6635910656724
8083.024716223709
3806.2304882510084
40979.89314908195
3942.2615472909933
78140.28366166382
9899.724348342099
5283.836275784355
7711.702776504558
6975.660883609386
3812.379844933068
1367.9267397831243
3350.414228724013
6875.949083193996
1983.5116695003387
18868.79048814434
12823.696297720266
3103.0836972420493
6260.215259669748
11352.45165047755
6232.901352561783
4127.417346263118
2500.6858636152556
7493.088306368064
5034.6803210767
5680.264738003163
6258.488327217995
6903.274914508199
25106.603772568767
14166.059325624283
67595.87931928413
6283.3158265605825
2064.825828763315
1225.4292941005328
12001.905743994395
3814.6895195571524
2457.5227292686795
7991.9909076401555
6137.693357925358
1333.4491259308086
64808.839785888966
6074.077045017394
4896.023225848254
3281.9849176550406
6188.35232939994
3298.366006845789
5208.896712613556
6264.555999718972
5124.910621270922
3875.9742057068147
4461.983172458515
622.3270876131696
59740.98739479258
1575.118719016924
4447.3176956359775
5477.628017627138
6930.424387600906
45387.26556798672
5228.553693852051
6545.865782295561
6500.47395983025
6713.622149717848
14206.438557294756
1861.3237970255564
10581.462283676183
10207.576820676117
3841.6576301243113
23333.78291218278
7736.59335504769
5763.165936067652
1476.5778798862068
2553.8225196216977
11291.555555354245
3687.075924117665
1256.4875763920454
1993.4715672319257
7372.12766520407
16691.34710581558
7086.928846967971
12854.117783447917
3732.0142240578634
6911.707633634332
9882.564915385008
8426.600961880715
6382.54686309887
6273.934868497961
4751.351375162564
4853.608548892576
66995.88522377482
4934.486690301587
1606.0111244935686
1537.2469796735304
4928.385878744879
3882.9074130309027
11301.871529646949
9912.08107676877
3811.8100305784083
14190.896317911645
4651.757741446488
5748.232610271165
1925.965506635618
77329.23990762715
3307.702814158154
5600.567247371307
2000.1692458935743
6202.897096192705
7099.938404012242
3300.1141707782804
6710.400614306528
4478.67409666876
6311.708614801272
2474.6936647056264
14697.368928160104
7140.533197850805
10862.915055559923
4786.909235604352
1871.8504730090783
7226.6021017473
1455.9332403661394
22733.785521423513
93529.84938964358
4739.721395778342
6301.306281990556
2464.3248175187446
8435.427701991597
9684.488218282679
6444.977094333125
7311.0763814046295
4449.745727278786
1250.819369442421
4651.4149175840985
3756.7828884638243
3387.4312989497766
5533.709017654431
5537.032186044156
4403.81801424842
5180.512634975131
6106.770274598711
3707.8503845664995
10223.883278656942
37027.26195582306
3067.0594616573403
14169.975499634093
96826.93208794249
6320.85802454664
1457.8386839184411
6281.976382187779
5002.066769411214
4888.197660650828
6950.614006285468
23316.592569009998
7880.943859800553
14933.732613346068
33373.37904901209
12985.119066458541
14827.968421692085
17705.184915324127
1067.1566820554594
646.1086042011029
3733.9945879558854
767.9271002839614
81356.71722104673
98329.7992076342
1112.2133033762984
5348.326226245356
6369.892392443611
3342.2626103769385
35725.81504950009
6261.377600671479
6013.9817484434925
8053.693837451186
9744.249486173032
4271.225452140214
14530.064362922647
10236.183918584513
11236.613406900882
3752.2514378340998
1877.6971611546244
60340.98717616667
6703.262440112436
10541.571352726216
5037.743741593079
1841.7190716320047
6864.90114918284
9603.90513478311
4936.240267192764
7633.011401685282
45305.779100758555
3826.3546015354805
3904.0579905069167
37994.13013589111
7474.2452176364395
11621.305568393127
5264.408204253139
26916.579944742014
4267.05687479118
3721.051596961889
15435.104623954448
17069.920546443544
7520.92601963271
6329.230973105536
51825.1893775033
10226.124247321271
7067.092937513443
5256.6341552634285
4533.164047653385
6416.564510752225
1872.5803518013643
7163.668676622371
5531.674870467228
4506.481407093748
2013.7668851058033
1979.8121880453164
7848.30823521093
7669.335564852633
8086.181409720545
42779.88643462092
15037.644287730433
7910.807981808878
12145.00150604191
2301.3718788496335
8029.06987162817
3850.918834446571
3267.852182280127
2602.81846183746
9548.437474099503
9921.095907397672
125500.12038916672
5035.148933576045
2604.3723803943717
12729.764920577121
1466.8532820089847
1222.908388207216
13070.524760062259
7034.725006086295
7089.326252236657
25253.26805356094
2975.446485042585
7826.601374390937
6724.848465481722
11298.396746461705
20239.332041677404
1891.3130927511856
6828.4843388597865
6328.093980120979
7644.976163115488
3699.9199748214437
6245.331375690392
30076.49337999009
1439.30071561459
15790.211947746326
2906.587180921339
6808.061453527819
25845.693325191445
6870.8791099205
990.2075745612675
11355.303222474842
8957.595280698
1017.6693415097162
6984.149471207668
11613.694723671984
1543.6717906930285
4511.4781700245385
5212.040173457316
6142.549483786282
4475.648996402855
4467.84837695478
4536.263331209493
4460.786351145687
9303.31845946164
6982.545989206369
1257.8616149442262
7176.594035084119
4921.050878410335
1223.663874933537
10869.600718718868
91223.32566601766
5991.988100018224
6294.478444572306
5602.899856170942
14706.131418538478
6982.337617671302
6405.764890401337
14038.073856051538
3822.883602157054
14716.909193209616
1243.4001642631035
1842.0524821335662
2152.594634324787
7572.907693603885
3331.0875653156286
3159.701968276406
59140.98803855655
3593.4429521524407
3706.9926952678793
3867.255251886694
4467.656971239136
5666.040487340525
5534.7466288718715
1885.124999095814
8074.244288999134
6236.169377647041
6310.774981307586
6796.013039115131
4908.488112919306
1499.3450054653283
1250.4021011048173
6492.9692201157795
10540.870122952447
8571.409929210438
3706.266248953206
4909.471048345079
19768.052040789524
643.3249853900027
1921.0524630676466
5584.813020995711
1257.2737228407411
7548.988646334167
9897.743693958611
2627.364158167317
800.1697419875131
8912.042106963338
2630.7916761654633
4051.7591368424687
12022.967565239434
3954.939762653598
14854.35910208859
20652.92876072167
35443.404318419074
4454.200388205515
3714.3059074483954
12321.218589720227
10701.71709341765
5434.174754741817
7472.1927011123835
1359.3837373107299
13862.217899802052
985.8318801117022
137939.95281260202
8020.213651496382
1227.990616669324
5906.369830420297
54461.613764150025
2867.680063054731
3754.0962906198006
4426.353000109992
36785.9264424223
20289.423704129058
8059.609462814742
12996.538419130546
728.9417603501171
4651.901917999174
684.0629239219933
13993.41825629315
2434.8381018122177
41187.28847175191
89872.83704195
14764.133378681461
5607.907067429057
91823.32455902097
11265.472889314084
3334.9179248236555
8311.701545267173
2034.0210247849668
6245.43897838659
3901.446414496053
3910.5995828167434
1243.324600591578
8683.023817310168
629.3270079941402
18817.141593541328
38803.74412142487
3506.5869029186338
7191.796033424926
1530.5033539167007
2687.557867416694
3924.692114323995
25323.072777819092
7153.74070711897
6172.685479345649
3817.107785594974
8552.829216787975
9442.337259120346
5399.738544460764
5498.699196520363
6267.629574258914
6310.762703402357
5726.286463632085
2606.231454156286
13835.10898439134
8548.125132393205
14347.617103921484
4246.089953990119
859.9657222410792
3830.7889344260598
8082.567863981317
6396.410572525151
5117.129582459578
8682.56694127812
5064.902326466243
2528.9408357513894
4502.721095601162
25116.58595802661
633.6747034895344
9905.772343500506
5582.584038578939
14374.282210956317
1922.3756274011412
3847.2282382079998
4292.523070960586
2609.557040696568
18120.136000000315
1472.0292473506477
3289.306074184967
11191.825716526691
9337.129691929178
8913.68328294765
3115.1100420290454
15826.425657587462
4138.667370497411
6813.610243209245
4737.742840362722
1608.9020216149268
31560.84618001958
4902.32172351321
5139.185634631927
3501.371258813683
15673.338798341878
11441.138162189827
4656.635725844819
14213.916355785288
13181.705884931302
3933.913303867959
5643.08497388625
10629.797186805603
2029.3591973588066
6497.095303191877
18012.065097307706
8425.934813917169
5313.903583722272
1966.1112808584778
5178.212701152097
4409.771067722877
3843.3133347061384
3657.805508241839
2453.615068745223
2613.9644775918578
6240.745031241149
5606.611591855148
4135.556929413729
6878.658467919145
9559.88757866613
4544.185483598934
3709.473627240667
4899.917597229415
4466.8708469783505
8378.849744942754
109241.99354590215
5581.7973987486175
1237.283177730968
2585.4671564630544
2568.8302218493923
9187.353008292275
5730.745175066205
17645.44568907768
8918.266480545464
8499.080982303292
85072.87699353952
6891.693524585217
2502.81401121266
3542.8810171937466
4485.062868384366
5939.870850185395
736.6601033102158
12793.838784462543
5845.034287515001
7825.190263405312
6540.5275158294335
4426.083811290837
3294.7879272202113
5603.8169242765325
1968.887892137932
637.6923345817086
5747.894230004253
4651.899837293383
3910.251214726845
61808.867133346066
90623.32731307625
7111.35568265879
679.6677921096837
10042.336553349533
12841.946979769416
11294.563404138278
1231.0271129977289
5660.785829452654
19716.44857465775
4650.836103995816
3053.613984471969
14522.907983610054
10560.767409792274
13073.40746829989
8390.50585069485
14421.24244528779
9272.190054962904
6699.572671293225
6131.672231763658
4239.740966023954
1463.9132307426303
5682.7695125755345
8957.914626458432
5874.635134863284
35785.161175779045
4234.17748422552
3822.501893351803
5252.824355692184
4890.7603076801715
13174.405647265216
6410.432294354862
70598.68298538474
5609.063641708994
4533.6416850442265
2695.2765199875794
6490.101592833948
14051.240938752937
7708.6318789569295
3897.1279524575634
13860.496059965182
9517.079390393075
7134.947107598084
6263.983573134034
16122.796894542575
2455.3925228490552
9050.112622280452
4044.540219154813
7763.667701242184
4015.3233633908394
5617.295567350188
3397.702095477441
3845.6976003759023
5854.711748596933
3256.834891437342
5016.340827961967
14880.245834288009
5660.721888486
7599.767309931948
4209.982590280131
9003.906000905507
18444.743622875634
12691.066486736303
12710.952801861577
7069.647106864775
5609.4993314433805
5050.7529797665875
3699.148739093471
19676.276692842308
5634.6767616527595
5937.214325051297
3470.801787328012
5641.310334509657
5039.532455476
2446.0071114506827
4306.26508567965
3579.5654598177375
11597.294177664764
4301.519323405865
7483.025315410937
2612.382001567981
4469.4670883143635
1234.1844764194586
14542.65071158722
2441.1412616263624
8122.413432458089
5789.87590242388
7166.668494736984
5188.783882034697
14519.793871448062
1970.2901650610906
6342.311143703164
19260.95183498033
8916.509286684828
6498.469872779558
4240.273096264666
2935.557306715176
4596.879734979825
18522.788892206085
3104.676968777997
631.6870558881704
5067.854987446944
6297.455945958145
8275.642093200904
7409.308278214543
5734.6191184943345
98626.9172606676
15802.298641860614
5611.614178628138
8352.101512932444
1321.0525931692957
6426.500326802689
27626.140263198304
13861.881245489572
4480.730249796995
7340.595495319483
4464.465297463436
3311.4956196346316
4464.590821685837
5601.301740299132
4312.199363166976
5775.425329938961
3404.905537293469
642.1885067290418
20189.043671923057
15988.557265255964
6841.759114469047
4929.234097062626
5813.903380072113
18823.825336646587
8865.450534181318
7739.614241447303
9776.02586622564
14193.819819796596
5368.425533728457
7127.1987216160205
7157.917272467237
5045.696057621076
5994.526128228874
19153.00750163722
8046.396720295167
1273.7180000052
14478.892186990792
3297.3398741764204
6658.689003099887
2043.8955091539904
2639.3000682525526
6708.61620562706
3197.5831249104194
27677.191844803474
866.8535148773921
16143.176331595367
3210.9701811961577
3238.999375701336
108641.99575665889
136739.95716814316
5782.54756387183
5472.297396075935
6097.688419539872
34311.83049781169
637.3767536804156
6878.828584243182
6413.663540232315
18527.612668028476
6700.555205452556
14608.983904006016
1227.8303892065567
11229.797076242501
1471.8779424835345
6503.834872203592
5673.936668993429
1228.3845860275744
11973.880243402145
14399.930042349679
6039.7365968244085
8966.131029717428
10945.671824856552
107441.999414452
6119.253736894084
13685.577767362587
6833.052945438973
3055.5236152957996
875.9756876945155
3718.4260098167033
3712.2416504068324
13456.162424081433
1445.344917524197
6184.812584439482
6552.10351762904
5003.89393443733
8558.444030754807
3924.9114930053165
3371.4702981847613
4421.766476239639
5534.483435047175
6246.3786121919775
7016.563739748241
3664.3240668289045
5013.819670035543
16240.363233943923
627.5870315395526
21326.247856706872
2626.3572304700647
3333.9144756947294
22532.09542518216
3696.02605332259
9283.022736545068
4051.903074229332
953.471608564117
3905.7217509601473
5062.682667716637
4331.887454994554
8939.544658080122
13101.453689087979
3263.940561118921
645.0042516861428
2752.5944695297303
5668.799185643188
6099.573592740133
6262.696717294338
13447.173261689737
12472.929024701956
8120.853989531735
5834.5929210283275
8686.180424899265
63008.8527876174
2475.754504298132
7418.003155748352
6371.849830635101
4839.739707107545
13287.08309975357
6264.147633332539
5061.091912077312
5349.760100041378
3077.6960327220722
8697.74579707521
11559.745938849584
16748.66185554356
2005.303900069567
6144.000588379511
34276.476542166565
663.6610464308665
1269.0375861676796
4534.915859481849
15753.75098837692
6097.071621612607
6493.448581221935
9590.503842683542
1567.0864799257236
7716.511044494086
5844.910716627037
16585.597810369378
5056.428528133389
8373.036680725356
7928.785174191796
11652.432719376498
3209.556205467411
1552.594881796224
11021.072154649912
4647.887992202831
13550.351680218597
4435.149344879546
10632.700015269183
2797.2228745613
1222.3184514437469
8877.41597888203
18852.799444669992
7748.440500534224
3641.19180106614
8759.960027094832
4901.423127612272
13839.954971384157
5111.477733676535
8895.687239330922
4051.416524357363
2564.9007082182775
1782.3464408682028
5607.041182109467
876.5781090678097
2497.0122556599204
5598.781113393759
8659.609146846517
5493.784773324781
5779.944517035799
10848.301018236256
6255.368334238121
5542.141165655435
5794.623267726919
8339.613380263372
4086.5895343227603
1223.023363694271
4303.081562700856
9002.13264954891
5685.132250592235
8361.079424846126
1857.8067489833986
1853.7722178179536
1086.9472914724531
5791.870075529421
4008.6681158264873
1214.2718215931097
4968.828633288102
13082.18625218215
636.8397168616839
6330.743830961693
38827.24837392169
1219.4871015189185
8966.6660007556
1263.2086201026568
2457.80622899641
14170.752364728494
74540.3211150452
10004.230555065002
17724.614213967565
7036.6925946871615
5023.418024279894
10863.184889579128
3280.876610940609
4613.615343459961
5507.046456651476
45921.56694490329
15425.471702415882
673.1076616077013
17269.97608323649
6254.298815215419
127300.11386915865
8072.192065031785
25067.277211710218
8446.694637825822
10240.703028509892
914.8552883903016
39427.247143026325
1039.2132931008516
19207.447685175986
6284.479044659042
7034.5918544858305
1735.5576440428408
2075.9752245755085
16319.310979069405
3655.5229505102598
839.3008860947635
5991.112782556299
4641.30101213627
7768.793933659869
19124.00427705752
3227.3270119635745
4575.239033744552
6327.425952180657
8911.70069400587
6079.388344866215
16926.658723237102
6974.363737303681
4398.782081260289
21611.019610973144
6816.077912717927
6241.759776857394
14356.57255770701
2610.970751355648
6412.574257870101
5185.213203001203
5717.209490347738
7023.108031350648
5988.650251446845
4421.805375364381
5778.212295942447
4417.145724826246
7497.747232203826
19664.304249768295
6280.571714035376
2135.618483102528
3178.37456435849
7408.0610408073735
872.0294441806282
4820.855215100547
25226.150824156033
5497.510418122345
1970.479134337626
5529.23052804199
2736.2665621935666
6921.3552366684535
637.9348541380007
5642.737893278664
1135.5577265242719
36274.51122991964
13061.009054397307
3345.971008902607
5604.109004620593
20726.24986961784
9839.362269161316
34385.941837850936
6563.669313324944
7967.4664710642555
5364.620369483621
9887.049799216546
641.1421709755489
5661.982128529917
1265.6299957951162
3902.982831501325
3411.8848558629984
956.5389256344665
3734.7981397322515
2515.779536842901
1454.4775658737976
23794.98791297933
6998.636385533411
4406.230088918907
4070.801553184697
4133.928091031386
857.751442123233
5663.935966924896
4576.934433046378
6393.748564428399
5148.233761302466
3958.6914721308203
6340.403363671287
4811.194786648017
35185.161865900816
3023.0808760908744
1888.538338867378
3810.052488988796
14072.822889900708
78529.23837578042
4452.368530890604
17323.215831954265
3057.5217618481843
4470.188183407313
1241.1596952831144
7044.976509213746
5057.440952725339
3302.8253893930487
7171.518337337086
6178.104677081528
6031.267121845578
6399.054653324045
5234.593218908895
6133.708307604314
5702.137141601668
15959.447926659903
6134.744112879432
17752.973525225665
2600.67892778608
28116.578272119896
8111.419211891732
9248.74200927237
1428.5480763638993
7416.077661268692
8239.586645701052
9770.36763494927
6423.108630023409
2054.477398666659
5239.898893122196
674.6942426579277
6861.513695257392
6308.366606581075
15257.70410312933
4255.522514512151
1227.2527915044075
9531.055794154418
4653.4488825924645
5496.294366209783
20138.21841281079
3858.9567030973058
14489.050798840146
4652.825604986047
4283.442138434952
668.2186487823775
4462.682953905976
7171.21944630509
1222.698458692614
716.4959836216102
4486.873227521384
6886.182979454092
3101.521266992376
20901.566621207832
3844.131692752208
2185.192267788878
6204.106243000597
10351.236186173022
17390.326084936692
14266.42802218999
8971.515810174693
3402.7088913373477
4298.455541747792
5664.901952745155
16593.311655670354
7118.6115721004635
8524.442504000483
613.7425441072024
4340.5466987454165
1873.7177013333699
4452.755699868684
13998.837219855905
18713.052846888935
8149.037891086637
1241.1418928750275
6452.300417115437
7157.597992025716
19819.50840210934
4857.081918908763
991.4810689481876
7225.19098126332
5673.767175998194
4906.89810649088
634.1846463592352
7708.086847494505
9910.990699073818
6836.168875610261
17238.073448485764
3668.1329498796813
5048.620022679751
6237.499233578008
4296.025174569216
4008.1731436425944
5136.816653432562
126100.11708906172
2516.8840491247875
3297.129842287128
6969.89197669227
4467.126752162358
4394.067973968867
640.2777735551831
1223.8982986099393
8881.059850410022
7203.90783637431
12048.300136808675
10312.766785737178
36874.50961964531
2304.4694546902924
5536.237724596656
10572.49367860516
8972.37217435762
5723.780255771973
6825.2847775139935
5972.683389478897
9898.894972709182
10159.88693223024
53434.124029265484
8953.584750421702
6309.254589782031
7443.526286431573
14090.015256593355
6649.067309848778
15935.344050935895
4473.163510386895
5106.081124962589
630.7727568355671
2076.5777260631057
2603.7070578819635
6722.026730361301
634.9903926741316
6697.070607612276
4304.675014399691
4101.370937606396
12600.755166591583
625.4297926681877
6238.455253340029
10301.889060004265
7487.053114250983
3165.5365746770467
672.6458349665836
759.383831514222
9556.6811933586
15778.933584544711
12672.534317407182
16584.342613443627
3067.3799221404156
6957.93630831627
12031.668554754993
5061.836251229397
18039.671051716454
5678.809128333755
3945.9699466133425
675.7238578326939
17288.556166164457
5450.319634898835
2589.315729747968
2483.0073212493385
5351.350879540445
1257.807018733249
10692.519516967819
7468.92629232318
14055.937873827728
6149.911515459284
7757.597280229209
18662.026815780526
11979.610883587753
2598.809693553325
9552.099501475452
4464.100311647787
16305.257594106371
5656.830774997662
13929.901477130323
15543.17683225513
6643.057878473122
2578.068578319641
23901.555698106546
6235.204944824847
3973.1032458516424
3671.849992116243
11287.81834672996
6507.177280548096
5654.199371877141
9282.56586345855
14894.441317397459
23325.236237165478
20917.9141366579
3886.845767217777
3057.8056807131065
3213.9635344729786
4635.12773895946
1240.4016610783935
6281.696492399214
14687.106099496292
8545.974470510479
101026.90690486631
6254.044922274804
8703.319164048507
1247.5311155458646
2590.3774915734284
5755.436267339298
1226.9374906013527
4388.54967880845
5974.7221674589
4239.592676993308
2589.0224371117083
7433.36828332644
140339.9457068578
9591.584132845543
5982.336826583897
31279.416658785132
7769.848737056905
6391.070375299856
2080.4367330697132
6829.2077864229805
16622.666042591456
5513.389199256129
5373.116370524359
4124.802742817892
6255.540904712103
4485.423226003653
721.6958650994092
6872.193065102338
10607.208044250261
5401.8876193250335
10942.431725040813
2703.874273278241
1042.5369479434805
3301.9743450898754
2597.7381500808556
4439.299032541705
1106.5876328290522
4244.295966867368
2451.833175261686
4834.175990774994
2441.7187535152457
4414.528521988926
5775.600273361821
3032.0362626405513
5680.370764336421
56500.75018103421
3938.415671515519
5044.845501778981
683.6448874039205
4284.371199609747
5141.629200039396
6817.293201709384
6536.263199037186
7429.07076740174
5035.296247441843
1070.8025310677112
52061.6380286588
5519.922893070921
2901.3716174302826
34243.40631122476
5647.213904674887
1842.1880501223347
2675.974853906071
7248.309193773821
8981.170081491347
845.8325117308781
7588.378698289104
16218.490302130267
21166.53971579386
38695.26535638769
111641.98757716609
2457.0838934941517
5183.9196705925015
1452.162765755376
5027.322551839809
27123.066496086034
635.0115888483326
5789.704524134505
3706.900458157644
3307.286795513938
2702.7286447609417
835.6299926522132
3106.267200558184
8515.58685128428
53025.18818201327
5786.902193275091
6332.985546548222
2461.904698743712
6596.4348822184775
701.3704495615189
2682.99660153048
139139.94864297324
1883.0073696794711
6711.154381089631
8455.902260125651
5143.172175948316
3683.006849883214
6705.9499786010065
7019.052886177901
8332.725504483777
4299.148225858534
1285.644463866274
2667.8538731811336
3282.57711230425
1276.4398270324425
1253.7722749577647
6322.415266613
8917.080346498893
8560.082824749203
6120.844738848467
5500.993008320079
6872.791343418107
15671.996785105655
8403.906862454225
16961.776049878088
9350.558555571952
11662.384170910636
13808.669215439548
6385.9707638710115
6388.05236011468
667.3039291740463
2512.7219039219467
9285.047384015765
72769.01098931981
16594.09523338688
675.7547872516751
12755.43212412223
4654.266043357797
2605.127563557801
4106.586687491567
5603.8934226386355
5852.180797942833
1104.0021517323758
43521.58673168956
12278.67140583943
10190.50321801817
6306.0809799844155
7411.363733668874
12331.302857389217
4594.178718797727
11780.472953944052
1865.629697767632
5780.512369435914
4289.523861807225
3180.5317223087736
9295.661967155402
3709.641942468775
12610.400961584724
5002.5186844449445
5200.686641646004
1291.3133928809966
1215.363298644076
12750.40043330646
5996.434996720311
1218.7837511945497
27291.18187995478
6872.143441372373
5870.83567952638
3810.743839223294
752.971461388361
8084.100356096188
4583.468811371839
5623.1715434416865
6898.545097464797
704.3211753817881
2020.3801406003433
4329.237872932728
4691.1111866213005
6888.595467270966
1228.3790166989786
6149.267974515379
8253.621323518162
18682.4444924283
62817.78839829877
6384.679922847625
5645.62690125988
7495.664363560243
27021.156342450755
12350.353766963884
10152.098984945498
3212.186350474834
12789.314227738974
1229.4935366919015
23194.988575282772
4276.4392497036315
7363.684639809734
2701.974782156872
5621.19224828984
16035.104173712822
3701.3693972033047
1540.9852698480138
5683.317732022436
610.3126541638485
2036.4354755884037
6206.608827865667
4417.4134751385245
4924.063513330238
38074.50446185234
6072.29413553605
23519.628331635522
7404.786930514636
5641.31078793673
3275.95777033466
3048.843061756114
11298.675109303807
8095.968564851861
10030.658810869625
8332.008564171034
6566.812751957943
5537.695746272395
7158.483364043663
6260.721283851465
1889.3743218678094
6252.57938328391
65821.37380697405
7453.69476748042
6843.836887778019
20339.231924982083
7139.54744936298
1552.266361159719
1362.6075471374184
2902.68232507371
7566.616036997077
3160.9732410537654
683.4185278475727
7885.533279554224
8863.042359962465
10497.743054217855
5183.116489139283
9917.02448138306
15196.60925130336
3718.518535170441
12272.277007410608
14254.359658644828
9865.402656800035
5655.735611525202
1821.5874771972367
6145.487027682232
4450.845616972757
29862.633227742972
642.9790807884302
6543.301978380736
7278.979262634857
745.7099286429142
8319.661905931387
21558.33324275203
8990.504832577994
5119.873124188355
3242.7064302210415
9883.021727667434
4239.765099321082
6500.217477950112
5175.425641115043
22375.402112415013
5670.702972161913
2610.948645266055
7575.423578443325
1273.107519405767
678.317365325233
3658.8898128467345
6678.205494229456
4851.831409685211
3168.8298531666364
10938.97774791037
5537.989819309319
2422.3711340049354
4466.282907225829
2581.498760805068
3069.0839952739148
2595.008433625406
669.0847214362816
6310.2976980114745
5990.194172567094
7839.734960664368
6856.830065560472
2500.403607010669
4914.973691870373
4295.5001070122735
4427.845824785496
4388.360252551248
3856.430437247012
8601.433471271095
4307.849603413629
16348.956356966828
8095.663845478879
7401.549073052116
4407.0264166870165
3653.6120043566916
5206.764061055927
5511.733365149325
10662.711692517563
8284.702502844742
6920.92693342528
5204.587928994845
4461.092961033645
12751.230484159492
2596.2642011299863
6251.112421706735
2575.725222498384
631.3453938342711
12619.662903481472
2774.7518360990334
3776.819398464347
11202.925495805473
6867.492234092853
5070.1874856098
5354.984892092582
5708.1678955033685
4238.879174827925
6579.738531616555
6270.499687947843
29427.197458392424
1252.3130522678339
7151.3397917619595
671.9129536172481
7957.999363268406
3267.6606460994526
4881.151043360617
31126.78250443052
13490.421014550586
2467.3421997269097
13668.42485786144
47688.611624572906
1225.1350516760247
3054.62645568837
1908.691486900968
631.0218484586538
7543.4846681281915
6264.901686813957
1032.774501054183
1365.612768343917
1230.772644382278
5552.0975755798
7022.326351180535
3200.6783252089317
5543.287684564049
11200.01527656518
20360.03811656725
5478.036637867542
3196.2409871731584
6634.171513667406
4390.83840323687
18393.573337623595
4015.5159574918393
9511.585019594551
9007.76434926139
2513.9981798604394
5050.917202369015
9232.663102865012
7276.214124009777
4444.731899620199
3949.5213269178103
3704.0684001947425
7413.610012295153
5029.220660035426
1671.2746634194068
7819.810924951671
5235.365667212935
23167.84677712446
1213.867961035115
6902.716341213942
5677.889580462966
6852.151257824959
7370.652958803462
6307.93706321178
7024.437013200528
3319.0969069239363
1318.4278087052764
6280.263743208787
2100.782935229702
1271.8505926877874
9579.259090523641
1220.6606367222703
3163.392397994591
4286.498840472326
6145.959291286194
33984.74511410712
4279.397015452157
16622.91116866058
6867.630792832817
4304.068086621593
6131.450007357222
5815.508834009408
4875.861544037549
8949.042824822176
694.8486109898065
9280.867342459485
9530.859041647402
16806.520728284675
8722.41270292124
5573.185319282159
8833.284635566804
13008.650584097548
1242.8142916212491
6140.07726949941
3615.448657292341
12342.824097825523
7591.289194833762
1670.8024301848081
3693.37323964502
20388.28844969187
5027.5507895604205
17707.47377484762
5664.558083795466
5148.394767726543
78740.28295472394
6026.603593532238
13802.263659527927
2518.6184726417155
621.3110787094379
5655.369964484892
4419.85341263685
1352.7779428759275
10692.553071402735
3214.1254437716916
15288.932688800423
18544.712174793236
5700.558675868043
54225.18774944503
4311.056336606985
2601.490337123995
9648.30370646184
3866.874017768972
12035.404183953422
7054.530595148148
13143.387495952153
5500.573224905934
5823.109368929438
11935.163344013254
9517.353271723417
1837.2831460857728
6868.22859869584
9557.91362225174
2592.724986108134
3119.549819476508
5453.608087272505
2237.4043906443862
4809.982512078674
5786.544650717726
2471.8504479229027
4413.81268836128
6571.518929664925
3559.519268132127
24582.45637917872
2572.6017331351854
5706.313552895083
6234.795876063743
4015.5990758323
1872.6691695435852
9757.13919608082
5548.251566400873
9601.818160441553
4973.852657212794
7254.718601901358
6870.500509209517
822.3367352815043
3354.940816546565
11893.219466391844
6657.943955387452
1546.7535958994763
16273.09654483882
2447.456663221498
13072.256171383136
811.8769271267764
15522.798514585356
622.2763939234617
4612.3389748494665
13765.024046463459
1275.8480878830387
6877.868949360682
47088.611865908315
2444.2255721582364
10759.886712165373
6303.275728637871
4326.55451185592
12693.96352861857
8166.615826379223
8913.381482065855
5677.330974754789
2049.4911501552037
7582.545767594064
6861.923495018812
10997.34482475286
644.7641420292255
5796.558191458239
4400.569047185266
4153.4657426339345
8280.771904514335
2431.278405115369
793.4223671172319
65221.373882051426
2382.3463540192633
8531.109404122122
1159.5197276071442
10760.217613035433
12322.986127517566
656.487764362051
4940.545560645646
6119.646984313574
3875.6497533052698
4485.564688875773
5575.264291384942
18868.884618554286
1368.8306872076616
4337.0391535429235
2443.818142057999
34843.40465765323
5785.289731438127
1224.9209698285001
6649.269759363772
15322.72624142925
8591.990823411084
4078.0742707316294
1477.999980465708
6250.752547665412
3967.333134036536
1356.3209767644896
1215.388862577809
7518.062208351491
5673.162130160326
862.4619917926384
5538.147458064735
3880.874770552396
612.1606084638311
14433.155264248595
5788.8570063600455
4456.1931716244035
6654.718758707916
18472.664829878577
120816.00113328277
5570.225961774092
6184.6929244255425
15399.6615038397
621.2705283330782
4306.899681141868
6879.828832556507
4470.647839305597
6352.503105160001
6874.373081753999
33785.94498955316
639.0454365283474
15350.132570079784
112241.98735334676
3849.5550165724335
3816.33674978109
7008.48076977017
3183.2555611425923
9286.179901029675
39163.71604208318
7099.558054530663
6137.989360126761
8659.065516734387
9887.842770924477
4981.797949908538
8018.002211056277
17622.654812288187
8997.516314566725
5826.985838302672
4272.302460339842
2581.3432296507362
4994.060968522719
1282.522949940736
8353.585019919248
2442.187916454192
5675.813862198329
4907.848932922098
3834.299203798005
6307.698583549897
4923.849820521221
2673.8343836255094
5861.153898992651
631.0273649892492
11939.166109539578
7472.132542164535
6584.335724154653
10168.79124493375
2043.5066806155294
1475.9755091468749
6669.372163668329
4389.914263061181
5861.129536779071
692.6635593449826
1214.0395349767605
4585.964812149851
7493.231601790789
2501.3642687700076
7589.83425703051
5067.84802696996
11029.287015817816
9654.469888788317
1887.8492630075664
3817.3437088277947
8299.389455811619
3704.6757758131403
10370.36739268758
3040.5542801978236
9050.066578566224
6393.070281202152
15296.894699245286
9762.817714127592
8641.756948513623
3669.1622430316565
7790.506652613817
5052.027556664733
6137.031719055716
9287.050570894624
9151.239067891474
10376.025628597768
759.6708634918356
2982.3462329114454
3195.0093053706933
4921.669255703906
1419.6483213358547
45570.696434567704
120216.00128380855
685.1674873581775
3862.5722865202183
2597.5483011845104
8932.725219921318
2433.4273564957443
5792.488257711718
5785.8558286936295
4131.239794523769
4697.075690097822
4950.42261362703
3740.548729333779
17226.328964631033
611.4867947318417
12592.535174238114
9697.467544847448
7597.584749731769
17766.746298107537
8518.642696116394
7503.32064128838
18171.453309399494
17346.93919657319
5489.095766547218
67617.74868421069
7398.3561168659
1385.7962779097293
8366.131312804102
647.009672932065
677.1032053925269
136139.9589908544
22725.239047309118
13386.6463772922
38095.26590233423
6077.624951501326
801.955747606144
644.6928235427763
18160.925235035626
1221.3108687239599
2593.1646266298135
6524.932748507346
4297.118504635014
21276.788593443707
127.58936446355122
31727.469414142914
19668.706153810304
8450.11356099056
5677.937918822291
8827.691308657091
614.9106883326556
9414.742209204267
2598.6847895933106
2513.1764496874202
4996.192895023422
1874.6939237576235
11083.02091123324
5637.740278295585
4251.832378279065
779.494546512999
58792.023390214315
1992.550933378727
5664.589859082355
119616.00144809263
6263.205698796629
6311.497452732189
22407.763218494307
672.0907148944183
1456.4026613204794
2610.745016850127
6152.074073859415
3814.1253288335347
5676.817942858091
1220.0527764376125
3181.9112722488567
3385.134556900972
769.8013399683094
4203.588681378357
7494.0017905053355
9025.189659901851
762.6079265041054
4893.185340046019
10503.317906596903
11609.522678935942
4798.429053280639
6948.232264446147
5677.91419172036
20988.676479133384
5502.907704291109
16862.547554914796
6243.837166018384
4458.025539409837
8368.79306140157
7613.65360293194
7736.784685331486
6876.116851591235
4051.900731548397
6097.510103333036
26781.4080192082
10345.438310417949
1238.3260772151318
4401.72101936532
5067.656474703884
27891.181592698857
5060.78619627066
3804.0766101913086
837.9088293458224
4581.42695315078
5594.060227622873
9587.943979772019
5601.718980898124
617.7301458343171
5597.948379788216
6920.325714873781
1215.8839091715038
1534.7557331727091
5507.511965170395
3765.256977522802
733.4494213560642
2627.3283436031697
4297.938106578712
1346.1012588825868
4137.744042459013
2427.5969461531995
27410.36265649454
4456.831884717165
4193.442338759847
15769.41420217154
1230.077326491158
1178.4862969681024
2499.372111343211
1759.5196542302554
70969.03030132806
41500.69998485981
6943.25816450184
1890.9901955203206
4469.449912849355
9112.768372061118
9148.125042787738
8090.188057890593
4301.424925306991
5246.9205466464255
3737.039987068298
21628.04465654159
3266.5341091887367
689.3149387984904
6863.737094679482
3682.977018813003
683.8662269846128
21030.776349699558
13549.7542628989
5665.65526310153
2701.3053728628533
5559.073261574316
3642.5344909778896
5196.876780751511
1221.5745896393576
1226.544374124102
8969.560592567444
10117.078908977144
1300.3975873990903
100969.60014879567
2270.8023041519027
4608.899645146722
3214.0953220994384
4422.963631065963
2524.829690800425
1940.7053507198937
6496.901166025847
6840.744516591717
2039.3004434405364
12305.099777064263
6861.0631943744565
2500.3646727770615
5574.280255060611
2095.2769217155887
17615.605534775255
23489.082210448603
12175.08901326071
12178.201139959023
1981.2875462201237
1876.43978886799
2885.7740908381
5528.467483606978
33753.59600668003
2618.35883259768
863.228579325408
3704.1581698112027
54034.11960001211
2195.3095930506033
2063.913045958043
7651.430524435009
7784.680372905833
1218.6155238857577
3373.1033133971714
7807.1911403227705
641.1599479671219
3880.7308522353615
3698.987319007994
3284.1774005103553
3820.330777837658
644.822518191762
4773.8569701235
6922.414759075421
13617.530823332476
4412.378674578819
7414.985816797442
5752.685567545212
5498.986404552043
6588.514382922405
4269.162075152446
1220.2306971165744
36016.15068913361
3640.7990735166777
5556.820510057955
7560.922973061762
610.488534279908
1045.7493706984646
3826.0849829086637
1270.2067589263995
8001.433842181086
4426.810717444566
2570.885086586086
17158.337529706994
16383.029735169457
11095.660111072311
2423.4470113219863
1240.4941804257016
11214.55906765652
6942.310893851775
10049.79544419273
1221.7671307907274
2180.894475716172
613.8573348675201
611.790692698482
1850.5835486698327
5673.524573099348
6155.069404584541
4461.795554627284
4831.270177300017
8148.988409780684
12315.373751460289
8107.857075555953
3193.5140212139213
649.666296867875
1500.2557479777602
3084.840193655468
4402.693575151334
5499.022396679603
3698.7123747163528
2430.6293270696597
8102.49348300571
5366.558658565266
8647.19350847776
3882.1677133604435
1259.3938863013316
4414.2519652507335
12682.82646939639
5671.814428257085
4275.586872821838
6851.7230207703005
18951.906274670786
3169.359444572766
610.8295073157999
4304.157368505755
4242.532949502967
375.1190426230915
4560.089936610312
