286
55
58
26
29
301
48
16
303
307
22
30
287
47
353
34
284
27
26
304
81
308
62
14
29
351
32
62
16
285
17
377
19
32
15
20
28
16
284
301
28
292
33
78
46
328
50
300
55
287
18
33
48
17
360
18
17
15
16
288
68
39
19
54
544
72
15
17
46
19
49
18
348
16
284
344
285
302
48
363
22
70
358
47
288
35
313
285
366
42
381
309
18
378
17
73
77
306
505
35
36
417
357
20
18
63
34
56
17
295
79
304
373
355
82
294
325
291
35
301
370
32
316
47
14
317
292
45
85
9
331
520
56
15
62
326
287
13
506
32
287
286
375
308
16
293
374
79
71
53
46
68
19
303
57
359
57
334
87
55
75
13
54
332
318
368
54
309
323
55
11
30
30
11
78
8
21
379
19
545
53
53
5
507
566
382
31
285
65
13
22
94
53
64
14
286
21
14
53
19
304
386
315
67
555
12
26
66
354
347
12
30
285
12
12
385
336
41
323
319
327
12
391
8
340
88
370
371
41
390
46
13
288
374
348
336
375
388
74
13
57
21
41
376
332
15
77
349
350
377
15
19
35
77
355
313
324
68
362
51
340
59
26
48
8
373
346
337
302
353
14
286
323
308
320
307
60
33
352
82
42
5
302
57
314
390
311
317
34
10
378
359
22
66
517
330
306
314
93
44
66
334
326
335
4
546
371
545
290
87
356
344
12
36
383
356
506
58
47
302
305
367
414
5
287
321
50
329
12
5
306
298
84
6
52
286
358
11
97
15
4
288
3
92
325
567
6
295
336
335
72
43
42
37
44
46
389
76
354
9
5
503
38
14
525
307
19
305
22
364
82
52
300
539
69
11
5
282
64
314
367
294
514
505
537
350
10
31
304
47
352
509
6
60
312
336
38
39
69
294
309
23
544
6
30
334
7
92
300
91
11
18
540
322
310
38
4
330
310
504
20
308
315
69
288
5
5
40
337
97
334
288
72
21
11
78
88
298
67
75
540
358
355
6
71
23
358
357
349
500
343
299
331
552
496
5
285
326
304
63
356
301
20
285
311
315
363
350
307
315
27
331
50
349
24
509
73
351
78
284
43
76
301
308
394
340
310
504
286
352
44
72
345
48
35
548
328
2
9
5
502
12
536
348
5
364
34
3
9
324
40
367
365
321
9
478
520
67
15
327
42
49
335
57
6
65
286
52
318
378
36
58
15
379
10
20
2
499
363
512
9
622
309
4
9
515
305
97
507
524
288
100
568
464
617
345
322
14
327
13
508
5
343
74
413
347
325
56
25
9
333
526
543
10
12
7
6
532
318
21
81
505
73
62
361
10
69
74
510
15
40
89
45
418
365
50
19
564
511
11
543
31
12
4
80
562
383
336
347
42
317
552
287
331
286
561
7
41
538
351
34
58
308
570
95
463
90
340
504
36
537
28
288
40
413
491
4
333
3
13
22
784
332
32
4
551
103
97
52
26
56
70
59
362
3
46
50
465
72
539
326
302
304
38
80
8
58
98
556
25
482
6
73
6
58
53
376
39
564
349
523
329
15
387
3
95
8
393
4
332
12
45
509
405
388
38
32
55
39
25
787
562
4
530
64
339
4
27
613
331
6
392
97
89
558
550
303
54
28
5
74
385
312
299
71
10
381
518
26
16
366
518
345
373
43
42
342
60
68
7
33
350
661
556
10
492
512
1
1
533
60
315
26
663
16
388
82
46
490
27
375
547
67
11
516
288
546
569
284
314
74
474
669
657
666
13
333
26
568
659
