717
723
606
605
656
655
614
770
665
652
669
710
653
604
710
713
606
605
712
767
777
606
612
646
778
712
655
773
641
716
613
717
653
730
672
725
651
657
653
722
766
672
643
723
651
653
606
720
665
614
644
767
653
666
714
642
725
882
671
611
756
603
614
673
719
699
724
605
668
655
674
755
660
726
665
650
773
611
732
612
712
598
666
673
604
613
729
671
604
662
817
645
650
710
675
601
731
877
646
613
724
732
909
711
959
667
602
641
656
658
804
898
667
770
778
644
667
653
777
648
844
716
780
659
1413
651
768
649
609
741
651
614
892
772
645
646
581
675
713
611
660
607
664
563
661
910
772
659
756
775
714
797
652
727
658
647
917
775
646
657
716
654
601
656
582
660
736
608
911
873
614
773
1420
1237
730
655
721
727
662
700
662
776
700
767
601
906
674
913
674
721
623
751
612
562
961
663
757
703
684
736
704
666
732
730
602
778
644
810
773
775
846
702
599
600
896
643
1238
927
768
666
733
815
559
874
722
707
700
669
974
670
897
612
603
816
615
710
817
765
946
892
720
851
717
658
659
607
728
670
671
666
661
611
645
766
680
647
613
738
791
899
655
701
876
789
608
895
654
610
750
825
655
824
738
919
683
596
876
645
613
960
907
660
647
603
731
754
561
603
762
612
658
771
770
904
718
759
820
654
683
782
848
606
699
743
682
664
664
668
781
613
652
668
653
609
902
737
642
642
874
765
745
822
767
914
626
702
656
779
654
953
749
647
602
645
657
604
571
654
676
522
940
720
821
563
770
798
679
797
879
907
839
808
560
669
911
645
921
614
877
779
912
572
909
659
795
853
734
843
521
703
585
1077
558
786
705
905
678
658
542
905
852
649
850
711
728
595
636
772
513
717
649
974
951
828
820
620
515
744
653
794
848
701
900
832
662
823
782
902
568
611
652
780
670
522
828
602
969
712
602
559
872
702
755
894
722
597
656
664
685
896
648
699
787
1237
613
652
960
608
745
895
729
610
616
679
735
871
665
766
560
768
650
543
658
720
933
752
637
642
657
600
899
865
908
562
718
779
681
803
665
834
693
609
826
946
776
833
943
827
754
612
812
650
703
814
746
512
822
597
806
968
598
519
735
644
719
733
1414
607
903
648
664
600
783
732
753
627
654
718
856
678
895
833
584
651
1238
944
1281
728
735
701
808
567
574
831
915
845
808
938
751
607
910
657
857
955
741
652
813
847
701
650
760
863
910
733
609
508
952
681
710
969
721
827
566
897
644
954
807
905
815
774
935
1288
777
599
899
776
598
630
685
699
916
598
781
514
757
648
668
854
525
830
526
615
846
641
643
780
738
729
646
681
908
832
575
518
558
700
702
915
765
1328
656
829
585
951
570
908
609
650
817
541
1363
771
662
775
902
945
573
528
608
738
567
558
713
691
676
809
693
694
810
1086
566
787
663
901
806
1410
765
1086
605
818
667
537
914
673
513
894
850
598
829
657
924
617
884
885
686
922
616
626
562
909
567
800
964
652
559
835
541
711
957
848
905
813
657
546
969
608
913
713
826
449
794
932
975
709
896
708
892
911
735
561
995
672
771
529
515
736
600
936
728
643
751
768
676
677
565
572
650
737
793
667
733
815
893
705
899
926
647
890
761
965
556
900
686
593
603
640
784
663
900
677
712
813
893
860
652
497
603
646
523
767
643
539
1084
888
599
569
632
610
540
543
954
900
811
703
807
860
644
901
698
763
939
745
909
1072
801
687
734
517
898
684
1231
936
670
540
929
836
668
629
719
942
736
719
1073
950
691
847
901
648
658
657
611
747
509
762
1365
916
547
706
826
668
811
626
527
832
765
503
821
807
914
709
796
619
918
730
639
649
621
1081
932
938
734
816
761
726
1126
935
749
889
956
909
610
609
690
787
1070
530
517
752
510
786
608
789
599
849
569
715
883
544
661
862
563
1004
606
711
544
903
1053
557
657
615
1243
770
599
1421
850
948
556
937
1129
864
783
768
884
648
731
823
661
927
853
718
641
849
530
904
790
659
604
863
930
957
566
609
901
642
554
779
937
496
771
934
889
783
734
810
929
642
721
755
778
698
1418
605
549
811
902
936
649
1080
955
1057
827
577
843
555
967
660
686
510
581
713
751
887
1312
881
518
1081
858
478
925
907
722
699
1148
899
907
954
904
774
557
744
650
778
718
542
829
774
550
960
648
539
556
955
760
978
967
530
571
563
965
1247
957
857
1232
647
849
659
1299
723
518
808
752
858
744
678
776
530
762
704
893
740
669
519
617
951
766
738
711
902
702
660
703
635
617
964
743
908
729
648
577
535
748
669
1062
809
816
541
507
528
503
894
612
684
769
697
845
758
862
669
847
939
994
563
943
652
521
831
858
1415
1044
594
689
553
564
773
843
532
802
737
878
574
890
916
658
752
552
683
1080
1240
919
733
891
1285
575
746
1416
903
1334
833
807
649
687
517
933
539
579
862
519
752
1078
506
654
734
651
794
811
1050
781
622
597
711
317
334
952
891
1059
570
971
476
654
965
511
843
535
976
516
505
727
952
679
906
586
969
943
598
757
603
788
546
1092
952
612
576
540
810
1143
1234
610
1249
722
650
829
1070
578
753
1402
905
575
318
785
541
822
642
1069
933
835
853
698
982
1302
770
507
968
889
828
809
680
907
845
777
773
721
854
611
618
616
1061
966
1283
934
293
1363
647
647
573
1053
606
898
931
771
769
958
790
727
583
903
963
819
1089
653
786
1363
499
1292
1188
768
820
501
645
885
742
844
618
857
1099
918
953
696
699
607
785
856
975
559
1079
560
621
864
1145
1138
708
520
761
879
604
818
932
1365
852
641
1055
781
578
1141
346
954
1051
799
727
748
830
849
977
912
340
632
735
859
1417
570
756
939
969
555
971
631
1252
780
861
793
774
579
926
875
913
1293
715
1064
538
659
930
881
1164
760
504
945
980
1021
496
554
1061
503
646
819
547
942
887
654
757
1340
863
935
1038
970
771
1057
715
972
560
834
649
541
1229
791
1407
758
904
304
758
1191
903
837
545
930
1050
1255
584
623
847
1405
1423
621
1053
597
1085
1233
688
1046
555
949
861
622
1240
931
1013
620
928
353
790
844
926
582
1050
567
658
329
949
781
435
542
665
739
620
372
601
878
942
512
1149
583
743
764
674
704
692
1422
837
620
861
374
792
846
360
532
709
1047
864
1298
1403
815
947
928
666
1147
1063
970
565
512
968
1056
524
873
847
1303
556
573
577
552
341
812
764
1034
981
1052
1252
1228
771
1314
1060
844
508
846
540
615
880
506
951
846
579
1286
935
577
1071
1365
944
843
561
941
570
548
1067
943
583
828
707
1056
502
643
499
921
1145
545
610
352
328
973
855
1339
793
1297
739
906
1074
509
1412
904
670
353
545
543
888
867
567
1158
707
897
719
526
906
1246
795
786
704
755
1315
568
602
1002
804
886
641
1083
1160
941
756
750
689
578
1238
712
805
329
329
321
1003
909
606
578
315
630
963
698
306
1076
543
502
651
1019
855
1419
953
617
556
824
803
600
1359
477
1411
1311
376
552
377
847
972
1075
295
962
293
813
779
743
976
856
825
312
781
928
855
654
740
742
732
1307
515
450
76
349
725
763
994
664
1048
373
513
323
974
564
525
784
883
1082
588
780
1090
506
955
343
520
715
1080
327
1054
541
843
498
1198
355
777
785
560
431
1340
597
1347
772
853
784
542
706
941
535
1119
575
355
528
727
689
789
1193
1146
549
628
333
920
1047
1404
539
769
737
332
906
994
975
941
507
757
772
901
1279
952
1425
1306
543
1203
315
844
835
515
524
1205
562
550
546
1085
782
1064
1075
581
1251
506
342
1236
975
540
737
667
374
1348
1186
331
1165
291
691
353
956
387
847
1284
729
1296
449
1407
1055
855
544
1040
544
796
927
1191
322
1082
1046
337
898
670
545
542
623
869
351
622
349
900
572
890
908
577
339
374
586
340
546
1237
1031
347
950
946
647
1157
838
280
1046
947
747
663
696
740
1171
564
1234
938
1074
322
361
880
922
774
281
29
607
1058
380
753
1360
510
901
909
1035
1317
649
573
917
655
929
290
304
900
1145
971
971
872
294
1084
1014
934
802
323
345
843
542
1051
912
335
541
899
316
1193
790
320
294
978
363
765
866
711
565
846
1204
1359
967
1295
659
367
1141
750
1069
845
685
754
814
961
956
1060
1091
839
29
348
25
728
787
604
1226
576
860
690
341
1099
290
81
894
33
867
1161
769
708
851
1033
568
337
687
759
700
656
331
554
373
867
987
359
908
582
930
1051
1058
703
715
830
430
1077
863
1045
728
476
726
963
347
312
519
937
539
580
961
677
43
1092
723
1427
339
511
1280
907
992
1202
759
697
951
929
558
947
605
41
597
46
316
1204
47
328
337
59
680
616
599
572
307
293
1137
279
601
544
1183
340
1355
1227
864
369
434
1291
539
1156
45
381
1093
310
1007
1103
570
67
944
1310
314
500
741
767
865
599
1147
915
816
1050
736
350
649
966
317
1144
289
1299
545
503
31
821
338
774
982
506
317
314
1137
326
951
1167
731
292
717
932
845
36
339
1220
1221
47
42
302
1197
579
373
942
974
1143
265
618
1358
900
1273
295
338
597
1066
385
1298
788
1077
1088
572
609
1001
332
320
354
786
854
363
30
1201
310
383
1084
1309
338
1136
379
1187
765
713
891
1241
1194
1045
707
627
533
844
308
77
297
568
377
370
1170
338
1350
1207
59
991
516
335
1155
920
852
783
1346
1060
924
334
1041
972
1166
357
548
382
724
357
433
1223
575
558
1311
970
1282
561
742
345
504
1219
533
972
782
1424
855
1007
957
775
663
301
23
717
356
319
20
980
306
296
646
895
368
859
726
712
1137
40
306
1214
565
866
363
763
653
351
511
1313
628
998
640
1054
734
1370
642
629
344
1301
682
288
956
1235
1395
1464
46
19
1083
334
317
984
504
1226
335
1200
954
1264
800
785
1088
301
1184
571
839
291
690
1331
321
292
318
1216
939
26
316
818
559
319
705
519
888
948
1233
703
1308
29
367
358
332
610
328
1043
968
823
35
289
755
357
716
50
590
1354
863
825
946
511
574
60
356
302
1072
325
728
784
862
61
1139
580
34
311
1224
1039
534
34
619
940
888
1207
882
57
941
1310
367
537
543
1318
58
34
866
334
80
1056
1155
48
31
342
1196
614
364
1230
304
310
100
451
288
57
1246
341
305
1351
29
350
614
608
500
826
635
1242
601
641
388
57
300
1348
318
1041
342
1087
37
389
926
382
291
68
365
1304
306
325
859
21
40
921
844
56
950
376
320
1235
514
1232
1194
1222
1049
698
824
505
822
826
985
381
725
887
1250
782
714
1443
1347
576
35
328
566
977
1139
729
967
1080
1362
1086
1364
1064
589
292
1239
988
345
603
315
1236
312
337
336
1345
321
767
314
572
1290
23
856
386
54
63
1410
1000
972
896
852
552
1044
1124
508
1353
927
998
655
59
341
384
364
986
1208
1311
375
26
944
327
32
1186
662
891
792
638
1082
1089
500
610
41
371
1142
303
995
47
870
1043
358
772
607
279
37
44
333
34
611
673
1161
988
32
1322
845
33
1192
1195
1086
388
785
1353
704
836
36
382
518
551
55
1140
856
46
547
307
1086
1018
920
1198
1303
293
30
370
1100
852
1217
359
20
452
958
302
956
845
1156
1238
708
1054
15
385
43
624
1412
287
1019
940
27
293
906
346
538
1280
340
996
818
1058
31
67
343
82
620
772
1022
663
827
312
380
507
917
343
576
1091
923
1218
354
1371
367
619
21
322
538
945
64
951
1204
291
860
830
651
1319
1244
1008
1326
45
639
321
864
334
853
1355
717
629
39
1079
1329
371
20
1219
369
1212
318
1407
633
649
1152
499
305
293
886
1366
1132
281
1237
685
959
1410
975
586
1341
370
1348
591
324
521
780
1364
536
364
318
1072
1349
775
739
1293
1157
636
318
1054
1004
535
308
37
904
1290
27
339
31
521
1054
514
536
501
1255
295
569
416
628
1362
801
60
1120
368
1254
1036
1092
543
624
857
540
655
335
1189
1359
656
600
48
74
966
620
619
577
631
339
67
546
1089
838
1103
335
353
32
617
720
317
1415
336
1009
584
1282
72
1422
1159
851
1071
55
412
547
64
344
353
1205
1087
1118
593
997
306
343
554
53
371
46
551
616
716
936
1242
991
66
40
51
1066
928
303
1229
18
317
298
1143
977
300
38
647
561
77
948
355
35
1445
553
1139
77
294
1396
1192
1089
1082
578
506
60
1324
319
1134
571
349
74
337
985
719
922
1233
919
38
1029
1002
311
505
333
287
299
320
694
1289
333
1064
1091
542
627
65
502
1445
1217
1185
44
784
604
958
379
996
623
1269
334
324
1177
48
1017
510
66
1310
1237
303
48
370
973
319
1260
1370
1355
631
306
813
812
843
1135
386
67
702
538
36
30
369
33
663
326
326
950
576
836
1232
634
24
713
1023
311
1358
381
292
788
42
86
1129
723
73
1224
1042
878
336
57
726
1089
1221
1152
732
1077
330
52
1140
866
19
1154
1344
371
633
1238
496
955
509
1429
509
827
374
81
345
1221
1316
1262
54
297
576
60
675
1351
84
1206
313
573
938
46
1039
319
1184
1259
849
369
21
1273
936
580
692
905
51
718
1074
62
86
1358
958
1294
725
19
34
1212
78
912
1073
552
1441
43
666
549
1312
1002
346
350
378
976
1228
698
411
71
1102
319
74
602
806
518
937
303
814
291
1309
22
55
325
831
305
541
998
71
1212
1234
514
676
862
59
812
52
1346
751
506
741
54
959
75
1079
1015
25
1037
64
995
1204
971
509
1043
1337
662
557
43
1192
1395
1230
344
714
1015
329
532
350
28
1203
1214
916
312
939
1081
42
63
42
1087
660
911
340
1346
509
848
901
35
1405
819
310
39
1063
1128
329
983
1132
1349
33
541
309
520
505
309
315
1001
1366
871
1063
36
356
526
633
1279
1191
67
583
906
784
1340
860
988
1428
1251
1354
31
50
1052
32
867
41
337
40
533
1390
551
307
330
937
298
357
506
1205
479
1040
503
567
821
569
342
48
376
1359
334
311
480
346
1131
894
976
29
1253
1185
1357
358
902
1062
55
575
997
1093
1147
892
386
336
1211
1081
62
1069
1295
1361
25
1221
1413
527
90
1131
1033
1201
23
546
515
861
35
366
392
608
687
906
49
68
1369
827
505
294
1397
345
319
418
1352
62
79
366
769
1403
377
1232
47
289
25
313
903
661
1153
674
67
1366
58
332
59
55
754
796
517
550
1003
1135
615
20
1404
506
1190
331
1352
1270
1312
365
1273
635
1390
1235
1371
738
671
1197
581
509
32
25
24
308
338
1154
1309
1020
1185
52
510
357
637
45
1078
315
73
85
527
787
1052
805
630
56
783
308
867
1281
601
344
1000
746
370
49
622
1368
292
838
305
659
387
15
296
1116
1032
354
35
740
540
351
1337
1223
52
920
308
1357
641
947
363
1355
1370
1318
27
358
504
17
340
1236
79
39
1213
22
1402
347
555
283
50
1187
953
36
644
823
19
534
682
1380
1430
302
1367
1200
1086
932
1336
22
1209
713
1152
613
45
1054
1163
1189
343
390
56
536
1003
1151
1133
79
977
947
913
1151
30
38
544
305
372
1205
21
234
798
629
1129
1138
1360
631
326
715
1084
21
1196
324
770
22
1066
1156
1301
964
322
1137
1250
288
289
369
1060
319
1316
323
438
933
302
641
18
1008
372
628
383
52
325
25
545
375
934
64
1372
1175
585
914
897
46
371
87
989
1197
1394
1367
1404
35
68
295
519
825
37
809
318
44
311
266
716
999
1211
64
353
589
1288
298
45
64
675
290
795
1186
511
1097
507
496
1409
1310
648
948
304
367
588
907
710
609
1345
1465
1333
608
1350
1223
78
321
1269
42
393
379
502
28
298
547
53
336
333
286
533
373
339
535
1180
1280
298
1025
1285
1233
61
56
548
513
1144
999
362
349
18
25
1144
1220
1287
394
1346
1309
1468
299
1181
308
606
316
710
1039
695
761
51
1104
705
996
848
331
511
1059
17
672
379
328
1248
372
1147
879
49
609
385
792
323
324
924
1416
1080
858
55
1274
1018
961
1118
54
902
998
316
520
1215
1376
1200
648
282
1305
1069
592
290
68
886
1379
987
296
1020
305
1245
735
1073
1382
1332
297
1000
1000
1142
359
378
1314
580
21
973
391
1291
756
298
1408
1296
1155
742
333
20
1010
1058
1317
1003
716
890
964
498
65
365
1188
317
328
323
1408
711
75
287
495
528
74
45
595
771
44
103
417
1063
892
281
1047
931
777
72
1057
392
1453
303
371
917
28
1362
21
895
1247
973
650
90
726
832
286
41
587
287
839
80
1374
1208
309
63
320
291
1148
614
586
303
292
347
838
748
55
1018
1386
1426
867
766
1042
315
347
1180
1065
361
549
1281
1005
529
54
974
340
75
65
978
630
301
73
336
875
37
706
664
58
1402
736
288
348
384
959
1357
1210
46
544
1389
46
1072
671
265
1225
1119
380
327
713
1187
1189
871
1055
54
642
1358
700
1002
325
290
368
39
1149
81
19
330
1251
281
1354
1437
372
585
414
896
815
1302
1395
282
41
785
23
1042
309
387
1381
31
872
1443
546
1190
1061
1412
1146
361
309
353
1158
516
288
343
289
811
321
1015
40
296
69
333
1207
44
575
304
1263
374
24
882
1368
523
1150
309
71
527
845
71
1216
53
34
814
379
95
91
77
999
1126
61
309
50
296
49
48
727
46
52
508
539
1435
384
847
314
1198
544
359
1209
91
1399
309
362
57
360
589
1284
70
1400
851
1411
56
32
286
1356
97
412
301
1351
645
690
985
71
1061
54
776
942
1057
315
712
390
1371
297
375
77
824
393
1226
289
1379
725
1136
1406
341
504
1169
1438
1403
1250
348
52
307
1358
778
1150
34
1146
96
548
32
453
293
747
361
1056
1142
1178
1236
899
611
312
87
63
508
806
954
1348
582
89
1078
319
61
313
53
725
1138
1282
46
1062
789
70
1343
310
76
71
821
1393
610
1374
73
294
1066
996
55
607
1137
680
72
346
1045
280
92
532
416
295
1083
925
1402
349
1207
1234
661
1203
667
293
1403
351
991
82
68
71
984
65
1347
1221
66
387
378
873
1123
634
340
311
1070
392
1108
1442
1119
636
398
1127
61
679
628
37
48
1330
377
352
571
812
1237
1077
1094
806
808
335
82
27
724
70
1033
856
348
1232
531
297
943
1201
930
1082
828
98
56
861
1357
294
1048
542
351
320
1257
523
598
536
1041
1406
627
997
17
19
809
1218
281
834
1366
776
354
901
669
501
90
1421
53
1208
787
345
1377
1469
1146
949
614
776
36
814
820
1128
1243
20
1216
330
310
1303
51
829
301
69
534
1125
1375
545
16
1043
335
1417
655
1466
1249
1188
1351
305
1210
332
391
61
78
1052
15
531
1079
1406
1187
1372
286
1244
373
1396
1260
1002
1352
60
323
1184
1120
280
49
1245
24
543
1133
579
327
663
1150
594
61
1219
846
1095
835
729
307
33
291
1198
307
1143
1202
819
282
1359
413
349
80
651
522
391
40
857
1443
1343
1210
341
75
594
43
332
1059
1321
1065
571
1335
1188
923
293
1454
1055
1277
65
714
1182
511
1266
825
26
384
1090
682
80
87
1178
90
18
1016
82
914
1248
14
22
1022
67
904
48
284
731
1411
1067
18
1208
55
986
1382
76
81
828
900
302
1273
541
1035
59
942
377
363
65
544
1036
322
308
1068
927
499
301
47
369
74
15
726
415
1214
285
1338
1311
1360
718
1323
320
582
1085
1393
299
535
1213
1405
1256
887
43
1227
508
390
290
51
1385
16
1343
730
1253
1057
380
97
970
537
1322
352
12
324
1211
1349
79
280
22
1241
507
303
545
63
576
307
317
54
314
378
367
1134
1093
350
753
331
999
1158
963
26
1138
52
1140
1222
518
1149
412
1440
59
33
1176
574
521
997
1218
1261
1299
512
287
822
773
891
66
99
306
61
394
1102
1344
1075
73
821
1383
1161
72
37
965
522
1056
299
1417
863
978
523
66
18
360
911
509
368
866
39
49
1248
1355
454
95
926
1142
667
1363
1283
98
1219
949
387
1378
656
42
348
76
1093
553
1209
1217
1132
1112
1404
1305
432
1067
330
348
540
50
656
389
614
855
62
23
908
1297
352
714
112
284
38
41
537
943
47
1254
799
92
391
1389
93
302
1289
1034
1350
395
281
322
629
31
1155
551
888
1210
1122
1154
69
