0.015405533089172833
0.015084925767559246
0.015328817636398064
-0.00992604481844483
0.012418218794012975
-0.012756382076141623
-0.013502888721806043
-0.006295971762139382
-0.007266666387445951
-0.006258867949098345
-0.00809751630185728
0.00577293661424965
0.01455393771878148
0.008417210414002526
-0.010126364481516813
-0.009518075721400242
0.007712008670418666
0.0074288389988570736
-0.007356069534819562
0.005318609363843683
-0.012674854009188379
0.016959044618855054
-0.007803300196395908
0.004731435644720223
0.013294147769899576
0.0070814899972855404
-0.006476034529346501
-0.006163123447904425
0.006460720416787448
-0.004184367719567184
-0.008609005109980802
0.007777068379173754
0.00556524534339113
-0.0064202079751960505
-0.0035504680163604475
-0.004965316370681898
0.0029466372542237837
-0.0033291548709500005
-0.015500151575570015
0.01671347144715618
0.0019770536702853328
0.003342427980771125
-0.003845807138834421
-0.012026171619235627
0.005816046585318993
0.01229561677528857
0.0036294096643079104
0.0037484539084365006
0.003582292229271196
-0.005667610143408656
0.011373223685385398
-0.011554777844652489
0.006658478094476595
0.0015239920732759882
0.0034456387891150207
-0.011520188902450549
7.153558032919583E-4
-0.009567752800127786
0.0029090987450739775
-0.010069775488673488
-0.004951188030230813
-0.008653826990269158
-0.0085964611522666
0.004043892945647882
-0.009355171133385624
-0.009245452584602508
0.0024299038510616883
0.0096281605580126
0.002981303352412938
0.008564746635029824
0.004003986569468697
0.00273457174303751
-0.007963902303234228
0.0071927903514907715
-0.00580364734488935
0.007494648550110845
-0.0025917773185932433
0.006572701610629719
-0.0030420325448892046
-0.007612029314648229
0.006476636121223393
0.0035715184606927423
0.007490734129804772
0.006151455883969374
0.00684197156993459
0.007536562657950579
-0.0024259941736727974
0.0012814642647561902
0.005869503585038026
0.002593070196013971
-0.007049520552159028
-0.0014054845506531195
-0.0018584382417634754
0.0026332809356968546
0.004452052110503908
-9.716718556399806E-4
-0.0045286404066786495
-0.0049589713310886924
-5.763386408777454E-4
0.005591126306432427
-0.004684676253174768
-0.002889624855083678
-0.004662957067438375
0.004723126253016927
-0.002624155171549596
-0.0010263062514445113
-0.0031797480854827025
0.004676042441660342
0.0019769572080608317
-0.004453450481893587
-0.0034077452139956326
-0.004174504436449681
0.001348754303968847
-0.003645763199281739
-0.00498846503319534
0.0034306405574476753
-0.002440254466561865
-0.0011491137388518226
0.003402569519908146
0.0011645991101234237
