3411.1326459126008
5120.274127819957
4037.004138969273
3417.998478911704
1886.5314284909914
4163.478382580038
5835.90066889599
1897.7095875766659
2848.684746852344
3300.687575036158
3311.6941140600447
2287.7812008629853
2760.7567414597524
3325.2785106078577
2664.7445259990695
4149.462588184937
4157.782667978648
2155.9439432045347
3037.2409721967524
5658.4046352354535
2294.3328684601734
3870.357160142089
5707.015785106541
3414.584586354597
2596.6097548648413
2454.6678900359107
4034.3397224487094
1908.7920100908584
2191.238264712486
2199.1877840768416
5662.269587021692
2661.315670323697
3536.3065045949716
3318.4965084674473
2503.2534654777173
2449.9249413026664
3355.9438811743353
3782.318973499067
5706.256036113793
3874.6407426093965
5818.467232905411
3622.2053408580623
5952.928254898253
5605.498746990465
2487.185987472675
5615.328011142432
3890.372294244618
3444.5173569076965
3784.1848568021774
2846.5991245425735
3318.1422405902163
3668.2489677718113
2786.8183007848083
6269.2745623896435
6031.617619759037
4610.941080951972
2850.6961325466114
5608.033600622172
3434.616791198974
3820.7145107723572
2693.018797832657
5702.921308674511
5141.322895496964
2852.7155377164363
2291.0650279669153
2179.5128647265424
3592.300811221613
5612.884056010422
2791.238252020854
2846.8254957567387
4437.945540152751
3039.611381929063
759.5137195860101
1892.2549401384854
2591.041985925592
3322.683433912224
5803.871634337943
6516.474625737327
2660.073668736086
2170.792840689731
3247.2148917677646
4086.303734603976
5656.050321850584
2848.658235425076
2281.3189219430915
2109.2762029686883
6124.2760683167035
6378.336121272973
2680.8479108198567
3259.605117378954
2724.7932398144226
4662.904806982284
4913.8120566712005
741.489140714793
3521.3336751922507
2596.9369764271037
2673.226549302931
5847.03091559893
1292.2549649635976
3785.1742896869337
6131.6961771049155
6274.555590015436
3546.4452900003594
2760.9250408164357
4987.561713180552
2558.557793302827
4038.1258063032083
2991.312531318901
5057.893892547665
2665.5595242100057
5602.95992418319
4468.1917071763
5119.469390052711
3045.111720153638
2687.9704311414116
4371.958429180609
762.528605915419
2584.7827291458575
2176.0468111595287
3809.87483132192
5137.4242320613375
3022.205379401181
3048.6416192277156
6002.406382092159
4154.97587236513
5879.307209760567
2160.925051970412
4112.740611691466
5526.404768772379
2688.876653279264
3782.685215114103
1623.8042770292566
5805.7401698958965
4841.829813342877
4029.8321234495065
2150.3455340811815
6383.037887880812
5658.175878988116
3902.6340010029066
2560.3411654521424
5258.995787889125
2174.4413796072627
3801.3765196213353
5530.6946113840295
3822.0720265394175
4608.019964602038
1908.5909411411378
5134.563581391507
4152.201490234761
3205.156409411758
5184.841148346447
4671.152172950892
3819.538259803918
3403.9336031587486
4525.278472768538
2206.0468947791383
4435.133984126576
4828.508533291573
1628.5217745182197
2170.305792176294
2295.3445533240015
5805.602804811546
4676.4048172169605
1064.1375127519523
2448.256516725248
4269.597999402118
3250.441090007528
5218.467255256585
3068.903085092454
6119.158528191737
4537.424243480729
1633.0281754214857
3969.7601118727057
4136.306492093951
5660.244876273288
5709.48031607628
5797.8323291744755
2475.8781905467913
3424.6199769113764
2595.3283663051766
943.4578512681056
5070.713077715727
2451.6012198943995
6258.404610776096
2169.716030882056
3818.59975650942
3495.6349938775465
4160.617425762956
3450.525775267899
2659.6051426574622
1446.8020937964557
3024.836868737192
2321.579136760556
3552.741899058605
5617.254972839697
5701.242267619111
859.3842825624762
4954.233565386383
5015.328026932858
3021.0080707695015
1845.1117809459665
4955.021436138309
4566.854192298349
3537.8903916075897
6484.144086327703
4766.179066227742
2324.9473160169346
1027.6070623799826
1435.06358596552
3338.001401288932
2843.3992413635647
4457.89391617687
5828.588040589355
4590.762950746924
4089.0772968203205
1887.1860123065458
5827.547531762272
5387.227070260492
5087.325065893814
3542.0013488520017
3551.7717030373583
3817.8160865723853
4422.882618374875
5271.152153485664
5554.23354456317
3237.945568608523
4520.554688019086
4031.8757864238955
3672.8094916430573
5404.280059869277
3587.0923649926713
3264.744499359718
4003.933585844743
745.4822536619163
3039.7933437731513
2714.3284833824678
2305.864207624078
2316.4328975454378
5231.260095264838
6004.237565370488
5517.482827454379
2572.6415718450694
1127.6763719075257
1627.6892611648134
4941.099852009425
5227.834253078342
3450.8587885904726
4123.005896281108
5302.8124554680535
2566.737097838834
1439.2938287225393
5148.448298206632
946.6709675335367
6738.997767675836
3859.6051069224336
2485.780441843233
5607.985340267707
2884.527215545534
3954.6779663573957
3925.278494049158
4232.606035835172
6447.030871717587
4875.484443852458
2169.889640412262
2821.4835313105214
3624.8368304505107
2749.0597726963274
2314.0102818172577
4789.0284093641185
6378.012976368873
2493.6541188245665
1717.5444280587328
7949.645798613192
4417.816074650795
3261.3156445536756
2481.7661927706918
6128.543394259972
5415.990082507327
4644.225125441705
4442.011027127041
4603.871671212499
4433.701072117233
929.862208740964
1523.2018072481612
1388.901208093459
3258.2895776607725
2319.311404399828
4006.5319278877973
4840.780473075517
2092.155441632759
3744.0276024156874
5251.468837561583
3212.9469106884935
5586.903658970975
1898.7366123894578
4058.9958160891074
5019.937369334905
850.8097057199234
2820.8629416502245
1308.7920328068622
1506.0797422759165
5672.374275974111
3449.6697505547486
4790.862287382722
2478.617623530324
5424.085289178605
4948.706463729348
2491.061745987685
2003.5822244313226
6208.0335527010575
1636.0209156064268
6075.3264783740415
5851.468811414068
2996.4918938451224
4660.3927890487375
6001.990321576947
3785.239550557454
2714.893648200359
2303.287892461153
5754.686203859412
3319.469447926815
1901.1887195102995
1067.47298441639
2472.2133197845665
5279.307220904182
1626.1519265507204
1125.041646091402
1555.9439716884606
5394.729082261037
1684.5272560159538
860.7441411985233
5063.027465489081
6006.07137171534
4876.498740414843
1348.8278525793685
2478.2377855518253
947.7848721511958
3223.2821897896793
1167.1629429199477
1881.7662160067373
3963.753360246607
4052.458799442723
840.1212118464906
5868.723291718032
2204.505907366326
3855.8221127274014
5729.1059681422985
1026.1519411978306
5068.19168283045
3369.715987800167
768.2160535659302
4242.24114337384
5085.026679231717
3833.701090075855
5714.958843622188
3951.760918549524
1999.4192713936138
3864.744489650856
5552.355367853064
4804.280071420419
4620.017727873891
3236.7407477759652
3629.983780316652
5181.82942932113
2301.2919015539787
4651.468865524876
6145.472060809214
2725.278556415278
3308.4289979600094
2798.849165184046
3878.8067394259747
1524.2031430508878
3427.8398003410907
1521.1832141186665
2887.781188426368
3446.599098187219
2847.159666275459
5012.884071728736
1350.8950574154528
3391.548430826027
5819.697253829462
2278.1360084951352
5719.491406676131
3262.44012147675
5815.887290301322
2837.2317749416343
5002.959939119872
5008.033637204499
4788.982185409146
4394.11181380009
4796.267073295096
1570.7928608312752
4417.980673894205
2825.1398475227716
2173.249426718591
1070.8125162281046
2698.4880462693454
5714.990193117789
4781.756375598918
1158.2115847060893
6009.423583220542
2073.2265830868087
2563.7828666726127
2934.8503781975796
1739.717516821503
2737.424292080643
2810.941128811286
1133.0705873381507
4214.75544913679
775.6329228537231
2752.491982161688
1927.7687451367044
5324.233518159758
3428.6402843514757
4994.043059666476
5058.404650195633
6202.959921559603
2570.2853379209428
5062.269616598688
3178.828068334199
2565.8934515764895
2271.4681801592924
3268.1917331916347
2259.4996326640144
907.7319884554829
4979.72448168515
5479.205931842126
3823.574958486926
3337.4127915372264
1674.4696047805924
773.2698378429822
4890.878681293717
1319.1404667976642
7907.336801710463
2001.831100570899
5725.278440822907
5005.498762248246
4729.726011952708
2285.734072245694
3981.8294535677464
4818.96778615342
1618.314798644756
4950.515890497646
1474.1747000956123
1791.7635728350351
2480.2024455751716
3076.2585032578054
3461.151650576427
3639.432217410761
4521.638929039979
2474.2532807467583
3504.4090649053433
2089.944463859025
770.8129428625108
1202.8650408385445
5863.385954284765
4689.735870336841
4802.406413598857
4155.078543743879
1381.8510096990892
4660.48559192939
913.9863343962431
2326.4552635357227
1060.879622375049
2227.9890662045414
4043.1090583586756
5059.216375693539
3410.941105226484
2237.2318067872525
5471.19497958705
1935.5809151583612
1446.9676280264518
1824.8564587069595
2422.2054091332375
5109.48033514658
4030.650229230686
1719.3114162767297
4792.775068506352
2000.8171569794583
5389.028380717547
2177.780788333121
1992.3197507588525
5214.327594356787
4717.1534749618895
2600.1845293078572
2934.7112607242875
7833.273678927534
1441.2284389151466
2127.040983800316
5548.70644330704
5417.860014053561
5002.228625540784
1730.5511803129164
3741.099868833172
2845.4816333797626
2941.865715697216
6635.683586941146
4268.248952207213
2866.4494276138635
2620.32170785969
1629.7726118481492
3920.1959626666658
2891.065016192861
1313.793843848849
2703.6262010551595
5308.217679192498
1191.7635892892256
5392.7526359529675
2937.4783559711923
4378.013972650713
1153.7442144794718
3019.8841667118463
4819.642450945806
1160.464935063614
3369.4295289634906
3552.201533985599
3858.70175231906
3209.6910726420624
4250.894046907158
2612.2506230168356
5322.30772029949
4825.373462332452
4786.949135481279
4130.204979311664
4151.771693281396
4459.605087456443
3302.986434117173
6380.673568634788
2743.7827327254276
4784.045451587769
5177.747846517165
5486.494416556517
2061.315710147601
1384.2921273404827
1438.5879684890317
2123.112878734729
1510.197766268941
5609.9734999986595
6215.328006107982
5235.307189152124
2554.3798416955815
1998.0107183769267
4811.009335729507
3825.355682481574
3965.7037378263917
2273.384644654507
5278.222305357652
1875.8782136162781
7373.183006178582
2110.3697821020523
3448.6847405066364
1621.7406734293947
1624.0142870638122
5880.44131358691
1477.2563316557048
1715.7780885235716
5414.807923332008
3083.775845535134
1958.5578636438117
4732.485714945439
3048.4577000587324
5065.304725375811
1896.27903536234
3243.3263448399584
1871.1789367801186
1934.7808594697215
5885.794343553126
2058.2896445670276
3166.3739464472214
3384.8412090782163
4817.251426610924
4660.515108752744
949.8375598695097
1306.5518390922812
8104.329710679143
4009.4915367036333
2828.640307514647
1009.0549659122661
1721.579209540709
1765.7631191495743
5670.713067735792
1448.488386495778
4285.104329562311
4629.165499622886
4841.2654664070205
6298.884004118497
7588.810201693085
5059.605063797287
2094.6499001636066
5425.26921532525
5504.194345826422
3240.677107130119
3266.4664239753756
1830.7669703195245
5498.336524427491
2755.8011412776095
2934.088059462458
4787.148719080852
1018.055789077868
4187.148746936311
5056.05035228354
2901.643171552331
4467.293587493073
4791.33918268805
1862.7933776310883
5427.834368325549
1501.5501450593415
2230.76815773518
777.9414049557895
3236.5498343291933
2637.945593131804
1452.4323813713
5203.933553954161
5674.555612442837
5661.315583056972
2084.4498131835144
1873.202190066458
4874.268577505113
2322.081799317864
4618.467274641103
3018.937944721304
2322.8392006253684
4615.440291309482
1009.3834803049551
2010.3674499126444
5987.2270619678475
3971.0040216442744
2122.683481394607
2079.9370276630784
2824.8333219696688
5389.628503259834
4272.80947482189
5063.8508467181555
4799.712776746561
1799.5144871374205
2727.0459607157936
4817.12659552064
5060.791184361424
4825.269241860327
1160.9926463842858
4719.075946981467
3919.2081639398634
1301.1887311917917
5073.932160548905
832.5413827066349
3874.013609973681
831.8511043419586
906.732480137685
4237.344162006501
4631.2601099496305
5688.016932501288
1855.3312564435328
3961.5464219705696
5077.097776085242
942.2324145789954
2821.845690432539
4378.5606925936345
2419.461640085836
1254.566594058843
5311.442148049134
5276.530608524229
5575.1907274943205
4071.655360416579
771.6488382399389
1679.453622228685
6219.2142272116935
4410.624190509212
3877.376539575372
832.1728367070033
4802.312734478453
1130.363063367157
5542.9536874494515
2732.0257840659588
1521.6390124854875
2725.520571308906
5304.447277457742
1722.0818055839054
2803.9336189340315
5261.066311490651
3635.1413775186284
5255.770546507834
2318.1603417202687
3883.0623384189257
5269.455849566623
3874.7031142396277
5083.899170912757
3445.4816322405686
1377.7370128678085
1726.3270989464854
2462.7933528956037
1078.549070226452
924.2031607301057
3452.715515112468
5669.2745857359905
3252.697544177755
902.4265715800641
1071.9108179603463
5038.88724081804
5114.958856814865
2923.88235393213
4609.270616430215
1015.0686327483467
5716.647490724651
4660.250343466707
4238.966914936425
8147.657296318673
931.6295315825959
3377.0629382311995
2561.9627703501437
2714.166372533274
944.6259475619802
4787.747363483185
1267.3880194755095
966.4881783828849
4989.618016313169
1672.836351039029
3515.1994034815416
1081.3038435584738
4958.559211555071
3871.997687706489
5384.0454277688195
6212.884051405012
1061.1384066773542
3787.674905417618
3374.1124866143487
1996.5969864506148
2125.27856457847
1687.78122697751
1323.2202227050034
2247.5969351683125
1442.3676434083682
1671.2150496078714
3756.772076062484
3239.3220966709287
2726.180031901985
1746.3635962630979
5539.526422040289
2234.022948365771
4592.486622331262
4733.643208810954
4125.559869678827
4726.475187919112
5329.907964052315
4720.466455714706
5459.954808444584
3680.1574036981483
4788.43178056798
3019.976210480588
3212.8580049499865
5126.277808083619
2881.318908309833
1509.276211421979
2725.330661685119
4727.945714134642
2188.9576611568646
1870.5214791374494
6579.893072199649
841.2284445523908
2082.433547862689
2147.4553987282416
4724.939074039129
1020.2719498781025
2000.1845426286852
1043.7203088115075
3319.4914744031025
4872.36971556172
1498.2376926581949
5532.63961736983
4390.775011128781
2657.89397136953
2797.8621695002116
4382.268358462702
2417.3425190576086
845.0986420356355
3786.0879213713442
2317.5444162983363
993.7058681503372
5309.49173838589
3526.4434940639712
4306.896366680593
2418.159963693983
1085.4522145504645
5009.973518264303
5638.887229844135
2353.958277412355
941.0011229403506
2307.3235335086865
5955.74750080578
3089.3944169484016
2825.839505119757
516.0858469868
987.3768837614516
5421.688734387029
4840.099450542492
2706.9151088997537
3322.6916298161973
3457.8968310967316
938.5830389935204
5482.902336329413
6299.519146453888
5077.482684187819
1627.8365240819387
1869.2105015799805
2309.4127004511756
1681.1660547693714
246.14538090214137
834.8982492966975
4706.955752406328
1298.7366255833324
5394.41074018185
5417.126562118268
1014.8585206156115
5450.8962816080775
5407.786597549723
4627.834275358739
6301.2422591544155
4465.128272251735
1508.802965387008
1487.4071851240722
4515.282555265404
5472.866166543804
4623.177357269588
4516.704900875784
3008.8939375364926
3044.961154761251
5882.573497252623
1506.7317891109726
5503.378311791846
4620.07468037628
1525.1992660236485
1572.5556548125471
5426.893921728323
921.1832332490404
1326.336717300424
2020.724630849419
5548.930043848985
3538.2231532057704
6637.910527783463
3805.1016587486665
1396.5969935362082
2808.0200166715595
1249.8939965839047
4977.462958700617
1505.9531461186061
1069.2545491963936
3743.705738147698
2223.8318404430242
3339.096925424886
2921.45532927186
4903.22318398351
