6155.678275520119
4667.307295734812
6146.975289933321
5018.262730319791
7126.285136040493
6147.0407035150765
4067.321130857937
5853.753119735042
4691.11020878899
6147.2562306980135
5830.835930815934
4505.239018684906
4693.745954516888
4679.479953599733
6657.826639569864
5634.07823370972
6596.755499355076
5217.0390576748505
4588.649939819107
6042.177260021843
6088.329381059312
5481.680298762509
5717.356660851978
4079.016106549542
3322.6448574388346
7197.096858471283
6642.165908738967
6640.22140362366
5341.215289339913
13089.789451638468
5120.870234380972
5954.488667566095
6300.955086164003
6317.3468191751035
4500.274176783866
6747.856376991225
5442.192834439955
3250.4552631862616
5111.08043443853
5188.63229209149
5820.054131047622
6588.770731312184
5488.343608561118
2447.3409064726725
6633.168561968625
3059.4623167918476
4451.995424371485
6467.984593838476
3634.9807677971953
4951.407231130236
14806.172639847471
5618.247566687724
4167.789212866808
13094.488322318999
2435.2379141005913
14762.144207630135
5114.325719932588
6628.680203825367
3654.7623385480747
6198.500574072421
6620.008385555608
9594.617478801802
6311.0536420706785
6554.475887856264
6672.067154014082
6679.356059115153
5492.7287169955825
4398.544101915375
5711.062415522788
5100.98222044404
7261.581071507024
4079.4920253740656
2792.4153830825194
5536.912649768741
5828.710421469199
4936.922592637569
5700.966581350801
4351.420735731604
5104.433072115964
3074.549438758454
6165.111722862407
4497.314438600745
4418.281055644406
5352.480570359412
5821.907013581529
9712.707379728434
2810.4540509761014
6081.6647289382245
4844.1002685632875
8076.432520027096
13065.109884070174
2697.3511599402177
5293.729997665478
5278.997872816374
3119.977213369737
3834.124438373002
6909.2020470814705
5191.344993439677
5598.509886902459
5267.731184848578
6836.620124228929
6633.687729405389
14715.576442716467
3047.3312275159997
6314.297769427289
4456.591240070159
6573.0469976433515
6428.705336823291
5143.597847036884
5267.301771698449
4365.155046443165
5432.5127999272845
4990.740147888049
6307.4691683985475
4243.351782523743
6428.107224220823
3922.6340757636876
7748.78337476422
7071.392586208682
15131.30016960289
6756.804982466148
4383.759518334159
2863.48791628771
6755.672485190653
3035.1282791182607
3845.178927042359
14331.825926465535
5399.90841013588
5962.15656229146
4091.1218662752117
3054.7725317786535
3428.129522216288
14663.495867539918
3869.9869426673386
12739.531304027672
4892.747487266231
11360.288522815372
2487.6684068925283
6923.013598576872
15488.949270972233
6617.693438819173
5190.294111681825
3048.104769476925
11682.54094857997
3410.446560722256
3948.826774013359
7196.749161742022
3870.118695085618
10521.248747642785
7272.063156261865
5428.220774891345
8073.546079423734
7173.042808008232
4675.75676450873
14353.794767280833
9964.184872446815
4254.753471649271
6320.843846643568
2650.465879150546
5829.218197498264
13758.855535407589
2846.74779299471
3897.326132076293
11384.859681695654
6149.027350303644
6745.230923753754
6747.03294237189
6632.617095837055
7141.96221782342
3140.4096420190617
3392.406216359423
5996.766563483208
7573.744199402461
3875.826401907864
4062.6621876899208
13754.669692218746
3035.22793892193
4087.4981831365185
4578.902684956752
6615.83420052
6830.60170863616
4757.271321734256
5988.781508282835
5288.551681901213
4465.349280086947
4174.3224840962475
4472.218600521988
8081.140211175683
3905.248922460481
12746.153922154841
5710.83175861383
5707.4793415893255
8036.075450166821
6400.19345217698
3635.2201059429667
7400.055064777305
6420.048546176151
12724.389211188069
4102.3815583478645
7717.232434610092
5720.8521842932805
6681.660849097831
4501.095941212068
3370.833423527329
6479.371224059251
7742.06363288217
7723.162905913991
7511.2170689344075
6718.649399187894
10178.360666761464
3198.571778318924
7660.8325322612445
2579.1148468920264
11669.140539385837
9159.294864582436
5746.955557830243
7076.175025527624
6755.5110170743565
6493.703897852512
5416.055299931896
4881.698956189974
3751.430983444017
8955.656924567631
4845.875863699212
4548.823715814704
6430.833172697716
15217.687197361587
12734.058445402026
7117.409084538366
7118.154322732166
2474.55780235689
4073.8544265423693
5577.863822774665
6625.435182766136
6033.698905777155
14738.941578400381
2148.8549336644287
6762.7712654486695
6771.894099181628
3118.6861619811375
4498.285655403068
6917.239699738918
3674.5448864819123
7265.204769268766
3957.1469608533002
3044.128337872102
5110.847741708572
3034.9892262571598
7248.50775839492
5788.624007200755
4522.627866396039
10809.469669455531
10839.870147528025
6032.497568237784
6733.287930302443
6725.365250175002
3234.1380943071927
3667.454300036822
3982.6336324087297
7083.804830190359
6747.251934429445
7130.446339539578
14404.772655377095
4091.3970135291506
6502.79724526599
3645.8943439076897
3179.1129452831938
6625.526435857483
6741.922159626917
7758.302404749457
12073.766315475848
4419.415089457117
11413.14343758868
1232.0848516115268
7542.201402763237
7269.402223636787
3218.309968634251
3275.840619653644
41384.46733025919
7142.060585261987
7080.491023902642
6832.07927200817
4485.473547019586
6343.288243701325
41984.45927966635
3900.281947388986
2210.4618873151103
3850.441016851507
6839.434453781423
8550.94516300334
6768.763580926241
8092.044049992068
5478.64190944532
7079.361641441032
5984.933814415752
10800.24346712103
5050.410660661521
9684.696601267138
6759.801148933703
2128.0454860600294
4774.319546867707
6305.13616819891
34381.07428870317
3567.7961724639213
4248.91983632332
6837.068485295409
3943.7434105968587
7130.30480904459
5051.985380223225
7193.6514942042495
5574.02008747844
5480.543336200853
1919.9882110575497
12881.540864454966
1940.4198695829148
3718.6820577580397
8191.8261593484785
8106.9888262408895
7139.013113080336
3992.4025855288655
7272.655622093008
5828.1141618763295
9506.840576885446
3647.3237092711656
4759.513142644377
5791.343141035761
5582.638722400224
6783.711627868382
3887.9415805983353
5094.034654764711
6335.897092806685
5097.309170536005
7116.189276588832
3856.603301344396
7162.1387361062525
6502.69989295416
12878.489872312473
7024.052693356139
7128.952003174042
7215.580898873643
7934.85438116184
8516.395453383566
5464.189326873415
9303.633833660955
4848.914516973452
3928.9567372207925
7125.986043667911
4075.7668228475586
10234.321828165359
13555.968718034428
5034.090360466321
3644.1172502999125
7778.94602033381
8127.024982195425
7076.048900580923
6105.487353010255
3648.928868049678
3885.4831217315977
8011.296583243934
17309.44818902112
13207.512782675623
3165.177329026029
3687.658940811643
4767.786668387907
7067.975357917039
2443.8955792421166
6845.059409003439
6352.299537870042
3887.4532013306343
3958.9863734189
6536.596744978877
9517.224470012134
7242.164021904214
1600.3264002992348
4775.996847480968
3946.857866379327
4133.246251281989
12062.69278971019
3902.362057826294
5778.872830947469
3455.7594047322386
8028.484024049986
8111.748751064198
6183.715161116376
6156.205975911058
7764.249134039847
6312.646812468748
3067.5986332164543
2062.3703155590956
6542.065384243726
16993.514528709777
3576.0070918073448
7954.712278014603
6476.184087800342
4312.58610091431
5056.5854539241445
8060.968117326078
1505.763736033303
6824.115063485824
7742.058742836281
6310.820331322509
7117.237677162202
7736.590168833739
7997.465096555446
8471.258989885824
5321.0940230572605
6347.287683241687
6156.813576373512
12066.443782965163
8029.867266720931
6710.337261268516
6665.208906340825
13579.206947463685
2441.616589655051
8483.886768966502
5875.731766443692
35788.87181437188
3522.097960050714
5279.477203237121
7121.689010692496
5070.102184969037
6314.709278071331
7096.921470553874
8488.222723917494
5942.448367442368
3865.3508650774997
5082.264264331424
6756.202245656904
16077.434419181796
6827.174219307403
8450.420848911128
6441.0539801621135
6047.827501086471
13240.642444113219
6840.552277684123
5448.515357588746
8100.0962668067805
4111.94681774549
41962.537654414285
9311.210782190385
7093.699806096239
7233.686961143286
8917.22788379667
30204.38970918835
5070.428735760974
3889.4170819967285
6118.653243449937
13606.430959292218
2598.5796721627426
7041.050783243848
4512.802797201403
6849.954281837362
2758.8034911902864
13237.20294212365
2697.276034031938
10349.430516983179
10776.70320214472
15589.851465947397
48050.39424614613
3348.835769995988
6232.0829665383235
5145.382097610368
3557.2806256527747
7120.714621831502
28902.9965713838
12064.269379018097
3798.559986115668
7509.195749662194
3513.9511755095973
4469.327723392239
3948.2131681714523
5441.998594668348
55416.31672394803
6489.452360242654
4919.071812915138
8558.149368088682
3441.0802882846097
5453.680627734987
27547.76392921744
6437.9660857786275
6468.297356985494
3736.9391678896764
6573.573816233719
1485.3917454208008
8860.824870174018
6018.589458550568
3860.1087848159673
6227.17771548207
5838.622200577604
4175.999028489802
7436.043827054058
7123.421365367613
5704.416264623337
13963.26972892915
7993.618665459295
9114.431764673513
8665.472936408623
7437.066512441855
6292.949368243764
5087.443856289709
4765.772727209553
7645.902220371422
6751.37846211132
10846.863733870623
4847.498424730086
2170.851407608659
7089.442547618804
5470.924066155121
8111.213699989875
3704.2510537225226
5586.261525676885
48441.3895933742
6455.714718693838
7731.870593022433
3132.2138739335937
9520.035504150721
6836.04574865167
6078.293600623612
6539.017547106659
15340.170511622811
1548.8586322706758
6765.107609726326
1342.231386193403
5412.499598015526
48273.58294341905
6176.356033292385
8137.024934927137
8323.160686214149
4336.93220182971
10767.615706568095
16879.832860002287
5100.27352264872
4433.200254953743
11473.528554221743
1904.2651419576507
5714.308664832488
10869.066003191045
3876.694125447897
9120.69328569423
5134.896027829029
6547.058749718348
1344.100110059574
1943.6566387902697
2173.7293202409664
3888.325447573995
1522.667334237462
12178.013517329737
3103.967160522613
1833.8501588889128
5227.759879220496
1947.3519885851292
9157.61617150444
7125.260935622607
48298.892754873435
3055.5877496158455
1326.2139978051075
44487.211391933946
10229.463685101122
13458.076776032787
6344.898845488696
15748.022681058155
8553.600373719348
9105.3982336254
7251.323894714893
6603.882467878853
6305.145488940365
12842.468293075664
5291.386457674642
6547.794876875045
4830.9033677639645
4580.014038432363
5902.029517828073
1874.5639247473073
13583.18867748395
7529.668136115647
2685.3883307758542
2473.3575100136622
54979.60251376315
1370.2597069632018
8802.088346304316
9484.683813042373
1916.9481029145793
7093.524774018856
1950.9384323787556
6224.1167460787165
8129.666854449731
45087.2072481787
7721.687270241891
6536.8931852409105
8123.006643344367
7441.073278613979
8109.19533398323
6757.067646274973
2583.7901367632376
53515.14917400143
8260.827806067096
2255.7668240555704
14748.37078052334
7736.887687469719
5454.747007090311
3820.9433025677104
3048.9393491647393
6751.1516241212075
6704.161417028842
43704.352483187955
7741.9602744379
10491.06209654542
5444.874245033568
6483.814646473503
2638.57452625971
4143.974763795776
5185.394780546024
8734.293924898499
4670.339509610559
4487.44495052273
8045.365522881612
9429.985438129415
3087.661159547364
45977.819704048416
8796.019720050892
4262.797943136156
4783.421615735859
8438.269086515686
4453.021817737429
6688.328378445193
1951.6304566403599
55579.597354393
4679.002681738458
2766.348131666027
7257.823115642324
