0.006229470481267244
0.0059880169483709595
-0.004758658069105996
0.0036966511298305673
0.0059497015212432395
0.004656446042121533
0.004778953820970533
-0.0049907129366486384
-0.005428998995892456
-0.005040005308581768
0.004174537352794388
0.004292567867794816
-0.0054356645391160545
0.003573690344720144
-0.004662094981278472
-0.004868762924338149
-0.0043087194436995345
0.004207600263279911
-0.00587309913071279
-0.004485069438244222
-0.004647213034078456
-0.0046111713599425
0.0036668410691387764
-0.004050746044768706
0.0028785998751547285
-0.004597391433459582
-0.0038563954216212326
9.343335425628196E-4
-0.0035651987673062917
0.00460801893699291
0.0021490741284205337
-0.0029227030367814442
0.0050117426515174455
0.003481543110480865
-0.0032234641699809604
0.002926297563539509
-0.0032543736515210355
0.0034816179335852653
-0.003483264833918834
0.0017902732177867441
0.004042662545856955
-0.004722841945034587
-0.0032018924036278902
-0.002490386090258644
0.0031420782888328578
-0.0010846832561821151
-0.0024681512760386837
0.003591653037970947
0.0026617774781268447
-0.003051940655961134
0.007269083259562773
0.00347379899243263
0.004651426373587212
-0.0027936139177781706
0.00286064721473273
0.0030765902263537176
0.003385520275300562
-0.002621823839855655
-0.002779205797265108
-0.0033724527019584486
0.002532833860416403
0.00257490920195162
0.0016225049991893364
0.0027788975901302773
-0.006592257788004417
0.003008529298573085
0.00409332434906438
0.003866377274938773
-4.749318629035046E-4
-0.002596383855518638
-0.0035723233022548957
-0.002381415857384117
0.0030884199422085497
0.00271560775323949
-0.0049706041007658705
0.0038831427152460738
0.0015279851960763396
-0.0026303838661979294
-0.0025879044031117495
0.0024401705627798307
-0.0026431087307059943
0.0022240437155364888
-0.007356492966367529
0.0022232761847984788
0.002018757861519457
-0.0022308219710189536
0.0013987765752982823
-0.0028298401627623367
-9.755486391295344E-4
0.0022626112252241803
0.0022731432658790606
0.0017061297771487176
-0.002708283467014563
0.003526429894553084
0.003497017198084553
0.002664265298961641
-0.0042869867174536
-0.0023956025725073034
-0.004244017678877651
-0.002815718187218081
-0.0023615257393795907
0.003289357132007484
-0.0027034608480425255
0.00236739117623478
0.0023792240962422786
-0.006336329035838786
0.00490366606511561
-0.0027946406778582653
0.003710392159840427
-0.003606511711584836
-0.005726968106178579
6.307313550405842E-4
0.003035926827689292
-0.003920142190617529
-0.0018621054039429945
0.0019296789758392707
9.475988506383542E-4
-0.003185558020144202
-0.002615284956378225
0.002438511382591584
0.003380887667564664
-0.0030305435133978972
-0.0013067280760321882
0.0036774491783165097
-0.0028588375987313665
-0.00296128001057579
0.00460398875645636
0.004136149843755299
-0.0031345662200647157
0.0029030120132653658
-0.004528800142778029
0.001471601141878534
-0.001626495499629769
-0.0031288676477555554
0.0013959046303988667
-0.005361350251954547
-0.005342930094415508
0.0021895956230526723
8.230892320296726E-4
0.0026753932667118903
-0.0014175450079848503
0.0018541111695739175
-0.002413179703955563
-0.003993945045116744
0.006275013441216458
0.0021446565255462003
0.004599329988740421
-0.0028454439100885636
0.0037031965869065283
0.003358565282462345
0.0027187176343517285
-0.0037023116141555444
-0.005454741578498337
-0.0015683118349431118
0.0028697137743169615
0.001173356931157208
-0.002063378316541475
0.0019483148065501297
-0.002110735753979433
-9.015782056227908E-4
6.943584957522488E-4
0.0024467423390141367
-0.001850439736835843
0.004232250875107754
-0.0031536393126943498
0.004506469094306514
0.0027632539068845074
-0.005694668849998079
-0.004425528771133114
-0.0011872128299037458
-0.0015116893836201102
-0.002701882613120952
-5.330053831543381E-4
-0.002981640146294733
0.0021061048370792142
-0.002862652411279703
0.0026107898738602477
-0.0025910536991436317
7.136851844956301E-4
-0.003610604510273884
0.0030169365675986127
-0.0026382251124543454
-0.0020714796687385344
0.0031801340835084548
0.0013665467359887144
-0.0023342498581675306
-7.233390538534811E-4
0.0013893742425742158
-0.0027340802793267205
0.004502726715398174
-0.00159804401638408
0.002314001291868311
0.0019933820966299212
0.0027270329441857213
-0.0013269824200115667
-6.075044988231281E-4
-0.0011569758042952055
0.001826942660467341
0.0023209353351402893
-0.0036956138854087567
0.0047055224310356214
-0.0011699735614635791
0.0015396302104971615
0.0015005424398342275
0.0035478767130868246
5.345317412392616E-4
-0.0031177612905505946
-0.002149994023248245
0.007644704145169976
0.007200334905232605
0.004341319440385282
-0.0027026234790734414
0.001029026228405246
0.0018820603122958674
0.0016025219960291047
-0.0035002559598994723
0.0021890246315839816
-0.002774540479079104
0.001509987667676668
1.1946787098933787E-5
0.0028582006261625393
-0.0027460809688542643
-0.0013207118396646605
0.0036046049519050816
-0.0011497872824987802
-0.0028122222332114936
-0.0019116405369702483
-2.6359453116223125E-4
-0.0022497841188950855
0.005957531206714303
-3.580055225224462E-4
0.0018905848418871549
0.0025868552871402837
0.0014202966544277825
-0.00229644548071434
-0.005793907028676846
0.002569146245060017
0.0019933532696520904
0.001264793676930621
0.0011092437315894034
0.003566819750729677
0.0024765470749561307
8.078330215710497E-4
-8.840654659926553E-4
0.00695666465319601
-0.0036171882846096795
-0.0011251777143902481
-0.0028830099082036644
0.0027614539418380295
-0.005280705912049314
-0.0013248297145222832
0.0027092651299192917
-0.001269757676806538
6.413615898320038E-4
0.0013527101117197372
0.0028453608409914665
0.0033716413931505025
-0.0027164866921033145
-6.825794245345727E-5
0.0024851326659967175
-0.006558623932683126
-0.005163334108672278
0.00633107166695817
-0.0016834981224166433
0.0017703389493555534
4.36858153437628E-4
0.001007118356278325
-0.003292603662039933
-0.0033977846976861814
0.0013690595565524826
-0.0014806416002332515
-0.006930108806255678
0.002199886985044184
-0.0015725991767446298
-0.0022639866048311088
0.0010993058864003688
-0.00205296094982155
-0.007017284018060084
-7.835459644576589E-4
0.004759915754698223
-0.006751841795443131
0.001856969063415407
0.0016368876376203288
0.00282926767126894
0.006654734407751414
0.004634425400575842
0.0011286902128060492
0.0018020439900050653
-1.0609589596512342E-4
0.0019884738833444954
-0.001984670282620163
0.002981291580353697
-1.6466349545601802E-4
-0.0015208088237584942
-0.0015477754889640025
-0.0033568243313611434
-0.0010542748387155176
0.0024374172869439095
-0.003177496753805088
0.006487208468087967
-0.002279529907023351
-4.803415596389583E-5
-6.05944338666428E-4
0.0020407840185988147
0.0034402486341912042
-0.002997349835553723
0.004710463156321736
0.0016442062455747281
0.0010077076539172882
0.0025915222181775352
-0.0038114772017182738
4.703278188097005E-4
0.002155516656180698
0.003582308516880502
-0.006452563442126604
-0.0012214977694049122
-0.003110980795336379
0.0020741576763386085
-0.005289148040413148
-0.003870593932901671
0.003354174733124247
-0.005761139796874684
-8.99619112578877E-4
-0.002227763860789831
-0.0029602002767625504
0.0029083410337724463
0.0018117367730708176
-0.00253983794248129
-0.005641272137032612
-9.55955389570131E-5
-3.4554808533879364E-4
-0.001581170066702599
-0.0035324736294700698
0.005803056555320808
0.0014165252450502417
-0.0011653913160050405
-0.001680880145436575
0.0023905402488749337
0.003178947169667901
0.0030906794311720723
3.131747303790995E-4
7.927651929705309E-4
-6.697006845710964E-4
5.209788088745911E-4
-0.001566199689050702
0.0021085049923078515
-0.005506676135180145
0.0060358995871674995
-0.005504547475886921
0.005106207421570214
-2.337705608609682E-4
8.668645272417009E-4
-0.0018334877027519937
-0.0013079833373148039
0.00591024309295009
8.761380007421896E-4
0.002557468710228853
0.002972286650544798
-0.001111516940251065
-8.981858379751206E-4
-3.75547512542878E-4
-0.003120959766750235
9.078661158934873E-4
-0.005242396055297451
-5.542314800528395E-4
-0.0053151349216954405
0.005402849128075331
0.00704115921255267
-0.002529533743497093
-0.0014797626926676146
0.0024434809576846404
-0.005780839650348013
-5.251422343187361E-4
0.0019799756023238654
-0.0023570842788317985
-0.0031516030069808514
-0.001493571713532481
8.663266089355342E-4
0.001945629519653104
-3.85865667091656E-4
0.002399716588779132
0.0035402406727408874
0.0013622705520529837
9.873886218499644E-4
-0.0030431402735378293
-5.697608177013167E-4
-0.0015452705854516325
-0.00435938719564727
0.002775841235778895
-0.0026371548863215063
-0.005208720449288327
0.0022283258486845924
0.0026211363674793
-0.0024991089916025153
0.005308032870388815
6.89940443662347E-4
0.00355087401525509
-9.15007727887113E-4
0.001671022779918991
0.005466828536884237
-0.003660068288512607
-0.003437896311007945
0.0049898261672195006
-8.1194713416099E-4
-5.239652658771667E-4
-0.005265290379687175
-0.003937814729150725
0.0025999853698142825
0.004941717210260659
-0.004949053017714467
-0.002568600510865687
-0.0054024774248233225
4.337936309711939E-4
0.0030783776510132613
0.0028002186039891197
-0.003769778073598964
0.001138004460675611
8.343407807890082E-4
0.001983011765147676
0.006633937039494781
-0.00515680881364259
4.0165616426301353E-4
0.0021704455269391854
0.0012776192130369824
-0.0023142721048539055
0.0011495352494470396
3.6254209636468987E-4
-0.004036279299898753
-8.819863084971737E-4
-0.002562840762949282
7.372367992236951E-4
-0.001771753345218221
0.0016311908798583362
0.0015216944540309473
-5.437944230729969E-4
0.0017915368367181187
-0.0012588189991942003
-0.004668258351884694
-0.001656698440306135
0.003013708201694406
-0.0025822168647060585
-0.0015799545205107664
-5.824906239579234E-4
-0.004828092318301647
-0.0028810909067014264
7.377812487339146E-4
0.004441900106431375
0.005239730050036311
-0.001972171009293208
0.00444219927808416
-1.7900015425226763E-4
0.0052846500318575905
-0.005253560194495185
9.971286383365424E-4
0.003927039001533541
0.004525229084264939
0.001659417949134797
0.0017435202061976216
0.00456000336134639
0.001444542391237998
-0.004622584542433374
-6.072202818116382E-4
-0.0016332867376064005
0.0019154961002640475
0.0011367763082397327
2.99791349478966E-4
0.0034540230949896464
0.003221122317937887
-0.005245612608566242
-8.236039293251235E-4
0.002302715788248335
8.854366798469945E-4
-0.004198603097184154
-0.001724264565489228
0.002132156650316653
-0.0043712430126265885
0.004086673972329606
0.0037720824113167788
6.863448452131313E-4
-0.0021648330396944132
-8.681682804620765E-4
-0.00456337258828554
-0.0021399406866450046
-0.0015377780032247565
-0.0019691029802127932
0.004664496216484924
0.0015161228849410306
0.004760833954669045
-0.0016178989476135185
0.005782862965306341
-0.005534513500199608
-0.0039659733659075875
-0.002202303950033092
-0.0019291554167524475
0.0011199917005827555
5.294890939706216E-4
8.047532109412652E-4
9.85791650637592E-4
3.128857259796869E-4
0.0017474137387131481
7.15262977987272E-4
0.002968661459356975
0.0016697681830997822
0.005108315399682389
-2.902993731906981E-4
0.004113378625898849
-0.0016409827158367883
0.0043033849569217315
0.0039048548853428673
0.0046578457202344796
0.0012566367604062512
6.065690858359103E-4
-0.001270126739867367
0.0015113649553097615
-0.0022977801034415363
0.0011395893163090485
-0.0014075263252061444
5.332247690530687E-4
-0.0013213434802950771
-0.0030887726960998033
0.0040925382306961884
-0.0023349770051051964
0.0011656587318408722
7.546678866355209E-4
0.0013993308721803892
0.0017313446677328962
-0.0016163747440987198
0.0010413041922082713
0.001698472733221431
-9.746232874191169E-4
0.0046641052477226635
0.0010562584230782467
-0.003022147896691392
9.626902422232217E-4
-0.004582688761000186
-0.003973244369266155
0.0014659563219158568
0.0027463965498785853
0.0012460761516254165
7.94570684658839E-4
-0.004571548420529562
-7.49105028001932E-4
0.003998750540669293
0.0038662947125362775
-0.0014506126555178904
0.004655474838961341
-2.3605022083411487E-4
-0.004197902558338735
0.004648800891831507
-0.004199425567200721
0.0014956881301864406
-0.004787658306124886
-0.0026273670808214596
0.005193827164035476
-0.0015387927080705765
-0.004503831376435541
-8.90138141677607E-4
-0.003798644194710619
0.00470357965880348
-0.004234659973630244
-0.0018074270362904918
4.6024152741255294E-4
5.065057925371453E-4
0.0024652702001607377
0.0014301118772454245
-0.001774308707687737
9.52120376145403E-4
-0.004353110558253058
-7.203994152441591E-4
0.001033794835533792
-0.0038886412962754672
-0.003844798692082335
3.4389324002560167E-4
0.0017976869094227404
0.00397089941871893
0.003843691101076413
6.196874656827009E-4
7.487665636079863E-4
0.001002133403819281
-0.0028537822327400924
-0.001445883585815392
7.001524520133947E-4
0.0033849955917131017
-8.272086254183645E-4
-0.0029475645372037534
-0.004894022249040221
7.858173677592074E-4
5.833000099355239E-4
-0.003634603673370002
-0.0032294244607539505
7.985319657555333E-4
-4.19493760775334E-4
-0.0015254181761038068
-0.004102375731983844
0.0014764710431150188
-0.002921431375884558
2.271622940339601E-4
0.004295712327374483
0.001972022291850102
0.0018392891694749682
9.577808816181977E-5
-3.184804199612825E-5
5.03717912165909E-4
-0.0020887766387172524
0.0013858030543171813
2.5077923543034874E-4
0.0012255687981981875
-0.0029425129435406427
0.0010949218616496243
0.0034339273275148545
0.0013483918551793043
-0.0037015684920749053
-0.003114040129429933
-4.5189407133095513E-4
0.0013364537539368492
0.0014945719903123836
6.463095742366408E-4
0.002351716468113647
0.0014175594700670065
-0.0036855281966639286
0.0011778795344488597
0.0010473365061596607
0.002120146844096516
-8.100226900538146E-4
0.0017374744407195055
9.234462422993984E-4
-0.0016502090346001781
-0.0021425116216651848
-0.003919754900118541
-0.0021051773669218806
0.0032109813227313958
3.527200718919026E-4
0.0030501597218915355
5.200712479993683E-4
-0.0027661567447276316
-9.691407406582636E-4
-8.998089638561712E-4
-0.0041738802195033006
0.001623800837521424
-0.0011246338236900058
-0.0033213197812922974
0.003652631021413185
-0.004044557145005486
-0.005502450107817739
-0.0034694751833586877
-0.003624036723420583
-0.0040058370747202655
-0.003307818286617185
-0.0032844798326080327
7.21566115484869E-4
0.0037862813866091235
-0.003737768957822133
9.627438944016082E-4
0.0010436793583346155
0.003441187881848499
-0.0037117987342522468
0.003926168386394373
6.934850386154244E-5
3.091438217346137E-4
0.003102845154975771
-0.0017981039291005503
-0.001540714818018959
-0.0017476336883354771
8.76872897753802E-4
-0.0029288554548531623
-0.00487253772018323
-0.003058050971174753
0.003420710882948371
-0.002173424228204243
-0.001155823622072518
3.711782960917073E-4
-0.0036082884696755813
7.450784065763304E-4
6.834693907097014E-4
-0.003449999384925874
4.338861737332421E-4
0.0014038952593735507
0.0020613720523942522
-0.002287319345869168
-0.0037767357020933273
-0.001200690996992739
-0.0035615233557085616
0.0016152224242044562
-9.441981751902067E-4
0.0035929394618496487
0.003378953874056822
0.0014245007581721715
0.002605967908124036
-0.003463865579264456
-0.0038608881581475374
-0.003398148083867852
-0.0034040900673657443
0.001798405150743539
0.004557815391952985
7.771740039849721E-4
-6.669957613888653E-4
0.0036116738182459924
0.0010460404548504182
-1.2950988206138895E-4
1.702438960121477E-4
-0.0048481219197305195
0.0036873376576741558
-0.004111446083676018
0.004151223522790197
-9.899021173576732E-4
-0.002109672068061812
0.0035982212518472
0.003322097793704235
0.0018946937147455345
0.004361216756778024
-0.003945325117264658
-8.346036614494578E-4
-0.004972348683850536
-0.0010900847595867263
-0.003818727090481943
-0.0010977623633210594
-0.0036328654530886893
-0.0020439046527495905
3.351781686555795E-4
-0.0015303595424865028
0.0037993007998102036
-0.003490798237463911
0.001679785082228014
0.0037168983668316937
-0.0024516551091022087
-0.0012956602610003235
0.003961848513784854
3.090559863005024E-4
-0.002649357749911782
8.321426933174938E-4
-0.0028193714984673874
9.516530499598902E-4
-0.0023881766516520744
-5.498553288661087E-4
0.0035377057464571946
-8.821624606257153E-4
-0.002688970507498459
-0.0036858652253858684
-1.526428863518451E-4
-6.648990866840733E-4
6.284865088963857E-4
-3.14651979593148E-4
-0.0034966940986682444
-0.001348477700423604
-0.00405866813282482
-5.586156645678395E-4
6.54532423599631E-4
-0.003116818161442184
0.003987029887624631
0.0017247581032388704
-3.0717226119702677E-4
0.001176244319104954
0.001227194097165265
7.149055794107834E-5
0.002289424715556017
0.0017662431417887277
-0.002535236873617262
-0.003017095815461281
-0.0020930140055691816
0.00329383535836828
0.0034724222499543833
6.557280967686383E-4
-0.004000773078232705
3.6713094111199147E-4
0.0024647241441517953
0.002120551263302762
-0.0035165568783481565
0.0029961027957211605
-0.0033070078729533323
-0.003419468423926155
-0.004625126868375297
-0.0029253333187296005
0.0020661817939073325
-0.0020872888416435054
-0.00358698267992773
-0.003484972859227191
1.726369716566402E-4
0.0033368153091686507
6.787488231471039E-4
-8.621945306866541E-4
3.5059629007362403E-4
-6.863447284544159E-4
-0.0036744063664137746
-0.0032107627040807627
-6.272093970595483E-4
0.0032263945014692264
-0.0016369837074756953
0.0036859170664586766
-0.0014119729465718195
0.0035320062798385736
7.422742750097293E-4
0.003163723803988748
0.001421562683263846
0.004646109550793143
0.0023239420936081675
-0.0024077265556011244
-0.0013632551709403043
-0.003846209329824947
-0.003045172355050994
-0.003463087097594073
0.0031115222506783603
0.002715519435717325
-0.002522974107332206
8.440089105126379E-4
-0.0029084609409327296
-0.0032069050186375003
-7.360311867644741E-4
-0.0036104768850012546
-3.513782929574812E-5
-0.0031567698465129242
0.0010071419445672463
-5.124086265431957E-4
-0.0014252704696089975
0.002837308794619339
0.0013095420437475897
0.0020410616395661035
0.002940117518184301
0.001165602853715522
0.002647416561349334
8.516901739792161E-4
1.6755889183790284E-4
-0.0035299675632829105
-0.0033556673244845687
0.0033104581216116236
0.0031624471835783358
6.680067521588737E-4
-0.002295867691250776
0.0029542180334051057
-0.0020390756491210182
1.101214974037283E-4
0.00217188543567322
-7.021856802409859E-4
-0.0024677385171184927
0.003472154670720317
-0.0013706812710623671
0.0016794904757958234
0.0019492555693823362
-1.1706410158361332E-4
0.0029621496651842604
-1.6173382436893336E-4
-3.016648283414841E-4
0.001196888478132306
0.0029343094021450095
0.003011310690278937
-0.002106973400557262
0.0030097252371473248
8.857866672592473E-4
0.0028144174603197823
-0.0013902827361217498
0.003185124842757322
-0.0035943738728258443
-0.00341136995060382
-0.003917635300208822
-0.002371227837476604
0.003267436389663654
-6.332130310507828E-4
0.0028981844884976194
-0.002891187108189231
0.0030229324835786015
-0.001445204236806963
-0.0030856879577190097
-0.0012240107019177368
2.1749827566434912E-4
0.001016703025176888
9.529025167192954E-4
-0.002937746666794788
0.0017664090963907246
4.665789344980932E-4
-0.004164049279037669
0.001930024654730052
4.7157257008197313E-4
8.834683577474376E-4
0.003136247983740183
-3.534402341393376E-4
-0.003318429379556922
-0.0014047909272339927
3.506108787315135E-4
-0.002355703975207145
0.0031975993029985956
-0.003089661549039615
-0.0036101870815336474
-0.002167893216430846
1.5440985745774824E-4
0.002140150796211919
0.0030598564626098134
-0.0027361926242627614
9.398164759037552E-4
-0.0022523762424995777
-0.003321989502150949
-0.0026394250414250456
0.0036734008525274075
3.396891061722753E-4
-0.0030826579886722057
0.003808897766531601
6.911625505196266E-4
-0.0034151139068723433
0.003082419860949007
-0.0028336402312383875
5.195681521520882E-4
0.0011619047426012843
0.001429673819033995
6.583902034439969E-4
-0.003071136875388687
-0.002531059164101967
-0.0014150065705463915
-0.0019343325634450625
8.664398693715152E-4
-0.0029391686392980735
0.0026426657922961733
-1.8009931393483892E-4
0.002893943517307819
-4.826501149788437E-4
-0.0029610354294341513
0.0033652777219061493
0.0029545979019347576
0.0017827711912156235
7.593155978118097E-4
-0.0026149357510333567
0.0016734066597052005
-2.615333736150272E-4
2.600915850133461E-4
2.74773553631512E-4
-0.0029460509811717072
-0.0026326742911161414
-0.003004343780500651
-0.001249417177491043
0.002756854673337599
0.0012729501683448527
-0.0032118430986811165
-6.767165977712881E-4
-0.0026563440274759292
0.002931038872353786
0.0014301952674319594
0.002891222755364044
-0.0010243269504475858
-0.0030835019166358334
-0.001899635908948535
-0.002556055716784628
0.0028917982575387235
0.003134465938210039
-0.0018184709468408848
0.0025179044946975777
0.0019063546448953512
8.709892638333311E-4
0.003126598600334135
-0.003920730781237685
3.957390966686758E-4
-7.235757921039179E-4
0.0028858810412527463
0.0022068835311744293
-0.0012960414815224516
0.001511443885351759
-9.99137719655091E-4
-0.002143403405221255
-0.001099018473402289
-7.18775178245845E-4
0.003052517920931048
-0.0023130313716360398
4.5532985435166497E-4
0.001483453783215209
0.003171102685842659
7.600497387787884E-4
9.477838129085178E-4
0.0032127871248948266
-0.0030999966273186456
-3.4116878795126135E-4
7.37886203806067E-4
-0.0019732294842025187
-0.003917248677852663
-0.0015801727650039824
0.0023573885523494723
0.0030380621014021126
8.683049753247037E-4
0.002986144084470867
1.115325917779449E-4
0.0031908110474594036
-0.001446176458822487
0.0030002399411452334
0.001466706826410417
0.0013681662786362522
0.0025311646294551154
0.0028229224795185593
-0.003000279010207266
1.6081533545424416E-4
-0.001803111652724528
8.079672479892572E-4
-0.001600542637074144
0.0028706973487460583
0.002452069974875862
-9.79874063547267E-4
-0.0031501374914778566
0.0028532052629626267
1.8359735253010225E-4
0.004946902088528629
-2.8428706782911205E-4
-0.0015319755709183296
0.0021150796169036546
-0.0029851916938650777
5.787456596671236E-4
6.434075208883041E-4
0.002246948662392764
0.001272457929823222
4.821553963290984E-4
0.002455934054095534
-0.0019727477676852825
-0.0035609336045007594
0.002897078817611996
1.4016271328263236E-4
-1.2196095337731556E-4
-0.00126914418963022
-0.0024888096620507187
0.0031200510153535526
0.0027376570475663186
-0.0029081688956682636
-0.003421065518608095
0.0011935722602426754
0.0019989270978655565
3.89328453951167E-4
-0.002185452105493683
-0.0017181171131740395
-0.0010668251266078659
-6.805369218566783E-4
0.0023941487281589104
-0.0010619748584655324
0.00160118513143028
0.0011874395570096257
0.00359253553872127
-0.0014238190250673135
-0.002313299239270909
-0.002566277882582922
-0.0029793816682283053
-0.00116679432017765
6.108179970632353E-4
-0.002153114961204086
-2.4613846680211743E-4
-0.002769331907593136
-6.578480291024056E-4
-0.0027398365348697807
-0.0032716307454929506
0.002722096294029257
-0.0013231298594035246
-0.002494045568008978
0.0030446357223982918
-0.002573826075795207
0.0033468293990120503
-3.034437405686634E-4
-0.0026355992600234105
-6.222129010064364E-4
-9.634870691954714E-4
0.002348806464634527
1.312049401731314E-4
-0.0017404542004434993
0.0014217630476852112
-3.905969867548151E-4
0.0028520712398212114
-0.0010113527822000006
-0.0016486452504318476
-0.0041242679881239985
0.0025462972701729785
-0.0013241236980040313
-0.0016346125034653282
-0.0014788404022063664
0.002032062940469379
-0.0020534924927401357
0.0026395127712441793
0.0010207426255614636
-0.002271148688020396
8.14692432677311E-4
0.002992148873769705
0.002467378785862237
3.565258607508087E-4
-0.0026056252931705823
0.0021514714163194935
0.0016543694580184569
-0.0023280306770765745
0.004223136898982054
-0.002178363411795759
-0.0026036024685746097
0.0024563016478667734
0.0024212354279946895
0.0011436832981876939
0.0021667137994282066
-0.0015690079486181479
-0.0024601223035399383
0.001960491625477263
0.002510891062068763
-0.0024080969692523925
-0.0010887209295370901
-0.002351387060323623
0.002569992254832215
0.0023619750296766085
-8.199832022207576E-4
-0.002997677060747333
-0.002345499712564107
-0.0027265019941140564
-0.0020671945391987504
-0.0025519003781833307
0.002778652020012583
0.002598439019779928
-0.004470543551642393
0.0032367551675122003
0.0020508788752261692
-9.391001832926379E-4
-0.002259684323910396
-0.0021677498769744853
-0.0019860866171319495
0.0033616979535427798
-0.0024855282506145516
0.0024308477575979474
-0.0028356596838765217
0.0014252715515307424
-0.001321405512199793
0.002223868725209454
-0.002676179425506896
0.0011843399161051648
-0.0028378412776266125
0.0024865346615000057
5.8329591927825E-4
0.0016824911389312744
-7.928915613071328E-4
0.0028036177315423844
-0.0027401083285787772
-0.0026652624436705255
2.0123702141864358E-4
-0.0025202455698513132
-0.0013411924118985731
0.0023215357990433293
-0.002059015724754772
2.2462132559848843E-4
-0.0023702653884990444
-0.002395830493020719
-6.986157407724382E-4
-0.0024764866263133163
-0.0026678058350961113
0.002095082751984682
7.951642630912521E-4
0.0018793910420540454
0.0022909101648645297
-0.002131454211635443
0.001725080787251133
-3.84461393381891E-4
-6.832999044584952E-4
0.0030298968297969697
6.533851577704626E-4
-0.0028466489539484747
0.001732726657037738
-4.3606079899975416E-4
9.19000342278688E-5
9.459549849967483E-4
9.050036195792359E-4
0.0024610546881999435
-0.0025056032133904437
0.0029973801190771704
2.275874606251781E-4
-0.001528182235337244
5.808946653800656E-4
0.0020700420599122937
-0.0023911832627023246
-0.0027012855462384385
-0.0029893609935999982
-0.001557037032984951
-0.0024842415433752423
-0.0015305568959798983
-0.0034262718286163485
-0.0022745313469287173
5.656987802031474E-4
-0.002274465995140779
-8.218636037817719E-4
0.00251604351669259
-0.0024471614833267877
0.001865201227326805
-4.988916888104942E-4
-0.0023689955877238367
-8.798834305383627E-4
0.0022569937857997817
2.803388738868213E-4
-0.003016989624167523
-0.002352477519639544
-0.0013602403588266778
-0.0023647792425989336
-0.00126442579775232
-0.0016292886329845604
0.002113374438174874
-0.0012959490604595395
0.0021524165975203504
-0.0021530904482669672
-0.0018947893544732852
6.587278124157406E-4
4.3419471154711853E-4
-4.881019916653558E-4
-0.002084768216824937
0.0023290914485649904
0.0021713223217039346
-0.0027545799620203788
-0.0023997928123827656
0.0018852154440150682
-0.0024536713848251086
0.0026551435130707335
0.0011308377695565435
-0.0025959710732649656
0.00232690073385791
0.0026534192297054866
0.0017528366396533663
0.0023245301466509613
0.0012357676415313346
-0.0029712697570610977
-0.002203136761909807
-0.0018823414402721866
-0.001856922773618408
-0.001653792896496795
-0.0021251075807345214
-0.0017362771717624747
-7.212509609401728E-4
0.0019433491645309596
1.7135703160547794E-4
0.002007084645499302
-5.287362019486601E-4
0.0024737320765365373
0.0024031890869134712
-0.0020985913113565073
-0.0012221557482428762
0.0025426210688109527
0.0015297157208863379
0.0021364591998524287
-1.0564961847979337E-4
-0.002601246348819605
-1.878829811251346E-4
-0.002866791964180616
-0.002460731489767418
0.0021971193188170322
0.001872480372423635
0.002389092671777065
-0.0021077864620744923
8.805393393559904E-4
-0.0026224492944008624
-2.1110987766852245E-4
-0.002419126567408603
-0.002156060789125982
0.002308972279828774
0.0019131345984823719
-0.0019161396476570888
0.002109617233359845
0.0015583563624360405
-0.0019026590768648872
7.957177687010061E-4
-0.0017362479878491718
0.002676132821190315
-0.0011343022630828428
0.0025738583563597135
3.4674074276629097E-4
-0.0011842719071425817
-6.83049680386027E-4
0.004292660862831241
0.0027144767696533427
0.0020630582302151065
-0.0024073871632720504
-0.001855976326637181
-0.002068544110190619
-0.002323822771181351
0.0026148483953678326
-0.002329033400952185
0.002771580111807038
-0.0016515521403439495
0.00125154774890335
-6.78189106894066E-4
-0.0018853641800399615
-0.0017936000241712817
0.00188013580114045
4.994781324775666E-4
-0.0025471331504774495
0.001935465420461601
0.0018466611652209195
0.001731783695659039
-9.022613769874069E-4
0.0017838535817902813
0.0019856445242763024
0.002043135970116724
0.0012047305591269077
-0.001402357405460825
0.0015017049846878584
-3.923376180560722E-6
0.002166394194302057
7.601649825613461E-4
9.363822034052402E-4
0.002722918248710681
-0.0024635591932136544
-0.001856374063866313
-0.0026454593122081627
0.002509779630385472
-4.551540197595108E-4
6.26025872778545E-4
-0.002095300173471962
8.094906160396134E-4
-0.0023153887020824727
0.0025526063544284564
-5.36182189244736E-4
-0.0023537744419688932
-9.437654606982741E-4
-0.0011252822894211325
0.0022717263170559904
0.0029837108925906777
0.0017720507772297292
-3.471998563503E-4
0.001923041667996728
8.153835372222053E-4
-0.0021324815590382604
0.001121265641342339
-1.4337197316570874E-4
0.001956785754386088
-8.455322055996214E-4
1.650481709468594E-4
0.0014076915257201868
6.981521522531567E-5
-7.294246910836995E-4
0.0012633823419945039
6.390465926027505E-4
-0.001309457385409221
-0.002432949825323095
0.0013725281141977745
-0.0022181858205091187
0.001688929269063558
6.385668779710034E-4
0.0025413125945154226
-0.0017117546096773691
-3.7131159162737717E-4
0.00231069968742738
0.001985661212050373
0.002351628472726071
0.002247384791913533
-0.001551889156558226
0.001999890603934226
8.792036680507911E-4
-0.0018161298296947772
1.457839307884139E-4
0.0022159750396444082
-0.002649565344168511
0.0020215326289228326
-9.917258404528633E-4
4.737154882639327E-4
0.001444891085805733
7.06236300831313E-4
0.0023401894402386393
0.002159786757038246
-9.743228502811745E-4
0.0020806174456608826
-0.0018596735080480134
0.0018733737588463373
-0.0016619941792935416
-0.002179057411823448
0.0021248859148972586
-0.0019978064422381692
0.001989405800526875
-0.0010922733783132826
0.0024996874878136727
-0.0022951803144288466
0.0021355680898062428
-0.003689209422517313
0.001900954672683982
-0.0022018545971909725
0.0023281050176032023
0.0021040252723762034
0.0015201198993837453
-0.002233340114335749
0.0017051899854599083
-9.336160269123848E-4
3.5165587910803364E-4
0.0022962826077987226
-0.0018374974863704333
0.0024430622337767893
0.0012330615748627966
1.4071055969931267E-4
0.0017361141611713323
-0.0017590669188533572
0.0019363590329588177
0.0016085163168359888
0.0015864024126274684
0.0024126807901782184
8.218365497887973E-4
0.0022934751583350535
0.001878646584804657
4.018123266864347E-4
-0.0017597768167471116
0.002483846862981715
0.0010954915223640581
-0.0017972833962094264
-0.001799868406767988
-0.002282784425178586
-7.102021561187879E-4
2.2911502304317002E-4
0.0013591605180354538
-5.024632974208621E-4
0.0020636028412598247
7.09150905445546E-4
0.0022886115748361005
-0.002384631081592759
0.0019235528249707382
-0.0014892019253975393
-2.8736668570016417E-5
0.0015423008962682015
-8.080039492830382E-4
-5.844512646072116E-4
-0.0013840329363855896
-3.6911066812651773E-4
0.0013345554619005736
-6.159643699936663E-4
0.001997089240732569
6.236306200141205E-4
0.0015745454963737584
0.002062536256477521
3.280420218896918E-4
-9.630299515245022E-5
0.0018096666622417804
-0.001900916951541693
0.0015955359985267677
-0.0019216677682155233
-0.0013301722228694233
0.0012391885369474563
0.0019968877484468064
-1.3079719591369086E-4
-0.0015227509569724158
-0.0022688866121609026
0.0027730882543891425
1.0532280411053335E-4
0.0015748557848267463
-0.0018266439573603943
-0.0019893805030011735
0.002589951654924135
9.839902808718303E-4
4.492794372570664E-4
-0.0018094439927659439
-0.0016381780497157076
9.138680787759905E-4
-0.0015887639228612596
0.002080072384660676
5.695790535918588E-7
0.0017103426709334146
0.0020079403660248412
-9.094715943288964E-4
-0.0022355921342306836
0.001970316122577864
0.0026075520050404637
7.561425164609204E-4
-0.0019265018884708596
-9.747627482688937E-5
-0.0022543519021759385
-0.0017961314881821907
-0.0022921240108215194
-0.002096411569001535
0.0014741390696225284
0.0017223647415700897
0.0023708542072954555
0.0012263083433109055
1.4561953530185418E-4
4.8339651961266537E-4
-0.001275549478415171
0.0017465491025486842
0.001025049409532647
-2.140410618582778E-4
2.2061245514303003E-4
-0.0016865545007394899
-4.017370285427031E-4
-4.393011924640711E-4
0.002143840536934482
-8.797028601285224E-4
0.002514893763740663
-0.0018291195072944121
-1.9226453891640398E-4
-0.002536758342520483
-6.05929952073718E-4
0.0020213002649616335
-6.321051441156809E-4
-0.0021801355075218094
-8.566957886990509E-4
-4.1527611647412333E-4
7.074048575919545E-4
-0.0019155973144774387
-0.0017076295743080473
-7.76559999835533E-4
-6.656188373495697E-4
-0.0016838483737220146
-6.942822063838196E-4
0.0024900219862657447
-0.001772845973280167
-0.001636768714560628
0.0017016342732240194
-0.00174324813059788
0.0015734244625869715
0.002069513181206848
-0.0024789187199606177
-0.0013301113240358367
-0.0016394897229605428
-0.001813888929620312
6.416956785283193E-4
5.609760234511564E-4
7.917537435089909E-4
-0.001276252829400085
-0.0021542496519620894
-0.001552813477481012
-9.29916640212247E-4
0.0010261254781265211
0.0012753160123143011
0.001936698122222885
4.487877096753481E-4
3.2872831827119073E-4
-2.0489890406800887E-4
-0.0011576133783116752
-0.002106579218763802
-0.0016146577225116202
0.001692526006707768
0.0024785637714675114
0.0021638020933663093
-0.001645109744534429
-0.0035017485826350342
-3.212276491546025E-4
2.2440560328709135E-4
9.177476524252195E-4
1.885150477840951E-4
0.0019361423629078859
0.0016565901328604697
0.0018734754408166684
3.6872766303006185E-4
-3.0489545938011876E-4
-0.001038373016751575
9.764038427984151E-4
-0.0015103697312087564
0.001558343837827698
6.421328301234935E-4
0.0017874003968585113
-0.0017190279522235812
3.5557027776463875E-4
-5.966070574829021E-4
0.0021777492733269788
-9.521222044916031E-4
0.0011663979821673676
4.872473019243016E-4
-0.002023599778419061
0.0015414124065208882
0.002011183303015603
0.001410996411168026
-0.0017433209053957855
-0.0017818690013208806
-0.0018123703594718457
-9.519066470950737E-4
5.636615516708656E-4
0.0013268787213475553
6.619228899391427E-4
3.724916458231221E-4
-0.002690297205734259
3.3672329437444575E-4
6.008736677717014E-4
0.0014156750027519802
0.00137659777023565
7.044046559824999E-4
0.002581142126126112
0.0016851062331526344
-0.0019787055972764716
8.662208926929943E-4
-0.0020190298486152634
0.0016400766735730277
-0.0013083630126779237
-0.00181888068151791
0.0021168266144459425
-0.001956527347875825
0.0019673076055993096
9.794193793165587E-4
-9.178638094890822E-4
0.0024918072335393814
-0.0011171281696670588
-0.0015334742097209586
0.0016964710000465049
0.001536485774772367
5.576979167671094E-4
0.001725422341472509
-0.001201012725897306
-0.0014437976655650919
0.001166501668979704
5.346686986613169E-4
0.0011866720631510752
0.001705929298059479
-7.106937644319314E-4
-0.0016560325926186
-0.00166228558684728
-0.0014000638492937822
-1.3532849101968974E-4
-1.8260215823463871E-4
6.889834546732962E-4
-2.1671426234123317E-4
-0.0015363670114321591
0.0013670467773483964
0.0015554118666231546
-0.002261454880800869
2.2965951865968877E-4
-8.101640748830169E-4
3.935081251142226E-4
-1.3396254569370745E-4
-0.0017580545412425584
8.4736708998296E-4
-0.0016716867825173126
-0.0014997727536089484
7.840189270733514E-4
2.777648035992224E-4
-0.00246462831683677
0.0025063869966606782
-0.0018786791731784456
9.247785872874985E-4
0.001508975327084567
0.001715231233158781
0.0014837334971157569
8.75603697260996E-4
0.0019739769624955903
0.001811688346473897
-2.503928407826439E-4
0.0018891883467194834
0.0012632708854574007
0.0015128416393566252
0.0016583237114331
1.0446673488302956E-4
-0.0019015359511950277
-0.0012926169365437574
0.0024333534225448633
0.0015678381135315641
3.9139825778449644E-4
-0.002300803077221465
0.0016795054508137455
1.9296734920825226E-4
-0.0015141247981177346
-9.989991059229531E-4
-0.0015796214603520963
0.002177926848808009
4.0689963980642475E-4
-0.0010331594161966647
-0.0010109268315604415
-5.908968934784394E-4
-8.476047629255712E-4
-0.0019549358965631957
-8.423677866320202E-5
3.8633812088198906E-4
-0.001548301125998216
4.315694498789995E-4
-0.0014109949682951299
-0.0012361426050019725
-3.7876736461750363E-4
0.001193798866130848
8.921481249294776E-4
-0.0012154360107554437
-5.508154953148428E-4
0.0014497419588401096
0.0013121479293132427
-0.0013672568386830434
0.0016782077742549108
-5.262596554015415E-4
1.3062962388897786E-4
-0.0015040094181026466
0.001666879217446388
-0.0014140094134704932
0.0018037376625779232
0.0015058109097219727
7.492415765325938E-4
-0.0013875253445517605
-0.0018669519466767426
8.172275895503624E-5
0.0012357201558316768
0.001582023668065914
-7.609273623295891E-4
0.0015555529355755064
0.0017125611284022216
0.0011417271376721236
5.470198513810984E-4
-0.0011093181407340774
-1.785658522799128E-4
-9.957189821289834E-4
-2.0050369334116014E-5
0.002529775429166522
7.673081964657825E-4
5.787302642051034E-4
-6.980703317009484E-4
0.0016656968247134151
0.0018578296905713567
0.001553196470021366
8.759512845651765E-4
-0.002347562151935925
0.0011323048535945473
-2.6607245640950915E-4
0.001147460170996414
-4.6612558687022366E-4
-6.318065542883024E-4
5.62958984334177E-4
-0.0015805797307915576
-0.001105675109976891
-0.001610242248261541
0.002082015553446125
0.0015568084950208449
-0.0016262074592940398
-0.0010662207623818806
4.8392277805006645E-4
-0.0015446323051871878
0.0015307488249184462
-0.0013250733052528577
0.0011169887757583878
-0.0012609859952263944
-0.001202886779308135
6.237295130440509E-4
-0.0015489632340198332
-0.0017392730759384688
9.426521814110471E-4
1.1803229228796232E-4
0.0011400386578137068
-0.0019880895238954194
-0.0016695689413898612
-0.002066544749555867
1.4586171977448408E-5
-8.599739675418888E-4
-5.326916825485339E-4
-0.0020368154018297756
5.296196275255805E-4
-0.0011060314425558075
-0.0012660654848783443
0.0010463199405256615
-4.49880569917357E-4
-0.0015938782020944358
-9.531842955001011E-4
-0.0012566996981891846
-0.002110598919371877
-0.0013440263885061146
0.0011889005935866806
2.7186347584775807E-4
8.8651677491447E-4
-7.937308553080965E-4
-0.001075878036324825
0.002209790440033476
0.0014337772435904094
0.0017446330706543868
0.0021695419249022478
-1.941419557540971E-5
0.0015372860373434518
0.0011753340741302801
-0.002174865356045678
-0.0015776721895536564
-0.0011633044984674726
-0.0019084467911869645
0.0017476053782800932
8.834468030703038E-4
0.002542176231903501
-3.409076659385904E-4
0.0014496785106204698
-2.692359731185206E-4
-0.003959048500867706
6.314172129972105E-4
3.837191493177684E-4
-0.001194960877189534
-0.0014875548039501433
-7.063950992238185E-4
0.0016703803162794644
2.133332784433515E-4
9.943318983716876E-4
-4.587703517217451E-4
0.001481975724910981
5.011435828382204E-4
2.869476991294292E-4
3.8936221464458496E-4
-0.0014397154849190537
0.0012641941910877005
3.0022859042063224E-4
-0.0014394601661293438
8.105285953532722E-4
0.0014144507686184643
-0.0011236158494495974
0.0018761243752829237
0.0015251104025235552
0.0016460714976280811
0.001778463526000506
0.0011941479499231109
0.0019054396580354947
0.0015774479994995043
0.001362581575110636
0.0013838769599591812
0.0011668324076596532
2.329004847663357E-4
0.001518838070085287
-0.001527406184693071
-0.0018477560148581513
0.001378154567491891
-0.0015182459042999625
0.0011970351168707743
8.451778264438022E-4
0.0015566920868701475
0.0017558481114589262
-2.8937178931541653E-5
-0.0010198556447998475
-0.0011636570000769098
0.0013554245911698772
-0.0016706893986632833
0.0013045718855327836
0.001060491795631784
-0.001574253768307243
-0.0010692622172237094
-8.326568805608729E-4
4.126549229451841E-4
-3.1881874475304733E-4
9.357562463019271E-4
0.0017219897180909573
-6.046817145750715E-4
-0.001620605471494969
0.0013960241337688153
0.0013925934229237135
0.0015572502279427541
0.0016915128553517875
0.0013581527548551656
4.613092855213993E-4
-0.001410941647654253
1.1053052081513382E-5
0.002800150077368205
-0.001345457438524896
-0.001105986063409701
5.03295200776916E-4
5.295858832841695E-4
-0.0014584661211512304
-4.109928369583815E-4
-0.0016902951850457997
0.0012322902952530857
0.0013522371829501512
5.188368147286998E-4
-1.861987593179762E-4
-4.4948903595404683E-4
-3.9476350941699965E-4
-0.0015407081509516325
1.8114816820053632E-4
-0.0012438442508559565
5.373701757097079E-4
0.0016274198076629137
-0.0016847779495817376
9.075536214522034E-4
0.001178188421153259
5.871640464359193E-4
5.061234835165822E-4
-0.0014144938186313187
-3.500549678753226E-4
4.032450662077005E-4
0.0018151179771630063
0.0016394641374466196
0.0012562530002802963
4.7455636007562025E-4
8.798513346575889E-4
-0.0011139835308317202
-0.0011357162247459713
5.869185484405793E-4
3.5503460468738025E-4
0.0019853458036664133
-0.0011931977153938926
0.0012538537974710916
-0.0012348689401060417
0.0019027990527603492
2.3797372060492246E-4
0.0013799889437294522
9.549233535599657E-4
4.335203377364615E-4
0.0021278730567284446
0.0014573403524055031
0.0017141594195854118
2.1075167511147789E-4
6.239090110284215E-4
-0.0014413420683426208
-5.703871885237981E-4
-0.0015225282795663544
0.0016036519698555227
-0.0010720701026432277
0.0011588382965034701
-4.36333290062075E-4
7.837833507455466E-4
0.0015478747025940696
-0.001455818961382342
0.0015461259754194928
-4.61398437508269E-4
0.001391641972413799
-0.001101477746570739
0.0019537426684668124
-0.0015979851233629565
-0.001413234127226133
-0.0015904200813437836
7.192287758482832E-4
0.001904079675802304
-2.342373766030531E-4
9.345484827753971E-4
0.0014057903078074422
0.0012681073203837877
-7.25719711190007E-4
-0.00142449667464795
0.0013786542148306801
-4.291766158480918E-4
6.983380998283727E-5
-0.0014208897885855795
1.3630988118004228E-4
-0.0014100825840714698
-4.999146860711127E-4
0.0018271200691648785
-0.0013537116017644584
0.0014627820090258033
-8.361580400700052E-4
-2.8027516784650777E-4
2.8152097553160206E-4
8.232794054921077E-4
-0.0018519822929233785
0.0015616741908830356
-4.981393857516419E-4
7.190001009053207E-4
0.001370213738049534
-4.667922764823069E-5
4.5440202064406986E-4
2.0756449101231607E-4
-0.0013786537147194842
9.340436748529609E-4
-0.0014154303862813741
-0.0013997540739978508
5.126072565824651E-4
-0.0015123791160128097
-0.0012278816385964146
-9.601472177991286E-4
-0.0011479840689736333
2.538726718473648E-5
0.0018443960492004268
-0.0013785577504177443
1.7239670539885855E-4
-0.0010843004975478019
-7.776308634485854E-4
1.3282470459258344E-4
-0.0016400993137835093
0.0014373644667002596
0.0011610303818698634
0.0014852531673202217
-0.0013006021427091384
0.001780000329301241
-0.0014532230347756468
-0.0022486480676735202
4.316619554515055E-4
-0.0017763594789623855
-0.0010135068042023824
0.0011334646693460218
-0.0011915003793513603
-1.662139907308948E-4
0.0012785551485711998
-6.279953724609062E-4
-0.0017090066970981393
-7.315842536297093E-4
-8.306882649366648E-4
2.0155948487125672E-4
0.0015341984308816993
0.001171829352925394
4.329138054475881E-4
2.5672267026923912E-6
9.845345580502417E-4
7.403809751963535E-5
-0.0012193223505284727
7.597684726884543E-4
-0.0016487121582891462
0.0013786885390347297
0.0011763354530221252
-0.0012588757789843928
-4.116537352138381E-4
2.2922239301023436E-4
-7.711672335239955E-4
9.518919781653786E-4
-6.811208310832004E-4
0.0014191272516015433
-1.3901609133368101E-4
-0.0017670359495975264
-0.001653281209841166
0.001261971264689062
-0.0017397785818422048
0.0015611441076448947
0.0015910681471763733
6.397080851322127E-4
3.367695793647385E-4
-0.001243334893767412
0.0010529289241787423
-0.0010743585660296505
-9.759920892591001E-4
8.65888335427669E-4
0.0011924462591252514
0.0013942107188883008
0.0014412029551089272
0.0014910746455654622
-0.0010381446144705055
0.0021387548878807005
8.297683690539855E-4
0.0012636541640356352
-3.507123274154017E-4
-0.001308471526582712
-6.981778506878802E-4
0.0011012624640140906
7.419537382118487E-4
0.0013685100777695938
-3.8598985520971136E-4
0.0017633016044267603
-0.001270653043318107
0.0010102317990864727
3.8935837010856014E-4
-0.0010620312360380875
8.807716588556181E-4
0.002199403928619396
-3.0889381959636E-4
4.1468026142174613E-4
0.0012522637485495518
0.001802442598071347
7.590885649858797E-4
-0.001019074933911931
0.0011079533318467752
0.001050181629634365
0.0012892676991318522
8.501321072495014E-4
-4.90419386208181E-4
-8.915804206185101E-4
-0.0014974975241078424
8.890089524675539E-4
-0.0016504010183802768
-8.169375363627644E-4
-0.0018721675284765144
8.963040555787779E-4
-0.001182446398553672
4.996948442929007E-4
2.8400741754200956E-4
-0.0018213872483419697
3.875605468499247E-4
3.8727511797053034E-4
-8.840591796405554E-4
-6.077734918800955E-4
0.001887455396339698
0.0012869372377498482
-0.001021418744662115
5.162625006449109E-4
4.4145652764603164E-4
7.902003427923568E-4
-0.0012568472988166723
-4.5417978381576384E-4
-6.941090893002521E-4
0.0013809041999622023
-0.001794103687032044
4.732206108204527E-4
0.001547363774883071
-1.1093506023267704E-4
2.50237645197038E-4
-0.0011476208064043847
-0.0013131653467490642
-6.276595546555917E-4
-0.00200229312302773
-0.0016721841462602957
-0.001291959953353187
-8.926071519113517E-4
7.518980244740183E-4
-9.035444342768558E-4
0.0011323725983854492
-6.17906940472763E-4
3.6995319514444565E-4
5.112928396010974E-4
0.0013116009493345786
-9.026481493479503E-4
6.644972866323647E-4
1.860722827272801E-4
-0.001092599008103256
4.43219127232012E-4
-3.6205710381750076E-4
0.0011633661213746027
-0.0010235406952422434
-4.635183348197696E-4
0.001090716906994928
-0.0011535615323292545
-8.004675835128864E-4
0.0010923967427221143
0.0015369213218648066
9.443659687726477E-4
8.462118603583723E-4
-3.75427147752383E-5
8.840040922988083E-4
2.485653979818407E-4
3.83437442489788E-4
6.385195198806456E-4
7.131244173820037E-4
0.0015024988352573545
0.001279970125817132
0.0012983246907853146
-9.449749110339611E-4
-0.0011623790836846203
0.0010537799900136949
-0.0015136270133497176
-0.0012131618486098503
8.026686770029428E-4
8.557486874201681E-4
-6.006400439547013E-4
0.001251440718101681
-0.001268722427679466
-0.0011337796353043396
4.5235774384347197E-4
0.0011510846281454195
9.940386816085932E-4
0.0010798148325310993
-3.7109178445324963E-4
7.885394340852943E-4
4.8180380452031196E-4
-0.0013718177300021223
6.488379142425283E-4
-4.1658913293906444E-5
-0.0011633678259926007
2.873240006156163E-4
2.828917481952234E-4
5.532862308528552E-4
8.096232269788514E-5
0.0014874231592956464
6.293830970070339E-4
7.597528745590608E-4
-8.325943033319188E-4
4.3152935626467905E-4
0.001929987825235515
9.78738934896966E-4
0.001032479392048368
-0.001156400763648751
0.0015589979275568502
0.0011377952734368181
0.001798191352939416
6.844934680388813E-4
2.5980825189826667E-4
-0.0012052527657266463
-0.0011592474836546033
3.275495076964646E-4
-9.28803516765538E-4
0.0011102772107397707
0.0016987035393903583
0.0016145792722942157
-8.158514390659171E-4
0.0017720147480839573
7.364874761602346E-4
9.492991870545171E-4
0.0013992663398716093
-5.768511002444166E-4
0.0011414082880769644
-0.0013389386097795231
6.871110963519751E-4
0.0013682144471696975
3.3516889641421754E-4
0.0011174465604224006
0.0017616470240259287
-0.0011115488464677132
4.2182910242506293E-4
0.0015106549691053387
-7.729644765167782E-4
-7.686459424188005E-4
-7.044781101858683E-4
0.0015252012296911855
-9.139004429467003E-5
0.0010010471036397035
0.001162741889359355
2.11956987383777E-4
-4.2433092705989554E-4
0.0015696618159001126
-0.0011534113182095356
6.203670821859277E-4
0.0016204940865753553
-0.001217449430372272
-4.4770909163804033E-4
3.018863191689607E-4
-0.0013604354463802406
0.001051331218464114
2.555431773723438E-4
-2.3200251009939762E-4
-0.0011346481846225243
-8.161399692353411E-4
0.0016441193508943833
6.931650697896295E-4
-0.0015919700762950146
9.968428430063778E-4
-4.185084660239616E-4
-9.291035801580343E-4
-0.0012882745096357575
3.8199366101868197E-4
0.0010676592476462213
3.164507449472009E-4
8.410206518672848E-4
-9.425474549052302E-4
4.369973722682283E-4
-4.0596239322560404E-4
6.888299580063489E-4
2.8867101077467396E-4
3.1498071671605626E-4
-0.0011759522016012475
-0.0012135380733539307
9.831398153169564E-4
-6.540352033946849E-4
-1.6418081184780832E-4
-1.6810518338737694E-4
0.0010517879135855583
-5.219139822888596E-4
6.600376130036095E-4
9.996059228001282E-4
7.594012738498013E-4
-8.21379481886819E-4
-8.460745260955563E-4
-3.475041548501012E-4
9.896383404638224E-4
0.0015835135574985
-3.2524196639666315E-4
-0.0014112138913395802
8.115021674968358E-4
9.835887038268229E-4
0.0010459472783235964
-0.0010197373989693536
0.0011325141053584924
0.0011423805468221604
0.0013750818982146552
-0.001511472304035798
2.5106662584824534E-4
-1.7170987837433988E-4
0.0013825202967293502
-5.370311016698137E-4
9.879428049765888E-4
-8.886104466348393E-4
-7.007782114297987E-4
-0.0012067808793674434
2.7096633581699653E-4
-0.001105249114264775
-5.079720382259813E-4
9.364626121759212E-4
-3.5899243544832197E-4
-8.118705311691712E-5
0.0011628117712429139
-0.0013711344697716395
0.0011714622567142881
-3.5034261839513833E-4
-4.1864583880565605E-4
-4.47335487005803E-5
9.982864946837607E-4
5.177639017361757E-4
-7.542061286386554E-4
1.4474087814459293E-4
-9.649603930879569E-4
9.99146208169662E-4
4.4564998429969736E-4
-1.8123864377563682E-5
-6.634966586829263E-4
-8.94994842961681E-4
-0.001004236641723876
-0.0011707497173972035
-1.8126724645011342E-4
-8.336512823931167E-6
3.510985994482168E-4
-0.0014222200901012295
-5.9621367956919E-4
9.001975091752821E-4
-0.0013841712961487067
-6.035557901186964E-4
6.965204166827666E-4
-0.0013100942213947872
3.4570200077229014E-4
-0.0015643640434538533
0.002480070117156494
0.0012600399154164504
-8.579726264610162E-4
0.0016369780024306972
-7.678178135346051E-4
8.931701560822278E-4
9.8548730320529E-4
0.0013969627752874938
2.682371560086694E-4
9.946105784057497E-4
-6.968905686709344E-4
9.06440449563957E-4
8.603150192266307E-4
7.451786380235628E-4
5.069673056581024E-4
-0.0012296710552531414
-0.0014714030577218083
0.0016627036410145621
9.039617452908449E-4
-0.0010395793684245807
-0.001112979785238692
-9.712774786210927E-4
0.0014911595476540711
-9.708434728762858E-4
-8.968349689152528E-4
0.0011423991786046893
4.363744442492929E-4
0.0013597887184319914
3.864675609488007E-4
-0.001529640621515308
-6.869044575650568E-4
0.0013265673082075438
-0.0012058282527246736
5.2900938967165066E-5
-8.90648144505256E-4
-1.3139682940119623E-4
-9.632606355905799E-4
-4.8571066914906375E-5
4.473281234274646E-4
9.080352376806708E-4
0.0015404227826174104
0.0010129149824356007
-5.325527076456772E-4
5.741137305180171E-4
5.563584829092645E-4
2.862463669510554E-4
8.033903199980537E-4
-9.589649165622214E-4
2.8050541902615385E-4
9.712163974567758E-4
0.0011578397955150264
-8.597200455598867E-4
0.0012648401518197314
-5.958443282277352E-4
7.535427489606541E-4
5.157397023601506E-4
0.0011237490177105312
-0.0010569786567343642
-6.560967500852493E-4
0.0010827228905474057
-8.128566361984769E-5
6.206945741708081E-4
-6.220897779018296E-4
-3.634901987340537E-4
-9.470884687900726E-4
-5.346320536630789E-4
0.0010234677988592144
8.692534102731246E-4
-4.430159585865532E-4
3.1201453902204477E-4
0.0013669375279122596
-8.434969267490875E-4
-7.232219524046237E-4
-6.77312114394542E-5
9.232500946325769E-4
5.554311970453478E-4
-0.0010870522159070852
-7.749998936053431E-4
3.8006031618053536E-4
0.0013892311936062629
-9.471811685960689E-4
-6.461167682694682E-4
1.336833807465325E-4
-7.574213020973405E-4
-7.917594790402885E-4
9.382424138950746E-4
3.8442439575422753E-4
4.9119064877065405E-6
-8.991359852659566E-4
0.0010610463281455747
9.140794761338492E-4
5.088199336321826E-4
1.4074642525102918E-4
0.001303041802019091
7.947980714909065E-4
3.5980745313236504E-4
-9.51025826875138E-4
5.038860547722006E-4
0.0017338558342781974
0.0012239481930812687
-4.001704497463293E-5
-5.91241163040673E-4
0.0011933719496745893
-8.279167320952205E-4
-0.0012823721520078364
0.0014471726150829547
0.001313180794094307
-9.776932870804408E-4
7.47655770406763E-4
-7.652390374448155E-4
-9.580489874929759E-4
-8.61751424738722E-4
0.0011031278206160304
8.59261047402282E-4
-0.001371424044191277
0.0010184058575744782
-8.836052195623161E-4
-0.0010440496943633826
4.1552068285740985E-5
-0.0011188854306079948
-0.001000380910203703
-0.0010561152604637082
-9.929289870994696E-4
5.110768519836603E-4
0.0011333451157434279
-3.842092131401998E-4
2.8536785211237433E-4
3.793582084924109E-4
0.0013413209308842256
0.00135358334362258
-0.0011330063702326928
-0.0011920206833638202
6.653821342172413E-4
-0.0013715605320988923
-2.3561292139895868E-4
-5.449466612941037E-4
3.768069670357893E-4
-5.040538351534599E-4
1.7681122469357692E-4
0.001149365783588933
-0.0011786879344181545
-9.716439731864813E-4
0.0012022917070142177
-9.303891834872566E-4
1.471003977273781E-4
8.206533038636352E-4
7.55260360864993E-4
-7.064698776188811E-4
-0.001821735243479806
0.001257207102273475
8.731745425095674E-4
-7.858238901209272E-4
2.3879505257279573E-4
-4.1874456676917046E-5
9.680467750734152E-4
1.277498716903826E-4
9.295852250296346E-4
9.451401507972702E-4
-7.489225280587757E-4
4.8173887207509074E-4
8.838594335178537E-4
-6.333143019159201E-4
-8.051962143646929E-4
5.755906660091764E-4
-6.229254132868546E-4
6.555422281136931E-4
3.2288053477468336E-4
-4.961844135316915E-4
8.961111699741348E-4
-0.0012552868457858903
-9.195950573868569E-4
-6.935626690949888E-4
5.51795335891584E-4
3.5872527466414826E-4
0.0012792500057809636
9.890284001528161E-4
0.0011381318234433106
-6.301932804154077E-4
-5.201207471206598E-4
-3.9027253907940243E-5
-7.425879972633356E-4
5.920092479566555E-4
-7.452499170477135E-4
9.91370512749517E-4
-5.214149830680661E-4
9.327157690057502E-4
-0.0011483579956366044
-4.079041069365516E-4
3.081170117824542E-4
-4.915592821084436E-4
-6.244147269608639E-4
4.2565172993713947E-4
9.070172907907435E-4
-0.0010712439926570552
3.930472472017486E-4
0.0010674822716229895
8.244384228711266E-4
-4.814416346066446E-4
0.0017396352349877083
1.8776245075936295E-4
7.386822108403303E-4
7.670864915423919E-4
0.0010694173978315809
-0.001313008176662676
4.358721328205439E-4
-9.720389989311724E-4
-0.0014062304265902627
0.0012616649998473796
-3.942169121785764E-4
9.547514651800741E-4
8.216668764035714E-4
-4.3599431486518757E-4
-3.2505896128631295E-4
9.158779774399583E-4
8.547429540878588E-4
7.400414421570723E-4
-0.0011310042962241918
-6.326156242226535E-4
-9.632890835144247E-4
0.002198084428140511
4.379006638987045E-5
0.0010762855356235424
7.334599057065516E-4
-1.1185871359349304E-4
-5.892951287212343E-4
8.41041047900954E-4
0.001082706010302757
9.083752186507592E-4
0.0010270029352140594
-5.606606800508643E-4
-5.271938514946682E-4
0.001044593143522705
0.0014700908793914209
3.318510287661808E-4
5.777549960281701E-4
-3.721528931462651E-4
-6.892907968317765E-4
4.288778576348007E-4
-2.59768040540084E-4
-8.883506828415698E-4
-8.011179089550529E-4
-0.0010085608621925423
-8.753264085355043E-4
-7.88719222831466E-5
-8.670538927769885E-4
-1.6927917283496467E-4
0.0012208760193782966
0.0018076580565500027
-3.9044689503965347E-4
0.0010924867228700693
-4.923147546874691E-4
8.121266406472102E-4
-3.0158124521699085E-4
6.9639546571222E-4
-3.733538047507877E-4
-7.823458847004539E-4
-0.001042255194776939
-5.784192244512392E-4
-3.755852820201309E-4
-6.806077196008448E-4
2.681388936013455E-4
-0.001055485989746614
-0.0019511351360609124
-7.768375084236935E-4
-4.6173302454194577E-4
6.586484073982581E-4
-6.5281815391255E-4
4.105193519335183E-5
-5.95874141498535E-4
-0.0013094052554319805
-7.374777069745522E-4
-0.0014456627317121194
-9.645179292346804E-4
8.464184391905423E-4
0.0010688873917587924
-0.0010703716474803383
6.556562225372808E-4
0.001012898642795112
7.180751374078404E-5
-0.0013391037168110594
4.2424273159048884E-4
5.293015400539995E-4
0.0012103734688673623
8.090771068933265E-4
8.90008430970542E-4
1.1424205191804386E-4
1.4004894557732305E-4
-6.2266391151414E-4
-7.148117191408751E-4
7.86178235909963E-4
-6.859026847517538E-4
4.1184170331322193E-4
5.266525319734166E-4
-6.742272365427579E-4
5.329099503652493E-4
1.2546561733763715E-4
5.865709928824464E-4
6.557225264482118E-4
9.992309823692494E-4
0.0010129827244558488
-6.463686801633595E-4
-8.745884722942257E-4
3.835136626211778E-4
-7.34816342743944E-4
-4.3704344164590097E-4
8.717757295737506E-4
-6.174346991709465E-4
-6.0332921155128E-4
3.873514382798009E-4
-3.49430664686761E-4
7.879559574651267E-4
9.711602931683713E-4
4.6698528641367E-4
-8.870250571269947E-4
-3.641778325125091E-4
0.0014768677791289553
0.0011256910863466935
3.72841158815845E-4
-7.523837959941555E-4
3.529514797780392E-4
-5.663364893051066E-4
-7.833658788404026E-4
-9.514978637072828E-4
5.656625501072853E-4
-6.897588041854682E-4
-5.551825802594952E-4
-8.767254298334843E-4
4.3951559979477935E-4
-8.100889275940624E-4
-9.6421989599046E-4
-8.853591595189797E-4
-0.0010558366611801103
2.1323542978547908E-4
8.351990518983967E-4
-0.0011908155473096874
-0.0011240896984883097
9.36743205466889E-4
-7.332641462802261E-4
6.581056531593378E-4
3.117917922248213E-4
0.0012065072147797867
8.278312086104525E-4
-6.170518958882453E-4
1.0876562332365465E-5
3.957824872209828E-4
8.942948134782998E-4
-9.540915381666869E-4
7.745883836426935E-4
9.277362071730657E-4
7.966974851962517E-4
4.5591751848994505E-5
-0.0012073697749140134
-9.819123461763182E-4
-7.821924821096169E-4
2.5250808449138766E-4
7.058139724292434E-4
-9.09860804099959E-4
2.9793356667734346E-4
8.652514533377473E-4
-0.0014094976141672828
-1.6625808877611089E-4
-8.66301862594858E-4
-1.6286221566255276E-4
-0.0014492464081199265
-7.044339566394245E-4
-7.521911986036893E-4
6.214869255694789E-4
-3.770078390470118E-4
1.2715278874349132E-4
-2.2586468993523063E-4
3.606873171403613E-4
8.706049447379967E-4
-2.956373145976891E-4
-4.7778937985773116E-4
6.919260443647701E-4
-4.1039035780800827E-4
6.086657390498236E-4
7.360562758581967E-4
-7.640584928144839E-4
-4.0827142921594104E-4
0.0012730179766660677
4.693172345046151E-4
-9.085130420391175E-4
-5.940341113725951E-4
-5.1493636419336E-4
2.148201960444517E-4
-6.068926527946092E-4
-2.1605683150865827E-4
7.304024922290189E-4
7.136725784790542E-4
-3.6083996812674913E-4
-6.717583779247098E-4
-0.0015245037408748616
-2.720848024097736E-4
-5.234163368215266E-4
1.1891231922605298E-4
-6.535851838150896E-4
4.1206872893489744E-4
0.0011057166126021039
5.057458339800869E-4
-2.0239679282255409E-4
-0.0010886676466544563
3.892132737670323E-4
-2.924747362819561E-4
7.558296254441049E-4
1.0699631244941637E-4
0.001166168692559701
-0.0010734609890193244
4.1495202724063234E-4
6.791562979112662E-4
-8.234885540721726E-4
-0.0010337705173272956
7.629067503963705E-4
-6.279879485687426E-4
-7.307320082015586E-4
-4.4046413614622396E-4
5.833077099446328E-4
-2.2579815793129933E-5
-7.066771042469195E-4
0.001492455062764388
9.136246005911352E-4
-3.258099256051093E-4
1.3622512436871034E-4
4.888739229991512E-4
3.092825900641295E-4
-8.250114267367054E-4
-2.0786234869546167E-4
9.468707434477113E-4
-0.0010210542970145416
0.0015935592696082854
-6.717071699516174E-4
-7.362585495245915E-4
2.4541423084373557E-4
-5.098580026559578E-4
9.717563603889133E-4
7.574884057964201E-4
0.0013696916458385952
-9.431363837152344E-4
-2.0014827720082106E-4
-2.9985762168910964E-4
4.0794119043715106E-4
-9.739505636627315E-4
-5.351105192945739E-4
5.698234188308328E-4
-9.519334815842697E-4
-5.516623511926369E-4
0.001076856400901205
8.785085312529697E-4
-2.2774123526331553E-4
3.328735123050483E-4
-6.945078037499749E-4
-4.096597175151911E-4
-4.941446796441746E-4
-4.45108359237115E-4
-7.903779726741785E-4
4.307703778347875E-4
-1.574844941783037E-4
-0.0010852049328285355
-6.136359750807237E-4
5.833553683361772E-4
-8.457018812715961E-4
9.292105467260674E-4
-5.453949006448273E-4
-4.863483129328984E-4
1.8388981036864116E-4
-8.054519496916675E-4
2.0588398939996215E-4
7.733260791677407E-4
2.2692169997120092E-5
-0.0010936044432457142
0.0010913794195509159
9.926719147801384E-4
-2.448501919922291E-5
9.056149534928852E-4
4.0933614947888413E-4
5.918620177107039E-4
0.0011536482030408983
6.111554591812831E-4
3.7843164589948844E-4
6.207067368969249E-4
-6.652182005437545E-4
-3.1830487776984075E-4
-9.02459670630102E-5
4.7001271418680595E-4
-6.225165434318751E-4
6.410846548762927E-4
-9.83351156958762E-4
-1.5506308380191798E-4
-1.7305417019441172E-4
-5.404059585016235E-4
5.610845549473409E-4
-2.94549429429981E-4
-0.0010371357590699527
-6.178033620336858E-5
2.1496321811759867E-4
-1.2016578176686938E-4
-7.987380100690485E-4
4.168399266504965E-4
0.0012270229209199314
-5.709084070406609E-4
6.001249197345761E-4
4.05867128456718E-4
6.271907128868045E-4
-8.973843011353843E-4
7.266707524090225E-4
-4.544968924743732E-4
5.446124417834345E-4
7.386912238527484E-4
6.821570789797846E-4
6.044151753255936E-4
5.745198098854952E-4
-7.67597607954484E-4
2.51379629783992E-4
-8.196382451528355E-4
-4.873135204091516E-4
5.674048106184814E-4
-4.4399382572207546E-4
-5.370666374873292E-4
6.825164956737642E-4
-4.518181196249713E-4
1.1756422957309358E-4
-0.0011666909578521793
-3.9548122950430027E-4
-0.0010133017869310792
5.56452505040808E-4
0.0010441974622178603
-2.3973530966550305E-4
4.0575287213404847E-4
4.739129958202436E-4
-4.062287233718468E-5
-6.493481449998084E-4
-5.90964505473382E-4
7.60037457808414E-5
-2.581462485058656E-4
6.626539007981685E-4
-5.395122171176752E-4
-5.136790095601214E-4
-6.418915247950384E-4
-3.258626831986274E-5
-8.655461570162433E-4
-1.4231752184515152E-4
0.0015796834309144915
1.9594850054171383E-4
0.001188530355541196
3.6073739715588877E-4
5.24987759239413E-4
-6.245507010823985E-4
-6.067369677904165E-4
-8.310114120808927E-4
