47
547
558
26
377
679
24
529
509
656
722
751
756
336
304
385
528
777
503
685
304
329
66
328
712
15
361
709
752
46
35
662
41
338
112
612
723
763
688
12
47
386
542
740
535
41
316
331
55
692
74
768
289
713
770
704
552
708
705
704
670
579
710
767
54
672
702
35
567
529
12
66
286
61
412
553
710
732
705
38
551
356
739
375
499
313
676
113
735
540
613
781
325
46
370
508
661
622
19
550
563
416
381
417
523
716
736
17
829
374
680
504
418
521
657
366
383
517
704
33
90
70
611
735
716
910
123
512
18
738
111
301
553
503
762
552
741
291
546
46
720
30
390
715
657
123
518
548
762
607
544
39
19
20
514
743
123
45
101
606
540
506
396
650
719
646
660
700
784
791
