505
659
538
666
506
606
519
657
540
502
779
541
610
772
765
544
606
760
356
509
513
727
775
512
738
718
606
550
677
941
714
531
726
511
608
0
613
505
665
537
660
778
531
670
512
539
774
767
536
719
610
550
789
762
368
0
544
679
658
542
667
614
665
761
780
549
682
698
783
770
288
672
718
500
828
727
544
343
485
664
497
847
933
542
753
503
722
316
759
546
532
557
532
765
612
766
614
851
766
896
768
534
2
772
825
548
513
512
773
715
659
288
614
537
541
626
658
794
548
324
894
707
388
348
674
680
487
540
507
288
769
710
554
512
609
315
716
700
770
708
760
497
675
306
318
840
734
285
300
972
657
608
663
663
3
436
543
783
556
854
712
518
327
454
659
459
521
542
927
0
695
510
359
392
441
291
711
706
679
929
723
725
522
574
611
622
389
571
628
508
681
529
623
931
838
2
319
505
758
778
746
1
352
439
879
372
621
648
690
379
666
629
499
489
843
487
666
710
883
779
582
661
404
466
924
336
770
433
897
891
589
813
488
717
556
754
464
583
772
663
980
620
432
820
779
328
579
970
663
621
3
844
670
582
347
682
748
572
913
817
2
714
405
420
712
858
769
953
702
768
440
692
458
476
750
582
834
305
803
334
665
827
749
362
900
393
803
654
830
418
377
816
460
736
814
456
871
537
327
395
686
246
808
501
384
944
970
250
770
597
870
896
517
580
409
717
320
867
313
373
626
339
807
802
888
518
774
783
774
333
579
860
358
374
425
747
606
803
721
944
815
787
375
499
839
696
640
918
756
655
516
341
817
618
914
351
564
614
937
633
736
492
612
730
583
740
388
361
653
478
724
853
836
374
599
605
753
679
508
393
736
438
965
791
662
355
788
697
672
373
641
623
707
787
333
332
290
579
696
643
682
387
666
723
721
584
837
790
327
755
560
286
558
437
913
335
775
374
810
753
814
955
557
731
836
509
857
337
491
651
897
799
946
911
694
837
484
806
327
326
317
310
746
595
1
1
387
897
675
702
698
889
751
895
352
632
633
804
349
862
816
376
722
778
867
744
773
386
721
878
596
878
346
832
819
915
830
386
593
945
759
284
732
769
933
1202
356
818
510
892
788
761
812
929
689
380
389
304
375
1189
805
811
402
0
911
700
476
830
1197
949
662
571
596
710
423
799
944
406
918
840
315
815
591
600
954
950
392
372
898
865
920
979
819
856
353
1046
950
879
875
668
434
678
964
300
623
741
835
865
837
328
5
776
719
828
812
751
856
429
880
852
801
785
350
836
854
660
827
863
1178
736
747
3
302
630
965
599
626
944
809
712
2
552
686
4
778
841
780
323
376
733
1332
271
877
888
778
961
831
335
812
840
591
708
880
814
312
855
958
599
435
956
2
301
911
909
910
800
727
775
598
911
747
1188
291
818
469
898
365
725
556
319
931
744
477
847
717
851
868
864
834
834
817
921
728
600
801
685
391
812
705
955
465
760
845
872
951
738
955
949
248
667
951
769
925
970
947
761
660
2
5
883
