4
4
3
0
3
4
3
3
1
1
1
3
3
0
0
3
2
6
2
1
3
4
3
3
5
0
0
4
1
1
1
8
3
0
0
2
1
2
4
3
4
1
2
9
1
1
4
4
3
348
10
2
9
0
1
1
2
2
4
10
1
11
1
4
1
0
9
0
2
5
5
1
9
2
5
0
9
11
6
349
5
4
3
1
11
1
5
8
2
10
11
12
8
4
312
374
1
0
4
1
351
3
4
3
0
353
1
509
0
0
348
0
11
5
11
3
6
4
3
7
2
10
12
3
10
3
2
260
371
13
9
0
6
7
3
3
41
4
292
5
260
9
387
5
1
1
2
5
6
368
305
307
313
316
10
1
520
0
8
369
16
2
4
10
304
6
5
11
5
3
4
2
12
4
373
8
379
19
330
562
372
2
10
5
9
0
345
1
333
2
540
346
354
8
6
2
6
311
350
12
370
4
0
504
1
10
49
5
375
321
8
2
0
26
8
9
314
22
2
3
6
4
3
0
17
1
1
306
13
349
20
3
1
4
11
14
317
40
44
45
387
378
505
3
0
503
5
1
261
14
7
0
5
308
333
321
45
6
3
0
12
5
7
329
35
15
505
0
304
13
539
10
4
0
7
9
0
0
318
540
2
286
8
1
0
314
538
34
2
7
1
2
23
378
302
4
7
38
2
49
349
1
27
43
6
0
0
12
314
38
20
333
41
1
0
4
56
10
54
4
11
11
60
2
0
338
1
334
6
7
36
1
26
340
56
5
5
4
328
4
3
3
5
4
337
6
336
36
389
509
536
504
10
539
42
289
0
0
1
305
291
40
358
308
3
7
388
0
8
3
0
315
28
52
8
33
306
341
26
375
332
5
335
319
10
452
5
35
331
386
289
1
27
368
511
4
4
22
308
315
1
53
47
7
1
43
333
35
18
385
386
320
315
10
47
42
287
317
43
2
344
371
43
526
8
524
3
339
0
4
16
1
13
352
9
4
538
1
4
312
4
319
1
16
0
0
20
59
2
336
315
356
17
59
541
2
36
353
331
365
0
22
34
504
8
56
7
751
9
5
508
9
306
58
334
3
565
287
7
39
287
8
506
31
0
70
304
292
30
320
2
393
33
1
0
260
59
261
1
27
1
537
68
68
18
373
0
27
294
35
2
453
37
20
516
350
310
303
4
10
260
0
33
46
16
54
47
345
34
1
18
55
0
261
6
316
218
559
31
52
1
308
218
383
541
25
6
8
30
29
353
373
234
500
18
70
7
3
371
415
355
1
1
18
7
218
62
2
1
318
748
2
352
2
32
12
364
259
238
9
507
512
306
535
325
553
16
6
5
46
511
0
19
27
557
48
23
0
44
23
380
3
14
390
323
32
24
521
333
291
12
218
25
350
504
41
14
331
319
52
511
537
37
320
323
351
3
23
326
21
24
13
34
2
260
4
1
3
20
259
291
54
4
57
520
727
49
12
26
287
25
313
360
33
1
55
372
529
500
8
12
26
6
35
321
54
357
259
303
53
16
7
2
365
58
66
285
68
236
1
334
295
11
307
9
17
369
236
292
346
332
47
314
350
2
30
509
313
3
24
40
339
0
12
0
384
5
7
729
46
311
362
261
357
538
330
7
311
5
386
49
22
39
1
22
335
31
525
42
13
512
5
216
29
523
300
29
536
77
26
19
455
76
356
550
67
1
13
42
6
318
34
523
38
236
318
302
60
8
3
359
509
2
25
0
61
20
315
539
39
12
195
214
1
8
2
502
313
542
509
312
387
332
309
378
71
0
377
58
21
326
544
549
509
3
330
351
535
43
309
6
323
314
537
362
678
321
47
315
360
1
523
33
451
374
313
69
537
2
357
32
48
364
540
344
0
319
63
359
360
28
31
392
329
342
295
332
8
536
14
301
75
290
330
297
385
538
368
310
335
0
7
656
657
373
216
81
68
26
4
311
7
300
335
351
217
305
388
13
292
391
304
291
45
295
291
43
544
29
501
302
316
318
306
506
305
316
1
32
510
456
31
294
342
239
546
1
50
63
413
0
519
295
501
560
547
504
69
508
196
338
9
412
5
9
351
328
66
360
507
46
290
506
510
51
558
32
375
553
391
7
374
331
347
315
13
7
457
2
46
10
240
530
288
9
50
535
13
289
315
559
25
388
304
261
508
538
512
2
293
55
60
310
414
508
24
501
14
2
348
373
28
62
30
327
290
329
21
542
387
504
234
558
314
286
540
235
55
346
15
355
5
386
16
519
376
0
63
2
504
546
5
312
15
536
332
342
653
506
316
312
513
395
511
313
379
361
64
69
49
37
308
545
415
540
539
514
79
162
13
310
338
61
1
39
0
511
7
6
3
24
1
311
673
317
69
340
40
558
350
382
727
547
318
18
353
4
560
349
502
392
12
2
331
1
309
655
528
321
52
317
32
71
217
5
213
71
5
82
47
83
504
258
512
216
12
258
337
58
11
66
28
350
385
86
331
261
369
391
53
6
391
0
516
51
334
564
568
294
674
300
2
290
261
316
390
337
300
361
1
7
514
712
510
2
76
217
509
197
1
392
32
77
511
505
41
518
538
355
38
11
389
333
295
341
290
615
14
322
340
541
22
545
372
376
3
3
21
316
540
339
542
239
311
11
548
293
310
522
535
46
343
15
559
511
347
18
30
521
1
354
678
526
53
339
513
3
67
47
2
537
0
0
580
23
1
381
61
294
339
542
539
44
323
517
288
28
17
61
348
502
412
48
543
55
4
539
37
316
374
336
62
664
672
329
289
46
21
437
516
327
505
240
389
347
0
20
563
11
34
88
300
346
343
333
584
730
545
213
483
1
57
2
234
6
310
658
382
340
5
0
1
546
679
361
381
259
64
456
302
3
610
76
36
33
546
396
384
325
54
418
507
290
39
14
392
54
291
761
76
72
770
337
375
324
49
515
308
479
507
539
27
554
366
300
555
422
541
274
276
22
505
750
14
2
46
305
367
320
546
45
87
259
233
336
6
363
341
52
545
508
335
514
3
284
309
50
295
548
370
288
511
380
674
515
325
197
550
2
289
393
84
21
300
346
65
61
539
11
6
31
237
260
386
254
397
45
536
292
715
25
0
293
36
394
1
55
393
364
195
505
359
527
261
370
62
579
507
554
292
393
240
539
21
309
405
388
760
13
510
197
335
234
546
12
508
389
34
617
261
331
388
54
291
4
70
541
8
293
356
305
13
3
64
48
29
40
15
542
49
330
43
428
538
338
318
556
312
294
236
215
288
505
78
337
235
516
292
540
283
729
608
0
197
35
517
289
535
69
306
534
659
0
63
30
288
56
7
435
65
556
515
284
47
195
561
214
554
82
816
360
93
734
513
525
312
88
375
341
345
385
517
253
96
36
677
16
728
41
757
482
759
423
289
314
551
214
196
73
342
344
367
78
533
2
387
291
238
542
16
0
61
351
351
39
239
72
293
343
555
557
31
325
66
679
21
501
0
32
0
3
6
3
749
503
4
333
369
291
299
354
292
59
1
665
259
58
554
461
67
774
293
341
44
261
288
389
46
563
285
12
19
546
3
348
57
540
20
726
553
534
42
381
6
304
237
502
452
65
288
37
261
289
451
14
711
1
314
368
377
556
572
601
367
390
549
508
319
394
394
300
17
420
508
214
5
86
597
713
41
524
545
9
343
338
99
779
16
430
306
379
29
2
359
482
77
179
0
512
555
660
343
27
758
65
374
668
177
77
752
734
522
43
317
80
746
551
340
322
764
307
44
26
55
548
722
720
415
215
608
286
77
353
295
38
78
503
273
302
340
503
51
415
97
383
72
86
566
19
0
372
72
23
773
239
414
511
74
775
294
11
37
545
275
52
530
481
284
62
382
297
17
354
507
363
259
665
0
506
303
262
23
321
433
510
37
233
2
81
750
511
514
82
338
369
388
192
293
39
670
512
541
14
370
0
679
524
673
318
329
773
512
391
17
257
563
535
62
342
548
359
598
543
28
179
71
675
773
661
50
258
510
557
664
742
549
57
735
510
534
24
85
683
239
390
506
29
60
2
0
504
510
561
609
25
328
73
512
300
132
484
58
519
17
813
511
12
380
84
54
32
92
303
610
652
9
546
267
1
594
404
240
8
196
9
518
565
63
365
395
523
729
58
15
45
296
527
456
310
527
749
146
48
728
682
655
543
553
310
258
396
483
787
388
97
306
252
36
507
536
59
5
1
548
7
89
731
738
91
84
22
74
412
289
1
715
820
389
4
556
555
76
33
87
714
740
3
88
640
329
37
610
730
538
644
44
731
346
714
195
523
352
382
309
352
658
53
624
678
301
652
293
62
9
520
48
486
561
196
61
656
54
37
574
100
291
434
519
342
260
318
282
60
335
609
655
21
529
396
780
675
607
316
264
380
614
14
484
750
397
429
317
5
459
321
543
773
324
393
711
556
748
71
63
237
344
53
540
194
454
480
62
785
290
512
389
764
74
520
40
99
49
287
324
1
351
665
668
5
4
312
260
529
915
74
64
2
51
432
363
2
75
506
343
216
23
317
348
334
658
560
679
501
571
269
326
322
318
57
672
367
784
543
194
538
659
23
669
770
529
26
413
327
24
552
718
15
656
1
433
553
287
504
197
503
327
719
379
63
65
673
363
0
669
414
413
98
13
570
20
394
347
9
731
613
238
390
730
509
733
9
342
613
307
612
677
503
41
516
340
12
548
45
80
412
67
711
371
767
6
674
179
501
259
716
2
710
552
349
7
6
329
283
710
392
650
794
811
372
998
217
355
19
99
546
663
259
518
285
51
337
920
416
309
638
325
771
819
716
431
30
0
4
540
7
387
401
526
776
622
326
561
764
736
73
344
8
56
559
39
545
47
791
786
558
261
660
687
57
613
741
788
311
212
4
0
542
545
426
73
779
771
657
478
315
101
324
7
316
656
0
258
413
57
252
176
54
258
1006
783
28
233
687
5
661
323
774
55
371
365
