2827.3913999389574
3422.1348932569886
2827.129174515742
2533.340203138377
2521.647796727933
5159.251664496462
1940.1081537295465
4096.808915062595
3728.142682266365
3411.4738549179337
4016.774192767533
82871.13263164408
3482.712637723723
4510.983038536228
3829.3049818907075
3403.141189150567
3823.234450788652
4244.291278808742
3731.1349571390465
4826.110001230924
5556.249655997838
55223.920242150576
5877.193692384232
3819.2290588739315
83471.1325953253
2247.779674319076
4429.956490060575
65095.832927761265
66895.83281394943
5158.142352951185
4821.761932252659
3215.1229863271024
2262.132929258127
2462.6979454207794
6018.572640340983
1387.9732928870008
3066.146335372462
2525.5218204746548
5511.266038265585
4202.441415900126
54949.04439033841
3987.4259043014167
5881.150385740092
54623.92027387289
4217.298343646118
3860.5202612988437
2809.37299894574
3662.6979061943384
2796.4811414276073
53749.044471574634
3112.563704517567
2545.964850498612
3815.1177408138697
3672.1493720196713
2819.4249203680006
2840.754561092877
1962.0518609533588
54291.70917090458
4104.990374556431
2729.653870856596
4589.77627907917
5656.860278349475
3884.484024141807
2643.274997923948
4430.188320903842
5110.983029359447
3496.808940586529
3863.782747652924
54891.70914850775
3829.9565083677417
3726.820906882256
1862.6979694868357
4096.267156152593
3801.4878760701868
63479.759566826826
5893.788385594031
1413.245782993559
5375.012452725151
55549.04436902831
54702.59771299242
3955.2659510373037
3986.296432290399
3823.2924785764058
3815.0871781419987
3329.6538578220425
3064.813527108521
4415.117732331367
1655.8172141506868
5860.664855796527
4429.939403925905
5426.1099920348215
4328.142665427008
2684.1390851639026
2794.2407609493134
73846.06690106854
4463.782739873174
1352.0922864198476
66295.83284136823
5662.732051277356
55302.59769290838
2163.2328046971634
5165.333702430423
1164.707364792815
4226.482793063451
5646.345725928005
81071.13276895539
3596.5366296306074
3223.2344625428
3925.972524141746
1406.4301502857525
4397.789535079721
5660.5202435566
3539.9491610860036
3817.1767934300397
3821.268545027671
1419.8903420060026
2833.9134565901563
27747.675013827462
5250.087346977797
64079.75952665517
5065.798372749619
4111.03834527365
4455.510772239786
3917.0951331124797
6434.710667571693
3207.225764127436
5063.782734086142
1967.573499994988
4398.9548914698
1419.4368199792968
5110.746824409218
1685.3731530922744
1371.1351592070587
4137.8459548031515
3328.695749280787
3058.3105782108287
4707.130889568497
1945.9648680825017
5975.012436656755
3754.5564978330367
5897.116243675452
60294.44440818984
4203.007921089579
2882.71264836981
4622.134875543552
1871.5875237493487
4859.094542535679
5022.519430516544
4788.6438210221395
4460.520254153431
5208.198218927318
1333.3402454917466
3217.176809243631
4240.434100106876
3194.4487838928603
2013.2457813731723
4616.774190238382
5393.438872215919
619.9133019908354
2867.4208811858493
1312.5637851280705
5281.164135898053
1744.9791664104368
2678.5939201896203
3322.043213498036
3449.782654183636
797.6874106956931
81282.27066630102
3991.0335822362176
1696.374918666344
2512.865746123978
2117.427256401382
1889.9816477721636
1375.6416015830102
5097.21155410899
3911.627055636705
2092.7262469213697
3304.9457079343674
3599.4756837365317
72046.06700299565
5110.445499035139
4022.1348785210334
3259.3098643454027
3830.296310720963
3071.5874733129713
3812.5793190064164
43586.85009054427
1652.9216692685002
3212.5361834811174
3696.7484133521034
4709.240595963242
4055.391245399201
3513.125876942177
1929.66977677777
5441.122276093768
2746.9963164712644
4555.630045753154
1691.0983883029814
6434.764949989796
1681.720864503038
4561.806004017074
2610.835527456571
1132.0539026642723
4703.8616079522235
3212.5793320204302
2196.481167954908
1651.8237138654683
5576.330343270839
1209.693299881662
2775.8733142574292
5182.867516801106
1557.1404391800609
5056.876342485425
3229.3049965971013
3074.5636046872614
4575.642836387615
6462.00868594737
3225.302619676406
4602.761476541051
5284.623605975633
3269.52245765153
5693.684702012696
4200.7769511493
3215.087190908072
84071.13256922869
3583.248184748445
4761.450680390058
2633.490406535759
1115.7735184264307
2995.3273548153516
1281.6555564854295
2445.043134393969
1662.132946048218
1243.9571336215479
3585.338925053918
3602.939915179922
4259.823583038884
2173.6474839612347
3908.1903185537217
4817.298330577681
53846.69577821491
62879.75961562916
3537.73168130731
1533.1750170773744
888.7119424851761
4986.9148063098755
4252.122980189336
3895.216829521928
4785.5821118011845
3974.307158860019
4032.984401915386
4247.135895387097
3133.340194793547
2854.9362372899254
2192.684710843999
3022.0316832045482
2914.1541180080103
2506.3861976633507
3910.7762364622995
639.5524850925224
3906.5706814615187
2922.187509469305
3392.684673586494
3701.8490075190566
4423.292471666209
3641.3925102262942
3920.9484990187793
2670.147916432583
5266.524803792158
4243.555137067063
5368.024142762201
1430.1347660158297
3982.8675311889833
5029.164427808216
3896.323227878787
4060.984383458073
68765.1850793232
3291.146655665135
6005.79279353004
1650.8565720110719
5371.464998735173
782.8557107900166
1456.4037141843974
4559.251686759949
6454.238551833838
3379.9459258533184
2494.971930930152
33198.34801304836
4042.992444309129
2826.277087407316
5281.150397452426
3634.1167765340247
2202.207230549964
2584.771270068315
1241.473320528236
64679.759502921625
2329.1299423252312
3140.893602553317
2177.256098285777
2389.5542694149017
5020.6263544844805
4284.1629426047175
5558.057777644186
4089.9450181723482
870.895661340846
5020.974478140793
2496.058639127103
2858.1047144628496
3796.1090362432196
2468.8684628831065
4114.794793559043
2457.6517392498577
3975.873288893421
6109.2631271475075
2189.8244129621403
41186.850192430735
2687.3872221501415
1113.6747070919434
47113.46729739489
1186.1155857689312
1211.9781951236832
2437.867167477042
2281.311037095165
6176.805407056508
1347.0964079501034
4074.834457565485
2451.8942464093243
1728.7539839194662
6470.6226716563815
3170.376754602442
4336.014134841486
6534.779090687877
1497.8151853137167
4482.850687034888
30198.348096706304
4751.246341862948
2132.8274994454187
3148.837637429282
1689.0588221532828
3866.6516179388636
6246.345713155993
3159.4518185700344
1415.087202776
1854.6820916126228
2826.2289465409626
2508.3154175861146
4379.194784209617
1216.9214594948453
2637.635967958021
31398.348064814603
2582.975132052156
4560.134790844974
2731.329871120116
3427.276138309745
3304.8843750018846
2786.306888403348
2581.6402261649027
5035.298553801729
4556.741560147697
3753.189992718181
2069.8788487385605
6618.572623613043
1346.7104940808283
5348.978335643315
2283.3169836821903
2723.7123700848456
1258.4734607411324
1794.9951397396553
3952.8031896969183
73246.06692199559
3448.8516457842766
2274.33711553012
4288.478845395491
2240.209859061271
1523.255003849909
5337.684926027467
5458.786274218834
3830.969228670495
3260.520271814067
1199.6539712046465
3280.666931821035
4258.310559085074
2050.074143359134
2831.900722332735
3831.0145289434104
5531.579940415011
3204.7291272249436
3999.3088501722596
4774.43970382898
4714.007584672288
2241.2608776565994
779.7179867714408
19354.20640099098
1449.9819329936458
2177.6282203872734
6284.2557974162
3441.872466411046
3277.4806465212496
3707.0362851091477
3495.24470765807
3528.152306340233
3334.681324803516
5253.755924219213
31998.348045220388
5359.076826860892
4819.175097189684
5879.203221433988
2015.5467998342158
1716.8893017644325
1513.14671064031
1868.554729796589
3329.6653058253924
1791.430359070907
992.6847304945363
4538.072341134895
4900.784588173683
15784.991788385581
5138.072339583149
5838.43304371181
47769.75140493105
2086.4260052979294
3821.749389963513
2240.7545857597675
1784.418767458715
3761.633098736114
3152.371574675709
2074.5186559134536
5052.950075054489
1381.4355841497484
3848.252231617326
1197.9357647099512
5264.181794526621
2501.583183745727
2844.2299589131567
4065.704258359924
3922.8345056688668
4781.776034505596
4108.95935190908
4102.940340409913
4557.865436352117
3289.2740336448574
2081.2190360633235
2188.0674016889443
5168.220217104777
1899.8646199313916
70846.0670843717
3017.743521135055
5576.783117654224
3338.167733031343
2918.519159559472
791.1633229035715
4057.7165395970746
2281.0894226901596
3262.3287250129356
2626.071556542586
3027.5486691032293
4564.262727320412
6404.108745752167
2285.022949227821
1329.851786032276
1017.7475158849948
73797.79175739539
3012.1674315487116
3169.8985751955724
1860.812941110032
2320.160496997378
5166.279261631746
1183.164961828874
1621.8579109695224
65279.759500531756
1325.2867846556273
5419.175093981367
33761.29235284868
4098.286987041876
77997.79147973804
4056.974699868897
3528.5766379145934
5094.27973994814
3223.2924938567094
47713.46727496112
5224.328705571911
5831.798815671085
3819.17428134574
6243.531915995216
5169.2280494863535
1577.628241088667
2268.9445920487196
2862.9907088297127
27735.374990592616
2499.3952452938793
22885.11538808701
4249.643885884944
6181.556654958717
2791.579816627567
1331.1238136793402
3088.1022110729336
1432.6810135114838
1782.9132167816372
2568.6491420328084
4765.0682968891315
2789.824411086723
3880.666923905527
3455.3912603318204
3606.794093832029
6112.745199934555
5303.059776748296
1442.956647232443
2019.1264053186771
2134.8470392337276
1063.186670693828
1497.5077730097137
3319.9877264351658
6934.397358740712
5572.390471585182
4956.249669097345
1794.3424697950343
2852.3978696537024
5283.880396917174
1356.1249566940428
1422.4894113988437
983.1381501423489
3537.8459600770743
2612.5361977586394
5280.358884121596
5268.795083882949
3891.146650466416
1786.0396759053986
2136.0674674414513
4996.825821536486
3587.1888370923502
1574.9375452235238
1766.1494964390681
5824.328705520458
3158.596921076167
1474.5186564877652
1144.979170870396
4641.341900529287
3465.7042726579
3026.9823080360343
1157.0378929981282
4257.587900382966
5292.5892543036825
2732.0870505823277
2925.454082867032
4205.374711162663
5460.689581190284
2714.682222717431
5620.626349811538
2913.125880971259
4902.817848258551
5637.973436271045
59664.222583708804
3043.894590371766
4603.872407990125
1360.11867350136
806.1845734128866
1819.7616457455367
4810.890031014865
3603.0079411108695
1046.4422612131577
4748.775282377309
2087.387233237934
1992.6069256669712
5072.69703603533
20554.206378343308
1449.3842402529535
6549.1478855939395
5430.840808773611
3667.4526500286356
2487.670017760625
1527.7338050464866
2070.933512468379
5349.5194120480055
6058.786262866213
3412.937312806037
1427.384315994225
4894.990998474176
5415.657765644314
3353.1866636775176
3934.7974243128115
6447.144279769541
5171.624448790255
1055.8172247303485
2986.153277310923
6145.729644526328
4812.102903398635
2351.092625333856
4430.656424699056
2399.4757000508293
5427.626498968185
821.2228374645917
2858.7811950938785
4639.862673056193
2281.77040692538
1879.1451557840364
4576.918180442211
68173.01689336909
4911.697300418676
2090.085136798018
1963.2926819154561
1857.66750920782
1451.0757138994904
2085.394499580047
53091.709253474735
2702.6839251677197
2360.421975751934
3030.5796425474587
4842.987522275966
5558.403562861806
2570.3906401178756
5208.724419036076
26535.375017127164
1260.4985931690965
4476.373660945533
1047.8258102976336
5506.774467912424
2102.432438962952
4639.543536671634
1057.6296935588264
1535.4760761520927
2587.792510185772
1409.8875198594637
3332.532630986081
4100.64328676038
731.1853856083038
1454.9768440733221
3342.693279219276
4224.867830771509
4340.29559581984
3338.3101163331935
4339.867542856922
1454.648324868326
6071.440934241597
5133.481502484477
80082.27072378036
686.5011933125127
1486.4260056875512
3612.759085579626
4896.8109150655655
1780.1895785749718
1345.6954299191868
2508.0102462915925
9934.397340565709
3358.7049251789454
5839.862663812093
1711.6083078046247
4066.8779451890755
5865.262118414484
5277.193704199924
5060.868981491764
3404.5707019917427
3345.925490345875
3307.733264390323
2070.1479238583106
5795.8070773155005
3243.650005864773
19954.206388912557
2725.972547684811
4525.197609775
4543.9270795217
2289.0588211239115
3059.5927339468217
773.2822072110919
2930.9562350480287
5413.860979395473
2857.3551658252904
2546.1642544121028
3870.5595506775385
3026.3194771226977
1391.0630388504742
2382.7905743881347
5272.3300088399865
3899.53278017182
5884.623602587103
2705.3898348781136
3640.7374615229855
1846.3718210120028
3298.6025708868906
2442.0801636392994
4863.957244262119
5870.622674493142
53246.69579041116
2730.95741531147
2868.8441865765185
2010.8355314482112
1453.9805640637808
3439.232090438812
3606.7512166682773
1027.2640240835874
2005.005451907559
2488.1884686861144
3901.528115080147
70573.01680690877
1118.7178354955133
3652.1229853652635
2506.546331904165
3619.5365779722215
2370.8539583834477
3338.838371401917
5508.649222330412
1155.4332347541538
1367.1431506046692
4481.024818156569
3330.9956637474065
5662.02356920405
6555.57464235
5841.341866772978
1039.8369114798672
2385.3029298166175
4956.467635595368
5351.5203843786185
3627.548662474868
3601.678434753241
2667.2572065167337
2666.703130482169
5430.03906261313
2845.081021443537
2091.0993546433497
4286.31632660681
2698.949471166487
3290.9270957147332
4817.861013117845
1982.9017027487275
6272.364880295166
1576.2843622828234
2855.2355147975254
4165.068306711728
3343.8266341879316
5491.471954777532
3114.1538631511903
1450.8365230129457
793.7081135052487
795.9220398322594
2097.6458136465208
2243.489811134416
3958.536230858194
1076.2142022106577
1072.2574675335684
2965.198989896409
5011.1951968477715
4149.070314666254
1476.028810469874
3640.521591483494
2056.4037125170566
2595.9020495718373
4554.133736448234
2426.3194845725816
2628.0345727278723
13442.464671155658
2078.120184433935
2731.6993387057973
4249.233036386817
3626.3194691740423
6480.656061639642
5043.531941258385
802.7294372927983
5132.272488011388
4682.223586089283
5075.412363355209
2607.2257803026223
4710.057912642064
4611.098120094349
40102.029630922145
15823.211258462774
4851.695095900703
1241.241636707733
3955.513097752161
1052.7128948569243
4664.181798706278
2167.35297956436
6090.132331124854
787.8607961661637
642.1708266974169
5628.438937665097
2471.256101868844
3699.4286158486784
5252.471783769008
4704.952512407509
3599.8188867323524
2022.8774779441922
24023.269937053403
4774.245082692427
4438.114011807141
5013.071125345935
3536.047406902146
14042.464666466287
1718.3080551517373
1402.7294362576686
4996.763611326525
4151.073053609001
