-6.053498150980327
6.347763225908782
5.027736514039787
2.663526269026368
25.719177895211494
23.373855718946967
-2.2375752430554408
20.820805309540876
-2.0548099690994914
-15.532538833296226
2.414708633800508
-3.176773984603509
-1.5817808694273388
19.218895945522018
2.6915927041864225
-12.997934217078921
1.2838016452853656
1.2572553393210437
-2.0559375918247
1.3146145663626871
-1.3713264937699297
1.4257400829381257
-2.380616408344428
16.527937456546475
1.979478333664776
8.962688403479508
16.20080557552319
10.902060894406672
2.6297469877188373
-1.917032248764043
1.316634762300046
-1.420916004170768
12.76896558776093
-11.253526779336445
-14.65450626948279
1.126885246431305
-10.070318111998615
9.826180663990948
-2.106804688225664
-14.55235435255684
9.664633463275399
14.600821687486874
-9.278198140777322
-0.833619039804468
13.768856780883814
1.9666777067480212
-10.823229552328993
1.2257647236916789
-13.082076016173875
2.940964582407975
-15.930422926114213
1.4512037054926963
8.075823483116386
12.616428548076337
-0.85137199391752
-2.615132048144663
1.2732951458723265
-7.610076346113042
-2.7819570389818327
1.650798555669622
-4.052033380113873
-14.793414914374178
-8.66165228662931
-8.639404256179558
0.9993034855254559
0.909887128137881
4.63447004284683
-2.8668955789702366
3.971724343620973
0.8424326836687451
2.5916047021381408
-0.6555876831166798
-1.0507742136089462
-6.30681666067783
1.0976661908465815
-3.612908464604135
-2.5772853823147535
-5.502214409671943
6.932056321494476
1.3005556831692875
7.985272817996506
-1.6796940057044298
-13.259806269952442
2.0619458395149715
-1.5090776635270848
6.105697993964462
-11.875601180340425
-0.8114584262124428
5.756526710536674
-2.2251359872494296
-6.809204563534974
7.084149489475065
0.6021359577846243
-0.7267168189502616
6.669130622672732
0.8077950170546385
-4.3247742023461555
3.3469619198835527
2.2114932437203567
-7.968568804521312
-6.51035362878992
4.374106986176341
-13.570961968181885
5.019844337998525
0.8269120482265706
4.798576471276987
-2.876732539770548
-0.6801695849162988
-1.924698042515649
4.188107656978663
-0.8240303905971688
0.8133884974536507
-5.546933378531472
-10.557357899111707
3.595385459390945
-1.1364448286622901
-5.071133282208712
6.677967525037549
-0.8811045949748937
-3.9887142340783437
-9.818332732866146
-4.8027915100566805
-0.715136293646636
0.4569788940675032
-8.614777948482685
-5.67516383709988
6.097239770651959
5.537515358028682
5.191664405914349
0.8753451884400199
0.5459863069782432
4.209084614615273
3.6267789569165174
-6.650123952162785
-2.3121029101961
-4.803340934575817
0.43604438156798786
0.4719877233372234
-4.446993626834538
0.5695948415420021
-3.8439158084240543
5.299882561569576
0.8129358082044535
-6.963385958278554
-5.779657050325759
-4.2023547455526415
0.6266667301780492
5.657429620009985
4.257418894624306
1.6565110213359218
-10.254645579049269
4.810709149858499
10.832641871652276
-3.637717805142801
1.8933283143850135
-6.697483417507156
0.5237148666752552
1.65979901841311
-6.551821746454945
-5.540664709075116
1.6224593166989745
-3.0708787704694993
4.170044096900199
-5.749449584407254
2.0912626580915488
-1.6456552334076313
4.052389650728422
-3.382958953532773
0.5447474508878635
5.608680785347687
6.258128689106152
-0.852154605175732
-6.49761117419892
3.2993533011800973
3.633560149728629
1.1231571931651552
-7.02295307254956
-0.3943472733699697
3.189759333955517
-1.774197970374554
-6.318942202960434
6.859282773204123
-6.372126308584766
-1.0622050778252832
-3.548276627617745
-3.239124873426185
-5.126219537784306
8.241237151961483
-4.262935400858027
1.6112259985281538
2.912263399617062
-10.513114554830954
8.935990983203475
-3.7980560759946522
6.140083327520127
-3.9238981588390858
-0.9664200703065822
-5.146560516171036
-19.133127001768738
0.34416041260210706
0.7071732160861153
0.4865857809899215
4.00402377333145
-7.9810806903555305
-0.289649792333921
-0.6098485046807508
11.111170162265392
1.0818543564059475
-2.5976126856605988
-5.576264121883392
2.99437571257246
5.20128353219194
5.938740580159382
-0.7193846062589556
-3.3196011082975234
2.9456344427736463
-0.22909786403990642
-3.215009995595367
-3.5342911783449042
-6.828623329271588
3.9261885154811704
-2.406476688787673
8.214342186985442
5.702683447418173
3.7462388877175923
-3.897347107206965
-2.4088236361481017
1.9464618088134293
-6.0895573399393985
-3.6870973733917687
-8.222527568321684
-3.7629524383809905
3.2458816714973646
1.3066251486352136
-0.622020533863373
-5.1801121584702
7.120891943656385
-2.844872348907706
8.442334321275926
1.2280677164396014
5.890454114727831
5.255676327679479
1.0372390534692932
-1.040866424855596
-4.371549699113113
1.3318793420901172
-8.150483618284568
1.3013783236428762
1.7040933608222073
-0.7399716084003455
1.085426946846781
-4.051954934391812
-6.282840466637736
2.631780193257047
7.086644386714737
1.6232980203229797
3.9833940522180167
-3.556754180598901
4.874781368393142
-4.4284360952764095
-0.8020517510245868
-2.8853079266231005
-6.37658327142034
2.8532038565818385
-3.8433979799512596
11.587859114384004
4.7547246600811635
1.767236150532934
2.922433757572652
-7.530106967726176
6.21167467699203
-5.056330430271821
0.8531024266428494
5.585981255622114
2.6318149362058576
-1.223827746275464
5.9789479462142125
2.3362214982026037
-4.43286626442244
-4.088799785494158
-1.2439528070464696
-2.5314814140085278
-5.980997209553842
-4.689810335768032
6.910896891772675
-0.6994896928237988
0.6539658800559156
-3.725743057033742
0.5407287933488297
2.6477969405111734
1.2087492918783846
2.3027302186102916
0.29874442338595686
0.3880266138201765
8.145470039946073
-0.5055282363175184
-4.893391960895698
-14.826764698145784
6.099142564076746
2.2988259559126707
0.9573116314526248
11.716933304704767
5.242954812720614
0.8703338157219301
-7.941880159520205
-0.6622277160536024
2.6091485042445037
3.2655288427706126
-0.8039947934145146
2.253457735179891
3.7903272434925217
1.622960031087408
1.9666399373390802
0.6669438640123292
6.36199653489081
-1.213983801522726
-19.217531610689072
0.3201145334742932
1.1555651635530138
0.5080544120862879
-1.4402715649320323
3.233606027239242
-1.9472574418248456
-0.20616780766818518
-2.671901128419734
0.7084762987596604
-3.1815730215718787
-0.5025710762180228
-5.501687467070863
-6.568042911490492
-2.071846527268699
-1.448646210317298
-6.7812190171048226
-4.9562280906409795
-1.3562066607879946
-1.468979474698187
-8.665251611430733
7.623413369646298
4.318924462191877
6.846486440385445
-10.140872981952052
-6.7550298326817115
4.074966233920435
-2.461718475708238
2.590856563996884
3.913094384451845
2.0179210629452893
-6.181715080450858
9.09760901638187
-2.065407666483904
-3.4779274963834164
4.99258875594317
-0.8250245728985182
2.6031899535074756
-7.898052415965767
-4.511521648673315
-0.18297737167426914
6.22904470558216
3.966932723331078
-2.993073931098367
4.6879858677276
8.901329955666647
-3.3212792935658215
-1.3066795190695848
-1.8126876695186716
-6.252800722434177
0.16456219266650018
2.935001993154154
3.9974354899640265
-14.844272696035691
-6.013149269492079
-0.32829825112199
-1.742088476901917
-1.5357825343006481
1.3377936150743939
-6.81959964401527
-0.17521158544083817
1.3925063782701412
2.7220192603582607
-2.9918507072344944
-1.8456969684889466
1.1080305733239275
-0.46745387919662085
4.852735500504801
5.497912022970199
5.337300515245358
10.804679289535043
1.6210651038684767
-2.540152463675543
3.9266173127436335
3.5341744586631316
-3.150179878481775
1.6663599384628633
-0.709627762017481
4.109890600097439
3.959547436284625
2.2821450811323865
9.877830990915173
2.869540928640994
1.8838508432377046
2.2836260033359115
0.34887148302556875
3.0575996931223974
1.328602126232734
3.3881082576588297
-0.9529841751380947
-2.932322428725852
5.365092073341848
-2.481816472153121
-3.4267982558159407
4.435413575802025
0.3799633191642069
14.591092033311039
1.3431351024621878
-0.5994123436486907
-1.823788693342091
2.7264296529173753
-3.90467839759117
-7.417834450594317
2.2205141111774958
-2.406714460527799
-1.0315718554736728
-1.4687828586267861
11.030764249445088
4.582736870408294
7.074126715815147
0.638826596170116
2.4508715004776076
-0.6249296606444332
-3.4540457550437282
2.8171954021493866
5.0786850455433825
-6.76962435021803
-6.3238560595883175
9.244308855617318
-12.824528030140646
0.6177495895999058
1.6780883651979042
-4.170366603434148
2.4553052852069275
3.7452992491934656
8.384981496048704
-3.178865153287232
0.23561930494347336
0.7039435140017596
-0.604139426513526
4.098370732316428
6.97253336321329
3.07610473001729
8.998602403961252
9.65972058827549
5.912225986209612
-0.3009571690488686
-0.5442340349600256
-0.7717175322448141
17.156034228257077
0.9620937951577464
1.8585958827303017
5.731062393633784
4.548427917935212
6.368623473842945
-2.449978497642327
0.41027686097712024
7.318431157402147
1.9109002004389062
-9.264823064545915
5.950635747976285
-1.667982997149002
-6.295046377972808
11.121323728964388
-4.306781688882512
0.3112699076038774
0.3322484825699541
6.810272939645855
-0.07748899681552178
6.505900575009194
-5.5403018528204
-6.733155168175085
6.34467444275082
-3.7816127255591026
-1.2904299020693117
0.5808279559504519
-4.721598265451477
-0.5361860315357706
-11.891120773578288
-0.6291618733039848
2.908749165199455
1.662248376202158
-0.18264904904437027
6.867580180699126
1.2446009901806598
-0.26408392825969546
-0.2815685026378438
-3.771538330572347
8.391999285333789
-6.7473355338155345
-4.4127551146684105
-3.3544467313110617
0.38146291928525955
-12.01612371103442
2.2469762697547377
-4.361270232328574
0.15545464297017939
0.38850282442901546
-0.2618052490751074
-0.7335848307693329
2.26453416659613
7.975828477373757
-3.1992633058839277
-8.757458951213318
-2.3979935570699404
-3.4507844897212583
3.0613280579060054
-4.622391687804065
0.13812884218994997
3.7498535204637578
4.216518608287484
-6.484381850516329
-3.379655402792332
2.3121362667816676
-0.18241537272659922
-2.151552775230744
-1.5836137674246147
2.1072253403708454
0.35685717374025017
0.7828494116022329
2.4002886837895434
10.581978999963262
-2.201341268773478
5.413948093819607
2.3967585058865333
-0.5442600052794044
-1.4507510511987403
0.5175660581632846
-2.87883229534451
0.11046418644415831
-0.27792648806618164
9.32580559251693
-1.999816277508007
-4.3077166568979415
3.0982533420649445
1.8739062205147936
5.313893539397653
-0.18161055673544865
-7.025092587376766
2.3759137495578715
-7.102191032961757
-0.48654132639380804
-2.0184193523729523
6.012604136818979
-2.7474384655102404
-5.447669815790103
-0.33091815330280605
-1.0708161956130733
1.7877021273627545
0.10190150709340064
4.705606697703918
-1.2109730058272132
-0.9775611413615797
-2.315729763581468
0.7944170451865901
0.8585264229601741
2.6377433334085465
10.463518909339427
0.7889056478551054
0.8990953218386051
-1.4966830783307374
-7.337840036600395
0.06502406513034942
-1.009400351235453
1.5491215635914433
-3.6129299249733102
0.4824150294523785
-3.4701499943961904
1.1030606298532313
-6.7729094162628005
0.33457206666042744
-1.8515784865356668
-0.7615250464941655
1.0731916073663579
-1.289361417496203
-4.274482509685043
-8.987554043715908
0.3157012804916518
0.19434696184712835
-0.9143692831847803
-0.602526399007367
-0.794252744961855
0.8213024798620175
-4.745909522060986
-2.1522279923922483
-4.977769356601407
2.172106541160143
0.3658419277978524
-1.2867498021335555
-0.15307540906225436
1.451068984512463
1.1042792854478451
0.08258183590606175
-3.0119521862489704
