6155.678275520119
4667.307295734812
6146.975289933321
6147.0407035150765
5188.63229209149
5830.835930815934
4679.479953599733
6147.2562306980135
7126.285136040493
5853.753119735042
6657.826639569864
5481.680298762509
4067.321130857937
5598.509886902459
6596.755499355076
6642.165908738967
7197.096858471283
4505.239018684906
6317.3468191751035
5018.262730319791
4951.407231130236
6088.329381059312
5111.08043443853
5217.0390576748505
5442.192834439955
6042.177260021843
4418.281055644406
5120.870234380972
4691.11020878899
5634.07823370972
6672.067154014082
4451.995424371485
4383.759518334159
3322.6448574388346
5341.215289339913
6640.22140362366
6679.356059115153
5821.907013581529
5700.966581350801
4500.274176783866
6633.168561968625
4497.314438600745
14762.144207630135
6300.955086164003
6588.770731312184
5432.5127999272845
4693.745954516888
6747.856376991225
4588.649939819107
4675.75676450873
5828.710421469199
2447.3409064726725
6633.687729405389
6573.0469976433515
4456.591240070159
6311.0536420706785
7071.392586208682
5399.90841013588
3654.7623385480747
5190.294111681825
5720.8521842932805
5717.356660851978
5536.912649768741
6198.500574072421
5100.98222044404
2435.2379141005913
5114.325719932588
4079.016106549542
6149.027350303644
5104.433072115964
6467.984593838476
7261.581071507024
6320.843846643568
4472.218600521988
6909.2020470814705
6836.620124228929
5488.343608561118
6307.4691683985475
3250.4552631862616
8076.432520027096
3834.124438373002
5191.344993439677
3059.4623167918476
5352.480570359412
3922.6340757636876
5278.997872816374
5962.15656229146
12739.531304027672
3897.326132076293
6628.680203825367
6081.6647289382245
5143.597847036884
5820.054131047622
6428.705336823291
3875.826401907864
4351.420735731604
13089.789451638468
3074.549438758454
7196.749161742022
6479.371224059251
4990.740147888049
2474.55780235689
6314.297769427289
6756.804982466148
5829.218197498264
6755.672485190653
5875.731766443692
4398.544101915375
3751.430983444017
4254.753471649271
4365.155046443165
3234.1380943071927
14738.941578400381
3370.833423527329
7748.78337476422
13754.669692218746
5788.624007200755
8955.656924567631
3634.9807677971953
14404.772655377095
5267.301771698449
3644.1172502999125
6923.013598576872
6771.894099181628
5034.090360466321
5988.781508282835
3870.118695085618
4079.4920253740656
7076.175025527624
14331.825926465535
3048.104769476925
2810.4540509761014
3119.977213369737
2650.465879150546
13065.109884070174
4501.095941212068
4845.875863699212
5707.4793415893255
4892.747487266231
7573.744199402461
6755.5110170743565
4243.351782523743
5050.410660661521
5954.488667566095
15488.949270972233
5293.729997665478
4167.789212866808
4936.922592637569
7272.063156261865
2579.1148468920264
6625.435182766136
7083.804830190359
4759.513142644377
7141.96221782342
6165.111722862407
11384.859681695654
2863.48791628771
9712.707379728434
4175.999028489802
15131.30016960289
6615.83420052
13963.26972892915
5428.220774891345
11360.288522815372
3645.8943439076897
5267.731184848578
6400.19345217698
6830.60170863616
4091.1218662752117
5710.83175861383
4757.271321734256
4522.627866396039
5828.1141618763295
11682.54094857997
3218.309968634251
5996.766563483208
14715.576442716467
5051.985380223225
6632.617095837055
4111.94681774549
6428.107224220823
3635.2201059429667
6747.03294237189
3667.454300036822
13094.488322318999
4512.802797201403
3428.129522216288
3852.0099459849453
6493.703897852512
4578.902684956752
6917.239699738918
41384.46733025919
6745.230923753754
3348.835769995988
8081.140211175683
3047.3312275159997
7742.06363288217
12734.058445402026
12724.389211188069
7660.8325322612445
3869.9869426673386
5711.062415522788
41984.45927966635
6476.184087800342
2210.4618873151103
6725.365250175002
6554.475887856264
9594.617478801802
3905.248922460481
6483.814646473503
7118.154322732166
2697.3511599402177
16879.832860002287
5838.622200577604
12062.69278971019
13758.855535407589
6620.008385555608
6762.7712654486695
4485.473547019586
6741.922159626917
3674.5448864819123
16077.434419181796
8036.075450166821
3648.928868049678
1919.9882110575497
5704.416264623337
3140.4096420190617
4848.914516973452
6681.660849097831
5416.055299931896
4073.8544265423693
7067.975357917039
7758.302404749457
6420.048546176151
7173.042808008232
17370.19802497873
4062.6621876899208
3198.571778318924
7130.446339539578
6617.693438819173
3943.7434105968587
4679.002681738458
9303.633833660955
3275.840619653644
6310.820331322509
3845.178927042359
5464.189326873415
8073.546079423734
3957.1469608533002
6733.287930302443
3992.4025855288655
6305.13616819891
7269.402223636787
7265.204769268766
3885.4831217315977
6430.833172697716
5577.863822774665
7248.50775839492
2598.5796721627426
3044.128337872102
5110.847741708572
7117.409084538366
1232.0848516115268
3054.7725317786535
6718.649399187894
9964.184872446815
4075.7668228475586
9506.840576885446
4465.349280086947
6183.715161116376
8550.94516300334
6832.07927200817
7717.232434610092
5288.551681901213
41962.537654414285
10809.469669455531
6489.452360242654
14663.495867539918
15217.687197361587
7079.361641441032
4844.1002685632875
6105.487353010255
14806.172639847471
4087.4981831365185
5746.955557830243
3048.9393491647393
6343.288243701325
3958.9863734189
7139.013113080336
10869.066003191045
5618.247566687724
5492.7287169955825
6603.882467878853
13579.206947463685
11413.14343758868
6502.79724526599
6747.251934429445
12878.489872312473
8191.8261593484785
5227.759879220496
9429.985438129415
6768.763580926241
8127.024982195425
7542.201402763237
7778.94602033381
7764.249134039847
3087.661159547364
5984.933814415752
3647.3237092711656
5574.02008747844
7128.952003174042
12073.766315475848
2148.8549336644287
7142.060585261987
3035.22793892193
6839.434453781423
4548.823715814704
6033.698905777155
11669.140539385837
6625.526435857483
7130.30480904459
6759.801148933703
6156.813576373512
2846.74779299471
2638.57452625971
16993.514528709777
6455.714718693838
6292.949368243764
3887.4532013306343
12064.269379018097
3900.281947388986
3410.446560722256
8980.126979310293
5097.309170536005
4174.3224840962475
7723.162905913991
5778.872830947469
4102.3815583478645
8516.395453383566
9159.294864582436
4881.698956189974
10767.615706568095
6314.709278071331
7125.986043667911
48050.39424614613
8553.600373719348
12746.153922154841
3118.6861619811375
13237.20294212365
6837.068485295409
6827.174219307403
2792.4153830825194
7400.055064777305
3798.559986115668
4419.415089457117
2758.8034911902864
8106.9888262408895
3736.9391678896764
6305.145488940365
12066.443782965163
4774.319546867707
8028.484024049986
13207.512782675623
2487.6684068925283
2128.0454860600294
5791.343141035761
5480.543336200853
11706.054333387312
3928.9567372207925
6032.497568237784
7511.2170689344075
8092.044049992068
13583.18867748395
4487.44495052273
1940.4198695829148
7024.052693356139
34381.07428870317
7089.442547618804
3179.1129452831938
5279.477203237121
9838.344186568784
7272.655622093008
6845.059409003439
7093.699806096239
1904.2651419576507
4143.974763795776
3865.3508650774997
6323.0227227733985
8111.748751064198
13233.38139553016
48441.3895933742
5070.428735760974
6335.897092806685
7116.189276588832
4469.327723392239
3165.177329026029
5453.680627734987
5070.102184969037
11415.174566219086
6347.287683241687
11473.528554221743
10776.70320214472
6536.596744978877
9684.696601267138
6665.208906340825
6352.299537870042
6047.827501086471
3850.441016851507
5082.264264331424
15748.022681058155
5441.998594668348
7736.590168833739
4091.3970135291506
11115.056790256296
6783.711627868382
1600.3264002992348
6502.69989295416
3567.7961724639213
5860.085535321659
5056.5854539241445
5714.308664832488
3067.5986332164543
6018.589458550568
7193.6514942042495
7096.921470553874
1485.3917454208008
7954.712278014603
10846.863733870623
7934.85438116184
10521.248747642785
13606.430959292218
6751.37846211132
3948.826774013359
8917.22788379667
13555.968718034428
7215.580898873643
17309.44818902112
6312.646812468748
35788.87181437188
6078.293600623612
12881.540864454966
3576.0070918073448
4775.996847480968
6176.356033292385
4312.58610091431
55579.597354393
55416.31672394803
14353.794767280833
10229.463685101122
7121.689010692496
2062.3703155590956
27547.76392921744
10800.24346712103
4248.91983632332
6824.115063485824
5321.0940230572605
13240.642444113219
5582.638722400224
6118.653243449937
8471.258989885824
6539.017547106659
9133.18354144948
7041.050783243848
3982.6336324087297
3441.0802882846097
7076.048900580923
1916.9481029145793
15589.851465947397
2473.3575100136622
10234.321828165359
2583.7901367632376
10178.360666761464
3948.2131681714523
5412.499598015526
4767.786668387907
3643.3617771460986
5586.261525676885
1950.9384323787556
12842.468293075664
15340.170511622811
4498.285655403068
4453.021817737429
8438.269086515686
3718.6820577580397
6573.573816233719
7529.668136115647
8488.222723917494
4336.93220182971
28902.9965713838
7742.058742836281
3860.1087848159673
54979.60251376315
6437.9660857786275
6765.107609726326
6756.202245656904
6840.552277684123
7242.164021904214
6751.1516241212075
48273.58294341905
13552.179061615781
8483.886768966502
6542.065384243726
1833.8501588889128
5145.382097610368
3889.4170819967285
3687.658940811643
8011.296583243934
1874.5639247473073
7997.465096555446
9114.431764673513
3455.7594047322386
3902.362057826294
48298.892754873435
7080.491023902642
6849.954281837362
7117.237677162202
6746.969039872244
8665.472936408623
7162.1387361062525
3704.2510537225226
3887.9415805983353
10491.06209654542
1505.763736033303
7125.260935622607
5902.029517828073
14748.37078052334
6156.205975911058
2443.8955792421166
4580.014038432363
37283.50780063773
3034.9892262571598
10839.870147528025
3946.857866379327
1342.231386193403
3132.2138739335937
8111.213699989875
5094.034654764711
2766.348131666027
1947.3519885851292
6468.297356985494
6232.0829665383235
8860.824870174018
4919.071812915138
30204.38970918835
9765.807856117754
3557.2806256527747
7251.323894714893
8450.420848911128
7436.043827054058
43704.352483187955
5741.462383143886
7233.686961143286
1548.8586322706758
6710.337261268516
5478.64190944532
26947.773685602046
9484.683813042373
4830.9033677639645
3522.097960050714
1344.100110059574
1911.1096372705053
7509.195749662194
9517.224470012134
7120.714621831502
6227.17771548207
4262.797943136156
10285.404106421396
8558.149368088682
6136.904601191604
3765.1680996658265
7123.421365367613
9338.900400307215
7437.066512441855
2170.851407608659
6441.0539801621135
2697.276034031938
1522.667334237462
9520.035504150721
4765.772727209553
10349.430516983179
5134.896027829029
8323.160686214149
8045.365522881612
3930.5993060559204
7257.823115642324
7993.618665459295
12178.013517329737
9105.3982336254
9120.69328569423
6547.794876875045
1835.0067417533403
1326.2139978051075
4655.7452937064145
8100.0962668067805
3055.5877496158455
8137.024934927137
3876.694125447897
13458.076776032787
18118.627923206408
8802.088346304316
2685.3883307758542
53515.14917400143
5470.924066155121
8796.019720050892
5185.394780546024
4670.339509610559
45087.2072481787
4903.960181143428
6155.545912695255
6757.067646274973
6836.04574865167
1370.2597069632018
2506.5217417888184
5454.747007090311
3035.1282791182607
7645.902220371422
7093.524774018856
3513.9511755095973
2173.7293202409664
3888.325447573995
12401.212183431382
4133.246251281989
4433.200254953743
7721.687270241891
14406.327528218095
6476.058736141452
3856.603301344396
14307.670673136383
6688.328378445193
3392.406216359423
6536.8931852409105
2255.7668240555704
7731.870593022433
1951.6304566403599
9157.61617150444
9311.210782190385
4847.498424730086
6704.161417028842
5942.448367442368
3103.967160522613
8734.293924898499
1943.6566387902697
7736.887687469719
7127.777100279737
6344.898845488696
8123.006643344367
3764.763415994554
44487.211391933946
5448.515357588746
5087.443856289709
45977.819704048416
2441.616589655051
53892.142901713174
5444.874245033568
13495.76933544715
8029.867266720931
12065.675498008017
43143.40910135039
4783.421615735859
7741.9602744379
5100.27352264872
8060.968117326078
5291.386457674642
3841.6770468543837
8109.19533398323
2491.0078729426345
8129.666854449731
8260.827806067096
6749.025463091465
7441.073278613979
6547.058749718348
6224.1167460787165
3784.103777800189
15106.481793368075
4318.676346306674
7109.196307959514
4430.184642856178
53616.34333430195
9911.207345756115
3820.9433025677104
