5661.844545004484
5985.784161924184
6586.497775056807
4884.178321103345
5522.9843545722315
6577.641328748785
6594.481220174081
6596.578261078634
5667.751445248261
4426.975252403624
4289.59002788483
7238.861524362946
4301.648214763354
3175.3565700016243
4228.590468194245
2927.743268399327
4530.487492492792
4298.684907235808
7397.8160110055305
6890.269798491457
2603.725539584267
4522.992136003629
3732.273680239289
2271.689396415528
3216.4264572418074
5971.6696328800945
2639.5700646419987
2936.3515441361683
7344.464434398281
3173.556381106058
7051.183492831536
4479.5149059608875
5562.221248681368
3697.1115244032926
4202.461689860235
2721.042542212535
3710.367345279335
2724.236374466654
2610.3692186702824
8261.769813376519
4262.888287481293
2711.978969975037
4310.367324046108
6268.401335943343
4530.537498899707
4464.1874508332585
3199.5482804544395
2734.953399870194
5344.887007974958
7911.737302887912
2833.014249170635
2538.0371360472773
4959.181960091568
1245.3590355775636
2781.7155528867597
1172.4853049463445
3162.6766642797106
1516.9250822109918
4862.888274438586
3033.265034603692
6986.06490163475
2042.042204786604
2090.7441154232156
3037.414538649742
2124.8799648098334
1356.0014233323948
5780.97138298506
3975.1818934751454
5576.4309024862805
8768.578984173086
9097.111369284552
3143.535624069274
5138.613808950798
6068.056602942102
7871.204149747459
1839.9720730427257
1316.1533020059921
1262.0944719217293
5740.224211624448
6134.515920836533
7044.016422301456
1966.1285624545237
3857.910285335826
1716.46747912268
2181.957188693986
5661.879455614037
4058.1950132811294
4235.198925179432
4320.413861638149
4452.259309433162
1400.3390783878315
3972.8768237246504
5934.542059483873
4802.815836128363
2229.407307251845
1711.4649196648459
4060.6212615989725
6329.554493325013
4571.650745834191
3416.1551918979826
