5
4
5
821
5
8
7
819
5
370
643
6
329
640
728
813
4
315
4
4
340
6
373
521
274
670
543
523
646
374
570
643
559
319
639
0
740
670
462
1
5
6
685
606
333
550
3
8
0
5
684
815
6
300
0
7
896
673
560
3
272
662
8
550
857
5
667
324
377
2
297
7
298
5
710
300
660
333
806
2
5
278
595
603
296
337
7
360
3
599
301
281
613
304
895
734
2
281
711
302
663
374
8
5
323
809
662
375
679
606
672
612
661
657
273
6
2
1
3
642
6
317
812
902
321
669
812
733
4
660
659
510
823
321
527
0
359
307
7
715
351
290
671
552
493
278
274
614
658
305
4
2
345
4
613
8
608
614
732
2
543
541
2
536
551
392
5
796
670
673
771
797
558
348
677
6
2
283
505
646
373
553
650
592
322
539
284
2
475
656
658
1
542
339
356
274
291
581
820
3
8
5
494
657
565
361
559
717
636
5
711
2
3
312
596
727
264
848
518
550
303
885
610
1
341
2
2
0
331
574
920
730
799
298
720
547
535
661
545
542
668
262
303
669
794
7
651
618
745
849
653
1045
678
930
354
699
327
4
486
3
607
516
261
536
852
553
4
680
795
3
829
777
624
293
1049
790
512
665
3
614
910
609
725
788
416
448
318
840
647
898
668
849
10
722
342
612
589
658
4
1
819
535
434
466
849
457
581
272
893
625
299
496
718
676
333
5
641
671
726
701
332
799
915
809
303
852
338
840
450
832
334
336
673
272
297
788
765
663
541
583
754
536
523
723
275
730
637
332
580
677
5
768
9
262
444
708
375
339
641
315
10
652
406
736
895
684
649
353
431
919
286
3
651
667
620
803
774
728
537
835
625
414
337
809
593
803
945
593
918
613
915
326
274
422
912
636
586
676
782
235
350
900
396
789
663
969
335
852
261
979
260
1
664
942
369
726
539
416
561
5
691
510
277
458
237
315
907
294
829
432
711
869
672
853
680
742
338
956
1034
713
305
349
946
895
457
850
10
664
598
871
331
642
657
771
757
864
733
271
925
241
904
843
799
759
6
710
247
333
218
645
6
727
309
647
372
1
248
385
706
929
4
537
649
608
628
642
712
260
553
327
910
920
701
741
911
359
1
729
737
343
339
921
794
721
911
350
348
734
676
301
689
258
738
872
1035
595
259
333
798
916
833
690
465
540
302
919
5
828
625
978
768
261
980
547
726
680
4
1028
781
975
538
828
731
361
654
962
910
293
251
708
697
646
730
866
5
303
895
479
640
911
675
17
916
512
675
841
790
842
824
689
650
273
553
780
631
291
687
898
679
897
775
274
618
696
683
879
259
579
466
832
570
977
687
596
433
686
240
822
858
6
618
648
848
239
697
678
296
948
697
770
298
839
635
718
975
562
925
834
785
932
337
637
911
854
919
907
928
1024
990
965
688
358
676
284
967
787
935
540
751
913
