676
674
728
673
657
736
356
322
659
671
732
828
506
505
668
896
660
735
675
671
710
811
673
722
661
894
510
511
726
614
818
509
524
566
613
559
817
718
357
662
658
714
682
505
365
779
291
663
672
911
317
613
662
543
661
760
656
676
705
553
827
765
825
612
518
373
358
348
534
554
723
918
820
819
905
530
778
894
893
612
902
543
501
809
664
613
776
733
612
663
736
368
766
782
716
515
821
914
736
656
366
714
892
548
890
810
657
375
537
680
898
699
812
353
773
336
715
823
779
713
510
798
810
669
742
736
811
712
766
379
534
302
668
903
558
553
796
560
737
770
773
724
710
545
681
903
710
311
518
768
776
544
685
779
346
318
767
520
717
539
314
655
543
712
719
812
889
296
614
732
784
943
764
323
819
516
287
852
834
656
829
534
754
503
789
517
784
725
669
289
550
662
528
807
889
711
914
286
808
811
527
1062
739
896
727
773
352
769
670
516
563
799
672
796
902
781
535
669
677
798
348
905
697
820
529
720
818
708
720
289
981
830
384
765
710
859
412
887
507
514
981
659
291
283
854
771
908
684
1029
805
293
767
785
893
319
821
893
976
735
783
642
979
942
599
775
937
670
520
896
741
701
1212
780
882
550
670
560
902
892
610
887
1323
895
908
487
725
680
304
597
668
910
857
767
627
936
722
557
786
771
815
645
642
940
680
782
685
788
676
544
757
284
656
524
898
505
319
714
1030
609
506
723
879
858
505
833
945
584
768
868
626
664
626
301
709
713
783
736
291
606
880
896
754
591
822
730
905
940
717
760
708
361
661
811
500
510
822
594
726
748
825
321
686
719
545
554
678
796
668
732
603
918
755
288
669
372
670
333
825
952
342
808
770
706
316
287
785
292
657
970
908
781
971
936
604
710
777
598
715
926
807
711
766
824
816
336
861
948
793
773
669
772
671
382
586
557
726
831
951
657
840
955
337
578
905
792
672
285
950
835
636
822
639
843
1048
795
909
716
788
764
305
516
1229
831
663
649
894
824
907
851
963
538
1049
1011
627
525
655
900
740
718
729
677
919
323
837
960
751
809
684
655
751
893
863
838
906
762
1042
860
553
290
504
658
952
802
905
678
315
882
582
828
801
881
1077
811
828
540
795
508
1063
768
1061
582
599
906
734
722
998
624
817
614
897
803
662
769
770
970
1214
635
507
907
863
799
988
893
555
788
1018
596
1021
906
787
883
623
717
760
741
812
928
575
332
1330
944
607
1230
889
607
866
926
1209
669
928
1210
1067
659
898
904
766
772
892
696
528
891
972
884
1100
969
711
707
378
532
724
562
1326
797
308
435
302
651
949
837
945
1255
287
361
979
477
721
381
795
584
920
723
858
904
890
778
933
957
1018
729
841
673
733
872
506
1337
581
334
875
1242
946
889
1190
835
894
1213
869
909
468
313
885
823
933
968
847
970
762
994
1058
976
903
705
973
968
961
714
1050
925
1085
1059
910
931
490
806
852
867
752
806
750
775
928
547
1085
964
706
914
1313
540
571
860
1164
819
486
859
884
1066
952
1020
943
741
784
1196
615
915
681
846
944
661
882
910
726
746
719
553
845
1260
921
858
287
993
769
477
354
460
926
977
1053
666
547
1140
957
835
1281
1336
1202
526
304
716
674
673
791
951
1266
1018
840
1239
927
611
772
974
572
813
1127
245
805
1204
1064
875
698
799
1204
845
731
767
374
856
978
871
784
1192
468
453
910
760
671
842
238
611
286
965
681
889
982
871
653
836
811
1211
1077
946
610
1208
947
962
963
1060
903
401
1023
841
979
1257
698
1026
848
676
1050
755
961
790
1206
916
664
535
800
645
1003
650
931
867
722
612
743
1205
375
1162
976
879
908
671
972
714
869
1284
928
347
926
865
1080
947
471
754
877
276
729
823
990
777
1201
264
798
998
270
1188
581
864
1085
974
585
1234
942
1227
694
847
954
1043
1030
917
470
595
1229
833
927
702
1160
998
774
554
700
741
948
1020
1250
963
1199
866
1237
903
407
926
986
725
772
876
913
874
1009
1182
1255
875
697
1137
865
512
675
1034
957
928
880
857
635
686
552
903
1014
973
732
1153
965
855
757
483
975
673
380
505
996
894
992
1002
303
