4418.281055644406
5293.729997665478
4667.307295734812
2846.74779299471
5018.262730319791
3044.128337872102
6088.329381059312
7083.804830190359
2792.4153830825194
3348.835769995988
4588.649939819107
6640.22140362366
6615.83420052
6483.814646473503
2863.48791628771
6155.678275520119
7076.175025527624
6146.975289933321
3654.7623385480747
3074.549438758454
4079.016106549542
6632.617095837055
5100.98222044404
3059.4623167918476
5050.410660661521
7067.975357917039
6633.168561968625
6147.0407035150765
6479.371224059251
7117.237677162202
6307.4691683985475
3370.833423527329
6317.3468191751035
3647.3237092711656
5352.480570359412
6633.687729405389
6679.356059115153
3165.177329026029
3428.129522216288
6198.500574072421
5188.63229209149
6165.111722862407
3119.977213369737
5788.624007200755
3322.6448574388346
3667.454300036822
5104.433072115964
5114.325719932588
4757.271321734256
4497.314438600745
6042.177260021843
4472.218600521988
6573.0469976433515
6755.672485190653
4067.321130857937
5217.0390576748505
4990.740147888049
6642.165908738967
4091.1218662752117
6467.984593838476
4079.4920253740656
6300.955086164003
4456.591240070159
3751.430983444017
5442.192834439955
4881.698956189974
7215.580898873643
2810.4540509761014
5432.5127999272845
6756.804982466148
2487.6684068925283
6762.7712654486695
5267.731184848578
3887.4532013306343
5492.7287169955825
3948.826774013359
4451.995424371485
4351.420735731604
3234.1380943071927
3218.309968634251
6147.2562306980135
6917.239699738918
3674.5448864819123
4500.274176783866
5288.551681901213
5143.597847036884
14806.172639847471
15131.30016960289
6400.19345217698
3557.2806256527747
3982.6336324087297
4254.753471649271
5996.766563483208
4951.407231130236
4133.246251281989
3198.571778318924
3875.826401907864
5820.054131047622
7071.392586208682
3250.4552631862616
5717.356660851978
5094.034654764711
4243.351782523743
13089.789451638468
5720.8521842932805
4102.3815583478645
13094.488322318999
3885.4831217315977
2441.616589655051
3441.0802882846097
4312.58610091431
3845.178927042359
5574.02008747844
5791.343141035761
6747.856376991225
1940.4198695829148
5191.344993439677
6428.705336823291
6657.826639569864
6320.843846643568
6311.0536420706785
2435.2379141005913
13758.855535407589
13754.669692218746
2697.276034031938
6149.027350303644
6710.337261268516
2062.3703155590956
2443.8955792421166
7079.361641441032
