0.13340660482911026
-0.3231095781736996
0.10707963707060922
-0.11011322070011445
-0.11199866120463159
-0.12159664560133003
0.09302744451933181
0.1683466019238693
-0.1406489427044946
0.10329863785121275
-0.24797757053012195
0.25475479796664846
0.19089737553529046
-0.10258469654819723
-0.12291213264523908
-0.6370229486457868
0.09147243504720506
-0.12379700285892357
0.10447630434849031
-0.07946605804283068
0.07302318388095835
0.10663317555876747
-0.07216000632788812
-0.06806799545307432
-0.17685000348161153
0.5271631914822956
-0.061033357725153926
-0.08551691729457203
0.2579052845953085
0.4842413420156323
-0.1378764931027211
0.08058754461247637
-0.07063613218858943
-0.23848621535747075
0.14898534410819997
-0.3672702723121294
0.4772428391588342
-0.13750406318582437
-0.487228592333924
-0.284066720349005
0.20366145225438873
0.18193065161715927
-0.0760951498732686
-0.06090055971374852
-0.0893068897616543
-0.13434502416971347
0.07111485649275463
0.29857138000556366
0.15213779123026722
-0.11703140746084502
0.1684106564765864
0.3651628237294739
-0.2777177216522236
-0.07748305396216404
-0.18502934541787827
-0.567615129438882
-0.07442939040018824
-0.13959480084223375
-0.2875415975755547
0.12969182181040242
0.04905661460765939
-0.1049407781701791
0.0403130372147636
-0.19113038269629692
0.07431971685071452
0.08037780821564629
-0.06069421910066636
0.12360067833139253
0.2613588082523168
-0.19697095915651255
0.18740328171244092
-0.05535221316515613
0.4654918260674939
0.11077143026126421
0.35939428549466895
0.06345958984316516
0.15296294341060065
-0.07364256096981665
0.4015503968971714
0.0741471819683276
-0.615331075614508
-0.4619510513243475
-0.08643686116212371
0.11327433667274793
0.06358831739436067
-0.17393736552941172
0.12695139657129456
0.05955702907746739
-0.18022049625174338
0.6453364558675597
0.048872749872591256
0.3348226306109268
0.19962075120889133
0.28837583420058227
-0.1451273161784395
0.15031216976341938
0.11812745392129191
0.1222079664880906
0.16676009631285443
0.11966828714102737
-0.050493137826562576
-0.17558796455988282
0.14231992005912125
0.11762366695170748
0.05413065784201492
-0.3957567017044471
-0.07524634440932255
-0.08871789819099903
-0.17681462276246246
0.05324855434700078
0.5485362942091785
-0.06850485754188448
0.5516222619851981
0.09531186564347585
0.054391775086003916
0.26432932508333973
0.2977610074176895
-0.044241182588986336
0.035312672271464146
0.045183488438232645
0.5029769644788642
0.04860015643782563
0.5107483122922919
0.5277614794086564
0.06589960721291897
0.403120738250041
-0.07135413028308354
0.35151366169697085
-0.0630490813439572
-0.05811425028770734
0.06868023491581625
-0.05236287901486551
-0.1520675101321277
-0.26074466408679176
-0.42957987823618976
0.18669474124845264
0.06507078938314562
0.7061132475731863
0.5111243602241045
-0.16633149141859468
-0.22165027290254324
-0.13822370721011015
0.18711092625820444
0.3487289882371832
0.08749191493535353
-0.4500723015467184
-0.15097645102108598
-0.4249167192046181
-0.32709786165309757
0.260211039583541
-0.03459131786052737
0.20204374228242186
-0.12975766209752518
0.06590512879013097
0.06781449628049173
0.04240257684951582
-1.1640982482923596
-0.1565631962345413
0.10563714680769977
0.50865594851206
0.027085610857784544
0.036576611724333845
0.19326710345588063
0.11863035445472396
-0.09879768496725454
0.2709212635560081
0.11485177926778312
0.2621724440781661
-0.24236357251879964
0.1183165169859756
-0.22273706718405337
0.3367498454204061
0.12867069757236932
0.13889038584888516
-0.06676325145273333
-0.10323546441057076
-0.37733237594021846
0.06555248722202345
0.2530992549156439
0.24913378131436786
0.08652990379738495
0.13905658561560022
-0.08993557848854139
0.21484807574237305
0.10985935797931477
-0.32750805790516707
0.3853721034501759
0.37956839222670935
0.5232951506163689
0.08831663345615479
-0.0878736461839892
0.23409647559487132
0.10116341221733974
0.22956569155652248
0.10421958082242623
0.11143784746514267
-0.24912602657912858
0.4629477980730703
0.3819715356756726
-0.18916544494332976
0.03823505259445417
0.07242293438980296
0.12620470233095574
-0.042834060398198134
0.20840785193625355
0.2524279432965284
0.10066154642701843
0.34147816965327565
0.09311320148671119
0.2619860030002309
-0.38921676069470884
0.03249113285298338
-0.12356201006924544
0.27673608937521
0.23709764827224017
-0.10261875290373111
0.17716856040729573
0.21991518062581072
-0.11329480540583847
-0.2725767070263257
0.24659395638817147
-0.16800885799653648
0.1311871003297486
-0.20622780041583588
0.09927280761343704
0.053489635585334275
-0.06913917983416597
-0.37724933739525013
-0.041346571234264565
-0.3206598461842624
-0.04744167733437683
0.19770187126882147
0.04511529724293224
0.05189029429309405
0.24238470339846477
0.06245966555709258
0.5699992913878823
0.0957089743689844
-0.04992161723660398
0.04776147864443586
0.21139100030291488
-0.06269974977336049
-0.3433673997059589
0.35489312570106596
-0.3341401912219033
-0.40852409557963193
0.14435419088355045
-0.056953611039148075
0.07113615101304105
0.04645445566350071
0.194325950823544
0.04911429359466209
-0.10709949089585949
0.34592004215977357
0.19768453871840522
0.19662237881562586
-0.3009442871852175
-0.17483429947644516
-0.14069721783061354
0.07238133382187825
0.0901293379885296
-0.1185112622700428
-0.09398663317780666
0.27882451598008456
-0.10810880578675876
0.45067295179627176
-0.250160613592274
0.3829937603372557
0.042254998505747904
-0.1605103801966877
-0.38195209080631204
-0.05390483726076523
0.0342119373765612
-0.10594764343473126
-0.16027929594644064
-0.08994298971118805
-0.019569500553619126
-0.057125528850110144
0.21565701033083023
-0.10808238980573101
-0.06316467636184435
-0.040520027020144615
0.1882110448925139
-0.1586523821485523
-0.5741193953587495
0.062357453222613594
0.13888700712294605
-0.399738433527072
-0.06552254063761005
0.2518869879951611
-0.047970730455995196
0.07753419343741719
0.11330462857204977
-0.12294771203389668
0.08730540809784182
-0.1613571401889895
0.1212492184513198
-0.14167239232542908
0.15514485880006143
-0.08271314159458734
0.24973248655512567
0.1738330848751544
0.13546389463159653
-0.2316322934889898
0.20827247610693048
0.029568461262522012
0.06176401141667988
0.1322281395487578
0.0678282098984688
0.021347895086161146
-0.04093482511289034
-0.24434832615248267
0.041974851584891046
0.4623927652193208
0.09403378663821901
-0.16201550808216936
0.1366287749827628
-0.7407385886436213
-0.06419866571300872
0.5707288585332865
0.09803368134915577
-0.06519431529870859
0.741538920107294
0.1076857696926147
-0.1272601483684792
0.041822844817869624
0.066001713881003
-0.06668586474748969
-0.021211857755890958
-0.09882419865323479
-0.367272533355216
0.3822789381706897
0.10420108580336272
-0.1877989856396632
-0.7930010652613106
0.06579595281592249
0.06479253939879756
-0.07209214425822988
0.18877871061738466
-0.0696788106376104
-0.13596728565597713
0.436040518345092
0.18161608108724542
-0.05388879920189879
0.2202118028602679
0.11986331321179966
0.3517790972769575
0.0406980990964237
-0.18623278787115108
0.16960813815929812
0.11953557958189995
-0.05654953619762252
-0.12505963220735483
-0.0665053807927283
-0.14976709706349603
0.3180939725146146
-0.10045026082062146
-0.08095280462018355
-0.1671993379044284
-0.0533752944914539
0.3180151059406911
-0.02044614535700982
-0.01654232222119904
-0.11083883124619791
-0.11365151687435186
-0.18024542232512786
0.08258145721467278
0.3897755646488631
-0.10531808361125901
-0.043177665643129616
0.06562495946051584
0.06314511837419953
-0.06467573958839294
-0.16318764105611544
0.46224218526967964
0.043712419840313786
0.029449719442938203
0.42075093009819786
0.08081707510502019
0.2184448783832726
-0.11501170810914474
0.21326215520372374
-0.13082051002136125
0.22145198286211934
-0.3060217275152273
-0.14651936472447416
0.08520638226296483
0.04666054590291184
0.04509125910278573
-0.01926515642660743
-0.4043546881308601
0.03697985437931187
-0.17531269152562473
0.1076412864211298
-0.16015209961677918
0.04318003888868717
-0.23589638560413628
0.10547484715410121
-0.10602510304202128
0.09220628722221692
0.06998470059076763
-0.12530073794095498
0.13837616012724824
-0.2697050020372416
-0.07431520530594747
0.06145370373086915
-0.29187958915582085
0.5400524164224667
-0.13216030673013868
-0.13370819735059356
0.08361100116047816
0.028109868431052835
0.057041611579461
0.4065991596602015
-0.06420342214779066
-0.12774620045424734
-0.04653033476189366
-0.015194727650703819
0.050957288250847554
-0.11913397501389204
0.10539980169873557
-0.02416281882924619
0.5854515993052505
0.32366529782141296
0.32717205234088814
0.057334357761926066
0.466499168552413
0.15391495734287794
0.02007114639833353
-0.08235964660893014
0.07635887999084767
0.08379632064303318
-0.19614441495670698
-0.022818261324600398
-0.43266965444546013
-0.08143045642479868
-0.27339972708323496
-0.17221352928551414
-0.07500657675213204
-0.36047176051996743
-0.08505563772889035
-0.1923090767915569
0.0763741243702758
-0.057545507093915975
-0.4209699494341167
0.16187117831280207
0.06536336833301971
0.033991102837417936
-0.20876726764621995
0.063462459502848
-0.10348821954472764
-0.44418190196669705
-0.21516819725920855
0.028201564400284384
0.014919344018404687
-0.14323032790017498
-0.08734549336325215
-0.1756298775749995
-0.12250137060893462
-0.16823003390311297
0.05278228815510684
0.1254388361879564
-0.02801794101368597
0.05042758462054386
-0.12461119430264925
-0.14913658914178018
0.5041781258830648
0.0558201902968207
0.09504063041878466
0.06976379035846574
0.09383117459424258
0.060067036925181116
0.25375906255850306
0.07454204775138397
-0.1554236264309106
0.3469388101655454
0.048063197695449686
0.20067518288794883
-0.10250168784068316
-0.07472387170355056
0.23315211564491334
0.058401985620569516
0.1896338890369949
-0.10168854648958653
-0.06139388188625266
-0.32364552320058254
-0.21446133380221957
0.25956999060674446
0.181496971203926
0.24126826472759436
0.1166408164651029
-0.13708465972491402
-0.052253299020971845
0.0939910218456931
-0.043138448973225975
-0.18120289844375015
-0.04841567727986222
-0.08407480354827031
0.13956741024920827
-0.059898534732456946
0.3643237809939592
-0.03210164752212711
0.1378258648870168
-0.07634599884351814
-0.010245517492276448
-0.019873260102088276
0.02812117869342473
-0.10439203191166097
-0.1866972746049266
-0.1158783243867703
0.03274648247059522
0.06857467461747244
0.05029157644432431
-0.2549040716235175
0.6861753431709271
0.3507073505701511
0.12459779389001785
0.016348921191778158
0.11128938105476258
0.24640683560651944
-0.12917440291760843
-0.06702693599092893
-0.22662665538570945
-0.06327479544398762
-0.07208367028618512
0.10107779924637426
-0.04754432827751634
-0.14715630673341423
-0.020153982244838147
0.06762174709247885
0.03928379203377882
0.15796333135291316
-0.11419999269537853
0.07209075601101222
0.1480472170479192
0.20953031644327716
0.13990199480896534
-0.16347717492353367
0.10845088088548749
0.04989646583330038
0.025810227303311485
-0.02986135717627724
-0.027702907459016803
0.2999548210346468
0.08259261769191925
0.14933215828711305
0.06285308789333702
0.023851073891675352
-0.06163189747316641
-0.039635032472821616
0.0769976750430659
0.04084337976344345
0.011937752628163944
-0.06338400666704422
0.07727518367759946
0.314478030858979
-0.1426797258041089
-0.06515003430739902
-0.03542643127622585
0.07477714288747687
-0.0359777635314129
-0.016066624923830788
-0.15913736351493413
-0.35682729143589703
0.10403121756344862
-0.08498863566770017
0.650924611355101
-0.020482802078012913
-0.13720306969969934
0.02638500659346696
0.1292499088575028
0.083977195963865
-0.20579186839858538
0.039684622038511565
-0.1460393722346971
-0.08750031589739588
0.00295431604280131
0.050519680236674754
-0.4953277974564169
-0.07789245999291794
-0.10047812390793337
0.005205987528147188
0.1102818233784191
0.21589234753819825
0.057033817851673156
-0.15868260318753505
-0.20030582390195653
-0.031096892253651573
-0.0488302419225428
-0.08771859332397977
-0.1228202496013437
-0.14392987702054974
-0.05421001727332404
-0.24713690415672065
0.006349150238569618
-0.0790574235420783
0.07551245020355386
0.06718117943869714
-0.06349701717218806
0.06013011663114434
0.08111847548046458
-0.027463750173547925
-0.10451506786709155
0.4185541942714205
-0.1657806922609742
0.017455276853882356
-0.020159724966612648
0.0368619686665285
-0.5004964465829298
0.02164682911485757
-0.04585439799317086
-0.7160311915356546
-0.32520045721528834
0.0810052157369955
0.021247281593718702
0.05627835647088554
-0.06191946531831634
-0.0015472091618633278
-0.07889246653741915
-0.05597814631664
0.04957118850906504
-0.01553482804019288
-0.012870847936381966
-0.0743146157643364
0.1405845386710403
0.14121653938775997
-0.11374263789087681
-0.12660587651280678
-0.03172890708146201
-0.13149498859240555
-0.31813574229148783
0.05375783944730173
0.1504498184071
-0.06134245619447954
-0.021994985196527945
-0.3488623243335657
-0.3481913167989373
0.20211761618331361
0.025876543252878217
-0.33944179095749344
-0.2267353207946502
-0.07281132777760273
0.04739910308660426
-0.03536573451119844
0.01849447849981019
-0.14187561516993033
-0.4823829574018421
-0.042440155134579945
0.048413228713137295
0.1916352208440184
0.013925133961377945
0.1127380846225286
-0.02830305624017512
-0.05892165962378993
0.07417321009924886
0.030357619358619067
-0.01143673804484259
-0.2726884514243352
-0.02391686242130444
-0.44267095821323993
-0.23659426573744985
-0.3066015750571836
-0.06521800617077204
0.15441304215180773
-0.17222880721490583
0.3909791381218543
-0.03064413667121738
-0.4677436019854202
-0.0329629762040591
0.03753251360165555
0.05529821052273943
-0.38807094668562736
0.15662365231777614
0.058724028719027876
-0.07367555807925154
-0.11765780315782716
-0.050076892398436254
0.03577612632315721
-0.011929608837836787
-0.05614894092811391
-0.2277513523259243
-0.01281543185448027
-0.020201391333647116
-0.00709409671216391
0.006158924093105646
-0.023291532261210092
-0.039270721117775076
0.38494874915283833
0.02146616364919697
-0.029722903753000716
-0.019749705696483096
0.04091042760321167
0.04858568152973687
0.013251188584219396
-0.022883184806650473
-0.18135764692327286
-0.031051936087398986
-0.4754076141362835
-0.014463500421342524
0.17263093335995533
0.1324159703913736
0.049500686751098893
-0.11514096270872097
0.28486485409400797
0.12749849990136067
0.14698279026317293
0.005772305599431189
0.2088660567175394
-0.01575792080587412
0.06367923939542397
-0.07698338867126087
-0.042174838995393434
0.2462265956937464
-0.016314585988299508
0.009370813313738475
-0.08001710313434103
0.015607811652532116
-0.04118985213393202
0.004306745053295649
0.0173251362481038
0.01740547011930078
0.035986712686923196
-0.017487535140944695
0.037433156592395156
-0.00462893269543814
-0.018642802399542958
0.034199298014758565
0.010459385179012943
0.011080284936725375
0.00475837433826138
