4927.201545001659
4044.69405422143
4033.8244515501888
3073.38446418707
3710.1576872044793
3615.7424177745133
3375.285230340921
3436.24507959841
4762.0254026526445
3727.201654506884
2903.218686840668
4532.2256353163
4327.474485874536
3756.884270278096
3145.2301989043845
5608.773331941793
4633.12070620698
4844.716107229071
4627.043694878896
3143.8253391874846
3265.8163320885174
4215.922410415021
3270.7882892041193
4594.202807031939
4057.827097870751
3242.433080731865
4230.390782954673
5515.260549763262
3024.6355048783366
4034.731843434292
4755.306111888471
4208.987506627595
5604.540690971597
3578.399386779663
3842.7686453815786
3259.195262146785
1650.4804731316729
3976.902042230631
5303.21860189618
3109.2780082239906
4758.014204815764
3026.2242336199806
1921.3176751163348
1944.4498967948682
4440.838441939539
3687.454737567233
4035.4010450840465
3569.6995440124842
4171.330567440822
3273.6750062954443
4316.438192918927
4063.869530942854
4927.474449202682
3869.298637525786
1928.3461628830698
3856.410207701639
3035.196738119208
3571.330593807945
4214.320225645468
4332.846868963863
4075.6566904983983
4438.932321616314
3030.0042151659886
2891.029210404515
2541.806952125663
2888.387634894889
5052.89273774661
4059.5258199169625
2538.7603323732255
3872.2165479501205
3686.5154245965723
3391.4316622826295
4804.340493303325
5642.768558209657
3875.0810544711703
5646.691958002343
4277.048555367008
5234.216597755224
5215.005116099062
3682.535322301636
3703.3927908029204
4437.264691503615
4432.42907512082
3695.906685400156
4106.852018580204
3646.0952194832175
4169.13598706172
2862.864414050715
5309.55913141778
5176.901949483329
3348.6828047953572
3376.784155377548
3344.9901455930144
5376.008596894592
4289.265176123965
4529.4087411634955
3729.2886964266254
2877.128384200893
4321.317519523644
5297.95169759598
4191.682339485449
4874.38517158625
3567.6536575335617
3023.2380998298518
3026.85732934243
4449.42144235647
3041.5038785263
5375.029643792067
3268.521084976886
5379.910838463919
4922.801650927776
5049.442611900755
2704.8369294911636
5384.973893679063
2889.710592667469
3808.433882038748
2104.8369445835974
4566.266295999418
1762.7627262052445
4910.157568158802
1769.3218028529827
3019.4034435089584
2393.4157661387326
2914.3448167994425
2446.0953059225926
4815.742355289824
5641.607595729247
4206.982512041558
3141.4484721302238
2262.38253475633
