611
613
710
777
762
710
668
610
723
780
722
727
657
738
768
668
736
612
610
756
892
776
774
668
665
714
679
769
660
782
729
750
668
682
826
893
610
721
311
664
818
765
775
734
676
658
898
671
317
716
718
755
728
782
680
607
318
333
897
718
893
842
825
319
663
774
827
896
722
344
779
659
665
764
775
739
321
671
316
777
320
674
309
314
700
732
754
773
773
708
656
355
374
720
778
670
318
894
666
645
607
666
752
671
331
677
503
780
777
370
720
786
757
775
897
667
908
898
796
780
663
778
383
710
652
518
382
659
337
673
642
671
679
656
762
731
776
724
719
674
561
613
727
729
684
728
763
673
781
735
665
307
758
712
656
731
685
306
381
339
603
333
382
308
720
655
306
728
735
742
300
743
329
674
663
353
652
919
364
310
661
614
721
312
351
774
670
678
720
730
735
330
380
789
355
702
736
542
743
778
358
653
660
304
790
352
331
596
788
841
664
679
881
535
715
721
654
785
527
707
753
666
657
662
695
741
321
657
347
690
376
727
317
709
708
412
796
762
678
647
848
552
701
340
782
357
794
366
288
655
515
334
740
894
312
667
718
722
732
648
691
605
779
658
294
793
785
795
673
680
314
613
333
611
320
614
321
317
778
781
683
678
332
773
683
362
644
338
330
747
299
533
771
763
526
337
739
699
960
336
783
763
613
509
669
843
823
309
512
384
553
767
695
733
817
790
779
676
332
913
675
772
729
536
748
552
906
793
733
514
680
914
837
530
314
913
661
675
283
918
781
315
752
375
899
601
611
717
504
690
669
318
971
535
276
788
698
965
361
732
306
723
755
714
742
358
892
526
612
789
847
331
769
568
790
550
597
501
663
313
316
371
784
931
773
557
920
686
764
315
703
726
771
603
535
505
743
749
506
819
287
681
517
353
903
685
814
296
730
779
284
325
819
692
261
310
669
358
820
673
737
783
763
955
784
345
734
722
559
752
691
334
901
760
824
369
528
724
612
669
705
697
516
313
928
541
758
777
838
608
612
728
658
767
350
766
662
839
543
931
724
309
517
883
614
755
320
348
883
781
656
506
672
284
930
354
905
393
904
320
686
909
954
538
300
513
614
380
696
795
905
775
779
970
414
710
785
288
290
791
349
817
706
719
318
319
831
905
284
303
514
757
536
923
311
650
754
842
956
292
652
848
776
534
274
554
844
290
882
668
871
561
664
334
834
706
844
723
741
390
902
323
755
736
565
895
309
835
715
325
368
611
353
829
605
900
551
987
331
314
670
952
538
928
539
777
901
507
708
550
888
858
909
778
545
338
675
762
292
875
867
756
985
540
343
847
783
562
986
519
563
310
562
977
886
984
547
498
966
326
346
872
793
828
294
787
549
989
844
762
290
370
335
702
848
713
755
711
788
714
920
345
947
841
282
915
916
866
927
839
720
545
340
925
610
879
784
688
788
730
682
336
761
912
830
297
606
791
758
313
865
786
703
341
714
887
367
663
869
688
984
394
692
950
837
966
874
334
732
276
744
972
731
290
910
946
716
655
342
731
761
536
792
328
841
514
671
372
927
348
879
715
358
314
874
744
955
890
875
874
867
330
762
503
777
747
879
293
959
964
950
775
945
312
566
865
929
969
915
895
353
869
730
841
899
735
828
779
665
988
865
982
287
777
912
505
981
283
524
956
567
964
969
754
283
517
342
291
509
822
614
554
955
339
371
659
723
990
695
650
979
284
822
886
362
910
513
912
926
845
689
537
543
853
515
840
560
972
771
836
893
532
677
850
898
976
726
958
967
677
929
719
614
765
816
319
789
824
767
764
