24226.206106301364
39560.36588003616
19042.85673584447
38960.371291370866
9114.2572145817
13600.54984846084
81553.71763997077
19706.218868984684
62790.08682609487
8111.355400726599
54243.634612111826
72549.21841300625
109299.17701081253
52443.65406776321
6122.575951295194
7061.666134910019
22628.77070896701
9692.22900274339
81135.96589196051
10292.227544921901
6461.667167094384
38360.37615714282
75528.32714197059
43976.4089120001
13924.4819946996
34861.59596845403
18293.621472338775
18461.921863930736
65606.17571128196
35968.470649549854
10659.484518081097
22317.323361490493
3479.3881320297046
7118.876884352094
34168.4832972509
5895.675075583919
65006.18220130663
10059.486232606225
12251.09377238639
70749.23782154884
5684.726841566824
3582.6280910207756
10693.30010224807
13707.418267101044
17473.49977787914
68589.84418166165
42176.42111684594
14116.932088907428
5287.956172275316
8475.565305772141
63990.07564272303
80953.72475060807
7887.042150033623
17203.269738938816
24826.202382797375
71949.22441267937
3943.3306577848134
51843.659039475715
54489.52106791769
7093.512530312441
31308.866697037858
25635.667728826607
13516.93419818407
7287.042817872464
8597.915818213387
19991.38515077859
10141.155963744277
66806.1675847287
9188.371928203755
51780.928605099165
15254.698329895877
3647.2184974121005
46861.116237653616
14716.930058390179
74928.33474685712
18305.17149948503
40868.49465165938
17772.68735735197
19451.079683171924
31782.37582692496
8626.100196458636
46261.12076111361
55089.51679748501
5559.598939110765
30661.475823910074
42776.41648266997
12826.084019233802
25272.538112904193
9714.25612180298
12226.085890428352
23065.893100758713
67389.85500899315
2750.6034213685653
36045.34490906953
2649.875818305938
96322.260485631
8911.18404793705
22917.319776644137
9106.027398402784
10687.349685277444
4887.047855854084
20674.780886125784
60344.03975089731
86660.4540530687
5366.577251717214
51489.546927079435
45769.130335129856
13139.098924606575
2622.135877800614
60140.20437957315
7801.291472721982
31665.89805468745
3278.0179232925807
30837.203824990764
87260.44689361575
26235.664440336976
28960.62251264803
8927.760821976202
36645.34166209687
3370.887453658965
73749.21251111905
76728.31243914017
67367.56564914322
31908.86434284882
43304.02996256228
19391.38814466227
8892.9699099141
19326.917084184748
3595.9711542849554
66206.1706394927
76128.31941411593
61340.19241411078
70149.24296894402
15879.637603242852
3513.987920868234
8321.195464617023
8443.534831686979
6922.7420617435555
26835.66147342309
30237.20758823269
6087.0454872725895
4089.8200052942175
3584.969732019828
15168.070065162088
53889.526508379924
3986.0794451886927
52980.91853754089
5743.3274490439235
12916.935904853523
52089.543284515225
3706.3203064637537
32265.894934509673
20103.97221435214
11651.417897469499
83953.69642687314
87860.44049512495
46708.17919867207
17775.08842593595
21157.428892450404
3331.171252135765
96922.25392635082
11287.34814409147
7916.832571725201
37663.7517218027
45508.18741926483
37063.75367820501
29121.09800487307
24672.541603796497
5226.39147159069
16873.500863843463
93922.2898452871
2955.7763744906006
55028.41733680148
3913.4797024249633
3865.013063910612
11626.087542179528
83353.69978118321
2646.496627882674
34522.50421796239
21757.42715326592
3193.344948834702
18477.911108664204
50828.44501714945
12872.900778868867
45061.13177601287
74328.34135550617
27108.950789170216
27435.659356128406
8682.600737368033
5310.529088767176
12702.442023349176
10087.351204831883
8659.359643799527
67967.56186903072
10278.421987586167
23039.603053053248
29265.909625232274
4581.881477055085
18372.684980468068
11164.155222829551
15733.43539949105
79935.9755020794
24435.673106854054
3846.3744241334352
29721.09589989026
35445.34882795787
20557.431094635893
5460.718513251199
13426.082518248846
5547.5699254674
13107.420045496481
16385.052685400795
40773.981908797236
2954.6477975850853
3246.496169368673
9259.420686143088
46108.18324446117
6343.327203531749
33922.50646002342
45169.13624328109
14307.417055569134
3985.2640564658727
6518.878100546583
30465.90475827564
21087.274287806827
8521.04003404132
15916.928092025008
2433.4904742125013
61940.18838654029
41576.42561209498
89802.36708365237
9949.271473734734
14842.256275346337
3554.6468074216714
6100.367529377302
10697.934816664165
4581.258859696903
2464.8072258477196
109028.22254108332
18216.352138480117
30232.768035460806
69767.55071485367
1972.0738669370128
4113.801019084704
2457.162505529473
64590.073750964344
4052.0805496479416
6818.788026833031
4596.404401227567
6105.693998918943
54428.42054936834
3979.214639456684
3787.9451968688973
10925.07394113712
5202.464281853527
5510.073631947172
96614.05953111887
23074.77054466727
106899.19943534992
79335.97930509498
6106.034016486973
32382.372245966108
3336.9059667051083
11236.589384481897
124092.43077940795
3722.8119109946256
7162.0447037814465
63390.080260521914
5487.046844467839
17134.226365338753
3766.8549788216687
4159.04301771916
6706.032960374067
67246.27664506355
4762.04883763112
6785.946423444665
19503.974329004686
3423.806875211247
32865.89247245926
20262.061670849245
24379.893429501393
7451.010607322734
5468.551156819733
9271.64997195081
4571.8371104759
92722.29925899595
6783.830217234711
1558.435313061446
37168.466614316276
4478.355920063496
20344.363860806618
98722.24344981542
8350.914024536789
52093.836750496805
17742.01332378711
9209.0278737749
5887.955897717863
12669.9166203218
4706.674006514546
7447.652033718791
18057.367654786707
1967.235512095052
4697.745012322302
40976.429468637885
8649.841039079614
2447.342633038012
2127.359020537314
7510.155648047101
2113.4770182294583
2462.2255429759766
73728.34622328007
3835.3679168039216
11957.616271225943
75298.8758276363
56289.51366820704
40672.24905758861
30235.278278835656
2452.740246120202
35432.247090266144
2443.4450468375803
50228.44723498621
3254.017704914205
5065.633622819117
9593.642510078154
5491.302692486844
5056.346258197776
23073.394772372332
32987.19927086521
18111.18955530929
4154.6464083010505
9939.87755172758
29635.282162758962
4940.211599665097
137731.15437118226
3893.9528385246545
7855.019590132274
4703.143670118911
4699.190946080164
42364.91987360202
2338.2430053933035
