646
653
645
604
726
657
773
653
655
723
647
716
777
613
675
654
719
651
727
652
658
658
606
600
646
614
712
649
603
606
712
905
604
671
652
718
672
673
678
751
710
611
654
906
882
611
601
663
599
655
611
724
656
605
768
877
766
656
646
720
726
609
647
802
901
767
699
799
959
671
900
660
603
873
668
777
1237
767
667
601
649
647
607
611
701
670
651
642
723
1238
683
606
773
743
935
611
642
614
560
698
613
608
660
641
714
657
653
666
603
722
961
604
877
932
713
614
599
730
602
893
741
960
812
601
614
645
772
613
685
876
612
556
562
650
725
732
711
653
597
803
608
886
650
780
612
615
648
645
676
563
874
613
605
612
606
654
904
603
713
946
559
724
732
729
681
769
719
772
669
561
720
568
909
1238
668
670
602
659
702
1237
898
737
672
668
944
617
648
952
598
896
584
1077
660
894
655
899
669
1281
613
773
896
658
621
793
770
892
879
736
852
974
717
756
523
765
766
773
564
747
656
807
775
851
975
804
896
767
1288
721
757
974
570
725
610
667
857
610
712
654
664
965
612
641
819
753
910
657
644
541
809
817
849
652
794
513
852
717
733
562
828
853
561
828
852
731
874
575
717
976
648
773
735
1090
771
703
654
665
607
728
978
1092
665
851
610
834
903
655
838
901
670
659
559
702
666
717
895
730
906
758
798
668
748
795
775
812
653
562
734
666
700
729
912
813
518
801
595
857
608
911
665
759
575
782
558
706
899
971
630
643
1084
559
1099
567
540
566
521
727
667
745
771
609
555
666
770
845
779
847
824
844
709
600
759
781
667
945
775
776
600
815
745
506
598
641
1357
609
1240
643
663
704
655
601
946
579
839
715
661
672
1307
556
1072
705
784
674
970
561
710
751
668
768
978
826
715
641
827
856
607
558
551
948
750
658
834
746
518
853
872
873
942
855
693
862
968
656
783
605
969
1286
783
924
1087
854
825
727
882
830
694
707
847
816
616
658
966
563
671
1358
823
738
748
876
853
704
836
603
703
765
596
864
570
656
954
816
788
1091
1147
919
517
506
902
599
762
909
662
808
767
906
843
907
901
692
720
508
