5540.805430647706
5532.797314940415
5461.883133716169
4871.818239139066
5435.190292328309
6765.64610169275
6754.766765156025
5435.806504292473
6908.596317861067
6759.668975078307
3084.684828930433
5540.233424330419
5537.011681414402
5511.459904969115
6915.542288760398
8167.545186841749
5435.209540426105
5400.212787075138
3677.8737436782694
4869.898147010887
5533.239229591565
3085.6828003665873
6916.719730184875
5482.408772316753
5535.063251929845
5538.575522673504
8172.050588713312
5408.595685440547
6766.519261778393
1805.4128896541454
3671.994835566816
5488.833316516368
8170.828472819642
5436.394941500226
6771.646331541738
3019.232072963204
3068.7256423818953
7243.113024618107
7235.096222553501
5499.812568034395
3621.8741898536027
5467.469020433965
6771.32694123581
5490.256318039474
3021.882701972129
1804.4295162174087
5482.3966209248965
3673.969203732637
6758.791258042371
3021.2199905941497
5435.57954040793
5462.492704922668
5537.522580490194
3064.733403566162
5538.043993600104
3063.3889806475936
6744.501899417426
6908.705377989211
4235.297438223968
8228.385382883785
5394.619302066306
5399.304968526291
7246.087432903078
3035.2113991636006
5536.019368120176
3035.23145881138
8137.501827393839
3092.5688950350973
6203.411013291673
6745.734814739704
8140.207787535307
5836.722956551044
622.4467500283636
5535.536879796678
5399.014184824822
8185.618893589132
6732.70756682262
5818.333923869459
4236.414163761586
3077.885653190328
2545.509998557937
3017.9134294578503
3018.5714115470946
4851.909562214857
6906.687350443075
2538.499223530158
7266.675131992337
8657.642578009112
8178.80301814011
3067.3973043556803
5469.896020158704
6808.31639035181
3621.211706065959
6732.257784614208
5524.968598514797
5507.533465152115
7234.052186205524
9149.355021884348
2535.70275636377
8230.569893687261
8543.23791706851
613.1321485938263
6914.570909224443
5539.118085663216
8039.331559822333
1276.6416510870556
4235.421218093451
3675.9285235840985
4851.8925661967
6728.892918454996
7237.992702911742
8830.568442459798
3660.9435216181328
8712.241980421455
1204.4458900726174
6039.279510645359
7523.930953454943
8938.307764045356
5463.722330199049
6815.934904118677
8454.87322265638
1809.2179472057092
8559.718722575819
5534.596844552137
5498.29458322072
4280.040252612436
5480.180215370724
3033.1635015992006
7245.990887008519
10152.485417269345
5465.588305566644
5498.280409408754
3061.1976759667045
1814.7194583413798
8338.30907227634
9247.096606251944
2546.9524744443074
3724.5224240258967
4033.763485595974
3619.2244972189565
1207.3585269284956
8333.413906289337
2434.70044576425
8174.806929500034
4282.308621816853
5466.214582298639
8134.81593892955
4278.92682501713
3616.5990566751384
5482.212009564506
5952.942096654022
4279.183692268212
7461.8676110715605
3702.733787837266
1205.4299908781143
6171.7900087105545
3033.174401780158
8640.830823592598
8674.795522418854
1258.1738709817705
8703.724763192393
5805.9802529217595
8546.200417991386
4276.060307968292
9189.177910665994
9159.717241795186
5482.558076509624
6769.266884953161
3725.6802345867236
5442.398820041324
8408.746284345056
8157.049873813432
7767.618957759965
6931.185204221817
4276.5078143586115
3129.6539198772616
4279.845520551774
2557.3318389636966
4169.402295381347
6522.092771947091
7142.489485585218
2542.6769426110704
6197.402079242041
3687.692795016863
5487.884253759941
9347.23800453936
3056.4028805475555
7794.247485097492
6246.788866452008
2539.8906859345675
5405.9518802690445
8349.120738745909
1268.6095919442532
9054.871830771806
5517.91432336293
2544.0850129646974
6193.572743740286
8019.054499746534
632.4561900258583
9261.86277489979
4235.207372826145
8391.533899684904
6762.882733513534
3688.6971825108
4866.185770010482
9549.117278760179
4247.099621123714
5519.997016178562
6883.765630398052
7808.747789074629
4193.507545563881
9143.236868788292
611.3173077962123
6036.201141441384
3035.8310853287576
5086.688121383189
4070.054897800501
2417.325283387079
5185.958096930353
2434.6371880842394
8669.609444492593
9572.925133774723
3697.711547627761
7445.385634457805
5504.621719084174
3635.209124732102
5080.006387732688
2454.0318235715063
4482.746087570232
4324.564836370461
5515.4518764166705
8342.489205844897
9290.967721544104
5471.438758520376
7122.091671315709
3635.229273239537
3700.1315633794056
6153.703250485809
5674.8018594323285
4236.09921773614
4462.583857581072
5090.3110015933935
3091.3119883795184
3621.768113909668
4056.81794408016
8239.700058011416
3620.3649992084743
4248.494919954113
8726.164182730201
1258.6092237521434
8608.130480510998
3022.5453999242477
4288.695962538031
6299.78822563081
6877.093602292537
5603.4120441133855
6283.766181119402
5191.5287342189595
5490.621983003169
8839.129313866497
8158.994951347705
7126.002272798471
7752.491101352472
5269.96193144861
7194.248693341376
7615.859388043108
3074.635052256417
8333.08360228695
8949.118935615414
1327.2118486617721
6065.268725314065
3620.548297116371
7673.209989126911
9594.242576649276
4871.179869954281
6859.318969749756
7208.749035448149
6261.869775521786
6875.746031433223
6572.931723012533
4323.573212624372
1324.471862103786
4148.073816347967
4453.697044328255
5390.8628516020835
9017.971125403337
7119.988231541887
5940.819503096619
8839.698505662005
3699.7318720325075
8747.239164593693
3648.4010101176364
3145.508899651471
7558.996103768075
4065.7779100983116
606.176066153638
3147.645219204435
8357.242353779386
1828.2248237353188
6862.344443230705
2446.689912022522
3038.771654985618
2455.091748623528
5053.696845979866
5480.887628877698
7694.306484412683
7999.074701300747
3721.3667313331275
5086.594277959131
8661.864462015033
10208.74224535533
3138.4983154251095
8339.36741914675
3144.083972986626
3635.233790293663
3075.9401499799496
3879.2493650577685
3648.7919487157824
5952.493655834929
3672.356169426898
5037.042311619471
2472.9094081533767
8678.448697053402
9345.150544168146
3730.1889639834685
5401.036426443217
3697.6821597677867
7085.569499650156
6552.49296077008
5479.79285499674
1868.215040794315
6898.111855476852
5504.610858660558
5481.205994278728
8116.480119966735
4842.286417571981
3783.491122722517
8537.605959409366
3134.4144824902655
4248.3974579736505
7087.6007796719905
3618.940862116509
5202.03482484946
8639.33072252001
1804.9726773269579
7730.379281050445
4186.338031745951
3044.0406816756613
1829.2265489377853
3682.625887988274
8952.488273769777
5542.692089604304
8047.099922169555
5490.785798155376
6845.386274905245
1811.2949953541154
3058.942415919408
8857.33861303433
1872.8620688651022
9608.743101775814
7152.358157460622
4451.597040052723
1866.917115358253
4836.412898195864
3065.76879282385
5775.829177237536
8288.753670789976
6303.03379967491
6591.1694150035255
3167.5346617604596
8731.181307792744
9146.199186816602
5451.918506038517
4246.353224852257
9183.89167768046
1211.3119572341625
5699.788659848347
6871.860068303485
8145.152505073041
3072.664728969577
5714.694559383277
1267.131540605035
5533.685356162541
7088.754625892126
3055.522825603347
5994.250412099139
7018.9273624955495
6717.207715027887
1829.705208252705
3679.365779390341
3874.7565583048427
5724.128542795037
6289.459500974724
3702.0534424265184
3033.0751295470095
4486.688481867177
7695.203605960033
6417.960912498955
3683.251934952036
6036.967135411544
5490.637399311013
3676.6262541466444
1263.3987539017419
6169.267835992061
8743.337634426198
8716.478519438226
5943.980199247872
2450.7371301481885
5786.792571878563
5085.7786936872835
6606.896601497927
6822.964663577446
8323.979949700628
8239.130726157213
8774.937573767254
5539.670214396782
2435.9768991289816
3137.1028922236464
4882.419166335845
3070.8983855947486
2468.214584691648
5199.0265721119495
6904.559345176113
3885.96463671083
2457.030428542891
2475.0856884158507
5451.9072410094095
4287.692099040256
8131.18263958175
8061.86615648117
6247.103515224153
9326.163260673819
9601.143206352801
2453.679460842933
3051.8484554551005
9590.886704680543
8329.087045685772
7457.6458475564605
3909.0191846766575
5478.516489771747
2456.0882885583264
5727.194309317706
7124.491805513431
4154.978427485465
3129.252290442651
1262.5697959827337
6847.102548413194
6071.437850526134
8074.79728421223
6208.317506289953
8443.909780160076
8305.356433537165
7090.816710124062
5441.8418068912315
6852.171243454038
5435.4032063826435
7416.292785830872
1806.1482930399525
3076.6288994335046
7716.643391533633
3656.774559753611
6286.462536336993
4443.566781868744
2429.2237725464847
1316.350543636252
4258.734803457
4039.0676742676073
7543.339677401534
8745.151250801779
3809.727240441337
7437.114954724699
4852.608069258111
1272.0185652233376
5467.90392931269
4229.137550125517
8930.489487379613
8751.819061254453
1853.6798283130643
5203.068749647964
3730.267238940323
3661.9794864354003
4345.8079879947645
7332.706743419706
3700.829640807617
3718.6868611786895
5731.186925299451
5553.704171647664
5468.886873370354
1859.4221003561786
4844.651042617439
5081.485537706554
7165.791354433651
7508.596136394833
9536.965943830704
6852.43736332168
7077.397736115953
7795.27109326531
3154.21054658778
6471.381818209802
8991.532149885603
1853.1694480585834
4077.9263472527255
1251.4732137939238
3633.173363831936
4183.907265247727
4928.578682014717
6849.426801922365
7152.492141049604
2455.211375947357
4055.2067895728624
3155.0850335723308
7720.434902192057
1876.6309632240857
8290.815777567266
7936.157704141666
5528.540048199383
2585.2154237708996
9235.190939361919
5131.187547394951
6278.552970981342
3135.014502479935
6566.825169816678
7561.67823163082
2575.683534070861
5470.795442629119
3093.8634903768
8143.338199923311
5601.3948384062405
2576.224032233609
2444.041160828556
7427.167942279931
4468.719335702372
9606.113263987274
6758.04730282807
6188.168507656674
5440.734527974577
5454.864905773757
5957.967694118596
3821.615767203201
3081.9942637767185
1848.6939712040967
636.1973928802145
7053.774632448719
7082.895935047443
3082.6287323741994
5180.8250696992245
3701.0985620338242
6973.243624528925
7749.121937296864
7344.50113586132
5518.454660858265
3758.342231380421
3883.3126229362765
637.1791496868954
5454.8782142813125
6259.319559997387
3136.876201435508
4257.65397190021
7688.754147336394
6644.159371988997
5573.402548200168
6069.750277841231
3726.833242756798
8006.310926254788
5436.202203031807
4217.324368965545
5517.197308292898
1868.6015518051995
3725.5794285643933
5600.71750065074
5074.802626911259
607.1078888403529
2430.146337876308
3385.8128347861484
4930.79477080825
4317.332345765212
4309.902831143995
8160.170113662131
3617.251606751861
4631.21685823453
3019.893566064803
3688.3578237191537
9331.180477272796
5724.369831954053
604.4556977509554
3680.6944051197324
7422.964142676665
7369.266700414887
3132.8756619536207
1221.8020844058235
6788.391336858839
3900.8796629092044
7079.679387986701
5490.65271823961
2425.2280170470885
2541.479930652301
3687.3682056308867
2453.835184601544
2460.914915840988
5215.328568076873
3709.9171060757335
4441.980071172143
3056.5496399913595
3180.4160945526787
4386.448450708562
8199.973729670823
5186.904079743486
4866.6656294729655
3698.874802238541
5516.566921020869
3098.875239906868
3156.941849369264
1230.8810307804306
2446.040238391459
2555.0596882657123
2451.848840000945
3631.9446520408655
8154.068328625351
6200.716977938868
3018.9460028448025
3354.8192630488406
3694.574923934652
4822.8276009084975
3905.7924235266014
3051.0285811497142
2554.211141580248
8320.434184538492
5603.457494014717
6358.956912058851
4350.986037996865
5538.620595180403
3810.5612052273573
6495.20492276147
8431.903450299978
9137.604679560685
3055.2109957487382
4917.22350476913
3140.0575884541095
4300.829458638298
6874.613378569901
3127.008289200274
4927.192188513702
8785.618716112765
2537.40051925594
4453.554108570861
10194.917600616684
3120.973108466071
6855.143149371115
6853.1748842120305
3048.735467894158
1813.112983599087
1894.6741080378247
3750.9869295453364
2443.6185745189136
3889.621444309786
4390.096025582405
4239.014820186839
3059.308539429349
6299.762634530173
3716.912424022839
2586.6102340631164
4835.205961478465
1268.5922578375412
4388.078912003496
1846.5138381920178
4316.912324730148
6883.99542564886
1253.6762867188513
4929.4865391134845
8218.92630511731
3633.1769005141673
3734.414415227512
3099.9252415165274
8770.828337462213
1894.3692501456387
5647.1043436765995
610.1213270614212
6636.200938746989
3657.3125195711564
3211.5294161612587
3126.8337949697707
9890.96680647274
5005.324042588224
4392.471436080782
8123.929407109547
6008.750744908625
3716.0449794499636
4485.964537465804
6729.286658587548
6787.1689321233
8406.893405838673
3682.420958263333
4289.328230021778
7729.087713860565
8330.490083983466
3734.514649368474
3041.7088288203654
3690.3099084348046
4424.79929572885
2456.4042816436313
5372.933106201999
7399.07524863386
8295.203057904902
3893.87479817182
4835.296387603242
5815.328441871399
5667.933134180289
5388.081421948184
6786.1816286538215
3646.4688283070423
1852.5288580812858
5594.339364562549
3651.024190292874
8286.748471416811
8352.489800339648
3724.225872441011
2471.4989333135045
2429.7044700313345
3710.94072559939
7913.372035423515
1825.9173722873202
7628.842193125801
3691.302250964638
3633.1628635736374
2451.909462515354
3635.060365316382
1851.5279452150983
1267.1492046009769
5493.398025928671
5602.493326126958
1850.7377306796056
1856.0653038432397
6919.58229683359
5722.44961256689
9717.934074658004
9214.141497662415
1861.0402086968008
6797.281246672506
3060.950196140336
4388.421305219564
7244.159249092475
3643.245703451376
4835.824125182623
3152.7969007894685
6874.800036197052
4444.705131941031
2464.6453678562893
5554.811743018776
4897.711276412227
3702.0670491762758
4882.308214815517
2454.4836690373736
2470.0494702508827
6797.401628968519
4893.39824298763
4302.066941734588
3113.2754867906674
2462.031684029247
7100.183556987708
3071.4986127750994
8942.48900646747
1256.0770503489216
6358.998149304416
9808.128364897633
2459.1531764130914
8890.815556586864
3125.680798644636
5631.568038742472
5538.960016980976
8947.955838660373
8334.859212883135
2471.1668142414246
3701.1133598977394
2507.048439899766
2455.542639115735
4398.959706243056
5519.8671178346385
4226.81295015435
2460.0923764614176
3059.8929989026624
