0.0449427561752699
0.08118331625226502
0.018566771952662754
0.07261954678809378
0.05024876064927567
-0.05827372003652391
-0.02946416994942619
0.04158063473315445
-0.05439604779146492
0.05019848390672822
-0.04663725038293736
-0.059411134192059664
0.06631023114085778
0.07758346339188711
0.05002100203222929
0.07261604298922417
0.02513598526316361
-0.030512196832410195
0.024524303204832922
-0.003663740345532242
-0.04064234794173936
0.004749321840562125
0.04812262418467475
-0.002209360964006191
-0.03206690898398729
-0.014712086498280553
-0.07655881133334617
0.05778483207199386
-0.03753349895231013
0.05151178216614905
-0.023724001456626388
0.04531418314310255
0.007065997023324596
-0.028149156578317746
0.01485408670199233
-0.06695550285653847
0.0022768177267057967
0.008719551259822884
-0.07632033934723675
8.301395085527998E-5
-0.0671419522228006
-0.06271332270478702
0.0021334346721957665
-0.0027179886801546164
0.027598616505850607
0.001013538631172814
-0.003987700122126973
-0.06924268717985872
0.0233473664680114
-0.006314610689210552
