36206.752236821965
34194.096785115995
3856.8414908589457
16612.155679328815
34794.096698749614
32806.331941439756
2327.836451831873
5264.61651802753
5272.845558690227
6035.825201035074
4156.58624868633
5183.679849715886
33754.354165046665
4779.374876515886
3652.8342066159084
5086.612119084292
5605.362241800425
4672.218930406195
45981.55525016474
34354.35409505484
3513.3574622562514
10185.422714453573
10785.422687578395
46571.18530297289
4705.630612594156
12168.181567461035
4951.347286365566
4305.8240640329695
5394.423281145136
5733.800584496163
28132.022967875113
38113.525904562346
40809.851361173445
4449.9176107143185
2945.052107238394
38035.213402305904
4711.815563451904
4965.708008844433
3702.1017790551523
5639.42188087147
4981.993574010751
4716.457661306853
4612.828617209862
3406.59656303434
2986.631235456074
3516.4576952368175
5371.654021808987
4910.334288252183
6898.4494391981625
33406.331886982545
32206.33203249643
4919.229782781003
6084.774982793128
4496.076887596053
4776.595782545222
4771.654054925207
4376.695743766733
4379.921084112795
3029.6650182905078
4780.6464734367455
3857.2609314467563
15516.302753513039
4744.555421170248
4808.06507976712
45233.87970594738
3867.4807298251576
4908.434708596576
4667.209639179099
6330.354819201824
2624.868801850056
2260.81649894094
5400.4789071344085
19376.02016164023
5708.007651463554
5105.759792013192
4976.695721259644
5551.3472592747585
5677.040612732332
3839.4219501909533
46639.71071367478
4379.4627831404805
53941.34506042933
5103.290887119594
5734.300714989215
10381.566244477797
53734.73750398321
3141.6155656929386
3431.8602897568862
2930.084751538616
5932.284193133012
5093.724123767167
42220.96630981996
7441.809799451691
3532.284314931314
6570.5095410813265
4505.7598100599835
5661.046703939001
3032.7874917890454
79714.97653898496
4201.354805373541
52141.34522703055
3256.23743577896
2237.7168381282636
81514.97635946852
2662.7203604267925
4384.9665529208705
79114.97659445895
7343.463522346039
1859.7886455691569
5253.828284386981
4501.079393452819
5593.770145072582
5066.058172360369
18776.020201328072
2641.6370908299787
5272.218913765919
5083.716575168046
3173.44033795525
5418.926608279351
40676.63022298986
3237.706007294336
5272.230550047834
5230.5172303163135
34948.556651559455
6597.478323898611
7125.843222281776
3401.621305129219
3500.3723542385846
2041.637099882224
7339.497881868463
5783.67984381496
5780.216778392334
2452.8384225499735
47171.18525858129
4916.316845697731
4913.354469602717
3547.7750740226234
4979.462773881318
4198.02979353051
2925.1981031541873
17212.15564266437
42431.66206759287
2274.335746605134
6690.510121448642
3159.659350283278
4587.1128926128895
4281.303670141928
5830.517214080569
3578.9167311750634
2255.428136492293
62847.64820967292
71373.2233389046
7861.513628878362
3262.720357414161
79921.20797416435
4195.6757258633925
5101.218658066584
2294.1784289160296
5404.69167289973
2740.06173921155
5288.211980252205
2473.031514801491
3495.403209322223
6198.409898237252
2620.069336508364
6326.326440617897
82114.97631087423
4806.078232479895
2988.1442085527938
5081.019467068313
7241.53884205275
2627.886984645541
2799.2817495627623
3967.0183580939547
4953.794281375507
25295.074216004785
5629.299716255631
2462.846405221273
2233.914319510624
5723.457924376666
6198.8041923428145
2677.1318317484997
2847.5372278250393
3469.889512083647
2443.44392065483
4768.486304466211
4233.225757758073
11985.422657156263
4695.85275616678
4987.435796945928
69573.2235673104
3529.8376189388764
6321.744419279221
25286.377539547782
3474.8864384518556
17812.1556273714
3570.9382437375825
1832.7875104466953
6211.889919406296
2270.5909692292817
2027.8869932509656
5925.973035294717
3247.7056090747596
3787.4016069092404
1981.9490754424237
7129.750338000237
3060.128326816443
3529.7945837118464
1959.6593553167886
4251.001637752774
2245.2479695797806
72573.22322694288
3766.8916008074098
1727.8364723969664
1708.895657803832
4142.370318199117
1803.031930820793
2352.9697802579217
3275.7422781873147
4923.145632569805
7257.143534773969
42820.96627616448
2679.415371188777
2368.4826574431227
1631.9881028134635
19976.020134688737
1665.706250708195
2362.7471159174643
5936.600485634197
1800.4790365232266
6007.533959522876
2136.0122991979188
2561.137633890849
2541.615578207763
2418.926723766406
2317.753264036111
6118.714130356698
5807.800684484279
1909.0198840290445
11385.422664353193
1717.753283103155
2336.926393721252
3536.3035420449105
4110.273696900359
2350.5829601837663
2757.1199344634892
3986.9300012437193
2032.024843134357
5681.87161259982
25609.18265094767
2396.6960028715366
25009.18268588484
2844.753438936096
3058.559434669158
1657.7394735518476
5329.547593458201
2136.3746079917146
8027.824309264996
2776.6579328428297
5264.240674181191
3225.1447028697266
2572.459871927597
5301.1919208672
2359.6833694076704
2651.7937600135124
53260.79740744971
2028.1379709942566
2352.8322438079094
25886.377504897548
3054.3132606160343
2818.17606487126
3013.860533748542
7723.114754033358
2146.783401870101
2382.6484185036356
2609.9398047634622
35837.86986997359
3769.341783075661
2941.7544299891965
2268.174946247612
1555.5145370562686
2925.674549662211
6398.179578084331
1811.9599247575204
1641.6366821790768
6345.6661009705385
2890.646854895965
4340.101095147866
2543.1864739122
2556.6241723314783
2535.958063936884
2284.701090072856
3546.6715301957956
2936.9263928920905
4156.070083705608
3031.4115192530785
3829.299752939294
4555.7562251587715
3052.681475571518
32318.034817477015
939.5128838704943
5787.112867060281
2630.070056969908
2737.1288826069745
2713.2202898692312
1862.846420216705
1528.4517275143783
1581.314642076318
3848.132866726922
5345.726757559059
5707.850221371485
5718.193336114717
6587.582860167722
1935.9580675880131
3036.1628073389234
19744.167648721414
2054.1200804237005
7604.994294252072
3846.4148218830132
2719.8976125809536
5662.706387789543
1676.0382109985653
1558.5339983261558
1684.701091021761
3850.0677289714217
1686.0013352765095
2865.708530353476
1660.4324793894732
2313.0668785813727
5290.646801844025
3528.3035931767304
66809.38027389752
6313.322890283636
3592.0751344900677
4074.1081156231644
2833.91431855787
3391.74659891256
5814.242123330326
1681.8916285441092
17698.547625914558
2142.0116229749387
3223.487741837076
1732.8636563067348
2822.9856857754844
4077.676533645064
6017.851608012526
2719.431215107345
44091.50298155731
5338.556120619726
2826.9860844185228
3754.1324004468925
1914.435445446423
1691.1100192570639
1681.6449539549023
1365.5816263151617
3609.076274717978
6556.692053297545
3257.260959976704
1452.482264748451
3016.759235861959
14316.30282045274
4737.107241150697
4526.1717845839785
7440.61638289703
1042.0493754381764
6588.684422887891
6293.836895692876
6347.736624404484
3490.6468428786447
3779.9337659861835
