537
548
553
537
535
543
536
538
540
538
513
535
549
535
538
536
548
564
493
540
710
541
560
541
494
518
536
519
541
495
543
538
503
513
465
566
524
544
513
540
504
539
537
465
534
572
519
500
507
547
549
554
516
528
500
542
513
515
503
534
544
552
516
506
512
523
652
540
546
551
507
512
546
736
280
598
503
506
549
505
537
502
783
508
541
558
516
264
501
506
500
510
278
504
504
555
562
728
541
707
551
264
510
545
511
508
535
557
544
551
527
562
553
561
714
517
517
503
566
597
653
674
710
667
545
549
734
544
504
279
535
514
509
511
502
505
662
517
507
288
505
555
521
545
521
711
530
722
505
282
552
538
539
567
501
299
499
550
297
515
607
549
520
517
650
528
550
525
519
266
297
556
716
539
547
721
509
281
299
613
524
561
543
300
546
516
265
552
266
499
655
713
662
300
284
515
508
513
279
281
713
532
3
515
507
10
506
532
531
556
550
1
536
548
510
280
532
650
909
497
503
651
600
547
533
708
564
508
330
300
298
515
731
513
3
715
585
278
653
284
526
713
780
510
11
735
510
787
309
539
732
525
673
264
559
520
277
285
531
303
721
773
318
711
771
563
0
10
514
493
503
555
497
265
299
675
502
550
544
523
305
758
494
651
729
514
535
710
547
557
285
565
669
316
604
497
11
9
654
392
283
563
602
768
650
0
641
506
711
298
286
749
654
671
514
713
517
514
788
557
533
499
533
614
656
535
654
292
559
516
502
553
567
752
540
288
509
2
495
1
532
536
518
552
553
530
524
534
9
560
304
516
599
565
554
650
781
3
575
496
542
4
290
290
771
3
555
554
776
501
506
564
516
287
556
666
670
497
708
628
900
515
679
307
414
716
569
770
535
298
10
380
772
284
613
559
563
3
3
637
745
501
304
612
3
0
714
512
771
292
725
3
281
502
662
770
608
379
296
673
336
302
509
512
563
561
572
8
565
606
292
11
614
546
0
547
511
530
329
561
4
504
494
773
298
289
305
289
606
780
286
277
542
552
551
331
570
305
300
3
552
543
312
658
522
497
716
2
277
4
614
683
336
7
313
754
548
266
506
758
3
18
389
714
724
778
306
287
17
550
558
501
819
302
285
652
296
536
418
903
284
303
526
543
9
340
329
11
571
281
659
715
518
539
266
299
720
707
597
336
823
391
545
723
287
662
645
311
0
15
542
610
515
17
420
504
550
330
776
768
12
68
19
767
655
282
285
281
319
600
661
505
530
769
353
698
391
298
509
527
286
514
611
351
501
280
770
726
576
0
756
306
67
15
16
381
547
707
294
364
537
312
598
560
286
58
307
308
602
11
281
543
662
651
668
1
773
537
312
496
631
767
4
509
499
651
280
546
18
797
501
765
0
416
8
287
646
15
502
288
11
305
280
746
20
715
315
615
3
495
707
321
671
293
550
3
306
0
644
652
2
569
2
9
8
284
11
534
615
314
8
537
548
556
350
286
722
604
619
516
333
0
543
76
316
1
315
898
504
16
287
526
303
772
714
10
722
544
265
522
910
17
4
8
706
720
311
265
544
709
299
756
63
551
19
778
282
337
665
0
77
3
656
0
2
415
308
643
293
536
500
4
8
17
1
573
643
10
613
10
571
300
2
672
338
657
785
551
718
282
1
315
733
548
914
18
360
600
567
701
560
502
538
662
518
70
723
8
65
532
512
760
540
739
540
499
613
812
672
908
294
518
724
69
1
770
318
285
4
584
500
0
907
495
449
415
667
1
3
660
340
0
648
608
335
744
612
50
613
59
654
555
311
769
545
1
901
659
295
785
301
577
4
796
18
59
305
605
529
319
68
529
297
564
897
546
714
546
8
60
668
334
284
704
76
772
316
2
719
6
536
654
421
295
706
656
779
0
779
510
727
280
300
671
283
505
548
638
289
652
753
575
358
795
719
0
77
332
366
277
587
42
287
57
29
63
661
717
503
309
679
356
634
284
10
417
311
765
692
68
712
47
376
295
395
603
778
9
320
612
1
559
285
534
659
330
513
299
706
543
9
384
58
3
9
313
301
511
905
2
298
395
542
533
306
8
311
773
1
86
614
3
532
335
541
497
655
313
0
707
332
68
315
334
389
782
783
335
554
317
387
292
2
15
307
44
504
820
502
29
667
660
556
548
650
23
706
498
805
545
55
655
754
294
3
277
619
314
16
289
907
538
545
528
557
366
662
9
331
333
297
61
726
367
309
314
57
12
306
12
771
297
556
535
76
0
511
738
329
282
572
569
316
57
341
648
583
675
355
61
660
775
300
653
2
662
337
688
60
67
673
308
0
3
638
67
0
329
730
293
10
774
508
610
387
337
337
309
661
670
314
767
547
24
1
298
71
670
499
0
707
657
11
87
635
59
419
539
693
676
313
0
306
396
573
285
901
750
313
551
674
911
412
736
329
391
295
3
11
499
349
356
0
4
12
821
350
527
523
0
633
317
329
312
66
1
562
744
1
44
0
66
770
30
286
29
30
676
11
314
387
571
737
627
36
786
19
55
815
615
13
340
620
549
315
387
3
717
537
632
79
507
769
380
549
568
86
4
290
16
313
2
532
0
788
725
51
6
309
390
369
281
65
567
671
284
313
511
316
797
762
553
724
318
70
78
772
605
59
708
708
348
43
697
755
7
18
7
331
756
70
8
297
529
291
373
722
781
318
56
312
74
9
775
42
824
533
368
782
10
0
606
385
334
266
318
534
317
1
2
301
320
307
315
777
505
737
533
551
10
41
748
300
9
579
0
386
728
591
364
2
375
312
761
4
597
77
286
692
3
293
55
293
53
338
656
3
3
111
643
525
902
657
531
784
803
581
537
611
569
496
29
660
332
588
524
512
784
661
375
612
531
305
710
669
296
73
6
349
653
316
49
385
703
345
74
317
743
781
300
6
801
765
812
19
524
504
515
314
1
339
2
278
11
388
642
302
279
333
904
762
45
331
496
54
775
18
558
527
400
282
64
2
6
1020
337
801
611
359
352
67
339
793
764
777
65
21
8
52
511
715
299
687
713
735
79
909
21
717
640
509
902
825
718
321
692
36
542
2
8
669
330
1
16
530
44
58
699
60
300
370
657
715
553
29
7
24
898
789
36
294
774
51
650
338
329
2
1
87
43
700
649
498
291
388
659
8
911
52
704
52
10
329
298
603
501
788
279
298
552
508
652
656
398
541
766
900
782
311
771
761
705
354
317
377
731
630
48
649
696
548
58
304
913
629
9
784
746
333
507
293
519
541
502
48
303
677
324
50
788
11
38
341
804
73
283
787
76
286
278
9
303
75
0
515
76
721
739
34
315
33
285
1
378
898
287
1
358
737
898
291
611
0
299
290
27
87
794
525
300
318
612
23
29
511
266
726
329
71
654
292
1
15
924
897
675
785
378
824
288
841
6
266
939
824
500
56
54
376
678
708
36
17
52
66
544
802
781
389
364
571
830
784
332
22
306
704
414
57
342
500
2
503
902
52
640
7
605
288
792
738
679
785
64
823
704
325
1039
4
12
711
319
513
818
71
838
354
0
600
323
341
569
53
47
361
324
519
4
321
46
291
10
604
636
290
21
740
367
296
3
789
763
312
786
18
375
365
2
712
820
378
720
15
48
684
336
392
620
364
283
44
772
729
338
301
518
501
0
392
374
33
15
784
304
761
662
311
493
413
347
952
823
3
0
3
339
23
16
78
351
665
311
896
356
791
40
55
330
375
742
312
377
56
498
311
325
72
1
775
358
23
636
70
342
291
383
1
729
298
2
327
78
316
737
723
599
799
322
63
316
296
306
8
22
383
283
24
0
702
63
507
614
41
62
549
910
822
324
900
555
358
72
318
12
742
614
2
669
300
538
678
858
2
320
783
596
41
363
283
19
550
558
41
638
43
49
672
22
657
318
755
382
287
369
0
899
286
29
529
13
26
760
713
75
570
41
308
0
354
795
386
2
753
900
287
8
763
646
374
556
386
319
739
570
1
295
265
539
655
0
4
589
342
647
45
22
723
1
11
660
28
49
522
2
3
378
733
28
782
71
31
288
20
300
4
503
601
56
334
514
681
354
362
356
32
28
855
612
19
653
0
308
725
710
27
328
384
5
781
363
360
32
28
672
312
757
50
25
734
606
62
8
736
7
22
0
287
897
802
775
4
7
283
290
277
22
49
301
356
305
39
510
897
533
314
318
43
669
9
774
799
727
655
80
1
724
303
344
391
12
767
13
86
63
56
317
565
352
81
295
26
25
379
520
38
47
20
11
9
829
2
1
854
736
21
291
668
42
367
780
552
618
350
2
830
351
79
27
59
39
75
5
778
46
554
286
399
21
750
319
41
664
1
295
317
57
347
325
911
659
384
712
49
644
562
328
555
21
359
1
769
55
4
790
2
758
368
334
3
646
44
500
301
27
25
80
55
331
392
43
769
668
309
40
36
1011
4
818
339
670
9
749
287
521
361
333
728
319
720
7
780
2
70
330
266
27
329
372
331
61
39
361
69
547
304
423
2
85
739
2
906
283
277
769
417
24
9
43
314
309
651
3
8
680
336
363
69
597
1
34
9
564
54
14
30
790
5
574
826
49
777
853
323
663
297
776
605
0
65
697
0
3
800
33
325
611
5
829
774
903
291
522
772
752
324
5
645
2
51
362
32
767
53
301
47
603
474
336
561
2
280
773
306
55
733
2
656
719
918
33
34
727
290
63
538
7
652
373
63
810
747
27
517
328
71
0
23
527
562
844
302
23
304
53
842
729
39
298
30
37
0
3
766
45
522
725
54
609
518
608
750
264
386
355
819
70
58
23
13
49
498
381
375
496
332
2
336
282
64
48
31
69
788
568
10
771
598
371
574
20
278
34
519
309
81
503
16
721
532
69
673
336
501
414
51
656
47
730
2
901
508
348
24
264
5
7
13
30
673
609
532
682
817
742
1
821
73
677
900
27
26
1
906
34
822
676
506
412
32
0
340
62
1049
377
693
5
48
374
4
680
374
716
50
44
332
65
28
339
338
812
61
567
475
332
728
310
10
44
748
32
64
385
346
25
349
323
40
339
637
789
61
533
1
975
289
29
35
4
38
599
332
775
1
14
64
519
56
247
363
276
310
2
918
2
521
294
301
940
282
694
291
942
299
517
342
658
72
780
1
512
608
17
823
361
1
48
56
25
323
395
16
533
913
325
603
4
607
795
21
786
819
4
340
764
636
924
25
12
54
531
9
70
821
691
677
709
4
741
313
330
302
33
76
71
327
782
7
39
1047
323
42
572
511
285
412
69
284
567
754
291
722
39
31
295
82
0
970
642
305
0
908
53
831
5
2
765
910
521
397
7
681
390
27
1
963
520
294
288
292
615
316
3
1014
345
500
2
647
610
904
60
814
620
606
73
77
3
789
72
7
914
44
862
323
67
458
373
779
46
293
14
338
388
331
819
3
291
727
62
315
532
341
378
507
63
649
717
37
373
42
245
8
531
13
738
1044
663
832
374
21
19
721
832
703
379
76
657
310
541
641
0
295
301
84
560
350
83
658
342
655
302
37
371
920
766
907
313
50
499
266
5
347
953
354
26
827
639
665
2
32
1
574
367
309
47
83
297
0
64
373
337
315
670
504
309
360
539
54
909
903
364
517
0
80
324
660
399
31
20
71
371
26
89
7
54
729
525
710
413
247
510
723
3
345
1
546
664
559
667
730
666
5
321
288
821
392
6
288
657
283
751
326
4
349
77
566
39
19
47
2
570
341
59
7
309
27
45
780
35
11
66
332
927
1035
35
839
1
673
321
7
334
782
815
10
14
321
14
31
534
334
740
266
288
741
339
661
1
498
361
314
1
19
306
311
705
846
709
833
814
677
906
310
293
658
37
647
812
1
902
738
720
295
38
558
776
1
674
68
6
768
699
372
415
708
73
11
3
649
528
346
6
276
48
35
832
712
43
531
45
81
930
514
1
62
783
691
343
804
324
43
338
393
18
573
384
894
8
502
353
18
74
614
47
826
265
336
540
553
531
6
328
296
725
62
53
70
304
348
343
4
91
1
728
342
2
5
327
12
510
3
52
388
498
615
582
340
822
30
73
36
285
265
97
614
609
696
40
34
341
886
784
37
65
83
528
51
53
300
64
814
534
1009
748
86
0
320
554
695
38
376
391
237
313
377
757
353
555
66
1
800
292
2
21
312
57
4
335
663
650
72
322
318
367
311
418
89
52
869
21
71
307
791
556
710
764
316
672
26
99
294
793
308
805
293
824
330
60
62
372
347
503
949
74
355
353
601
283
371
507
333
377
552
703
328
1037
13
234
732
696
281
19
363
789
306
694
813
370
668
281
1
1042
11
54
348
20
12
831
905
557
606
75
46
5
277
38
762
418
505
310
912
602
819
935
52
365
340
342
352
1
67
724
387
293
56
794
1051
301
305
669
0
554
12
26
35
310
793
768
526
73
520
328
563
349
619
31
666
498
845
684
520
1013
286
322
38
607
759
764
281
1
26
375
521
305
382
3
528
57
6
557
765
660
302
9
645
51
310
304
2
776
22
295
342
908
1
8
279
294
3
383
766
546
23
294
57
1015
362
393
13
287
298
45
547
601
90
730
337
962
476
640
336
31
82
46
353
911
20
29
506
36
72
69
89
641
910
794
743
376
48
347
47
902
62
1023
2
1
352
367
794
749
282
310
3
327
329
281
1
236
7
278
905
340
64
39
901
849
715
561
0
820
970
332
320
294
300
370
656
785
330
394
9
3
7
912
316
302
91
798
8
653
58
809
345
338
423
899
15
920
2
320
39
297
786
912
1020
5
7
5
46
322
578
4
278
68
40
297
325
820
902
101
64
524
5
349
807
199
388
290
568
856
1
1
283
664
49
813
895
896
709
1
939
357
790
639
0
498
0
46
791
79
666
6
390
785
840
368
436
940
313
297
448
337
716
81
78
71
293
22
774
308
20
806
286
308
310
24
766
100
899
28
415
700
394
616
311
1
295
352
105
292
88
66
333
31
36
817
719
903
284
2
67
315
303
560
3
341
83
5
353
766
658
647
60
372
1019
731
6
326
697
34
33
281
786
282
390
474
303
813
809
905
0
654
1016
325
14
607
785
796
79
30
827
264
747
1189
678
369
338
577
655
74
18
822
248
61
415
742
904
351
893
895
698
371
566
297
726
907
760
380
759
80
732
607
354
57
1034
385
294
3
599
28
330
761
834
0
830
664
299
364
318
313
697
1
50
4
384
4
376
1
318
505
923
346
343
245
36
940
327
42
293
317
23
56
658
100
390
919
19
667
499
265
233
76
888
928
53
798
721
63
91
332
716
925
687
54
391
667
759
2
4
351
865
659
376
360
686
0
0
280
3
55
32
568
17
76
8
381
726
553
2
717
656
414
339
3
340
59
603
304
339
779
535
413
12
808
654
337
307
290
61
339
76
520
1248
769
718
67
698
912
537
34
0
958
89
293
12
41
637
5
99
316
602
816
381
913
890
351
375
359
663
523
389
592
549
831
90
328
234
58
658
13
1
27
24
7
906
496
291
0
85
329
279
904
1025
6
908
778
68
498
66
3
927
764
711
972
886
545
608
914
776
305
84
571
752
646
88
816
59
808
312
394
306
664
55
347
955
542
40
304
0
13
343
88
250
360
682
339
54
353
36
899
667
296
945
348
326
604
302
15
1009
806
16
85
821
810
24
739
245
358
807
393
943
14
0
287
331
87
786
0
918
1013
317
825
714
815
363
8
352
382
1
379
525
957
317
730
810
941
323
65
3
781
671
372
289
296
744
776
853
2
734
1
91
42
456
349
876
887
803
3
307
768
312
325
285
321
297
836
50
7
4
614
325
7
835
1008
88
5
709
708
350
5
44
830
498
964
89
4
51
339
413
294
715
419
1046
42
5
661
338
39
1
36
639
1023
641
305
310
339
26
352
1014
47
4
787
690
92
921
48
101
1
602
1052
767
914
26
696
393
1024
5
741
835
2
97
303
536
13
514
1024
73
9
74
601
387
840
734
0
346
10
324
867
813
40
246
65
1247
280
776
70
33
237
562
9
499
34
738
331
99
304
28
332
606
82
326
307
334
830
861
597
37
1010
33
894
310
337
392
869
952
4
264
860
743
863
1029
6
497
527
0
2
689
711
9
9
718
277
1036
2
685
1
301
11
810
93
3
308
12
347
321
92
69
753
614
32
1036
33
0
382
314
265
90
816
509
278
511
333
81
355
284
898
4
518
399
1
829
70
314
100
71
333
568
524
350
6
9
304
690
1
83
930
565
745
685
882
519
686
600
45
790
28
820
299
302
100
393
318
978
93
508
754
895
912
91
61
39
82
461
922
768
828
285
0
386
14
43
558
605
934
9
1023
412
502
40
843
58
43
506
813
528
727
648
768
17
836
453
354
684
925
0
1
15
309
1191
5
3
60
7
92
921
65
495
951
266
61
87
73
822
322
981
679
935
74
543
0
946
664
393
958
30
910
395
586
594
512
750
1050
294
711
368
94
927
905
20
416
50
923
616
1
45
80
303
943
326
866
678
346
643
90
77
35
18
389
6
1033
367
705
910
415
760
551
366
310
93
348
517
712
599
56
302
1
975
290
93
62
38
17
285
1
388
26
6
21
525
422
700
896
12
9
947
712
299
22
777
336
778
103
328
762
344
365
786
51
308
665
10
883
1045
1194
2
714
509
1045
99
904
94
1
920
365
10
83
660
78
500
459
36
68
789
3
81
435
1003
32
66
1027
5
360
835
55
876
0
830
333
675
1251
286
305
2
289
602
92
885
96
323
307
74
295
4
306
303
519
541
525
828
287
37
11
1040
369
86
362
855
45
897
828
505
1034
348
288
922
277
322
841
843
753
95
733
294
53
523
52
396
783
235
965
14
751
69
290
313
340
72
307
665
67
8
369
82
752
35
1
80
512
0
290
919
3
30
1187
276
980
900
59
599
426
335
1069
1048
8
72
881
1030
794
606
62
336
98
814
414
335
901
718
41
14
101
659
50
367
72
666
974
834
55
566
102
1012
781
39
709
783
852
742
753
465
737
587
13
57
429
354
745
40
396
749
767
961
709
59
331
885
4
397
328
7
3
793
323
899
687
777
770
292
340
501
919
518
542
61
510
916
99
695
4
35
289
1036
684
22
377
88
81
312
282
951
864
37
1188
1030
51
807
617
884
281
1
840
2
929
0
7
608
78
114
335
972
373
616
348
7
960
526
306
712
0
683
100
843
573
561
64
1009
42
681
777
3
5
696
702
355
61
782
911
734
85
322
835
45
343
605
66
956
73
374
926
663
56
933
811
826
35
665
23
84
381
582
770
19
823
96
42
1056
653
278
67
578
852
25
44
284
778
711
965
96
26
904
1032
674
78
879
665
400
903
353
550
6
239
6
684
842
924
102
33
852
453
671
101
343
683
9
921
334
385
837
355
38
7
97
324
95
102
25
863
386
1009
63
875
809
787
1037
3
1038
674
871
705
878
823
96
74
882
963
1010
970
4
46
957
880
1022
844
63
784
60
111
685
361
762
854
369
344
8
846
68
249
25
590
572
1
909
1215
15
30
349
4
656
642
89
1
743
669
699
831
530
334
1219
289
700
932
967
769
547
378
943
539
919
544
35
744
818
918
513
815
892
790
787
94
53
396
1059
92
348
335
704
1
296
8
462
788
884
931
861
327
0
15
43
28
878
108
341
99
5
1193
1054
95
613
916
31
663
822
1027
41
751
860
10
379
307
1212
351
726
1034
847
1037
307
196
668
845
457
86
314
543
710
58
447
280
301
1
856
79
377
764
258
748
419
20
557
1226
37
6
82
885
385
686
1034
320
308
1050
821
329
834
521
1069
13
34
956
346
790
178
6
346
298
1067
731
39
603
441
427
1048
978
51
87
0
236
529
280
827
284
648
544
440
91
88
698
666
179
102
929
84
347
570
1031
6
262
303
90
70
605
29
666
791
1001
1014
355
1031
752
90
86
321
79
671
380
674
774
12
50
2
453
2
84
1033
917
690
98
1011
1
833
350
2
90
80
522
666
0
105
0
14
22
862
205
366
593
237
92
969
337
1032
649
840
755
620
293
23
4
309
682
326
663
178
709
733
554
1047
193
820
325
335
296
787
665
805
530
545
13
404
78
531
613
92
523
197
1
509
275
58
320
77
33
967
33
7
0
981
736
322
290
1191
102
394
541
6
6
943
109
59
335
417
716
245
949
196
915
101
1018
11
277
792
274
670
1038
546
412
342
90
912
1071
58
292
857
691
1
543
744
8
890
586
272
337
330
1043
1016
367
285
948
324
34
754
788
672
235
61
398
781
207
100
53
540
1192
26
611
98
320
383
5
336
101
1028
82
828
765
928
617
277
641
877
84
282
0
544
668
2
914
258
811
247
617
779
735
1046
566
1194
598
602
67
66
717
92
1052
108
25
75
357
119
617
275
225
722
218
95
6
846
1061
1076
71
791
4
1048
215
54
452
1305
5
567
216
103
335
194
35
347
811
576
99
216
79
759
114
1023
1
783
41
349
1
857
93
4
742
1067
678
841
681
387
886
1056
918
637
310
385
980
238
735
706
193
3
57
215
103
49
176
370
877
1028
841
977
913
2
75
434
235
69
676
613
854
2
420
162
857
301
92
1060
919
951
846
98
226
108
214
490
370
1193
269
688
826
888
244
8
1191
458
974
2
1028
1189
791
237
5
218
357
370
847
160
228
224
41
184
705
361
753
933
679
430
836
309
65
365
889
195
917
341
1190
82
394
9
296
747
196
278
262
343
16
677
953
132
653
316
27
47
31
225
169
207
1022
607
1004
6
28
79
177
344
1049
19
366
261
62
179
706
152
435
19
7
634
300
49
53
978
880
837
651
504
833
683
226
154
709
341
7
777
73
197
855
48
834
787
609
772
109
514
874
831
707
83
792
817
302
0
553
249
701
113
374
1015
262
487
843
729
6
8
365
101
4
103
1006
313
403
216
116
677
4
166
72
923
487
41
343
997
65
57
37
602
246
247
347
597
234
416
932
959
845
23
928
527
917
125
473
281
80
485
213
31
63
410
5
335
261
463
139
368
811
463
659
289
21
352
751
290
349
311
109
39
195
263
454
944
660
344
751
612
608
326
25
91
927
206
138
183
982
1033
240
108
705
534
578
419
892
70
290
837
774
841
611
324
274
847
1022
2
1064
127
71
100
352
1015
708
302
362
263
81
328
598
690
1244
11
238
9
455
837
777
3
215
870
118
975
1225
916
1092
743
968
62
416
746
86
1081
581
226
190
186
55
35
626
863
1
816
703
4
1308
300
292
918
471
98
239
972
272
84
98
0
346
22
321
97
1016
1000
3
319
1224
851
528
915
737
726
832
262
90
76
641
976
913
326
194
342
1019
280
566
565
159
941
780
239
565
227
246
676
649
812
455
849
369
185
197
663
6
108
678
661
701
