653
604
726
646
723
655
773
645
777
613
657
716
647
652
712
712
658
653
606
727
600
603
905
671
646
649
605
651
675
718
673
654
606
719
611
658
599
882
724
601
656
614
751
611
667
663
766
802
611
604
877
777
656
726
720
609
604
906
672
699
678
660
655
641
654
900
710
959
614
729
666
701
683
1237
668
613
799
642
603
650
723
873
603
767
1238
711
613
647
606
656
602
614
893
769
611
714
767
645
664
730
607
904
743
719
611
892
670
651
725
803
601
669
608
812
653
685
713
741
612
579
713
671
876
601
722
960
773
773
670
961
732
599
780
877
772
654
648
737
901
668
647
648
698
598
597
724
669
650
768
660
613
736
659
886
605
772
608
615
773
562
612
898
681
666
652
946
756
771
612
899
560
874
649
672
668
659
606
812
944
793
603
655
646
617
768
657
561
909
783
518
568
935
753
642
720
601
952
765
717
733
513
1238
1237
668
951
896
852
610
952
602
564
932
652
584
648
758
595
732
804
556
612
702
879
660
770
717
775
910
1281
729
523
610
975
656
559
676
773
849
704
614
605
654
561
670
725
851
596
655
828
911
1288
653
767
974
721
974
563
965
765
717
794
664
1077
641
568
566
656
562
852
728
669
561
643
766
894
857
819
807
731
600
667
607
600
703
906
828
788
771
654
817
707
653
770
976
665
874
1090
757
567
748
813
853
541
542
747
702
795
852
816
558
845
809
659
562
559
1092
901
741
823
666
782
712
609
798
644
608
735
610
908
661
575
951
599
667
978
952
851
775
809
570
665
666
641
838
897
662
613
801
506
540
570
663
720
551
559
734
668
643
903
834
523
853
896
971
1099
598
895
745
857
658
844
906
711
759
767
847
899
775
907
820
759
575
713
555
727
653
694
912
645
776
907
824
706
746
779
543
836
826
709
572
751
717
815
745
715
558
1084
698
609
913
931
667
621
1307
506
896
738
623
556
692
1240
904
727
657
902
506
674
1357
781
913
827
920
705
901
704
948
607
970
746
761
856
730
508
830
826
893
934
855
630
521
873
825
968
767
750
672
834
703
762
946
945
839
784
616
540
942
876
603
854
872
671
667
744
1087
655
771
768
862
847
1286
823
658
769
783
657
954
969
517
910
607
693
518
535
978
1072
853
665
689
610
563
808
816
748
704
571
641
910
558
902
919
1358
726
924
715
700
658
864
966
714
710
847
778
1147
909
1091
843
882
716
927
930
