663
517
762
520
658
613
538
647
550
530
772
515
541
662
551
658
741
996
500
536
732
904
513
518
661
1002
685
673
647
676
565
727
504
905
813
687
771
686
483
718
540
747
766
712
553
672
768
648
768
605
903
512
728
540
678
931
704
818
608
981
613
691
683
890
718
509
905
639
677
778
741
777
740
561
532
671
580
660
634
645
701
733
734
712
527
773
646
784
626
517
819
845
909
514
635
742
774
590
851
792
746
628
668
653
902
653
514
766
908
640
702
978
936
751
774
766
671
774
750
592
598
717
830
890
889
778
801
917
894
626
716
711
552
933
542
508
607
893
634
756
691
876
820
784
791
625
760
760
814
624
657
670
782
847
720
605
979
539
722
784
611
735
575
671
694
482
768
911
521
797
483
575
530
579
841
613
711
581
783
478
825
835
911
720
572
799
759
683
739
723
838
922
919
769
773
805
750
587
711
720
895
780
806
842
668
801
719
592
667
767
636
581
864
848
829
950
772
812
631
748
802
841
827
723
546
724
903
816
840
806
776
825
737
777
757
782
816
757
808
761
832
1
752
990
287
900
817
796
552
934
928
909
844
707
846
673
698
583
859
741
734
620
671
857
852
665
916
762
710
737
818
741
798
896
932
950
925
829
823
919
929
863
582
747
678
733
770
550
893
858
772
834
831
847
497
831
794
646
872
900
739
848
951
286
794
825
838
739
931
706
950
909
662
868
691
1022
859
962
959
851
816
623
744
791
824
1221
969
822
833
770
565
940
852
808
765
919
932
807
838
830
894
1175
917
686
524
912
834
838
829
1220
643
837
627
1
881
832
1334
915
853
839
887
968
989
726
696
1009
799
826
707
1418
854
812
960
616
943
929
945
829
746
956
669
844
867
924
850
894
835
1006
778
832
836
724
738
944
531
790
772
969
837
902
672
839
945
661
786
882
817
899
944
947
927
1166
745
818
575
878
856
869
826
979
948
946
768
860
1068
510
553
795
965
1323
880
905
992
959
501
875
827
886
1061
866
957
920
882
887
874
957
1169
886
936
1422
837
809
749
537
891
860
866
895
927
1035
1213
962
957
839
949
784
912
836
798
863
1200
956
927
566
1042
994
979
920
980
866
858
1411
657
973
939
881
717
857
1239
1
951
955
987
960
967
857
990
881
890
968
1419
1291
529
929
890
1409
937
1416
803
989
1317
783
582
990
874
710
991
1412
968
957
968
885
912
957
965
994
1297
752
437
977
665
934
988
856
827
1097
918
896
1204
1014
910
1014
1046
1024
1229
1042
1032
849
770
862
