505
659
538
666
506
606
519
657
540
502
779
541
610
772
765
606
760
513
509
356
775
544
727
512
718
606
550
738
531
677
941
726
714
505
608
511
613
537
665
531
660
778
512
539
0
767
774
536
550
719
789
762
670
610
544
368
679
658
542
665
667
672
614
682
783
698
780
770
761
544
549
828
288
718
727
343
500
664
485
847
532
497
933
753
759
316
532
557
503
722
546
542
534
512
765
768
766
766
614
851
896
612
324
513
772
541
825
773
548
537
715
2
0
487
554
288
894
540
614
794
626
710
288
388
674
348
512
659
548
680
769
707
306
507
609
543
708
760
658
716
770
497
657
675
700
608
315
291
840
518
972
436
734
663
663
3
783
556
459
327
712
854
521
454
392
510
441
706
300
542
927
695
522
0
359
711
679
659
929
318
319
725
623
574
723
285
622
389
611
529
508
628
372
571
838
681
931
489
746
439
505
778
487
666
758
690
879
621
466
328
648
629
710
843
464
666
582
779
883
404
663
661
770
924
717
499
589
772
897
621
813
433
2
820
620
891
352
432
980
779
583
754
488
844
970
336
572
3
670
420
582
663
379
579
458
714
682
582
748
440
913
405
953
476
768
347
858
817
692
712
702
750
556
834
418
393
803
769
334
900
460
665
827
362
456
377
395
2
654
803
384
816
305
830
580
736
409
871
749
246
814
250
579
313
896
970
808
774
320
517
770
870
626
597
717
686
944
721
373
888
339
867
537
341
802
807
375
425
783
499
860
374
518
747
756
839
787
815
516
944
774
803
606
655
736
355
918
640
696
740
937
633
333
374
618
914
599
361
612
492
817
653
351
393
614
583
836
853
564
672
358
730
724
508
753
579
679
605
478
333
438
791
736
491
788
623
666
641
327
721
787
775
662
501
965
682
696
697
723
584
560
484
837
707
388
790
374
437
387
373
755
810
327
284
753
913
731
310
946
349
955
897
836
595
857
799
814
806
557
911
558
651
387
837
337
746
335
317
897
702
326
694
698
286
327
751
675
895
643
889
386
633
804
290
376
632
816
773
862
722
356
744
510
509
596
778
389
867
878
732
915
352
832
945
759
819
818
769
721
332
878
830
476
761
380
933
788
593
892
1202
805
812
811
689
700
929
1189
600
662
386
911
423
678
815
375
799
402
954
949
1197
918
710
315
571
406
372
830
898
944
668
840
591
950
920
434
596
865
304
819
856
392
950
719
623
979
1046
875
835
879
599
856
776
865
5
964
429
328
736
880
837
836
828
852
801
300
660
812
854
1178
741
863
747
785
626
827
353
350
751
3
630
965
944
780
712
302
778
778
809
1332
271
686
733
552
323
877
841
312
888
961
435
376
591
301
840
1
855
812
708
956
831
911
910
958
880
909
814
477
599
800
747
911
898
727
1188
775
818
365
0
725
291
335
931
319
1
469
868
847
834
817
744
864
598
834
600
728
851
921
717
705
801
685
465
951
812
738
248
955
760
391
845
556
951
949
955
872
970
769
947
5
925
