15320.531528251193
11196.165453789747
15405.808286911213
14526.928763770167
11673.914593340734
13256.988419858437
4705.65583814777
11384.120785746081
18228.64746097234
12852.63623909189
12952.964584387497
21607.700027876523
20719.68336634127
15784.903102551929
13996.453222833463
12841.637539726366
5017.558678212067
17905.029818032348
14310.60937602398
10503.282036291828
5305.654043341519
10551.663106871461
10757.26238963156
11731.292396411342
18642.73589649393
4724.574858085623
11606.130578467037
16105.113601899622
14008.40640460483
16866.158491632315
11042.483205341083
11148.247072955568
5282.477449852383
17234.38039763361
14308.91083550445
15422.138745801403
7994.313256313373
14716.498404400845
12285.823096552038
12848.470288054197
17145.50373641655
3243.0914222371607
17558.345385333465
47059.770411102385
7331.47210497611
3801.2860392063644
9490.815848238362
16640.381890857447
22719.415764131685
15396.999243115513
7953.972789536433
3735.8415436313517
40603.31512897834
4381.481894438286
24102.840727359373
11035.830017141416
8453.18083326992
13674.395186011054
11865.014518131715
3781.483747752528
23893.890627366694
7849.142869728885
13746.311432851418
16338.015837229423
2941.168749460296
5259.487893644566
14686.945842058314
11795.460191885699
13115.850138667989
3413.644706672281
12857.417517792737
8294.086496705326
6774.76288535996
9781.408546160554
8616.034029878392
9621.548027032322
9417.811805436779
7885.473386478285
3403.4489049520557
14704.636469818175
10502.690850758985
3402.567036427606
5077.597820262637
8294.101935936807
6202.4892750509125
13701.794218808347
17115.30382460707
14357.323299082724
15881.0672525441
7004.373320261138
3746.79414161751
17891.061741540205
4979.742915541452
34739.79042154029
13477.825586992252
15438.21909377837
10389.476619172567
8084.659293876803
2196.2451881312013
19832.472982748455
9811.514057799885
13152.537121460955
3817.3148932390336
6221.517560077329
10536.596479376809
8379.478198015713
14702.089473451173
6886.2097125365435
5581.478749694715
6746.787808380384
6985.682658337657
14975.059431527648
3408.8594147313984
13199.977776957756
3217.0507711364935
4002.4221234747342
14531.900758240366
4082.480655403991
8571.932482984961
14648.052304617095
6213.050699217213
6832.041659166673
4923.471005057678
47104.36671616689
2449.740766616786
12693.42134189667
6908.453836278283
3212.0581590969805
3877.5995842792004
11983.009409947266
17053.653762962454
3765.858291883326
17838.927181699284
5546.78956408611
8719.95209912769
17397.5699985797
2746.276530654041
6210.7707574268115
2604.415253444199
21535.750554399543
12821.297604615707
21507.196744880057
6482.474892568409
3277.600877527901
18451.25953898286
16488.459445832304
16369.618130532352
14816.935255831402
4935.838836873498
3411.294914319548
15355.80809175249
2450.0988753916636
8067.092380824177
2163.887661371463
3405.6594286798986
16012.43235683504
8052.794957618989
28578.698546310512
10453.499232911321
4347.132271355194
17505.35891935583
4124.576639127785
4814.634555366114
6217.556690107687
15758.663248711866
1976.136403700451
5695.556610078971
15414.078236053749
8594.67152864046
3270.2785299020543
13245.258886895415
2904.1379090656346
8397.007076331492
7106.562001842178
36100.11713117447
13961.769277337307
7078.665773230322
4005.9172758800623
10277.837074425288
45304.37199212067
6810.271759805101
47659.76923442868
3050.640526244596
2442.479290296886
2107.9065336750514
3400.874718085358
3744.4524674482004
7724.568581430482
2471.745077717765
28872.186301311413
5915.635902249984
2165.6002752538957
40460.57608214501
23602.157544690137
13633.977223113425
14611.703379724535
10098.635396864434
23871.829889660043
4508.357650155356
3533.6253703366187
15390.63470320778
3201.2874316792686
1948.9170646686048
1916.7176849835503
11555.288079975076
6134.309692372221
1930.5418354360559
3397.8175629576335
11637.3082580596
1950.2060917860067
11881.216281326875
41060.575531865885
17090.907306984533
41872.68400931548
2511.071541934152
3652.7648027901514
2488.0903918875665
2797.6305443868423
3307.90440467462
2623.6765761901133
14115.909104733712
2508.9641513877405
23245.338991737626
13181.832929119331
2463.3607317090605
3412.5283328545265
7705.649811388082
4778.342093517664
9397.67740864759
15282.105263081345
4443.088526748595
15385.316027336428
6703.400040254128
14299.336770889453
6401.005908799016
3413.7216278539013
24557.326182550725
3538.036177281273
2615.2832158214346
2635.415598968981
6264.949210118134
6723.4691137694845
2736.1407055930854
16836.909028309463
12183.221245887216
1891.3636676797173
37538.265878632534
2136.141570135579
47642.03624643127
3213.239362790073
4596.017963247692
7536.035549493617
4344.354767495226
5709.180669755626
2229.7598965763027
5534.310143236957
3091.4715540525854
15419.359531261493
8261.649191404564
5562.166026048226
4493.828153760586
8519.713919708167
16001.262609945177
6817.556003641823
14336.668584807227
9092.383053149684
1065.2073430139271
9946.092975351132
5859.486819351184
1908.964592834472
1911.0721809080633
9094.515142447493
693.9435991422288
1920.3532523649685
2459.671452726855
937.5369861298917
6691.334997676541
16746.276776899816
1333.6928395074008
17730.950992008435
5718.43532660283
2504.7483152387294
8305.64937660262
2519.6901790074794
21061.729959221266
21443.56547179113
4879.714625041148
16260.312651759174
3656.3913498655497
7196.068875774712
21532.553847799318
1859.672160502829
930.8268885062204
2044.0017220580817
705.9467582336742
17417.456705815068
2092.7315531607396
7701.09572056491
6576.401230392127
20051.83473548136
17418.165326743372
725.1397888085643
6306.986833960371
705.8770412808034
2713.8666539408223
2500.6525849253276
2754.8417096562725
16236.13627027089
38738.26412446746
8186.689966445438
707.420922325477
1417.4630190463583
11860.531169449398
8503.18317328318
8616.085505877383
1043.661824477722
1085.9371124993952
13627.984263941773
2094.2762282237036
8508.852614897545
1350.2067370459024
736.475539950255
23845.336900646114
27755.601819688432
725.6784450899634
1933.6921597997975
13552.964233748015
54048.470889970886
5194.3615292193035
2507.3775403571926
