0.06857807472891707
0.028973453749886215
-0.0694017089898691
-0.030237012946729164
-0.01927448732415685
0.0126053537537975
-0.010174874008565482
0.013859318279157087
0.015420689642831996
0.01066554867349257
0.0051037467111315305
-0.00450300861254409
-0.01823385800402548
-0.005738513943587851
-0.008400757131342152
0.009317226220450324
-0.010791674920633246
0.020036728040144232
-0.017089573300845155
0.004210111819006594
0.008867143268543985
-0.006011969306300021
-0.0011503292729834044
0.006963554640182932
0.0018070695994413023
0.0017595140615892604
0.0016261627301838316
0.0027608960257817362
0.001772494323316781
0.002046933169709222
