-2.0336242639514235
1.4458977367498926
1.2360458041867897
1.554125377167934
1.2177470055012136
1.7567722625330513
1.7465800554463902
3.480931160807335
2.1366798768007964
-1.6397087397435786
-1.0326961774920584
-1.3691363107909202
0.6648279926054745
-2.2973489686193966
-1.329670546341536
-1.1407415488259793
1.9714911624911269
-3.0856670253819773
0.9388011556117634
0.8225430494964764
2.023692880583582
-0.8339985032017352
-1.2748156388414664
-0.8758447347564893
0.7781272355424873
-1.3614549738479298
-2.1518880757922783
-1.2899172147643394
-1.416559160585846
1.1805489277874637
-1.5976862966864216
-0.7143301974143488
-0.9989790819919796
0.7653126146693108
-0.6971580423917113
1.3392110529206944
1.5058434566682852
-1.359885404704952
-0.452441829228895
-0.7861613195138693
0.6055632807968
0.602350585442016
0.6041131906527096
-0.7315087946959398
-0.9620784705880063
-1.6650988520390728
-1.1844616480121506
-0.737906415316471
0.12259302550891629
1.034509388438217
0.950142920844534
-1.215239134067624
0.5783200211100823
0.9617827373521923
1.0109774289187183
1.6405561716145765
0.935879922703852
0.7911399952831858
0.9247552259519425
-0.4479538217192789
2.5773437851539565
-1.0788520910146053
-0.7636246639635981
0.5954478545348006
0.45958364193096735
1.7440897162997695
0.590590948438392
-0.3175340561398435
0.8615888129086557
-1.8516526239817535
-0.7463950147473962
-0.7639029858576015
-0.5419657938503946
-1.722622529898414
-0.3909366146520283
-0.4644046440466728
0.4270938373408412
-1.6095323579879157
0.716334098738235
0.3894250945136064
-0.5226397504198289
-0.8316270288384843
-0.5767298094094593
1.0508963029136686
-0.29986144704342144
-0.7069154127097819
-1.148969482190727
-0.43365580672822623
0.3802001685997853
-0.23375010527887075
0.6763603208918668
0.5667058215042462
-0.7174925071096762
-0.3324380797714518
1.0698323552677687
0.7965983390116665
0.6536362226197844
0.8690235873586694
0.27792574665564884
-1.3995148782516003
-0.4950508426040345
-1.1320784564560151
4.511659589177247
-0.2181819235382367
-0.002126599611640915
-0.0020451975285488717
-1.0275581058113112
-0.5007366581363013
-1.0777354837867321
0.45050105018338327
-0.5615409140089231
0.3558918265114727
0.6210494317961807
-0.7237642490822235
-0.015236884630452552
0.8881760847415466
-0.49175094280028897
-0.34404693736251224
0.5372773492189905
0.36688871645983484
-1.2119927374977177
1.2671791059745356
0.14019615147427042
-0.9369845565720266
-0.9920898840053564
0.9144005734627478
-0.18387288307719069
0.015559994348724243
0.2589280991216799
0.10167772128667561
0.3009683418813374
1.2926003238398118
1.1728246918680192
0.7554113924156662
1.4277072188266762
-0.832067933727136
-1.5547402921256506
-0.29377570677465986
-0.48195744329345197
0.6812224846535839
0.02989672202713122
-0.2870575141534789
-0.22381945463368286
0.33707500121804584
0.8715103818635423
0.019669502106244827
0.6311327362803554
-1.8157097663370896
-0.0929696750876969
0.1517298956436806
-0.24779571730191058
0.5298483987037474
-0.18507353780155045
0.6902171862565244
-0.6466142449404817
0.43486814791320133
-1.7062304481157808
0.10511016950568598
0.23791890668733284
0.08946506793265856
0.6952513768904793
1.8135921951363594
-0.2111587325133966
1.1189454528871614
0.9339712736314931
-0.11176485504284193
-0.06647840955211176
-0.06512605198067575
-0.6726257804763178
0.4025781804578467
0.11332776741745482
-0.4549394174393233
0.6261681899020644
-0.7855226543795337
0.9275118062616122
-1.082641365911095
0.8485446267121867
-0.48494546829929774
0.36127889599837226
-1.7630941499732473
0.026814012364726355
0.9409950275744694
-0.20956762645352692
-0.1325756798417723
0.5230246344475439
0.18950027468049493
-0.22112393721653925
0.2032411189296651
-0.4160420471841058
1.1874571019877056
0.4456631746600367
-0.1073069491515848
-0.32062120747963807
-0.42805124387469456
-0.24439790207812515
-0.3104419452696345
1.5708069983227193
0.6326537729016056
-0.18307062938195637
0.17703065402922388
0.30807920552899626
-0.2762568962700768
-1.1079782753204057
-0.2397417307071199
-0.33032360830333374
-0.11069941883239744
0.16800829734853265
0.5326636252276755
1.2213609191303072
-1.87022844584516
0.1380028613248145
-0.35628579569713176
-0.025628768416281495
0.31634475300637516
-0.4501793894655347
0.9282014875494621
-1.2167733303525665
0.2948464989339646
-0.9137010940123205
-0.10152320932069996
-0.5774712823207885
-0.3262543625438197
-0.1861052464080874
-0.37832751282119365
-0.1687342811187806
0.5453088797271608
0.10238253244325643
0.12737891845682106
0.055303706050307676
0.36565844636275774
