0.020175939857470664
0.020076065593255747
0.022179931246040722
0.04048792969455159
-0.019002150714197925
0.016377746368651053
0.020697945713887073
-0.01811115276135339
0.03846360061014941
-0.0158492871193766
0.035446270948546986
0.023046960240206377
-0.13482443005698178
0.014824288493372615
0.013953131898670373
0.03165477443818274
0.019076218579018138
0.01704741027054258
0.014029980109332492
0.0215890400785329
0.013072981108366197
0.047547467738703414
0.009400076192685092
-0.07173850819198378
-0.01562303284770851
-0.021912213147647616
0.03961387766094962
-0.014291493339552512
-0.019442518068446758
0.011112100357926267
0.0670589088960722
-0.036565544804806865
0.01791473366001177
0.011665264738620795
-0.012339252411679172
-0.01411198636154826
-0.014352590339592094
0.017844678291757208
0.033764981054925106
0.011683840067211317
-0.014381720688975957
-0.01613089798397588
0.013347571465183153
-0.020838476758719707
-0.007645277929341128
0.007876610684827094
0.00794886500133514
-0.013297350409340238
-0.013557232345954085
-0.010648715908938138
-0.02636620559954013
-0.02312634243685655
0.012760111911687291
0.009936539310690029
-0.026909342510086802
0.02488792938781753
-0.00849079989896969
-0.007235797107158159
0.010480116626223425
-0.035693215801500505
0.0862487291101231
-0.014146530467454413
0.026855462532470117
0.010676191213139091
-0.02062867441861615
0.011253539628055432
-0.018372369142976866
0.014883158184281545
0.008168607944972739
-0.012407391942106343
-0.06344130970886708
0.010498682427454348
-0.1057354025767394
0.042782446036949744
0.0094869194536388
-0.02363710076398247
-0.05689857331609276
0.008495751011932229
0.006614706314244274
0.006700115481902056
-0.040930338880495784
-0.01927250512031642
-0.02884281127021048
0.010218119645580805
-0.008260433130790534
-0.020598952865952244
-0.007563119630580011
-0.009164261177002695
0.008859069920549153
-0.05924189871791098
0.02356878353790812
-0.07097715480498652
-0.0317999309164728
0.011460814977061983
-0.008068663343870252
0.04699223757329846
0.006713742612486303
0.00914868769512047
-0.013191897142005816
-0.08740552018540777
-0.023403591516550512
0.006281519185396387
-0.006424353123997629
-0.014059837973063385
0.006902504689673
-0.010763323235103687
-0.008148781086761637
-0.00605948081039867
0.006473112401545045
0.004872708803062952
-0.021691573939803102
-0.020360223497347073
0.022277395479908597
0.025932830311879783
0.031128860133423118
0.018666584493721054
-0.06274170352374264
-0.011000730907427918
-0.04106349951927373
-0.010033692433164933
0.06924044921149451
-0.005438277909637076
0.018309730435835905
0.008271652788831263
-0.0595325424753858
0.00866173457383898
0.02542462838513079
0.009260267207385459
0.013983078381353547
0.020614524489534165
-0.006396479177453657
0.02204079441086019
0.011057044102023378
0.005892376505713207
0.03132774288137231
0.046247688519362215
0.010830369691394027
0.017205125447477747
0.00536393152080687
0.006246881028268851
0.0054909195827729145
-0.15193728190848863
0.05423736242818537
0.0058141549427184564
-0.03171239355767199
0.026969212302430462
-0.007900034649634376
-0.018065793759733537
-0.015502831807094818
0.012873299766931807
0.07592787224489506
-0.0029993336121181668
0.02661511689211893
0.01912844215775665
0.007499177969949475
-0.009025781706389267
0.003728449260213951
-0.004639651329417196
-0.11927247986186994
0.007555475925690396
-0.007173279273705422
0.030609786365939848
-0.021226996089041716
-0.03253205528262405
0.013967227109003286
-0.0065095303252701905
0.0044310657352680215
0.01075725326720264
0.04971454241861136
0.014018407518760996
0.06401230283052915
-0.034956393317542356
-0.02700662460470127
-0.012140175096716888
-0.0379418091953082
-0.060058561013313035
0.015548241499825805
-0.030611756810436427
0.009581811865357682
-0.008962839964371685
0.005196214309047668
0.010435225889985843
0.0051572616330241815
0.03774297817217402
0.05136110712434881
-0.02433608371294232
-0.008414391669867655
-0.005048939099690873
-0.08937983861411376
0.0081871556891158
-0.0024194932938964154
-0.004679436530979996
0.028745727695601415
0.006566956887388986
0.010443476074793349
0.012968860137351384
-0.04976409615713117
0.022575407169428352
0.004667552304557454
0.035229629793374594
0.033919388789953396
-0.008774841351922342
0.010711730678562303
0.03582993252027623
0.03244131416426143
-0.028753098563271157
0.028534085851480304
0.0035090137019484556
-0.019227476674108516
0.006311868374283126
-0.009050380315208217
-0.010047709507677697
0.021140276723351174
0.044985919526390895
-0.005463614106128592
0.013688925577605576
-0.019293850853793
-0.03962871581813327
0.027659523093878105
0.03415548153048081
-0.04225560631573488
-0.10153576569968253
0.02605022507912469
0.022493843006449753
0.002401958010250313
0.002724081794020749
0.009446601846719369
0.012440712377204614
-0.029905592106311704
0.021471637114295138
-0.008171009799061366
-0.03340518718881952
-0.02169298676174727
0.008421004854695085
-0.007002678572961608
0.0066550839074951676
-0.007648312380579459
0.014708849263832027
0.01932362777841156
0.008416430683307103
-0.01194244372559232
0.003989502294652683
0.03030580636041522
-0.0040539530741848795
0.02754665378929474
0.03975575805642758
-0.006576009620783823
-0.023473861054800396
-0.026913253195755715
0.022644327425923046
0.050119710289034274
0.02674295170465491
-0.010662367165179144
0.003967457527175717
-0.0035617857253821485
-0.038338996323687424
-0.03317043138646432
0.02166795620411523
0.02201157259768911
-0.0026770049145081395
-0.009686564612024738
-0.03385326089612549
0.007668128537655957
-0.001618923805602535
0.0033955599892303017
-0.0236957911840003
-0.0342543869488661
0.03578280903293323
0.03681024957177682
0.0041339095766338005
-0.006332959334316933
0.029970302544965455
-0.010975334469262148
-0.04663224225236608
-0.003983146853630109
-0.06261195226612867
0.01575601794173852
0.008436968135734656
-0.008756790412532618
-0.049242252177945055
-0.005311270363488595
0.013129442452790283
-0.031910582561412416
0.049074388954429116
-0.02429953755414709
0.002563830505607706
0.019138088809685285
-0.025018936974612004
-0.007725575959826817
-0.013543880667775803
-0.0015841016016252003
-0.017219628178676626
0.02978665848317748
-0.027215929739651867
-0.04218675042421179
-0.006554837995866548
-0.017075480026291803
-0.02350453715179306
0.028837470138885043
-0.029150694421034816
-0.0077247898822732875
-0.03232366538910691
-0.06968503002739077
-0.011987800017826556
-0.035997184797118525
0.0375510741119388
0.0055584981231217665
0.019128810292661343
-0.02940316664564015
0.028331305062507448
0.0066734379571804295
0.03994119412673065
-0.0036916861338199174
-0.0416573425778544
0.002416125887076862
-0.008343928461651813
-0.010945847997800243
-0.008800114404455451
-0.02808416481868584
0.009273295012619054
0.03918391759995442
0.053449547055219114
-0.033891737910814554
0.016838437884049564
0.011191254847896265
0.023064523556852103
0.013997002357745258
0.016460466739296253
-0.006263058838707799
0.006147141699956652
-0.006264534761621561
-0.006795364109024172
-0.039994703752122
0.02935894348552756
0.029683423398928137
-0.06895471786641168
0.019639604245439885
-0.0322018224479456
0.022895343260753084
0.006225306263309401
-0.023266359982258306
0.052051501334710974
-0.010759182778625162
-0.023596313610276216
-0.028860052070196544
-0.03894736489675736
-0.03231559353395926
-0.039669868184807076
-0.019647867492843536
0.027307149229952993
-0.01983018900901383
-0.01841486193887138
-0.03750557416622213
-0.009821750079384963
-0.01240183138278765
0.005818722705228425
0.020715363529028946
-0.05066912282249859
0.014541872051386014
-0.016665518587201986
-0.032599810985341086
-0.005701281793035182
-0.010223734150090593
-0.005827316509583217
-0.011396491339082269
-0.0029675168599205735
0.010887991933774831
-0.014212514255825039
0.019206428001281674
0.0027887243810653783
0.0012736794670867412
-0.017793647512976817
-0.027074424076476155
-0.010032981097183138
0.0065047855694041375
0.030189445044610838
0.02222087567862057
0.01946798489522022
-0.023656650958790514
0.001304325802527112
-0.02422441770667938
0.015904310830172626
-0.006708325576892917
-0.022967446561987497
0.02234414406133825
-0.01885312042084215
-0.01501028170792023
-0.023721177655519152
-0.015423397962365974
0.041456380204443345
-0.0385084810972603
0.0359083769084358
-0.019037399271866245
4.332132739351967E-5
-0.0025683556142222495
0.004623262160363181
-0.015515571086911166
0.029171750855437228
-0.01681780883359887
-0.038134767815096275
-0.013526418372951989
-0.020344799991817444
-0.004293894891596124
-0.027392986734936314
-0.02299329866279926
-0.016581624075910184
0.030612486813388115
0.006744449941688953
-0.001389548947957737
0.020251392410910757
-0.02131877494245613
0.009561448497575108
0.018105413596890153
0.037364040443249286
0.005674062519798938
-0.02690026578025218
-0.0012608351968859753
-0.03209997767675363
0.030300692289610798
-0.013666784815832786
-0.0035721433093294985
0.005879657993497999
-0.013566474800943586
-0.002021098338770259
-0.015946101294738592
0.014163435513609539
-0.007565740938997946
-0.010814017629497427
-0.031968529565507504
0.014810661089370698
0.0057196586493977125
0.009964630540261291
0.0038306048061588914
-0.020448029441425264
-0.01137212095271175
-0.0031521137553470785
3.923487801940652E-4
0.006765367221335261
0.0048883672530275505
-0.0011430302799221017
-0.016688078945066298
0.007545901441794989
-0.0036507065569378826
-0.0016176110250153237
0.0010964528844265213
-0.0034495911130110056
-0.042040575078037434
-0.0326094129683165
0.0043723693196676605
-0.0013693122688390538
-0.00976964460700945
-0.0065332015262232436
-0.0014438165358525777
0.0050225847593854895
0.003109418497402156
-0.007049847644159078
-0.013709259325832028
-0.06856016380242462
-0.019684984425283006
0.033567689651296057
0.001372779374886715
-0.014441584497862658
-0.016702746120975373
-0.017403321531797536
-0.003329539575665921
-0.0023236496444756886
0.0027700282963599074
-0.0015568144178720635
-0.004033865152285092
0.004504467344704469
-0.012849536793981988
-0.008731643055712312
8.863583917881669E-4
-0.004309653580680356
0.00454240029533445
-0.005572874879236311
-0.0018653571149539964
-0.0010728763737575717
0.0026495472261806817
-9.743440103787722E-4
