4033.8244515501888
2393.4157661387326
1928.3461628830698
5194.202756188864
5384.973893679063
3019.5229500371574
4219.5228867214555
1652.5471799332079
4341.690036001664
4634.73179042436
2748.6828455461305
5176.901949483329
4316.438192918927
3015.742445509983
3434.731916682487
4332.846868963863
2743.9164317618843
4034.731843434292
3041.5038785263
1906.017783569306
4441.421435735937
5604.540690971597
5430.390712763019
3030.390833865045
4633.824398943621
5599.766203068631
3419.8552592018646
1142.5198924027413
2262.38253475633
5622.142213477577
4594.202807031939
5640.83839470033
5608.773331941793
863.1768690224096
5056.4101220676075
5638.932272245949
1139.1579711937256
6115.26051597856
1921.3176751163348
2862.864414050715
4634.216649444024
4034.2167024705795
3026.2242336199806
2074.9892250507173
4036.2450080614085
3348.6828047953572
4925.946537271848
4292.787773692902
4633.516125820267
4879.440434180603
4223.23804061877
1837.555706749882
4440.838441939539
3057.160574349726
1938.7603395062567
3436.24507959841
4086.626095867465
4438.932321616314
5049.442611900755
2072.6069680125706
3875.0810544711703
4035.4010450840465
1657.8271730923316
3646.0952194832175
1676.1805296914738
3685.6736932314307
4312.653238172216
5250.480218054051
3694.456104802116
5363.955550915343
4230.390782954673
4295.381427936408
4374.261127282637
4755.306111888471
1944.4498967948682
3683.917305429376
3377.6533787812223
4871.594149326208
3788.9898856624186
4635.400992457992
4762.0254026526445
5233.516072854936
3380.552201121787
5612.835404912811
5642.768558209657
2888.387634894889
4277.433771459605
2104.8369445835974
3374.8639405916283
1228.9454729551655
3852.8928254037623
5527.201491433654
4721.74444578916
4636.244956101916
3035.981836615848
4315.26065876951
4893.602478808531
4877.658256154564
5384.1364672398195
3267.9648290448463
3525.9622192353663
3732.846921868545
5510.1575238190035
3433.824524722596
3403.4125496597767
3275.0810686843365
4899.277555081875
854.2911640565274
4776.008628889596
3435.4011176585236
5305.676104112736
3727.201654506884
1793.4158022843453
2080.174419910357
5652.892707115291
3710.1576872044793
6116.4380742870935
4341.448357820011
2948.002684665707
3623.238077895763
2102.3616389908075
3386.580843197123
3026.85732934243
3035.196738119208
2532.8469916711438
1835.0511203328372
5489.748686759557
3776.557228444582
4286.732574909586
5509.277780416532
2718.855337685315
4295.877077528299
3626.857310320052
1735.1934999897994
1665.213493670628
1746.0736636653346
3721.317579713004
5651.16098776202
4057.827097870751
3780.5307525504363
5595.820816630337
4576.901995802109
3578.399386779663
5051.16101860897
5603.7718132231
1385.9313757556656
2704.8369294911636
3571.7340789939085
4740.49510483119
1734.0410240257165
2446.0953059225926
1674.9852526858165
3774.15395307582
2669.298688134773
3851.1611069061405
4912.6531908535735
4085.0709201357313
4773.742392731436
4454.121096946926
5376.008596894592
4015.0051945151768
4033.5161775198007
3998.0232349440553
2892.250166758591
6112.653123383122
4872.9216070726025
2867.74127549388
2965.483361740884
4297.272122164516
5317.314186941071
4771.734016646155
2397.2673606158673
4069.9592489094553
6127.201461572586
2665.8163564681777
3502.050058807521
4454.641320810618
4476.938509775444
3559.6433787082246
2959.643403715135
4267.359199718585
2721.5973022999788
2262.0329708587765
1571.4369693393162
1680.1874103465275
5233.12065119967
2889.710592667469
3569.6995440124842
5838.9228591969495
4714.432852188257
870.2870627755606
4442.76860317002
1272.2998526702886
3863.6315554737207
4719.432706621251
3844.7210606863946
2080.7733154942084
1387.2431229879326
2339.157937405967
3677.0485692620205
2253.8114710016685
1623.734082742859
4437.049909037364
3782.8587013481747
4286.515412065414
963.690147577861
5495.877052397483
1920.0594008247524
5227.043641115281
5361.602840353794
4451.161054896549
4897.272072161924
5799.478500562149
2252.5471569815595
1512.6921201872785
4874.38517158625
3686.5154245965723
4434.487613484494
5372.141215263221
2667.9648551243936
4537.690586434001
1832.5791429219885
1812.4222103557534
5649.442580849634
4321.317519523644
3098.421505965143
4027.0437509537905
3682.1825989768595
5406.771669186639
2332.610471160089
4910.157568158802
4166.619720975105
4886.5154065853785
5234.216597755224
2262.996651724659
5678.397389224232
1677.1284237300995
1129.241491741351
3849.4427005971866
4097.951760390994
3800.9601008554964
1677.9143083186457
3808.433882038748
3869.298637525786
790.9200725819118
5591.975008723895
4875.338054985987
5238.922893719492
3022.837625968951
4283.729671886089
4117.924974276913
877.5458215535285
1777.0726890193462
4057.279470909758
4652.547063598982
5522.801629935602
3773.1865149105925
5794.202745725986
5397.30129787583
3395.6243199793084
4206.982512041558
3427.043819456997
3053.8836508518098
4327.474485874536
4309.277877621524
4662.864374239886
2872.5074354852068
3747.2119027203753
4293.602530117062
1742.155108168382
4044.69405422143
4264.181146889022
5512.653149654386
4459.121370148758
851.4393452410989
4169.13598706172
3030.0042151659886
4529.388193919082
4924.391578827471
4532.2256353163
4322.80168898955
1650.4804731316729
1840.0304500455425
2903.218686840668
860.3663063437197
3697.272167626961
5760.624697319112
3762.702992041038
4880.463798557529
2852.5471303728796
4598.0232283010355
3837.0499547655004
3023.2380998298518
3716.4382588917592
4541.55442262773
1502.3616513860782
4055.234515423158
4052.547093452909
2077.5457797329595
4451.312958131105
1515.94098733723
2401.3302005218484
4063.869530942854
3400.636073348774
1932.8470132853574
3995.624305789045
2664.4603994647996
4275.318511994428
1860.90191704549
769.212849665867
2885.214131472083
1915.5553467583882
6585.53577332393
1071.9222260958143
3256.410235604107
5382.462570825604
2541.806952125663
3039.957198957516
4065.753278596498
2891.029210404515
4854.295129626
2335.891902166582
3724.391661270938
1023.7340909212704
3710.036146567121
2534.6953616607825
3024.6355048783366
4886.732564064746
4530.697424305472
5252.547026894391
3573.4968999955045
4299.025899874496
4171.330567440822
3444.694115817248
2946.969470698101
2951.3701363999294
3856.410207701639
5515.260549763262
4922.801650927776
5104.622512922116
1146.0736835764712
1757.9466391940225
1572.941190251265
3259.6161516771467
3682.535322301636
2665.150110324175
3519.382254466069
5052.89273774661
3993.4407117011115
5309.55913141778
3687.454737567233
1611.88192657052
3238.694082914974
3269.665103947617
4717.486959758819
3878.009383861179
4741.805839507342
2053.0550919371512
4178.399365919495
1557.7309570501523
4176.008654452854
3685.575176958983
3846.6920374867427
4722.783977946497
4875.9677274402375
4282.182585668803
19419.829100911
1235.0511340229432
4823.238021042426
3238.290432321432
4716.006178571811
4720.780368111892
18179.626872113025
1237.2459593798048
4280.463805703003
4547.022926276746
985.8148383814819
3032.801648009511
2969.1058471673723
1105.0371476915543
3492.9639699732506
2519.4960505240983
1932.1970553635915
4154.593915746492
1908.2837074195884
2397.317959847955
4279.35889149714
3561.6029456342144
5654.791535612329
3995.046110112165
4921.317465174117
2937.7464283796794
6637.348172626691
1673.1712450595405
4715.93814685002
3046.095260049979
1266.0609858394232
2493.8236938919986
1195.3371754294067
3109.7706881766526
1777.59951101
3921.999005815347
4260.799371380091
1259.2704451827422
4756.136142228283
4784.136502166722
1617.6078659208142
4785.866453221593
1907.1593684900795
4358.90905987033
3514.1625147150626
2673.6750386273557
3391.4316622826295
3994.2028506185025
2063.176841475342
4889.7487081151585
3560.3704868680798
3630.3908176882655
3244.908450815678
2877.614377716033
5022.142256638899
7080.282349196849
4766.619692236982
5641.607595729247
3268.4077754736513
2962.644129259597
4879.735221183016
5527.474427749482
3641.5038358826105
4291.451616059606
3321.999021701312
2367.5587821355152
5766.266269729282
4941.689987998092
5039.872268007245
3615.7424177745133
3983.4298149237097
1263.8803695547397
2261.0329828713398
1750.0591717317143
1683.1369560799621
4289.265176123965
5850.480187032103
3524.9732765662147
4537.839877872794
1270.2530927912226
4720.107013661714
3270.7882892041193
3870.933411747344
3842.4330376134676
4633.12070620698
1673.9433525279064
2035.000413766765
5644.720977272633
5303.21860189618
1467.9941134052533
1686.232819330983
2726.9130879604577
2261.798287624838
3657.160543273088
2340.9920154718975
4277.426888853439
7552.305748176498
3254.641400855972
3270.93342539071
3785.6023493045122
3756.884270278096
4176.422504019881
4277.048555367008
4754.593882634106
4911.283574487629
867.99413289475
4103.21866061369
2342.5198529478657
5371.733991580645
1560.6949276602002
5492.787745903785
5453.756313208883
4324.391616423336
2969.1360392622346
5963.436724697943
5502.216534467972
1914.1930334833662
3758.909067731715
4784.973928183904
5102.551709642443
3121.481471961573
3691.451630647261
1638.9231620842374
4100.589111000965
7055.4447777371315
1822.4907092341525
4038.923005182353
6152.684388880526
1762.7627262052445
4215.922410415021
3765.03529416382
4074.143155945781
1052.5472067170786
4215.742378217926
1848.9198050235557
6146.68517233758
4383.35920382225
4173.74241021949
2977.6124618938024
2053.4015421989902
5362.025400800756
2963.452604423241
3085.2803174004443
4111.524040507149
1120.9345775238444
3873.6749916081467
1044.694238974665
3571.330593807945
4781.620525384029
5488.881782670738
1240.9372124671881
5037.04988468551
777.3406498981193
2666.0601182792475
1235.2017517294162
1563.669713626927
4059.5258199169625
4357.343595081429
2943.9064542383703
5375.029643792067
3976.902042230631
3132.846960847359
4844.716107229071
2067.9940987864043
1382.928670399138
4167.653611360513
3421.0784960444516
3695.906685400156
1732.610476636875
4367.2944912861985
1657.7112066659643
5836.244879631171
4537.459078238827
3997.1203468066733
3991.4316485375216
1241.8708497716148
3567.6536575335617
5367.6535624235485
5722.922076596532
3619.522925172567
1620.9447151862669
4916.438144636488
66857.96465590838
4297.444361099647
4877.048549005377
42256.42010912699
3344.9901455930144
2051.02074912171
4853.756331667785
2646.577062601503
3943.9163546610544
5373.742368475844
967.8640570887112
4116.196295380443
2360.03356536166
2161.2035898487493
2346.073639229768
1836.8547502562283
1189.068039764144
2877.128384200893
5131.475578469298
3632.3867152826165
3579.3870975020873
2661.454910765027
5471.355516073977
2926.3346449729197
1739.1579534083185
969.383309017601
3244.7210809539292
3842.7686453815786
2926.6793907526644
1684.680755535523
4830.390766845125
2040.0863987849896
4279.735227193102
4895.381377288575
3974.491866808474
5497.215919718921
2360.37053519627
4121.744468527153
3910.1200321303113
4713.522403716877
4275.338060886794
67457.96463063906
3278.009393312707
5650.805478395155
1256.9055638113462
6643.110791194592
4855.036381003325
4544.248836328281
4446.69199807607
2337.746481609293
5761.139525994031
4102.050028320903
2968.0160780965116
2087.7908578555257
2070.287026436779
2664.9997699950472
5646.691958002343
3073.38446418707
5530.139138811028
1101.0323108693601
1224.9295630317245
2942.5198487494085
4758.014204815764
3125.9466576089635
2914.3448167994425
2944.4528289193145
3133.606673297389
2048.933422925743
3705.0219677345394
5975.0313171760745
1470.2870432569557
2341.7868997423598
4241.503823585426
5499.4363406832845
21167.30155920293
3450.480383638184
1125.906602156665
1099.3505392864924
2066.3470226281
2378.2990325639717
1605.792236481498
3265.8163320885174
4272.966110959352
2431.727537619202
4538.516766110544
4075.6566904983983
3769.985775360359
5024.963359649759
3687.0295265513564
3765.078010380073
5160.874425275349
1830.7534757166782
1108.670263207215
2262.552611939072
1222.8091007496384
3506.8520475626024
4763.593596582202
2038.4102630113405
5114.38602394997
2943.3100886837296
1822.2128334316765
1941.8069605229584
2171.436958343372
2879.6128866860618
5483.727584087345
1454.566005908548
1674.724884023583
5100.589827860064
63714.74118650194
3757.159833592632
4758.437096353112
5318.011138069307
1784.1730750220004
2737.6393027997033
1039.0541723426297
3680.4638191633303
3197.2105248930584
5525.792146088135
1421.0498197728257
3256.7370248563257
3253.4015102244025
3145.2301989043845
5402.0555671202255
5271.562153831657
4539.730391831158
4855.137591374563
2938.974675794995
1909.9208074662752
4302.2165537251585
2095.0369383205816
4534.783136217543
1419.3575455875853
3725.946619618186
1454.8413429701193
4381.888710506578
2947.7871725562068
4303.392777566873
1597.9692166721322
4927.474449202682
6141.448224014084
2354.653735522674
3398.0232493139633
3517.9249867893086
2657.4033127757643
3452.547120477691
4960.472872911793
1240.0304665846122
8257.412324026587
1454.6107633550387
868.9226774717763
2926.5099878005567
4753.95671966718
5657.776233442069
4371.8618980186975
5125.53160785758
1450.6127593311696
4085.324138707069
2944.920892628197
3990.2944179493575
2341.888745948077
2279.503032189302
3730.223044734218
4892.787766806449
1664.0822061980311
4932.846818416746
1617.472311387172
3760.958538221414
2938.8158265090756
1602.6917674379124
4382.990454481658
4882.182578203136
3569.136013014075
4719.919611083253
3457.8271196801043
4331.912112570457
1561.2035960393312
65514.74110015391
1236.129261068359
2672.606959306631
3810.585535482819
2984.6406287884915
1090.675045453625
2552.3723445293895
4395.4836152526395
4548.682752763334
5046.691981612938
3766.9866781468263
2942.8968302525027
1729.2414796278356
6615.824857799146
4745.514960009612
2716.0553444898064
4000.6360588893285
5524.391557670918
1236.8547573589376
1815.6809745185515
5673.186905569915
6078.604304483721
5008.773385143112
2544.4498874443216
4454.8440611719925
3628.9572453056335
2876.3973281277513
3383.536357420896
1742.5198734333296
4207.983268099223
6084.035715873209
6898.324305891171
1800.8715145220347
4761.602868815043
2490.348994928379
6625.184898508302
3841.449596365494
2352.9456397228623
3495.1633678628127
8824.346406699513
2939.855705686817
3797.0355027842606
68057.9646058832
3872.2165479501205
3263.6315816016004
2961.6029700320355
5317.215038079866
6094.129182765088
5364.839138699974
5454.741426159403
4713.827504985545
1778.2023207615912
4854.741446217842
2867.9420095912324
5380.3953684197895
1227.0522559371534
953.3914812816272
2925.7154842060827
6319.799813483138
2844.694162274182
7382.409622810065
1252.4222320812705
2342.155089982444
4432.42907512082
1374.9472075498131
4181.620544436641
5161.205880879199
3729.2886964266254
4477.303905789532
3242.433080731865
1022.3651863632871
3689.2651891686132
7367.138299428997
1644.6942071713318
3124.3916991123097
1614.8097268418228
1035.211919483374
3501.373596830574
5163.319878617603
4880.112349975522
5116.007615041886
5833.516041307342
3268.521084976886
3388.0753247691073
4232.38670066866
2267.9420118937214
5374.058064313956
1784.8382909480015
1771.5884601622722
1668.70691504139
5311.783283682353
3318.512646351462
2293.261520480164
1204.9604570702127
4515.502171496401
5455.036360769019
4782.462606636977
3760.472880302705
2041.7453760734654
1133.752473422091
3505.8467897478304
2521.317655604303
2972.310729024762
3137.605848593359
3030.9670316757915
4295.906670201399
5121.07523162623
2759.58610725513
5728.047127453204
3564.3366869291035
3552.1625469139476
2259.4827041012923
2838.923119997756
1073.1712820216046
2964.621540666764
4275.967751643602
2877.759488725664
1050.4805055658326
6080.112331790781
2597.4971418333735
1094.7335936196712
64314.741159177465
5547.864043742091
4772.141246723386
1774.7696133780885
2961.787527819298
6133.160439506018
3375.285230340921
1861.587445748573
2880.9689636701605
5098.753129494662
4294.456096657472
994.6088655730402
3231.9424991744654
2876.848326111697
3242.7686666340255
4717.381933592481
6883.228186102222
939.83946577941
2538.7603323732255
1077.6681884150091
5503.549010001553
2542.8508480534456
5588.205616341627
5392.556300648136
2426.6072218096174
1750.2233525591294
4088.373999874382
2570.0737206346535
3142.8508308823616
4788.933801138516
3860.021905818997
1731.5624436311944
3105.021982264139
4775.029675644455
4868.93871197444
1803.37759939199
3874.8266651608806
7429.771216566669
5381.6204891181615
2897.9517920993108
1704.4217285175832
1605.0768131397374
3523.803968776877
2938.3262266784805
1764.5315256074148
4120.009897782475
2478.7399985159723
2265.4557323234967
4271.709370419951
4627.043694878896
2954.5939509521063
4310.157618133348
3616.0453521009085
3200.9601282260387
4288.472220996317
2480.794847525357
4804.340493303325
1840.046070883701
1766.2089286387813
3330.7999195589396
1819.3947024024872
1108.7296883027923
1856.8230057371156
7373.263533168068
4395.0869534480025
2811.832897696831
4360.4728740808
4713.651360722815
5340.7215901244
1222.2128390728067
1763.4137118307983
5160.415661983814
4853.398493167909
1237.5557218894355
3275.8333545636838
1773.4764582759349
2662.0949611967203
5757.5397345159445
1014.0168898804044
1073.7890519825462
3136.521781301361
4493.536160581102
2911.974657772873
5834.216567548877
1226.365736414556
4477.919516204694
5314.117026087922
1074.9852889184851
3127.4745693666223
2058.8951182591522
2665.709456170516
7401.716795364259
2705.274845974486
3703.3927908029204
845.1404659780096
1727.7084317305669
2946.690691323644
3212.6719831861005
1632.3103041333195
5551.4771064838105
1740.0760299241792
4521.308423379221
1614.8071337618721
4800.365080927832
2674.0363115127407
1778.8377212188357
5608.707507460706
5653.037754544416
4278.604326397333
5468.89854667257
1076.180566861649
3745.190381581964
3045.46156715932
1453.1641157106974
4565.327312673229
1422.6395219231954
2655.3843447934696
2069.811832243465
3760.372137231315
2287.3630100716236
2495.545818754517
2347.9970900209537
5637.0498576978025
2611.9173623160445
1239.1966569492963
1385.0205790343628
3750.1696801040503
6588.085640789012
4698.421118102619
1727.1045938239886
3921.308444359301
3905.787170482647
5963.986006796454
1607.478441849935
2384.3780283622646
5099.25721802777
5124.5687818706665
2334.095668980746
1920.552743095778
1912.0256143700897
2180.597017705048
4995.820871191705
1307.1594009458524
2674.826687516765
3378.2374875474425
2945.580059327693
1552.9483915346054
3854.1211230655454
3846.0628525505213
5716.068037009525
1548.6616706448524
1015.6062556891648
3728.292698507768
1850.8834904090138
1558.6538847879779
1863.8731666796575
5454.295110154562
4689.898561041613
1455.1465694654219
2663.1768330234563
3028.9572610618457
4999.766257728076
5443.975634566739
3902.6189937855465
5670.511289759643
2339.105978051733
3042.357129521452
4566.266295999418
1268.1820032137834
1316.4383551028934
3265.1501043956478
4122.116459510086
3259.195262146785
5642.387367737335
2780.597011264054
5142.927460324226
2658.0705939992413
5522.934490852654
5367.518940501566
3871.7115695841976
1103.287380569257
5236.244908003446
2230.73633913531
1828.9454691584237
3115.2607726142296
5097.478620385561
1466.0601563982339
6081.409056714293
1627.673242042079
3295.823333529293
2365.8750014145476
3511.9746418154896
3533.6017842193855
1803.5035345892304
3486.6261215431923
2938.665052810453
5235.400943036628
5076.208532653662
2069.684046770374
3680.5350439114072
4226.857274287038
3299.4755041616627
4325.946574417327
7363.43949610118
55304.44202322076
4703.21865442488
1672.5074773241395
3819.1376988194747
4894.977543705846
4227.689819751018
2869.81352122442
4878.604321401661
2678.009401013185
1998.8164443195196
2457.160623191537
2051.071232378697
1240.0460723912045
2492.1170093037026
2264.0205479310307
3518.3066908690625
6889.632815674089
2659.1952805236197
1918.2477456228146
4305.921595650209
6794.107040385563
848.2075545153219
2347.7872013292936
2424.635522333749
5027.395077069366
2063.984838643239
3302.6190072070235
4899.025897151825
1188.0086118433924
1711.0423679147086
4419.137676627411
3577.597159490783
20648.12922935322
3987.2733686025376
5174.491773773233
7442.734237721901
6387.776069797992
4529.4087411634955
1898.7425516951157
1784.6406678802316
4118.011176001045
3771.2083300620143
2535.5056493219636
2780.5522221547044
2612.4732238061742
2836.245139580411
4246.095210292422
5528.521659513677
5239.402996888973
5653.898319514431
4191.682339485449
925.8086360497413
4160.370436509913
1609.8901341316407
5530.339427659084
3121.0896626552103
2669.6651144529897
3906.8529691038234
2085.4744181038523
5787.776076252818
1768.023240713935
1681.6467726993508
2257.894170383474
6376.901931851285
2721.203063308786
2083.088909363426
4741.417360955666
4290.624023660937
1226.1400805302874
4543.916340562686
1380.0562951338325
5972.122217373282
3807.738985656054
363.6901599367819
1078.7894336669308
3876.2085746259413
4956.226767169898
2169.3832835098206
4927.201545001659
4638.651395249479
1713.7187648536992
3592.9766939083424
2345.6931577979763
379.61207741993246
2972.7440318693907
6317.493531251067
3738.6329820797805
4083.348093324156
1728.7791708371913
4785.49701999835
3653.8836164828617
3478.533514082038
3731.0961989479156
1797.2673827178244
5383.300306035904
5992.556294967203
3868.552346390564
4404.283408816428
2371.2621606043067
2743.8307379114335
5359.64327055895
5122.922084977674
4376.790997643388
1646.9965500177295
1101.4042212848653
3795.4836402050455
1187.2101182334357
4467.964800639893
14492.781437982629
3462.8644128839246
1608.0765475286444
1739.735514500784
2876.979762003752
5973.00140212817
3514.1888222824828
2300.047891422351
4188.103876381713
5421.479804436652
4771.330565194683
3766.351540885019
2675.081100111349
2469.8818131017283
770.358461268794
6573.694202512717
54704.44203237349
4768.4256620584
2939.1579323320525
4765.466839318795
3650.3229296963054
4475.46870449777
2343.3101143965114
4124.974898875162
4284.245832424535
5005.713963818124
3521.744476318548
4196.531142614191
5026.17784903938
5426.642419651357
1673.4752146980022
3862.5093453031313
2795.6243400748604
2335.1934918479997
2081.086308429473
1909.39004376281
4330.223040529188
4477.660799386775
786.4691802997568
5215.005116099062
3676.343535166841
2666.0436786679707
2092.2404012417455
3672.966135630607
3527.3867674703397
6959.941224118582
3656.262844236006
1417.549484442189
925.8097933262441
2646.692062126288
5056.997190946206
1076.303670166957
5608.716613862913
2670.287017723008
6090.998038999974
2628.548182739012
1065.2135284363196
5204.631986180851
1504.8369557929957
3531.5260045495306
5233.824346459517
847.9106179984382
1661.2016353407603
3584.9739610354077
4139.081205202028
4893.877709095713
1772.310768269458
20019.829081973206
3659.350598868682
5714.459416291961
4638.922949179372
1144.0279455515577
5146.548154169873
1086.5532263111108
1468.877613717616
15473.519936108174
1799.308598878301
1334.695392452248
5075.833303240526
4694.36611240441
2427.338396372151
4456.99719680425
54104.442051679245
987.909593157901
4032.495229106346
3930.79989996705
1930.960874006181
1689.2349654789805
4281.528547000129
3499.8510740031047
4274.385196933635
3520.4677348978316
6305.181907081184
2660.792876420836
5485.398797965362
2389.0108978596227
3060.542372236643
3707.079118278015
5525.434717643846
7728.464830660809
4461.1782211293275
3921.0752785291374
1906.372202786731
1915.270148792035
2878.2675296680923
4412.8242562482865
6583.287622504333
3330.9300926908895
3300.517191281223
4205.60575494142
3481.390733881019
4384.085045974773
5164.808108165782
4127.114396361775
4957.467498480599
1403.8226752330095
1033.0004554206678
2009.570963657543
2311.5240987093885
3301.5666500149655
5379.910838463919
3584.640617754333
1740.87723621715
1601.0396232799428
1919.0161742104992
2644.7210873838817
2264.743323127106
3247.9745787271754
2441.1634856373053
1118.9578042050944
1797.3179961360281
1452.1682987760805
2842.3570554398566
3110.0361624660786
2896.963708130261
5342.031002647624
4462.509334836777
2568.1710284917854
5002.455877436513
4743.069069862734
4478.009367688887
4709.559156479034
3273.6750062954443
3237.049978705243
4106.852018580204
7898.982848407736
2372.26471694656
4032.011108787265
2439.9572120347807
2077.262079962293
1192.9473702815433
4521.0752585390055
1738.6650879609813
4657.827072312605
3001.151041652462
4418.059206898796
3121.733729550652
321.83780471966423
1754.3948216385695
1545.2303903292081
1083.1370012430482
3226.917339751516
5650.25957426834
4891.873472071057
2057.680768694105
3082.53533817904
2289.7106211519526
2364.621559807749
6002.0555617692235
3001.917514841654
5962.025393509779
6786.449382800095
3584.838250685803
1390.6988548125796
4282.535309199402
4952.564642632289
2400.603606859703
1849.8437523406587
1208.9713722745412
4275.370346426188
2282.697630235316
2232.3703853600955
5201.676248892124
1384.3576071747275
3026.6201043135993
5445.064004489373
3023.960813171652
3516.9747521889167
2638.4768615133867
3644.537578061858
1190.241073766618
13225.858474930508
2363.5937067640943
1174.7696287054885
4184.136524269558
5166.266289953182
2667.4793679594386
1184.1785770487784
2229.1468329306736
5578.768515323215
13008.962587260805
5380.771003865959
1287.3323326514076
3944.9901298271443
2638.0396266642924
5078.369119639175
5107.223754247844
4166.369319365709
1743.3101340404608
4140.172492342827
3514.344782037401
5959.642886753934
1580.5970235898048
2932.6104651749592
2600.5456315856227
5704.3224247695425
1418.4198094026551
1998.0241411814845
3489.898571234957
3023.9130148651557
749.1968083335188
6869.386048405809
3022.038491467357
6679.198498651427
5658.413995116881
1737.144091622466
1387.7244926062247
2946.9951645553083
2525.9466652942388
6993.421996549424
2346.8504581939187
4787.676014521285
3499.3401520790876
4615.520833480472
4773.496870771085
2183.4982889280222
3024.7113397409166
4617.0983530645735
5194.812401606467
3830.4076992730825
3898.141165108806
5353.956706103934
1176.2207390048989
5187.776088880795
3311.23941161203
2159.586117642862
5160.624716173362
3755.5105741632497
17448.84625096649
3918.51262627918
2803.412567984784
1233.2746157481129
5319.5444506841695
4416.373604861827
4074.2469032445288
1011.4865090087893
2350.2593893189655
4881.528540087865
4465.816304178079
4143.069090273949
4341.09138202777
5036.778825368123
17526.390937360582
4028.888535978303
3517.486982658218
6917.493512420704
5365.726785674998
61436.93777121613
3109.2780082239906
5316.37779554882
3309.0164245751125
1541.538673001042
2926.089441122859
1036.9903008281647
4779.910875616501
5447.458333622522
3169.985808051388
4686.849663818301
2963.4136911714263
13608.962579348397
3992.813071480688
1910.9349617000514
5156.360258443998
3343.6068889401636
2677.545771637319
1030.1929277442202
2118.8553595784647
4759.64329954123
3804.283423135304
3583.999479901498
22196.637106277496
2344.920943905111
2234.216845261768
3851.699021158759
2369.6995750574365
5605.863697315396
5060.021883197248
2800.636092153355
5309.924666782654
3307.9284081107535
1459.1953130221445
1906.5202529367396
4705.676133133465
4715.893001713528
2233.516307932963
2335.37551426517
2857.8271249377644
3095.906704316467
3131.6121613832784
5529.983439887593
2003.1756717067944
1627.862608142012
4890.624020713904
4459.8223144206
1638.5526909353941
1455.345596454785
4492.393208729272
1860.8654586523567
5526.2084559164605
1237.4934711873937
5241.274424889054
3025.6238851522558
2002.5422555585392
5789.370232501688
4867.739630507567
6090.575074999819
5368.890866584858
3521.5661976662504
3877.303921742506
2971.11266250002
7005.3569776530785
1893.8040896345155
1913.1115646068536
771.2725518529799
5776.892686798788
2336.3479414454855
751.4630977394829
4765.726816783742
5524.351901511235
1582.3100085874876
5776.901932669104
4114.130141979376
5711.954738557603
7252.59073417897
2386.9787126631077
4473.674989634656
982.3100095744005
1761.646335880632
4253.883613540728
1843.1374508512265
4166.863220237559
4198.731948524127
2403.0367752759685
4025.710624889724
3277.6608251598745
3837.264712108106
2338.665074587564
2952.1625711393003
2609.570961744403
2262.5836475670317
2914.18883815754
843.7708132378858
4941.448307623417
2940.877165798707
3757.2948739350504
1301.4005200949803
2257.091985413771
6424.346477025074
4455.567920588267
3540.978948748946
2238.923145693328
4068.4965951410045
919.1916823950336
4428.419273987117
2071.884302803051
2663.3202803665995
5523.908764531094
5121.537562103691
33127.043496427854
5635.928507824637
1574.2432837136462
1654.0023079220011
8211.582410471048
3108.9389294604866
4557.539767838391
4404.433575762055
4887.454716409508
1818.945613292717
2783.4982821565077
3141.4484721302238
1086.232867888059
2888.06976740113
2964.881889866904
5257.8270395089685
3670.3125596605764
1902.2286620069274
2300.8678775776043
3681.6422794700543
1961.4623133006335
2964.201788593792
1743.9065214314412
1471.7116295720405
5159.350134220849
2840.6058383607215
2487.085542076867
4780.771040582487
2336.667851608213
5028.608745559193
3576.422524023049
3089.2652129475705
1662.8644604048668
5514.549424023184
2793.4407465389554
941.5386742809109
5481.0806120275565
5934.77847173271
3583.170396751909
4895.36953350434
40278.70305237921
3377.3844400328303
1484.7494906254974
2709.5791788021606
4783.300341398337
4034.414978846406
9052.590695290797
3761.6683406266693
4200.974775376707
5423.190179808382
6021.479794397697
1134.0410497632952
2934.0409998952587
1972.7202058077328
6389.370226067423
4766.863200974852
2338.8158795844847
4113.11027399051
4393.873690906819
3345.99223012995
4386.253164145576
2347.332905739046
2346.6907194153578
5005.737255349566
3601.9174967874046
4194.368161117197
3513.6513837501834
4595.624298895801
959.455696720248
3473.345572120637
2624.1711660607198
3902.862541169823
3485.0709451497037
4481.9957583917085
4468.705500677505
1919.0394236615227
4177.612410350553
4760.131086151145
1662.9541326428823
3895.017636982546
829.9280301078526
2361.646332862385
3021.856256058497
1929.711758910333
6976.416026736765
5371.197741770659
4769.10007777797
1834.7198094817973
1783.3387773719612
3987.1022577148738
4378.54977780503
3677.8160778799347
2342.8968822780344
5408.913094559744
1997.4931715944015
974.3394418094532
3246.6920567229386
3529.9750302148427
5580.110806918974
5472.729607468656
10976.05585665466
4460.3215983226955
1027.0439379482955
5141.27042127788
2286.3961643533194
7889.721619605345
4247.008168048166
1666.9955805617926
1519.1916811262201
1770.5481614061202
4172.1412735738595
1082.306277527611
2957.946616812922
12502.165594614224
1866.3849058864612
1073.943388494041
2777.6534004208606
2724.283221632426
5936.842843999385
1424.1484636226514
877.4576232717361
4760.681182395924
5913.655596625369
5750.7902770206765
26047.385479001456
4815.742355289824
4202.0555886027605
4117.215077126112
7988.693100693425
2073.2183110115984
5522.372185588993
5408.302098606401
3574.2269119710454
2337.001174279161
2950.0796259479116
2749.065684117695
5532.471345799702
2913.0096993444245
2524.391707142654
3143.8253391874846
5029.809868156262
2363.4137080778796
4491.250035416516
2477.1099942785527
5316.9931198403165
1630.988842146831
1892.0466855318066
2285.214158555731
2670.9334351374314
4474.364432155446
2020.0659836181042
2929.975030762268
3522.680851566074
913.6274465277955
1327.2017782581906
7091.440480321117
12241.795204648803
5930.215433801107
2519.016169619153
4081.3184121930385
2365.4834005831976
1583.49829495343
4084.4014506429367
5318.785503426345
4280.112355880069
2349.1337732944294
3179.85452343773
2056.997043553206
1606.8325787711783
1316.5355390315754
3670.2842890681895
3921.766731211281
2380.328085437476
1463.1768503465262
1191.0372651826933
3682.5314474650713
1169.1058815960141
2259.930222263132
4437.264691503615
2364.8819280364833
2770.229910017145
2637.0499889817124
3743.9634713722826
1071.3319656003848
2909.5578541021764
4036.3492428313157
5518.056024908662
3091.451648715477
4849.512202052441
13646.487272003409
4467.333760548267
4173.496873340926
3121.5045711449625
1328.3461804801968
6982.091343543827
725.6129465871942
3090.0189365288793
4446.062832346879
4163.190077792347
3106.87661263396
1254.120075864387
1283.3194743759764
41056.42013796152
4206.771693443916
3261.178237367102
380.61195641674436
1254.6225394787373
3528.6542306260862
1760.0335800483103
4828.142136956628
9475.368869562784
2665.8465569776754
4891.051787746431
4438.081757034158
2400.575774044415
354.3968936566598
80944.19669106776
3589.5673394820988
1706.4789554286383
3131.9121329986406
1137.8892718972643
5545.530173870684
1873.1389270376144
1300.622108136246
1719.3688424633804
811.9316485575828
922.6037490123983
760.3354672016357
2721.999029229028
2334.0410176899827
3679.3589169555753
958.6538909873015
2347.448033207848
2435.0511066280146
1746.5866974434753
6971.045665964768
3899.6542614702726
3321.0752941752758
961.2148794751837
5777.747404845176
2258.692535619451
4175.029701501676
637.2459742486506
3702.21657659181
1380.466547510948
2984.8382559242227
1080.7454144057315
4189.01555706423
1524.6026481159495
3285.9859027381203
13599.795130321565
2233.8245889721966
2676.2085907607525
1909.4098879159546
5721.352728928904
5582.826110516772
3989.064130719907
4507.223763394583
1610.6656212977402
842.4179791073525
2340.877218429084
4784.620589798287
5070.511308908279
867.6439397925177
2276.8483527379462
395.2083746419643
11268.429718738249
5368.425630921419
1864.2179099029406
4931.787161769836
1714.029846838649
993.8318600046312
4438.029685645866
2400.871513508685
1657.6927205852355
1741.2645012126595
1855.2743095646952
2971.73409980454
4125.411194473054
6495.158045941944
1457.7504702052368
3127.2016977463672
12875.248050510865
3585.9224883722263
14480.606775847933
1862.5342543959712
4878.018553787297
4958.909059423906
2482.709832458148
5533.2047588063515
3515.968856139368
4906.520215674386
3695.381473268528
3830.95450841105
292.391876036895
924.6026496627107
6056.8203633737985
6023.190169969134
3251.8435435541014
2316.0738326400424
6093.602464423329
2075.5847336486213
5097.061093439852
3105.921624421494
379.80191483833863
4385.171989204726
3067.7913743194745
62636.93771992605
1302.1929167657827
2288.2988753856666
1387.563307984558
2031.6408219197801
3276.9385356081375
4125.6064313695015
2093.2834777179755
2061.0762517434905
5411.539643798527
1006.6729662559636
29728.627849850793
4847.008154241063
36004.49314888544
852.9014060638264
1186.0850240306427
1784.3780418493263
5738.384753888316
2991.3028528504587
1307.6036105619567
2935.405957155354
1664.9921841976059
837.7970812944832
2676.9385422623504
4192.55631515688
2937.505080268344
5003.771867577544
3883.9671175001536
3027.940360197442
1178.2023304996524
5483.729637324089
4223.180679463785
3989.0983481467188
1465.1501476511648
5394.29779273199
4461.84638993355
3560.2510081606583
1480.7733368928023
1859.7930719034441
6576.082233351876
5200.89052367629
783.4165258684269
3822.1422827748434
3584.649404694398
3572.552734465132
2150.8342495527513
32789.091268555225
5345.316638608231
5789.2837694145655
1187.274707030032
1735.891913203878
4220.019321483026
4683.468381685532
2919.9196308588607
3302.0442581123452
3480.907896279696
4512.163601436139
1258.8157864198374
6952.322103066538
5977.268525905761
7230.043413596392
3133.0998644498354
1713.8589672694616
2267.7412986336208
2360.2510241775058
10965.841983350254
1401.8232825867142
2413.7095899643823
174.28960140583945
11299.970196761755
4179.910892509728
2210.967649108054
6412.452488736142
1184.17308892279
2280.9689878934155
974.2432841416864
1546.9427617013375
4165.6133622782445
3529.666159276674
5059.822307351833
284.8952695468204
5419.522811543999
13232.261264179353
2940.9789490335233
2951.1189433484988
1456.8993633226207
5521.672355288706
1072.507495450632
4593.440704648771
3540.1725030896037
4503.891109742688
1772.2647311116364
3041.1451050316778
2892.670600768194
4308.659885229849
2296.5792288043745
5478.018549524566
812.0419649951779
3574.3828793567764
5184.38400423077
3814.027909906478
4483.897479574509
1142.7212743713037
1073.1580290815943
2326.334666113661
2026.9815334445107
3516.3778428099695
1249.0535053275203
4884.895153382586
3934.7831959713867
1458.496315842009
1617.1130386118184
1559.455690928874
2821.078531016787
2839.7703573482595
1789.0109092470498
6146.240840280213
2369.105864872811
2773.90806329092
3645.4615568496874
1449.0667097342455
10186.385941555101
1098.2359467096883
3973.4304273022894
1290.4359694614368
3095.381502480804
4849.978898028679
2074.036321817361
1756.890417153189
3584.0134963245364
3477.9822916301887
2001.8024334151273
3984.9963172386497
4113.651375224469
5320.780367150301
5437.348212704457
2018.798555929899
2656.7459578594453
2365.6134442280304
5095.675623200103
1095.167643046642
3774.261144736516
2303.218713160718
5967.019502873008
1610.1918999228785
1875.6907420576244
1232.579155254447
1067.3364102475414
5119.169199972366
3034.595697664253
1729.206362743238
5501.535908702068
5523.518228762047
4521.115251309229
3582.88595605203
1244.0224649686356
1177.346152457411
3828.4192920078954
1624.0832964508222
1754.6537517192958
1556.7204589221224
3533.401405642327
4954.992572141209
4480.642124296452
4292.956534596263
2879.9520809720298
4304.180258128938
2891.324499648154
232.33316591736562
4114.117065695196
3678.1079440603303
11285.429336736253
729.4064816404418
7416.365821147969
1114.0298476382527
390.1369302258069
3757.3436045530457
5620.886211613094
4091.4293272242794
1011.8650123673925
3564.731335788323
4713.425639489527
3527.4235365606655
422.0427319887469
1006.8325859141206
914.629389049827
3678.81476505196
4852.578417319398
1562.1688255814827
2275.541816051954
17968.925513140945
960.3097585268108
913.5433338061177
898.9338695219798
3278.369172922838
2275.7997611609435
2638.7313717646844
4600.636052570363
2456.571596475116
5638.670985227832
962.1688295108293
2106.419115160979
5406.759101912047
2148.682911765408
3688.6167444302937
2371.5884577904358
1284.6032425035658
2597.663219741722
1865.6508895430536
2837.0220468831776
2873.922021945068
1596.4500226234347
4044.3776737034805
7566.741212592576
2296.802224333566
1189.7310033490496
4273.131695551281
2295.637364956106
1678.6991731664948
3109.254195841251
2276.9797818938896
2765.490697581583
2170.2299164990363
2011.91739031992
2589.9513273195844
4832.386698606263
5852.54702300571
3944.2488950916813
7134.628966443727
1613.1716780028898
4108.864307333894
1099.8007769749465
1453.734766212529
1475.4776851428762
2143.916494910692
4936.8573659261965
2336.518362838449
2293.3871208757487
1602.8071715040508
6205.863692421139
6092.997353346303
1204.614301290212
4991.323155208709
1141.417513811661
3016.0453684150907
2434.573957920792
2135.8124541776356
14884.408400701617
4613.2944654414005
3338.1223436485407
6084.03159945935
2794.283812588794
2886.919377972546
4415.21233109715
2802.0931139698246
1944.5037350185996
4901.553062632102
3007.903136797264
3019.4034435089584
4003.412535195771
2587.894195054826
6082.839241880331
3586.1003204394133
2788.0753540347955
3094.4561168378395
2316.350690003639
1756.4014113609342
5386.61246197921
1315.2608455472919
5069.866027703571
758.8351561253961
3160.958569714493
5757.869630282198
3539.1124284520965
4691.429322215703
1509.0573499321652
2873.899335842069
2478.4731062333612
1450.7623737505119
482.3062857722987
1141.4043836251615
1928.1748466579252
2730.798850807834
1619.306105030614
34369.73713030971
7357.292879923949
6019.768743475171
3575.291695057073
2532.407981771527
1240.4221189397063
1224.231618954026
4716.377821051751
5409.807751936426
3455.2345498999375
2521.089695191093
2277.665115625747
2838.8310155950144
2184.7677134621276
4242.516367939006
4893.183479525052
2304.9845158261073
3031.156668325466
5392.750985013482
9201.494230554628
1729.7613392730766
5529.47844823162
2918.011187324461
941.9853778249824
2941.917275130575
2862.671974046161
3950.872616638815
3753.735452595222
2623.678576583412
935.1733876569097
6082.550837552711
1593.8318581609321
2261.343887604916
2654.912331190468
5153.242086643633
4550.406988202007
5078.0093395071735
1425.6090269052797
3809.7090920365677
83944.19656256963
1958.0762095543882
2916.1963395009625
13451.961062897664
947.0183655482879
2623.1923146351683
2289.158762868322
6048.60788054052
4609.836390736455
4476.208559688032
325.29380034200665
2263.2936301913846
3571.3921873389527
1184.293605727137
5427.259054166133
1084.68775033926
265.0487246098826
7656.568593736885
2597.945479587567
2190.643951561774
4504.421773901632
416.2209881168365
2942.8537997700596
5161.139545301081
2997.2673501626473
1008.032185761969
1997.5871908134282
5470.672532409686
1726.435004115988
1089.2349717912552
6324.055166048056
3131.096212939334
3817.5065776034835
761.7489614301244
325.8143498624596
1697.854212924743
2554.663161264865
41656.42012537344
5671.193493673782
1381.2027677594504
1997.7938372999656
1160.2510566102014
3376.784155377548
3500.589136543086
3495.4505455300937
3304.728003845703
377.605146772519
5313.425618452354
2524.506531398495
4005.01440266269
1860.3833343557505
5516.286872792831
17180.307749525477
2520.277793114635
1377.7584144568934
4449.42144235647
884.7494929954854
2769.1735522670497
5149.976661326677
8266.897062885704
5211.604339635315
2066.0601371147136
3124.950704478071
2946.3037429864976
2301.775864909504
4777.757485684043
1705.8252563861122
7256.258135285858
1187.0219553285028
957.9046286240717
3383.429833315388
4128.037496732497
2428.9572831826576
4432.667360306583
4249.512214165455
2856.2648777151767
22176.311546091845
4875.745126212574
5121.352736924099
1768.016105378624
3496.746400377471
3875.833344295287
6025.7171953637635
8587.15001439031
2279.4247121624317
2468.7279808869434
3249.442729265796
3876.5796849701765
2579.014533791687
4035.041339455239
3921.5376121625777
2892.250884842255
4140.495123357989
906.4191343553887
4140.734365562051
4987.3020219528025
1527.9127943030585
2058.753988738427
2271.345767994414
14557.1719097142
8900.778584701351
1997.9454912747287
15307.370769483061
1769.75755736693
43456.42007569892
4092.9639673974066
1064.0822411366596
4168.016000508166
123584.72787000444
3583.1984004468645
4882.839262317203
2462.8735112336253
5637.75201862069
2661.094956300882
2348.707549427571
2656.23388303891
1138.6651090195846
2449.1615508969726
2735.812446710777
5978.320278203232
4714.0741289085445
13144.432401413416
4170.264423301296
1899.628852978958
1104.3992269408411
1077.459207263504
3829.9037727765344
2925.962252846938
2264.6897150942164
3686.346816373205
4521.978247034839
470.9455829105297
3272.2165617981236
1230.7534821708714
201.51085795580087
2941.6291517847144
12436.470151426902
2149.065687880788
2775.285259253168
9177.283952507709
651.4898574916563
3652.064408183488
1752.1625887189446
6563.589402743092
1358.8541304469688
1261.5874511739344
741.566874632023
2533.099893015253
2971.486847578285
2509.2542286296234
1546.634315996956
1285.7554344334478
3757.5356173684586
2060.3662845665795
2630.612147510176
3080.463845159863
2403.3095951831247
2729.3498338166837
3835.537535207594
1813.1632425461119
3886.8752813871106
2850.480425954005
2064.999800152681
3252.892853902925
1744.9209585650306
2451.287798813491
2891.1753526804755
1651.0821695319696
1648.8994004814504
2843.6070429873016
3165.4176817931793
3253.294664698317
1474.9892457751453
4767.51897160653
2288.8093721791356
1332.8470432569804
3270.3714484314783
3197.1798152560837
3473.9687473554845
4692.805481952488
2286.7989849364094
2056.7459804980276
3484.7338416908374
2278.933163580846
2326.679407872027
1106.5404238587855
828.9685985421935
3581.6205496002685
2675.4776481285094
2095.3314758044394
3886.1806581751202
1636.253268236551
3540.042730275875
13128.330891778764
6020.724552237583
4528.305542965758
1192.5667588755841
3585.3193804022685
4850.143688441897
5443.1108307865
1384.997471588272
2675.833360100262
255.76782036362297
1653.8114970027575
2512.653383411314
864.5509997305793
2281.083764829534
738.8119838368889
3458.2922164823563
1032.0309055205728
4089.8985652943534
2540.7936306267766
2364.336714378248
2886.8953087118994
3819.6606496553177
6492.504132417035
6306.147839667337
2001.092449991862
13880.606792189456
2343.349855386808
3126.1211753034304
1051.6515020123047
2446.8305177418897
1029.730299067986
5748.170964466303
5445.868969477782
16085.135667243703
5964.926445651787
1056.9360865829565
3527.8130673782725
3869.2148026389405
1564.764372945583
2415.3937591783806
2606.581816568892
1279.1231754837038
11765.6367563881
2421.7131110815412
21767.301544787522
4206.603467614189
785.8394574011419
1177.5995226990963
1071.8859734645814
1493.6380742972146
3973.010786352499
1570.4872120064865
3678.443440557422
928.527397962552
2279.612909636302
4678.157427415024
1953.9365500915
5023.755813847244
4229.670658803032
2819.8552941595335
3930.6974850050947
4763.955582124666
5347.844931800125
3103.3928051171665
2306.652475066858
2137.639307326112
1602.1118134341757
3675.9280236148556
1173.4764727574643
4038.5201436039492
4062.864395776112
2458.793716118419
3943.6068711153944
17731.08135678331
1611.3347166603658
2401.9175327708776
3108.873671067738
3765.982445673239
3137.4917832941537
2344.12835684184
530.0420142433312
2430.558111835518
2497.3478707679888
1738.6733431685
2486.0668538093073
44417.19859324951
2622.254928236871
2379.3871405871455
5316.949788548352
2463.568744844933
3588.9114656542597
2936.681852209974
4448.765995826824
6370.907043086316
6142.309655890563
2475.193246027565
5263.305275997978
5276.119831606968
2303.335649160506
1735.375531942541
1540.9311925389115
2979.904507568766
3578.147699955356
14515.176815906309
1826.140074891263
5121.998953388581
4486.48559762413
3966.2663202224276
1840.4221184205212
4101.437596668901
88969.43331773952
1723.4274299687388
2978.299014562129
1632.795271149438
929.5500071725845
10953.07193629637
4753.275859025332
5462.974309376682
2430.936378539576
1460.0219730074346
2571.0052652001295
2485.9425184202964
4409.062254961779
6959.20470613222
1264.5327607964539
3748.0539717769293
1275.5516976717215
11399.323614152763
3390.2944399427593
2654.1179260262816
800.0233472310333
2360.094054151432
6488.976801497653
5786.318259401841
1150.2969479424812
9144.36446683391
2939.8280092110517
1251.6422959688439
2640.962956047985
3555.114204578156
5297.95169759598
2605.6867449883443
798.6375482849909
4152.162511930366
2413.419917513409
851.6555974892642
1106.7718819964878
4709.741184395979
4470.167341302101
7078.639953276059
1609.316771301977
4293.804056945538
2538.4830782715294
4475.415116978691
3543.1248489111867
4204.4320915860935
1132.642318363807
1225.654486785026
2442.3571441602544
664.9138696904947
3205.9101933090415
15635.317998423208
3383.4982716952522
548.7770822897878
1541.2704713361315
658.3721658611632
2013.4123495736624
6394.202744592216
2313.952553170732
5418.8677708129435
1653.0428005216133
2957.2132927812763
2346.9695210786317
295.15168326316723
2657.882063420684
1455.122683771717
3250.936823305845
1593.0496670396792
2073.2697155603246
2266.398889669954
2541.8234869205044
6026.642416933939
317.499630455792
1200.8715208338829
3176.5572559668776
2070.785390773594
30287.03176067917
4510.403309656871
1262.7262239116642
3526.1623122435553
1732.5373779465815
3516.800011084863
3565.613409805696
6182.826110412772
3677.426914068115
1998.0472245009637
5322.783976327323
4279.847212133906
6123.989430702396
3072.8039061212307
1734.1331297934437
3066.2840981185072
2891.7406423220973
817.84149969848
2006.581820377061
3834.487630889404
2622.91019629374
3132.167132651949
849.4731580839224
1001.0396258976892
3556.3384964039515
3639.117872701683
1262.401970739902
3399.117344165652
2071.0823538956315
4203.2664922029335
7679.658031144911
1118.0204483444577
45729.402391205505
4306.520222015472
2622.717527948615
3188.9899021730453
7225.568127263037
1170.5481645685134
6621.082973369527
762.133198567852
2850.1852479230465
4231.107971466382
2367.6536903250653
13678.763236512523
2527.474576606152
3515.9439133346004
829.4800600509843
3525.9514689839034
2735.516877180456
35702.76622608825
4701.71578954295
996.9080384375019
4393.861315598917
2393.254211075124
645.2874265081003
5415.947596712445
2937.78449292763
2798.023268720152
3433.35671573992
13181.71143711734
6168.104819078222
3146.583994748193
4034.201420756509
5053.401462910589
4039.0423357562267
2552.5381790417564
39899.83534601846
2902.2201736625525
2668.9253626703553
1731.6454719483472
1231.0693884152515
4898.067947206648
4541.270427767876
2411.5634660594683
5984.011415309654
3277.303931640696
3706.5202302700527
3152.2605050201687
4702.050023632836
2481.1244967092175
5566.0844152604495
1576.1157514011134
1758.936447630582
15024.620826572174
460.76340687291525
1648.2246158704002
775.7074029665328
816.1600984336123
4165.726845708946
3683.637289629934
2400.326623970534
2469.7007657155723
2638.932398716413
1209.9111396700534
2620.5707851479992
216.9239395984013
980.9364830634398
2277.6143984333
5594.527431172699
7010.071036446203
3241.449612876402
3033.8720671922015
3119.0161622783535
1570.2299224816547
5048.5994642961805
2461.535345859213
3588.9477184737684
12841.795201553447
3572.2852077729476
2509.77072154569
2937.43662541759
4892.734923755621
4277.590064579841
1032.18161925912
847.2757460589106
1197.3180028356528
5496.280917566299
2361.787562006055
4369.847519694231
1243.1374572106752
3032.3867441063626
3572.1412862568955
6457.412370208346
4180.771058558009
2621.8051924875754
956.7204595879316
1130.049221298954
2295.992220947599
29904.7413345579
3053.2005830407875
3590.62444031075
981.3996085392378
2514.983351679468
2727.8078226407683
2382.7381434443987
2880.292293777105
6695.469841809774
4853.913882851382
1101.8500760717068
2797.549781811453
1139.7355195366335
4716.073776350041
1566.4052683339855
927.7951733474396
4161.833183367091
516.3051825517207
2401.1510572953443
3820.923322340357
6566.503096109223
590.2410872335549
2301.9955973930178
1550.4070307333623
3264.2692822607487
458.2724397630176
1145.4248419752525
4199.676345557408
4560.874448643747
3808.406416036618
859.1953172880053
5306.851998778308
3870.788273639545
3250.0530398699248
2718.5126647491707
4119.432730717462
4246.389527767687
830.6449213882598
4579.816171413181
1273.138932662736
24453.78454655976
4117.62083708857
4434.265923040614
5347.000347353175
1474.0363414304122
1077.9655095849173
855.1226875803936
27373.527898690958
6628.004426990609
1938.8436492980738
3219.1377031233715
4794.297809220321
4114.43287685129
2950.9153373142376
846.5234838633979
3552.108239506765
4742.961952747239
624.2316316659183
4523.604157491983
2242.3304434284264
4892.151675327465
1361.4623161151387
4664.404489541286
5051.698980365083
4278.754596030872
3880.8257912573026
19318.578473551555
1117.5382467499194
1841.5039885743538
2608.8200386782946
4640.76283084862
3082.1826245614134
3400.0445971355343
2254.6464936236475
7712.911619559334
780.1143372443069
4496.747356713652
289.4241131962881
4197.791400069091
780.3837721920895
1851.2877997808512
870.3714978064974
1260.717717307483
1739.105993536936
4171.197800326155
2276.103119028227
3321.308460118705
2561.767013137495
5344.300934204658
2416.045389556121
3858.7641960853425
2319.3688399899343
1669.4776328745988
3318.7117869235713
1858.8346388921948
4471.711557616103
4252.715754092749
910.5312556374537
272.42537805987797
1125.4600736150692
821.5338847761552
5982.341616523585
2341.4224432293227
7623.483549426453
3276.2140906836535
1984.0151202595828
2263.645518042306
2189.474302257832
2270.662743821901
3206.517442412306
13924.187913947371
2766.138751594619
7559.941213389331
5418.305347004888
2595.4793724212695
3120.2777595068624
4764.839169846559
8265.238213765893
4172.182902407038
14593.76609529011
4192.078169622898
9371.04562700268
12503.11034870119
3812.824270290776
6623.719345214417
2731.181706118687
4856.571559718713
4410.975365787064
1715.2711882977185
2918.3067040612636
482.28340178988486
3014.516518121424
2653.401523319759
4222.0512237702915
2668.521093756992
1263.8731756958305
3166.3515515105014
1858.8157848270912
4066.6127113860844
2464.058615440829
3274.585651159172
4884.031620827966
4291.873474621911
2295.7926660660187
1241.4228461464832
2983.7689103117627
4978.176761143882
2786.1659163222757
4683.155324074293
929.3575188873971
29128.627863461403
1889.4147918885067
1111.7720569619166
76614.44583859056
2786.187731407069
35102.766235518866
2440.801269914329
1726.0774942876951
5316.073758030471
4224.308742219733
2700.537903836268
1992.1056374510615
2065.1501267193325
1733.0494021457246
4087.9451363622493
1998.1741947297253
8921.602466544335
18954.936479815744
5725.531600884842
2273.1115251932565
3571.1978138873747
9983.212107223984
4751.351273032355
937.5132944566077
1168.023255382135
15003.519047201406
2150.407025137294
2183.704240013033
2333.895136560653
5475.632309959559
5446.66744645747
20299.841083498806
2373.912091247866
9011.250769238692
450.48051864622386
2546.205712209662
3939.7304530737006
3275.17976005929
3487.6866866635473
2600.883835106961
2621.7278313985844
2819.0443117111936
2781.2133452347607
5872.628389407145
1863.5597628320545
541.6423544446284
6212.674506576568
2702.169352194638
4441.44957826107
1306.5202557686112
3544.362395172889
12530.668249921704
4934.37014161699
3101.055422426333
7133.944083489142
672.299869727532
5519.852452867512
2224.60087796205
3576.31081093226
4214.320225645468
2913.179367980156
1718.8829527526048
2459.1574682711885
527.8251494802672
3289.972770482725
5425.717202712986
43217.19863101143
1156.8904216123997
5073.1869253398045
1398.6375466688276
3594.0949152970184
1445.8027917108366
562.8227482401061
2890.927079437251
1846.0953747636954
111073.39822773938
2919.1644355181597
6832.883258847002
3283.4641234650894
2427.5577482627214
3564.621518266451
8039.276935914826
11715.366751655478
124784.72782811573
4561.037479386945
2456.354462561598
1415.6344883622246
31165.25327903188
6900.042861095389
4329.288693338754
3369.658850734428
3051.8638642581413
2657.6807602819968
3130.1460779314784
2938.9595722179483
8248.018252923921
1294.0076456928984
13930.326217547154
2985.7320582478255
1033.8245687887384
1609.284074174167
3397.9926205271745
4406.246013044935
654.2004618844943
9235.811171030233
2534.32543603452
12747.599671659162
5316.785497913243
3558.456328659916
3533.8363621577323
1717.046883080781
3592.627974322869
1744.109918103204
1414.5105221455397
3358.807827148983
1734.7983965983728
1769.1058661462237
5572.189449530745
40700.16937604732
3693.8040665797057
2848.1960048206997
5336.491758952267
2345.9418974310197
1104.4217347760946
4369.896191284448
3868.407762007016
4988.205117690373
818.6033446972823
5005.646721139863
6147.553419253672
4505.720244053337
2939.112431751005
466.50668596306576
279.27596693027243
4591.431641427445
1401.9088907237876
1753.4491713801674
3872.8674613005755
12207.015276810187
2282.1878596904758
2285.8412338489975
5346.157887550622
5395.923148111004
3104.1802860990306
3831.7046729272147
1138.6083545484278
3440.6360702546913
3686.822481045405
1924.8803577385756
2659.4763493925057
4503.43603474763
5532.846766057989
3235.3548168908615
872.6070063197686
3613.2579569206437
1385.695374183508
3313.093515244558
3212.8242784091017
1092.2581381274952
2455.6022012890335
5122.2682029465
4068.997782067206
3801.341616877396
4121.272032525049
2237.0497725832765
3556.965262959767
8233.196147297287
973.959518384262
1371.812584354253
4102.897402887336
2414.516536895736
13110.703360609246
2880.386689494182
13305.564017362982
2928.981169140537
4130.279439673171
1928.4516058704348
4714.586157821392
6210.110147193517
1618.0327084560413
4499.059250407626
1119.4726867564482
2354.248203252656
1769.3218028529827
3681.0324442661727
1729.5576853536013
499.3505482613167
4455.090035753339
4098.115863728343
3502.8735372922174
4745.100265538583
1616.1899528372176
70029.10155218822
1566.672756431594
2395.0464687413996
5126.742705707551
1856.5715997445725
2963.802788059108
2922.527921929014
4116.073777135046
8273.014995402198
5376.584176266639
4729.087575463081
4899.63341689088
5198.001657027243
1256.5716010983979
5341.153557032863
4806.150279923646
2750.0153018014817
402.51438706794687
7130.91255156983
1657.0920115105932
925.7910989075972
7138.6651124488835
3479.5802281094457
2599.5264116737076
1090.3895071606548
4428.198798160996
506.9808725430743
4953.3762351205405
3133.2117403094603
2786.8379688808955
3671.7093971805316
5754.81761150742
9466.897054734218
1241.018609256653
5120.823940498401
7899.675470813791
1177.1034637283715
3389.706229231793
1581.7280186693274
1778.2990540342462
5043.837685452006
5104.150773291604
4653.719094395658
3135.4284702962113
3748.382781492861
1136.3479748827674
2533.1008633003416
19737.088804096096
2881.7750408407
2256.2142252927306
1932.1094208003944
5227.01037309334
1332.109424320525
1008.0765509606291
1814.3436907185398
7112.9116240064795
1971.8125817259288
2069.298702839916
7290.70787797201
2632.3346119296643
5620.335579069263
7543.140015290328
1715.0646992000331
2861.043538129343
2291.0292393173904
35439.9638114561
5373.094861033612
3111.2837511815187
5093.376966416994
15069.475788130212
2395.027690467352
2608.2702799234985
3585.6394665328053
3677.574220555743
912.4104883978475
3295.38661295476
1741.7869163656856
1964.3260979587133
1803.8460957320622
385.81485116728186
13099.259419491622
5490.238852332876
2462.9279396368293
990.1417052224846
9156.196915288068
3380.5970010755177
15287.575724184742
5909.924663048694
260.36633777464243
13269.013058104027
11689.865660622116
912.8090847248407
2359.132824307506
3504.3557451985703
2905.3921898607637
4061.6894300354625
2061.7392432759098
3251.699033224811
5414.554205753792
2259.9402026997095
3415.89377965358
222.53423976731537
1239.9248996617973
3675.0765839768633
2755.673161393537
8529.968126654165
3958.807815867223
3023.048709374153
1572.7387852289828
2425.0282670679258
1149.9192358473767
2678.7208900408036
764.211498287528
552.1626007158402
7018.331184447758
5711.560797711852
2379.607255683776
3112.550909424011
1998.983752157506
1793.2543493066864
13046.487286394562
4477.165030587997
2502.007840478088
1130.945358422222
2880.756374880927
3409.45916447226
1748.7075522922567
1725.0705359826707
7190.73836086069
4718.785528068881
436.2497799630485
6569.253652645805
2637.3765050212633
4194.598889007708
3518.2734322286005
1187.028272966796
3273.1847366354837
4618.54916914146
2993.6279869349696
3821.738779645642
1513.627444760576
4677.17012162027
5335.563716607802
6190.820142114675
1104.2746375178301
5039.072748330662
671.3009136614442
2912.9618888646523
786.4428397176113
3494.0629025559715
2676.5797013793886
4371.827880598457
13666.972161431238
3096.6250286582676
3513.1793632768868
3514.1170740993357
1613.1083815335999
5152.946793048514
5413.087815490646
2838.0274698699236
485.40702494157495
5584.174122044453
8248.506291412572
2641.715788701349
171.2725619146964
1734.5107880727787
6287.001260373261
4297.612192612598
1093.6510331967481
4435.312627322941
4879.88932367649
2329.784348037333
2449.0038374226656
79943.09224694774
1161.6463411604784
3681.168281403387
27709.067233416168
489.268426719843
3588.512477804631
2664.854723814323
3548.7740859411447
5038.932298712486
3104.222635933523
2839.8569259188907
2073.6750496342993
4208.987506627595
908.0864405937185
4385.150865693013
1397.8637476036297
7720.417116106932
2052.0345916590163
2072.2456871158893
170.35847788087668
2889.750427591906
3103.793002801951
5493.437465935174
15803.783839971513
4848.256146677398
3612.2916006169507
4476.653944158168
7206.978727139805
401.50074716521436
1103.9633206043197
2596.690749869623
2567.0843928961776
4079.5802263802666
3366.165073406932
1492.1193685828584
2917.925018211248
7325.1889240989885
13917.028706011713
2297.6594200089958
2373.339289891606
2744.7775445828033
817.6616705670936
542.4629373159536
2890.6023766294734
1493.3770070115936
2066.0437090917935
6593.50937563645
3880.0219055658404
7685.123412331236
7384.060863077421
50433.667453067115
3568.425705802684
2347.165367925498
2940.260427997919
2254.0769804265706
986.8302429163166
3904.0283072386032
5929.053751279443
3088.4892641124875
508.67027033297165
206.27832397734207
5118.10277071031
2405.674248103084
3518.4051116455944
3930.930074093113
3879.2218948305826
3682.277995590039
2430.2248887002443
18557.410160494892
508.82585625900225
2563.3728655812292
52304.4421236651
13628.367091469532
1702.6015486147317
2709.676178775572
3096.145463482453
4472.24562459936
5237.943483508212
4552.705925224319
17017.500891107975
2545.2302265771405
4005.8588063169723
5639.59443483036
12457.349254439445
2079.01964581156
1838.6304309633394
3855.073879036814
4846.389513739937
4929.286932404348
4476.579669612011
6151.477102693449
2445.461594417124
3000.193047329128
476.3036815555463
2443.4195671215466
5119.620866985697
1401.2037138398864
4179.904501302759
3594.9475886990817
38699.83537046118
3514.130143996947
2541.768584272251
4882.890972787327
3219.839179284272
2056.0436853460533
3451.2472315992113
2611.26411723189
2595.3805568718026
1978.59167791927
2335.670889481696
9148.04387734609
3443.063302040037
2209.0310059944654
3600.440004719792
2620.9577270333957
70457.96455276808
1650.0807244162572
21596.637131703133
3587.523964644045
1424.996213561526
3118.517951853009
4077.9822901562234
3812.214677709988
1203.5674804682699
1034.6522807497383
2417.301354736092
5144.96172000404
1824.0223976631157
27793.72542476572
2421.898577288551
5103.81224127471
12408.96260606848
3746.6072648838604
4348.1612986597265
2012.4732519989304
4689.413024667242
4682.1909450639
5130.307017996924
3764.2495016467196
2386.6980663256472
4516.439728585712
943.9717624056271
4531.369525561165
3124.4660799264593
1405.8201515266205
17697.210074077553
3126.7363467884097
3814.623207753968
4090.8132751800053
2693.7437591322755
3368.344502083759
2398.450244896187
4361.838136060413
2383.5580018202527
1076.1436761451216
3221.210917221917
274.9892937731551
1056.9288057345648
3196.3690829840302
2036.715361426545
1114.7253148815655
7193.740352663632
7763.892959050185
1904.6463853648108
1507.2238034650727
4521.537590314118
2323.427427200869
5075.819802284791
5717.493550185702
3097.347837324297
2416.651097179309
3111.5514757345727
558.2955293077829
4926.764434473423
4144.300960840076
2070.7883366286796
39070.646189015686
2506.5202485540794
3911.2393895752725
3116.4372324517785
85969.43344255253
28528.627891135202
1503.916047881953
3068.397827485214
3112.075617806558
2455.1854737231984
1719.805179924284
2364.0196334525576
1778.3994649755552
1281.618722706189
1293.804092237772
4085.5500605313655
16164.622336206688
1465.7094768481682
6221.5773544777
4493.376974151146
3901.1384487722617
3815.7954937269383
481.0103867883481
2906.7686709928794
1111.6779529511516
3838.6191384521635
7745.490597611229
1788.4075728201651
263.17690056929194
2237.4868273565894
4619.904044232661
308.88865660514165
2527.4340162239273
112873.39818440669
22642.59409252458
3174.658230308098
7984.06085768984
