0.06434198749066967
0.1074649110309371
0.05789410457339129
0.13170173131852722
-0.06421822348092109
0.048115717209072165
0.07533247956423393
-0.162500529206373
-0.048786324496438285
-0.12630439191975604
0.08332935077769332
0.06925741404860208
0.10301273163033195
-0.11427329183418669
-0.043573203736983944
-0.07210591679110528
0.036839715377739064
0.12168112092448279
-0.057019234414033976
-0.257919212624502
0.02596436823026968
0.1256556475998059
0.042532856709094166
0.03851134053248472
0.17003447824227233
-0.041719517180725925
-0.08245832154626771
0.04248342386646829
0.026982036199982448
-0.0602674437581656
-0.047746573876418875
-0.043634698325829675
0.02673801605527418
-0.0643906988680297
0.013769872424542924
0.03758827384005395
0.03464175989624636
0.017513073324611106
0.03151114029044582
-0.31597178990408575
-0.060429695779105216
-0.03636103811647855
-0.058009225130684905
0.017544807052430427
0.026257880425644604
-0.06398156765930513
0.028645781261859977
-0.019493661149253914
-0.04460888549759177
0.020273904612728114
0.08528262801758871
0.039694440439958865
-0.03612802550661779
-0.020601331514149557
0.024086049676706606
0.027822691648692048
-0.020137027328542566
-0.0806050643936362
0.013476431001062212
0.06898934585601206
0.013280453860169458
0.09710608883378183
-0.022568355448265517
0.022115358650509294
0.06825900646910601
-0.06838339690837379
-0.016146635714948874
0.00984131621705135
-0.16562298885271237
-0.003424303350722869
-0.09767426554575011
0.02864599851808699
0.016139817141353378
-0.0178856185824527
-0.016685724754471328
0.022362937680210904
-0.012057360850030136
-0.012101813658753909
-0.047106484927747064
0.026030047449046394
0.048184073168679606
0.01543643201419819
0.052034341537940974
-0.03183908407533014
-0.01830126542729065
-0.18042052259004002
0.029215003492350428
0.028523257785324208
-0.010685156754591677
0.019563420123169355
-0.03255993467447519
-0.16379682569262582
0.015144375815323107
-0.03871981945424462
0.026880593368418186
0.026662659106605768
-0.024675537018231216
0.03293760162496218
-0.032081543937161255
-0.0068833473458176425
-0.012449498130365133
0.019611226265014232
-0.01650914997826007
-0.018552673442483045
-0.01127662167711037
-0.07955408811694874
-0.006788996048742733
0.00897877166282088
0.06970884673743624
0.1311571947542186
0.10454424891844906
0.019173377679388447
-0.015525050086456483
0.0354571668776243
0.029787807607291925
-0.011062134453739263
0.01577499121562696
-0.013233091009455017
-0.016551476232272603
-0.009111547468348682
0.022807409976824216
0.08648295351529771
-0.011623726380260402
-0.008406168867096785
-0.02414529020819639
-0.02070287617031513
0.0032480485954919135
-0.1863193048360378
-0.06734428037274698
-0.13931126206574554
-0.06671678722286865
-0.01515226932466918
-0.005741442299656117
0.003540137726134402
-0.0012692162729459693
-0.0023199567951352053
-0.016640076750985968
0.005967195476400126
0.012591102525029582
0.016612344833571692
-0.07050215794784814
-0.017615152218987365
-0.08858910311072628
-0.004222536430328444
-0.007314920812065668
-0.006022605748167054
0.014385507909858097
0.06989966006669127
-0.02078155056297064
-0.03574259716377254
-0.04958146476849188
0.05964777070777694
0.030789043461495646
-0.12810175764932505
0.05461195740934138
-0.014719398735631398
0.003660622083091321
-0.09801401638203894
0.007094883557804066
-0.07690485515392928
0.020814655560290475
-0.05120895879124103
0.001126051227104169
0.005584871583699505
0.007973461082821808
0.01747719513969794
-0.025726597786631358
-0.012850741790421083
0.01259852384349407
-0.011658369104566815
-0.07598117370123311
-0.0730895044075132
0.016075339113772413
-0.019136494628889802
-0.02171134535647595
-0.03492225361617979
-0.04356401550277509
-0.008162734224894646
-0.03333955797072524
-0.011397460207451702
