27974.32796768287
41759.69892685861
55142.46142316406
55742.45948115022
62288.73494075203
62888.73303881311
54501.57253750366
41159.70103436183
54542.463501621896
46220.248233133
55701.5689694912
39517.91411721164
53901.5744213699
74168.96436246429
53942.46523134842
15170.362661273028
74768.96288672379
68006.77547660662
55338.32650545036
63488.73129016451
55938.324766936996
61688.736547934044
37089.55919652736
40559.70293655249
56342.45812935596
7265.908481627715
42359.69727571167
34831.35434888467
18865.482292451383
63255.01349309118
48261.93233045769
33282.99235373881
55711.692983311645
8504.797219552123
19465.48169885901
49030.01117983279
46820.24677169987
5857.126370620177
35431.352883141124
5528.338933628547
67406.77681467665
12422.63163147072
37689.557976194745
44151.63392489278
30154.30093430232
21785.882250382758
73568.96606281953
65055.00848777761
22385.881627469822
42373.98519608192
47395.157935983676
23587.11775761732
36259.5145794111
43551.63561782999
14570.36358230961
49363.686197328316
32562.23962654615
28574.326415564403
10883.81529455942
30363.20301875476
35889.563382598586
48861.93036154363
64088.73009376579
72968.96769933017
18265.48284472846
53557.83375448552
20065.481165281915
17004.86493484603
29359.523850832527
83277.56815866496
6938.797555328904
47420.24546724338
65655.00684932269
40117.912824745115
19446.340168682033
7904.797479976756
27355.380242360847
37701.57569446699
27801.768456985104
54511.69523682295
16042.882920753716
57138.32214236677
25080.20459827403
37101.576834505824
16747.850780364904
49630.010489916465
6551.20601081751
85291.51544234007
98232.62626422754
7686.999313373253
13842.401440022582
48763.68731781586
33762.2356273202
77299.96531956087
32499.705182173617
15254.74909211337
8286.999015324736
35690.14579992592
10966.237252926645
63855.012117427264
17604.863864742445
23626.735587761785
15806.31095082596
23026.7360446211
79099.96073616129
14267.576127707674
69433.39722348453
18683.642689545442
7362.531421443743
75368.96187773305
45620.249602396885
83491.51886838251
25680.203938553936
23772.53243988097
43573.98172199809
28413.634375093126
66806.77829393807
6128.338783505931
8177.119547732914
66255.00571129101
54738.32814283679
7492.249398110683
5337.340962606883
7883.7819166264535
33890.15058238705
39647.40671388603
113568.78956490837
98832.62500611274
64455.010349531905
36489.561278994785
30963.201976188826
55357.83026950537
55111.69419385243
8527.06345269383
22188.718911528133
6727.0641971798195
8062.010402162908
24126.08929934974
6913.4573729119975
6313.457554455337
14167.89928653658
39047.408344307776
56311.691742670446
48430.01291586992
45215.93862454682
47015.93664610229
34120.56186842305
6162.532074607701
8469.154775106888
24853.80148799332
18846.341200423158
10350.265545060096
12367.901178095628
8465.908085665566
7858.834504069247
15206.311489544398
65006.781917951324
9899.834897064125
34720.56121989581
33520.56257937056
8204.716449755493
76699.9666850577
8387.253029298427
8761.229058183544
9750.265949324099
7342.232301679216
24226.73523054842
10950.265182026458
7462.0107694169465
13586.12703855326
8201.921720247648
8804.71626392868
46415.93705639279
12683.545941472908
9862.009207535404
11822.63239035647
48595.15481864024
6787.898397643407
7625.522778999813
1867.788654640024
33162.237447202046
45815.937744716946
7283.78217472703
8917.062007602051
17126.289462430002
21753.19847111572
8483.781661145149
5316.044534507713
17668.031293819055
34490.14898692045
56301.568368866254
19377.110204939305
6404.717090836095
26755.381404467043
6762.5316259502615
97032.62886031072
7340.220699648523
17414.9054926768
7004.716887650857
84477.5664925391
16406.310286882883
7041.778865966368
6622.5157563021885
12487.948690343846
5839.275238542631
38953.70473451618
32682.99380393077
28421.277854684162
12100.226565828245
4961.06306254707
10890.452893707763
10563.928043504135
70033.39606656625
9262.009515383173
81477.5714557682
53417.48925663806
68606.77443674198
11188.880376762976
17068.032333328112
5925.250883361684
72368.96898884095
34362.23511158624
10897.152703469324
38353.706644847836
12101.096383631833
10296.355536364355
68463.04779400717
54138.329406759374
47830.01515737573
5201.56591936118
8662.009949192512
70548.42324058122
7515.743559352074
6164.706853655529
40247.405165422504
46195.161474080334
4327.064874909955
19977.109634208966
12284.05278371168
62376.20239632699
32920.56326957427
14924.678145267433
65606.78099833499
17665.48326513652
56942.45768180952
7364.7065397377855
111768.79294512444
5549.053634385815
49461.9292432392
7001.922220362798
17999.47074297192
24726.08791483994
101232.62215575879
5469.1558886958965
28401.767609991522
41773.98744635736
41124.152906970354
6561.730220657733
16147.851485874704
21413.95147417453
75968.96149196915
7001.565339523678
8077.193707693813
9711.152890194322
62976.202013166774
5249.020114128081
41662.169376318256
21033.75828057672
60679.11629323864
54157.83232082615
20904.641020365358
7155.199205225987
16642.882175231996
18204.862954086166
6958.793471820655
21226.737447260406
20665.48078840939
22353.197649225353
38447.409679510725
100669.38302293104
57604.87816896335
7961.9794511962955
8766.869944179212
7604.7166662298805
4727.912459053521
98269.38672355843
84091.51765100019
66855.00526706286
38917.91611407397
15514.458898477236
61776.20341663121
10736.118394668554
4940.221418367356
48620.24418401287
22426.736545326417
29959.523427097753
32623.869782299607
59479.11735214368
6702.445764285751
31423.872619384696
13022.630984468648
2467.7886088664304
7269.155248596743
99469.38508267423
11656.022628066276
7865.908267764769
85891.51461104903
6104.638185411862
101269.38213653916
16472.971957758353
18705.5738138477
6361.408721035605
7349.053119254945
7651.35577337681
13619.022496680347
66206.77974384336
13182.331607443324
7036.310881248685
42959.696612350155
4658.513176313982
14556.250513731547
7189.114513975787
8929.875402373964
29183.02140239924
127694.38784131555
67863.04832596265
8408.591611763915
33882.991960610954
8380.53118928566
48020.24454806904
25926.085700154257
43415.94133721701
13567.899721246327
16601.300586766945
19603.49894846796
7047.7720822793935
36290.14523184994
33699.70402930218
16507.1323612339
15830.724631420548
33099.70431943903
42862.16831896078
6127.06440521147
5361.730356122645
14300.023218579725
12993.064328751107
8113.456996343661
24152.486592223268
5239.275636673424
7196.747252318755
11566.236953165391
35320.56071222666
6698.369608371888
23467.953418612306
8713.456838433267
7827.162542936986
84691.5164808671
41062.1699536949
5804.717260555263
12602.473791733899
8911.499529647726
7601.565102693403
7558.0726100031525
5937.340918277635
10596.660056582752
9237.418301319514
29013.633764479382
5961.17380342052
54004.882375268266
1267.7887672842269
109968.79611971698
11550.264926574517
42262.16881773436
7842.2005850809055
15446.656982586834
13603.3127197269
6892.756929517071
5540.221275574922
7086.999814834835
5705.23923691913
10462.00910882086
82677.56934386033
13782.330833721477
9271.616686258754
30607.112360585717
23172.53354478753
19455.52642093484
128294.387306116
82077.570513158
8241.156984118128
112968.79057400009
6091.133673579956
2483.035549098792
35090.147205819245
49963.68588428232
7060.577305166222
6579.712403617229
23552.487531618088
8138.797073111263
7358.015253327872
99432.62389547443
114168.7887701086
12435.083669679603
12089.828579962774
20957.88336030915
5201.922836778695
6149.053484352742
19982.744678216455
5650.900546689279
4569.932551242846
44751.63344996252
6114.455972989395
7538.797313595846
56911.690615527186
7632.242435189374
35920.560410212755
9161.06192357628
6089.4528447352695
12420.736195777728
6968.666698589763
79699.95963535225
18640.423261598695
6665.908699697627
69206.77382014257
5699.491682263304
10136.118677374378
6142.721377257133
4515.728999954962
6761.062625655336
7008.020186897068
25482.47071415544
4854.306652015832
5876.223821622058
6897.589092223074
44267.86851134879
12096.734743059298
8519.111049702473
7515.1338887528345
27374.329809791638
12604.7102435684
3383.9660602091258
9150.26632528749
29783.020868341595
10849.929243661774
4538.798279855254
8768.666414253335
8373.822159355206
8420.925639722216
70633.39473491671
32023.870670199783
11248.962809236773
6042.0668987074
47995.156105829585
48991.00988501761
6915.743649736516
4532.476846804116
10619.419306725998
6977.120071597377
4075.3384961028764
20203.49800505763
9127.063230971844
9214.722537819649
7558.793283387953
15543.302413490535
6465.797190119238
20813.95242163326
44825.08196053272
35320.47331206176
6259.102675962424
7590.830074679037
48391.01039794014
72348.42119294395
58711.68911310146
6338.797777273879
4644.8842635598585
4547.711324083259
30699.708705988436
24826.73501928818
13282.983408082493
5707.705767282111
18322.901146528748
7443.819132086144
17445.061731749905
6880.153475752321
3442.7071038079694
7445.0487969443375
7531.019519151492
28759.525476352494
8042.59516950482
3836.6260190070893
8442.200464975476
6202.977183246132
6457.1263177565215
3890.835443305189
25453.799942701837
9022.515137457725
7940.22046872835
8990.592160953054
6153.282764838851
8504.74884188632
3892.7575556758543
3405.091479330312
8841.156883678195
9245.048536480705
13584.466952634435
7185.543981757392
6259.349578363189
64688.72970640411
5674.853471844824
10316.745786702004
5692.757237571108
17506.834739968366
32320.56386167698
7196.29105315951
11802.282720000258
11770.982293802375
19163.948295952923
31720.564291377686
30383.020657893336
5018.022710644597
10570.966191545976
5534.928223915399
5857.923879637829
8865.666962793366
54604.88169982754
30007.1141318094
10636.572871964883
29021.27674775053
79577.94612626608
36859.513791012876
55217.48818825848
28122.04213346889
6360.361177355287
6554.211629146616
6317.640167555157
20474.436084313023
98869.3860156939
8861.83374222443
11779.950685075877
7497.589034435586
7832.483501104436
41301.34259116232
6312.951376615574
7759.451411431658
3969.932589610812
3910.0096858892884
41447.40370023296
4583.965952985333
11456.76857014204
4490.835416669982
15547.85252411883
18777.111443698563
5204.717399495307
45020.25065343295
9617.663831155314
8574.92189938395
7927.063705613552
24067.953125356387
8904.78962571812
6315.743752889836
5050.9005959216665
28722.041783556637
24471.54339738721
57738.32171587205
5036.625911654649
3932.4768810756846
8131.019393224388
5908.921405927926
7335.443256369228
9537.362090066077
10499.834765849197
5113.457861413233
67548.42780174575
7176.705067484478
44225.082811204025
13136.11717327033
6161.062793044563
18104.378599362743
10786.999318940629
19462.73648865336
57511.68973575078
126494.38934149992
7820.9261398368235
6879.046760197715
5952.335586955569
8549.798031418188
7803.833900320645
80299.95898787778
39262.17140231754
17887.764576872527
6571.825652771047
5987.12428722619
5998.501486848854
7962.559388640783
92376.20837388885
5898.33332081976
4605.0913934022965
17531.793633314544
2919.30846092214
33143.66909960922
11150.006532740961
56538.3232239111
6408.938023770219
6358.793624644734
4005.0914302287615
6538.703474990783
12954.076871311725
2003.6803583912076
90788.99807776386
7958.015211890552
8494.718334299485
81691.52196268513
7662.854519921567
4364.707197562066
5272.335006620343
95232.63162682667
123494.39301404388
81091.52256910932
5504.798380004087
6000.988149704399
17006.3096509582
6742.232438429897
2616.9475226548197
5225.523548693037
4642.707014182897
12667.338179349106
5174.33272566144
38393.10798754968
47615.936570645594
5988.304201921168
36501.57789904123
7608.805130644683
12107.171897918111
18804.862697728073
6187.756162937393
5307.170421048279
6103.42660151232
14337.94085521618
7374.686441517588
5754.048529394925
33743.668931513515
13963.75558448465
5850.614167625072
86491.51404923684
5769.932518669232
6307.862340416536
3915.7290362922863
4450.900645507431
7724.270224498669
10903.418723526136
6142.232548218307
38662.171682056345
125294.39106994565
49195.15438754589
2461.8416845659426
7928.455387430136
5787.9677445475645
12399.773163729482
8549.052734718527
40847.40406917856
7950.837999961686
3458.5132963546803
9020.925242002242
6520.607460074297
44062.16764676015
6268.917258786821
115368.78801339048
9367.87879611476
1457.5865649458033
6537.7108930862205
6300.969186283669
18641.35138743446
7171.571308662806
5967.393349665273
10591.384291911914
4883.782961221216
124094.392531719
77899.96375186101
7094.2047783288635
17100.69176689721
2769.9326908234993
49591.00958238508
8387.371614830665
4281.755134528954
3953.8833046606123
3834.0249334188225
9737.154444456537
17716.640226915988
1251.1439480809215
13087.948134850603
17606.309198287938
5564.947951873612
7500.9688878985535
30522.04123380086
5855.603361907396
1416.947709311205
5367.393386800894
82291.52110218983
3353.8833321851603
52804.88330631067
6856.486518247503
19059.9404490823
1886.3950334308154
4574.332760677698
3406.3303778164595
58804.877635594166
44662.167528807855
5690.8353855615305
9484.06093006556
113531.78913928679
9333.10507216279
5318.484352886538
4525.177063183597
11164.419989840268
10542.28378641677
3661.8415651784258
5830.237643156059
71148.42236824991
114768.78824209927
69348.42523604479
18619.983640582097
17081.03960057681
5153.883241881169
91776.20884376155
2805.09153361544
67263.04887727916
11153.319117756513
12150.264829573465
16968.38534410417
9536.118882243276
17142.10620748096
29922.041313919603
4561.721798180475
3623.446166645962
4802.318506604611
13620.835946383497
3272.938664386401
95832.63095773304
35901.57871287851
1403.6804177492843
5277.458220472012
5561.062938158283
9683.781259321117
6083.7826257993775
19115.54724214271
9217.271336686497
27201.77030567423
5710.0095920197955
4515.744016852483
19235.244480393805
22987.11933034869
12571.996122439215
7398.905314119907
4561.650142090022
5132.476839736242
5848.946283733098
8892.852642326958
66948.4283009895
7836.635161587887
8379.019825413938
3315.7290527003047
6613.025596017596
7269.686037884366
7261.938151045872
6455.60333946653
4058.5132403085895
5208.0207125912275
3842.3400738098735
3083.783298391643
20213.953820273637
5619.596675165526
6764.70670502926
9830.47441094903
3290.835479318714
6908.14710688857
61176.20480640592
13175.215925994564
2710.0097624017726
5171.339672445163
5167.9252606287055
6532.928420006493
37843.94755977728
19704.89557217647
2016.9476142930268
5748.351062311322
5042.340046730447
1883.0356102811284
19654.29274418146
20856.498014242112
5037.83915562292
5883.94990691509
3200.1427005962983
2219.288638283193
3361.7218875319445
3368.8131305380684
6704.007872277857
3371.3397966348366
971.479407380506
20189.757061023323
1619.2887051664525
13035.237750878125
7387.898375994909
111731.78982637296
13023.378059483397
1154.6082954382593
7492.7567743020045
6622.381835177092
5090.835407100576
19595.19159392553
6445.67563062757
25122.043946155867
5169.932546233229
7021.93492939006
4442.340057624232
4577.120860148908
13736.117032117234
102469.38110842321
9331.019135601728
2819.288570686788
43462.167918049076
13148.644830963265
5908.466332172839
4521.774190200508
7491.2518094976085
4082.427084238261
5808.02056588824
2669.7428133277854
109368.79675921511
8182.421113321487
9336.862724959305
101869.38147808959
4510.009627201369
6380.286722905257
5680.412624612119
7132.503771070672
5527.064585623136
8398.89367924033
7411.44489803529
7145.79384938922
3347.711429858404
15770.36223740634
2891.4972640233973
4001.9230514661167
85077.56625014637
7250.254684237728
2768.8131801491036
6421.934938830692
7896.787286577444
1908.4772703382218
5257.126670094224
2729.4825744700693
19636.012143796983
4561.104462100782
2842.707159050938
19017.662472728032
6993.824334303134
4604.717512238917
3369.9326368587963
6032.483803528805
6331.019697763617
90576.20975382776
960.5771646977347
4497.352638824317
1035.6267227270341
1170.9745755476142
4071.09998722776
4347.7614771579
4494.511775382972
4456.858283990922
4749.002625135127
17311.689714611148
2830.463753258742
4006.3303192597195
4703.374095566781
6174.922409209566
7025.470127906435
4653.632041875165
9727.06305432839
5636.625873610999
8100.968756046867
19511.161927041692
4677.951629589936
10917.687467943751
21739.249432697114
7164.256525531084
5732.476814349579
3819.960773857738
5658.905705626482
5281.455308823431
4694.6637278261505
10001.92121606739
4149.002656153039
4129.130657825761
5815.433574709925
3391.669652601696
3829.114250703771
6362.754432780307
8221.934886540499
6160.547165144145
7961.062245753057
