70.37088081103921
37.62455217985708
31.768140375858234
36.89648157950485
-24.80711418529524
24.272767749918724
31.550374539573657
-22.801306721682806
-21.79770871831675
-20.142874010116568
-20.216439899226057
-19.429962450485363
-23.638155069327627
19.193302423876574
-19.84802661181115
31.82310724973484
32.939364529434506
-18.14045302069945
-26.745707743685017
-17.5441304194444
-26.70734207691248
-23.556057499581648
18.70092225752209
-30.13490502914305
27.077178202923477
-20.76127973448076
12.719321118926308
16.306727884816706
-17.07444359037191
-12.142437352168658
-13.435924093858187
-21.853087024919127
24.789238507449483
-17.368014843209963
23.465674853047293
-20.766631153452604
23.68833053332734
-26.1121491881843
12.722661891813992
15.755116725159018
-11.790655684667755
10.12056787880791
-25.57987126154179
19.591482141160196
13.92785846740246
11.25305266284342
18.776993217159973
-14.41218382823059
-12.174079467364317
-14.649080397244633
-26.07490759212957
-19.156977081230593
-23.6395972211027
17.206615570039624
-17.840024359032764
-18.33363027305948
-19.070659378553017
17.50991330923775
15.267891073272526
-17.36367182636728
14.690573177792215
18.55557822781521
12.010196593767612
9.993875953876087
-18.34497809735554
18.293393221289307
17.424030396513604
-9.639390084145447
-31.287347029807748
26.556707612313843
-12.56977667472577
14.16766991016656
16.481539502458514
-16.56920996125451
23.164108752770407
-13.241490333480002
27.41041105420794
8.15586669299194
-8.403855526691691
12.140589421080346
-14.480893120779617
-10.039592532602985
7.87482940927713
15.359773385206653
14.513988014566563
-11.387658467724625
-11.985548035549213
-13.191030581881902
8.593096872614929
-11.725750629165855
-10.427400341265091
18.109581312204522
19.697412536951006
-6.485212362812765
25.483668646789546
-16.051579873979822
-13.501307841160079
-16.933058538317002
16.90343675187669
14.525878312627045
-24.922339555127
-9.699078067801054
10.514436414908022
12.236885505942622
22.57085366006466
12.785161878243146
20.172577044457146
12.603506172852159
-20.580709085524205
34.01109605724507
-14.534186645442839
13.799715154270764
13.04583365872204
14.259442101584693
11.274266287363737
13.864893510437321
13.998028945297733
12.681003528068224
12.08088288655636
7.503936932809141
12.273231091554763
-15.73186478040035
12.389514376034285
-9.646232592778698
-17.359824551005595
-28.281463922272515
-21.788295075816443
9.623550756490403
10.3738671245451
6.70106949013129
-9.945175894543622
-10.686034967856402
14.282282474060102
-11.945634315733903
-10.221434515166589
12.556188348314214
13.210518796212444
-10.648530331327505
8.288680394523823
-15.54151503247104
-13.681311819705613
-8.254157683611012
10.16782733105719
-10.854703962044502
-12.212424310417836
13.738972537534313
-10.289946545084298
8.813523133688802
6.764675996028346
8.921721601086057
9.892436790972878
-20.577759920455552
9.711822268907566
11.419670983384005
-7.813591266852306
8.707847192598505
10.280453074079997
14.441859270209306
8.78133809687345
12.441412317288165
15.892961149463794
22.238165402034813
9.615582015153663
-15.827372453831325
-18.21908443871901
-9.280229462648041
10.533985161049463
8.246623391254305
-19.091954022878195
9.567361147594573
13.603547467503587
-10.663205969378618
-14.867595790643978
-8.210672110147677
-12.705732771386039
-8.399110539659574
10.152831289351294
-11.277131721278002
-17.24787646956247
-5.2460315696447175
9.272123105802487
8.673250122760887
8.022927175191027
7.635294631477552
12.409609374577473
-7.596180133671627
-32.97055071020876
13.904365649806758
-18.672439467215245
-11.975374894525757
-15.060103146887505
-10.586131992035256
13.477694489016386
10.017837224365516
-10.760508644515783
-16.04656917152627
6.873509388080647
14.387105841168758
9.689620583205667
-16.520418637060164
9.506024206656777
-5.883726703159638
6.286939029773894
-30.3198179550421
-5.559274253106418
-6.548075882768969
12.70667050886392
-8.165390212664839
7.826254743742418
-5.9629970763101765
3.6217091359133238
-7.064063162232591
-15.440837692418354
12.379152792842167
-6.798810768599565
-3.560380093999502
-4.955443176043879
21.347102210520227
15.465850017787764
14.805314441260252
-10.911942039060973
4.880422573414892
-4.494940413191127
6.592108719511571
-10.206276913812408
16.759604113082073
-12.929708866351115
-14.591651987608598
-17.912307129644734
7.822203520501735
-5.3882766846434125
-7.245162721706779
12.666145353410966
-23.475613362910902
-6.031916394505319
-9.165006296879014
12.863195924652954
7.315318189245443
-12.598969131953972
6.415369642512128
14.830627638713112
-6.349637702227885
12.586980067203097
-17.131524695645048
-8.15234171128898
-12.079893401114829
-6.988653297423698
5.919975916139553
10.31878252274532
-8.070209135397054
14.939000905429511
-9.613726575316226
10.787629594774675
9.204775549915992
14.335362735240214
-9.016894039798924
-11.276785076746345
-11.342700462299373
-7.108026604479924
-24.894295323809057
5.634665780042022
7.141059578039693
-3.8847773161736012
6.479095496867667
-11.427926999867571
3.4608440329215506
-7.954688536758973
-23.557698290713343
6.655369829611391
8.967787009246571
10.926699538354937
-5.115804043920116
-17.21672920348066
-6.173807759243408
-6.648498262441173
-8.11701787023702
11.805661634448992
-8.19854873652445
6.569056048320128
7.885362793196443
-6.482517297546124
-5.120137710793832
-6.357078953387516
12.960390504868283
-8.954822386396229
-17.13222358152762
-21.463309351532473
11.56058998012159
8.944483274603238
7.379112574453465
4.170372026100803
12.489463573883878
-8.390957852075104
-4.012151727567438
-6.175136565340618
-15.127639900152825
14.869775029818994
8.065699689398736
4.732672131053778
4.946294378109007
8.596127404963756
5.452139558763844
20.056065010374894
8.56576821480017
-5.461850935215479
-10.836694269114092
-5.530130026436077
10.298338674278428
6.82584562296494
5.907615011090359
-5.66135452202944
-10.201475489652308
-8.750977690126492
-4.150360250578148
11.874976075840538
-12.834718578693389
7.17858313452271
13.821833283766777
-12.365675214504137
13.160177648148855
9.201746487487164
16.210349682485067
-5.6093869880788665
-8.392451502767235
-8.971895996500644
-5.740244342537931
-8.091665577843992
7.518859856276697
9.24404634005699
-7.103305916397292
4.8681915354929055
11.206696077667909
-17.369358137737734
11.76269819881877
-10.74653996227984
6.748843067607151
12.337101114923874
-9.362544553452496
5.612788041674441
8.333700288857905
-5.202967370688667
-3.7044619247707704
-7.330682741499989
-9.162459546702356
11.528430293566874
4.361699824946425
-11.438144137947026
-4.2080048573813595
-18.932256841128364
2.189687443884781
-4.187740817631045
-3.489308780585993
8.308528120906002
5.801447396622067
21.359682308092154
-8.44414113642046
-3.446104367572012
-7.679873107241739
-9.03802071111796
5.964638793042293
6.4048341761702625
-10.114565354854651
9.336088408684876
5.366579788343618
4.80055283247155
-21.41485392917326
3.9105090633782367
-18.629457115060212
3.280735945413811
-9.415473933330748
3.4681036039446416
4.138651558059998
-10.7247369468116
-8.59728367966951
3.096176977530445
14.675118549226417
-4.001568653745158
-7.07331595690715
-10.095062222604007
-6.880869238153884
-6.118997869403491
-27.380351435806947
7.401028022286881
-4.733322994738022
13.540749829444689
20.912734177868085
-11.150021349339708
-3.5750083944316473
12.500927695686215
12.760558594570693
-13.858832208112261
-6.687667900489316
6.802149123581531
-11.914953516607646
-6.776301430617164
-3.459498532448447
10.501626336949817
-5.940388470921643
4.245500474878883
6.844832030539705
-3.238342151929541
-13.337926427714708
-3.3262343152370493
11.538440715224802
4.754790946829518
2.606797371238517
8.00617327520391
-8.581092134552184
-4.508915668774893
-3.8373184524415684
-6.773436353080662
6.012619437264558
-13.934923329995428
4.04168716492924
5.563758111600202
10.449364713755406
12.07088213128625
-2.711227424256895
-8.926386023268018
10.904332768597154
-4.534226161115713
10.555346881797172
12.661571977567949
3.155487104112004
7.561803594749719
5.764755994811261
-9.941300788071166
10.645702751437502
4.014831332706286
-8.40366755248348
16.863357195176768
-6.140304224519773
-7.274979205342252
-3.0965698182206043
-2.531866449107679
6.43198604293102
-9.028346897670353
-7.842250398645616
7.417516246829737
2.968079083351156
-4.636660657998163
-3.1226785792490337
2.4023676002487733
-10.81790648147119
6.557115857883246
-9.116383187280064
1.5378653330904095
9.831405555766318
-9.621070013542658
10.276075670307304
-7.5382265794585965
-2.759408959589354
11.062784484791282
10.586576338716688
18.055455202169757
2.7228340600991023
-2.869085439962935
3.4615849510019654
-5.010754280122926
6.338501346009325
-5.268862585536414
9.976607499784746
-2.95600296688124
-10.814073503786704
-7.740194544633399
5.403723392483338
1.7650542079594675
-2.9052037844422185
5.91051313377705
2.8520713133779356
5.521110190004906
4.4790158224836425
3.6009639957215946
5.489880131650093
12.09975594803513
4.2652931464049395
5.3903330476696745
-14.170276408382554
-4.79918767566912
-2.1565537365198404
6.802946343893212
-7.667195565991803
-6.562900287443935
-12.942450666388781
-11.419691478089902
-4.802325909899427
-8.866115014517524
-4.883397870910107
2.4293370043006375
8.498140528997368
-5.071347533124462
-2.6828183155804846
5.998282451111482
5.317922819941204
-4.677315733687917
-6.709366704268446
6.939065642405643
-7.482353868263634
-2.0052746600902203
-2.5828487794336517
-2.235151400515336
-26.52591391180762
3.9507502083583934
-8.653987486845121
-6.70133975233915
-3.06633649924214
-4.608503561520982
7.59376894560833
-2.568128533812368
2.097716214409446
4.334732155397088
-4.379939688165872
1.8589020057874674
-1.6818589497277698
29.04024210510131
-19.28911476259779
-5.300262700537237
-17.12819449787017
-7.7166587431097025
-2.186611469483135
-4.449872922414612
-15.613009351012677
7.067774802824585
-2.265001524710736
-2.406983351149359
-5.636640221353278
2.707983087373105
7.3466332364211775
-2.6557071382104915
-17.57563444526504
-6.701404155714752
1.6071356061993562
-5.951909248960307
-3.031789697403167
3.8583833080919154
7.534288609446158
7.697659495671951
1.4545067013733752
-8.503374162695923
-5.637218903565118
-4.094698572238358
4.627495738712518
7.255292089299484
-2.6359686444360895
-2.157357362398889
-6.570896882743328
2.8151961385984765
-2.614976675905934
1.6233997646050948
17.8244293894676
4.76191704614606
-15.359325717928293
7.074403555745834
18.799655809984905
-3.7484578353150795
-2.9202218345631925
4.585028556561098
6.451309303131812
5.084687479372727
3.5245139688372675
2.5334618906413966
6.1636356268733214
-6.854115811082953
-5.896704081300983
10.483903329504257
-25.462965615361163
-3.9503782148604394
-4.58901823407273
-2.7175922000442747
4.4077584955599125
10.185944137677698
-4.0152395156898795
-2.3855576207257823
32.86419807281103
1.3220897989175104
6.21333394000277
-1.7940735394904543
12.71939153216458
1.8610899282008357
2.9499941549080813
-5.4560520059853514
1.1106216031672889
-5.380464116054877
1.9735440072021688
3.64161136926333
-3.821368217366358
3.9337268791635207
5.803501590897983
-4.824606773448816
-3.777503023521644
6.592374389472834
4.035441744176189
2.209060393659895
-6.476994449822497
4.607797052232296
5.907847418247931
9.552862707558097
-5.767418347552764
-1.6339660089912662
3.895293157305705
-10.82273539197931
1.8172133819388614
-5.299843366147148
1.8819074354515546
-15.115148778472609
2.314584004918449
5.575020371453515
5.210689469977301
18.050692680938905
9.311941440684954
7.5038309839875454
-16.99329384829447
11.463304222448294
3.828718965330045
15.042429737557262
-11.679670215455365
6.881172568248741
-4.07507638642448
-7.617089511403903
5.039433764653939
-11.11553004035604
15.80907499817627
-7.170750856163432
-3.5842984240513034
5.31365839926931
4.674151122040066
6.749055786142042
3.777053293925118
-2.8271176156703195
3.482642461479196
-7.869845152985372
5.115438199460112
-3.5393685632429914
10.244396531159568
1.4965363598224541
-5.298439057231035
-2.466040497508472
-3.6025430816605093
5.542682520302397
6.0292372950879365
4.8530199168408386
9.758472471625488
1.913892445814865
-3.0256584809837683
-5.4019698018288205
12.978250511134359
-14.696676606344326
-2.8626988457249043
2.8093913239790678
-6.596700049898671
2.938831915200429
13.969713120320387
5.092608881898484
4.304237833751563
5.054694400853429
4.7661216491219776
4.576114851529182
-12.28671702131604
-3.210490332522219
-6.541659094448775
6.554881818965466
-7.4776723519446335
16.964487571239374
-2.9619657497455165
-5.697773893114057
-11.59127222501063
-4.077767659225502
-6.946410007977999
4.365766600114896
-2.5602654334152546
4.053290869644071
1.2070592749272542
0.9679146431360134
4.0528556228747545
-11.557057660036605
4.249697861173411
-6.773565555948803
3.5481016861147427
-6.513287096422289
5.917054577761111
-3.1206801562141697
3.8129232552948067
-5.702361200826173
10.159250164415532
4.095476267595368
3.962239887353134
7.570840620002925
-6.460538455500015
-4.971678488825928
3.9478594323035674
10.93463712395527
12.831359414093885
3.6759678881088766
-2.815028692019014
8.913880058110955
11.663116810720105
1.2007630417215522
-2.798654109862897
3.3796720134986225
6.3830068796264285
2.4259701971212313
3.929363666740635
4.072794008074292
-2.4455046369067213
11.37129375574495
16.76292599571362
3.451319349017456
10.72743804774389
-2.085351684896845
-4.255062188186029
2.2485268796367066
-6.976639602344346
6.797115017953096
4.939287540178743
-1.855928082236918
-5.453453435790291
3.1628117102077513
-1.5709384634787937
-1.7502902881131601
6.998557628607849
2.4836363557073478
7.3314669436582625
1.164066279351446
1.3596784768247643
11.706427180012337
3.2003964466628925
-3.29133023348075
-0.749798236728484
-9.264669749543973
-9.144717186360245
-2.1343996083369072
3.124933359030774
4.778862391698796
-1.9211659528374503
1.2849088416595618
-1.2829862374023042
-7.758828673028755
7.578696338109657
1.247915127667424
4.494469147559641
-5.122714201640614
-4.432986467431583
9.030128611856298
8.898752210041073
-4.449319190181889
2.6133340797756275
-1.4076571609158521
4.641750205744013
-1.922037535532974
-0.9879567775237171
-4.72030605810872
11.055668082925157
3.859080432805096
0.7403789024883176
3.540999343602003
3.5593204865681503
-2.588023710444905
-6.139884823872529
-0.600484039062255
-1.1151204903666514
-0.7694426564203296
3.3930939856276083
0.7063061734669378
1.7397362793127704
1.0216442592293662
-2.3731308516470615
3.9608645891516847
3.1922960706972785
-1.4088126779384016
-2.270536223455619
-3.928264715560933
12.195472424475593
5.5001398676969675
3.15262267473306
-8.111011779547571
-0.5742676803654564
6.453171110531318
9.190489877806737
1.764177863183578
-0.7204927451226558
9.833029974616982
0.06720309740094695
0.48935841077943765
-6.88438274526147
1.6574497023966672
-1.3524407084756074
1.3275709359162409
-12.180371615613895
16.764584898508488
0.7349122385497686
-8.578300065886907
1.982405426587368
5.814188813298889
5.911485760777648
-2.7876284164557927
2.429624293026105
-5.94202097726343
14.670197414219281
2.11478931554404
-11.57608851741012
15.711508943896055
-1.8726060385880865
2.1948994647561615
2.254011788244104
-0.7946990318965907
-2.177649967467789
0.49194128504217716
2.177079698659211
3.6683206751474233
-1.6398571581686525
-0.5207657446190547
0.9629406009475319
2.9889508068662365
0.7947920611366984
0.47484567025274416
-0.9385935365471757
-0.6793874632511893
1.2645646706174545
-0.486529530428847
0.43933488229319984
