830
736
818
670
831
897
917
918
910
714
735
819
710
672
893
913
784
1011
705
811
733
973
857
974
805
669
820
816
828
889
676
952
893
722
671
679
982
885
920
893
906
668
724
896
896
732
657
893
811
806
832
857
896
812
785
806
758
919
664
556
612
766
896
894
777
974
1020
887
779
770
908
905
661
673
730
972
819
903
807
725
812
825
765
702
613
724
710
711
660
722
726
702
856
1016
704
917
715
662
915
898
887
890
773
904
802
828
1004
662
516
671
713
760
919
1042
897
829
729
951
718
661
798
712
869
981
799
380
882
769
892
543
355
1003
555
850
821
670
718
940
725
614
544
667
1049
896
711
822
517
1050
977
889
812
670
894
291
764
942
796
539
905
920
789
673
302
20
883
763
815
799
889
757
673
765
767
522
772
711
833
777
830
610
912
973
984
780
797
676
915
671
520
804
352
613
379
299
852
971
772
949
811
811
897
798
780
798
1029
678
969
540
765
515
807
1123
909
942
770
1002
1190
612
722
699
802
812
885
976
1229
552
553
716
303
905
988
822
286
682
979
978
888
714
1077
657
375
820
762
658
287
814
886
787
768
903
655
933
952
948
895
879
373
655
801
829
782
901
903
661
893
612
908
934
546
538
809
1077
714
505
915
348
994
659
979
290
656
898
1050
838
818
1210
771
686
930
856
894
903
530
950
909
552
692
609
540
905
796
1034
674
839
851
970
1041
882
557
742
786
902
945
669
998
364
553
515
852
914
961
319
821
678
717
961
663
505
975
382
664
1053
541
304
681
709
781
898
723
771
854
700
668
1060
766
518
810
721
886
932
810
554
970
759
1063
907
1061
887
1048
852
663
535
998
508
800
337
710
372
1010
1085
908
717
994
866
902
901
560
810
672
776
894
510
697
612
509
966
342
769
909
507
916
543
701
1020
757
854
788
815
318
865
1057
515
822
804
727
348
659
537
992
897
782
876
563
534
992
799
931
907
823
710
548
541
774
317
516
1334
914
858
671
505
1209
741
291
1101
785
657
1032
542
937
769
871
723
767
900
1182
892
947
1018
549
985
651
788
515
811
913
1204
669
368
311
806
1160
1214
381
772
553
783
755
318
613
886
761
519
990
859
550
770
899
366
773
1029
1000
1066
736
660
553
296
656
534
1330
911
684
834
833
804
971
727
955
969
18
835
833
772
875
552
795
697
875
706
1092
661
669
685
774
899
678
972
779
928
805
940
524
740
517
544
545
559
921
978
870
539
959
910
861
730
1064
677
758
611
774
323
283
714
610
786
812
556
771
957
765
982
944
317
968
1328
868
824
835
537
710
734
503
813
545
843
944
752
759
803
1204
885
1233
855
904
768
1039
557
981
902
718
803
662
726
607
954
514
659
1049
546
362
1043
518
835
936
677
916
754
650
987
814
566
1237
506
823
698
287
960
795
910
657
347
735
614
23
677
784
736
766
784
346
1206
720
816
301
520
723
608
884
1052
691
413
679
773
771
286
626
919
713
374
683
850
962
828
943
305
1329
666
1067
972
685
1022
773
1224
1066
906
864
799
805
287
18
889
709
856
751
682
813
879
365
825
506
560
719
736
785
518
808
731
783
825
724
824
860
868
562
987
916
371
976
707
323
800
689
973
898
965
752
976
550
826
363
865
286
963
825
889
547
524
678
655
1045
681
361
283
888
792
941
969
771
898
961
719
714
674
662
953
523
837
304
947
1044
623
945
528
823
313
1080
614
932
1309
903
1133
713
836
881
967
289
790
781
1159
926
525
29
729
315
786
722
896
895
849
778
1007
694
680
548
471
828
1054
1174
876
608
528
1203
737
299
285
824
968
848
952
689
775
827
316
824
384
805
872
1002
840
712
993
772
913
880
1336
702
460
304
373
767
684
1100
729
1188
305
766
1041
793
1053
1211
906
1227
1033
303
788
979
284
675
835
507
537
807
477
992
796
716
772
776
964
984
768
910
871
369
968
1062
771
987
732
946
860
931
1282
1015
781
554
798
993
823
543
1022
282
656
783
952
778
754
947
544
412
896
317
286
879
1242
946
1257
809
950
671
958
905
736
821
867
669
287
945
808
726
908
714
936
728
653
873
1077
878
1247
1212
802
902
866
1009
666
322
884
785
780
711
897
838
1199
878
315
512
723
1082
676
1023
925
1096
928
1083
1260
821
695
756
957
817
673
781
863
1233
719
766
675
700
716
939
667
777
1035
362
907
907
973
769
535
26
285
877
649
624
672
1266
508
647
661
1251
983
660
1153
1069
672
652
1085
985
912
596
741
715
681
302
1337
837
966
1127
884
1197
926
875
754
1053
306
571
1281
538
303
314
291
835
702
47
904
351
1043
25
757
636
289
986
1182
20
1089
1227
790
735
662
1251
1203
943
910
1327
850
841
1016
820
262
1202
663
915
839
767
813
336
314
742
880
962
704
302
303
884
547
867
927
1142
1280
931
747
855
1021
1284
730
763
499
1196
1087
924
315
932
751
883
288
1234
708
726
876
839
884
868
1242
337
1056
827
500
923
1060
1002
858
1010
1038
946
846
801
858
827
306
668
293
1170
670
336
1175
836
665
786
358
470
642
746
854
717
949
1030
1201
642
651
961
43
917
790
1341
1243
727
872
300
960
861
953
878
282
1099
961
676
679
724
550
890
1067
806
903
783
860
1012
1229
732
891
955
733
978
1058
1086
897
845
670
994
503
822
721
814
1192
965
894
309
708
791
1097
844
663
1022
737
1005
855
729
911
311
769
815
732
554
672
333
306
953
264
974
1065
840
850
951
920
731
916
292
519
887
518
875
1193
1192
604
803
844
627
789
1255
1006
489
1013
927
1169
677
21
810
907
844
731
824
854
760
510
810
818
357
266
995
335
529
614
761
840
1166
1047
915
500
359
783
776
705
1046
316
778
513
533
723
863
946
656
1020
1333
957
778
733
990
296
880
364
538
761
945
725
660
535
711
769
1201
1196
669
462
505
1011
310
974
698
381
937
1140
946
752
726
318
1008
292
558
786
795
728
1210
334
810
948
977
605
793
552
1328
1129
863
748
679
1013
1024
952
665
791
872
681
771
972
1044
882
774
818
916
319
870
1264
539
1109
613
603
1102
841
668
502
904
318
915
283
1242
857
1240
266
685
1038
570
722
819
586
1050
831
1015
804
1108
289
611
710
534
1240
502
288
581
1032
863
766
866
874
1238
878
1055
849
807
1325
1028
943
506
290
1273
1054
484
950
842
747
754
971
1231
803
543
680
536
712
778
873
750
931
658
533
1197
1034
826
936
785
1041
695
745
642
1231
951
709
758
832
928
1036
31
760
880
1027
490
928
497
834
887
885
782
741
547
1167
903
1014
674
722
929
846
824
316
432
928
814
744
607
931
809
800
1056
701
842
1045
263
307
503
924
858
919
1155
806
840
885
889
831
406
779
1199
608
728
312
778
912
1017
1168
670
1015
890
516
1019
1078
976
938
807
793
834
765
743
527
926
551
694
987
833
1202
360
769
1031
480
868
1227
730
848
834
755
1166
719
595
1205
501
1180
599
918
779
387
996
996
510
808
1366
1338
1164
939
734
1070
274
948
581
508
734
275
1035
839
746
680
275
915
990
991
881
944
786
1047
1074
760
196
903
1084
1061
675
561
1060
1214
1027
920
715
650
855
921
617
594
824
865
874
276
1212
719
548
1086
1050
989
930
927
563
623
876
698
956
744
287
869
1208
536
641
781
515
741
1300
853
881
830
925
922
572
669
762
1241
815
1078
584
1402
1131
741
1000
1336
968
666
1232
948
500
883
19
927
859
933
980
1085
733
860
499
886
627
468
264
886
625
333
964
691
606
1070
283
1162
392
420
966
817
485
874
321
538
1175
1005
816
890
1026
564
941
1137
46
1020
972
1055
1234
1323
505
1328
867
443
1194
302
305
762
1017
957
921
755
1409
919
861
984
311
573
378
532
1009
972
1037
302
327
1023
965
755
864
457
1115
545
1018
1085
1323
816
918
1431
1037
1369
1037
567
880
1141
1202
802
1124
890
1217
553
1196
723
849
262
625
623
1085
998
356
895
818
973
562
958
346
841
602
878
988
879
336
540
840
859
935
602
910
1036
287
1256
922
683
808
1069
908
886
582
917
1005
977
643
919
1080
949
552
581
606
752
781
794
1063
1326
1042
702
862
731
1265
319
664
928
885
569
1039
526
931
973
998
1058
1046
926
469
1257
635
975
830
978
519
764
657
1104
578
932
696
477
827
735
703
566
469
274
1312
873
832
507
591
857
1268
981
1223
240
1001
1412
847
834
736
664
334
676
539
520
1329
302
528
1029
1325
669
486
992
1264
1404
619
775
822
785
963
1334
329
1119
1329
933
828
962
1433
927
639
863
561
1078
504
601
1025
691
668
885
527
932
553
1015
1217
895
1256
891
823
1321
602
597
793
298
965
354
1039
729
1107
501
884
672
716
1169
930
1253
790
1269
697
932
733
879
456
764
1140
886
868
976
871
740
556
1334
806
273
1026
516
1241
1181
335
630
270
1117
458
817
887
926
1032
261
554
1313
1120
338
1014
305
958
1235
621
622
1203
1103
1310
588
848
1338
308
982
845
882
1324
701
265
792
1074
1067
492
435
992
1124
874
1038
731
942
915
617
578
894
1230
781
883
415
784
960
787
676
1144
681
1020
962
462
583
846
1213
863
783
290
965
888
867
873
273
506
990
774
352
990
516
967
585
1323
1023
1050
509
1204
250
1126
847
658
1011
1183
485
847
749
613
392
314
1167
891
660
379
730
1230
957
1069
934
570
676
419
512
1320
1047
1163
1162
246
914
1245
282
1337
612
1309
265
487
918
720
718
495
1148
481
917
332
598
986
1268
706
866
546
1046
1010
542
661
986
744
1341
486
534
1234
937
662
296
1255
289
1057
1082
934
719
600
239
805
624
719
379
1010
1108
640
1252
1332
1337
322
1230
1227
370
1095
1226
980
407
1085
980
667
1208
892
535
1097
1004
468
238
1030
834
1180
1219
251
674
664
1289
1231
1234
36
365
275
966
943
611
630
393
1083
1142
336
862
833
416
1059
822
505
1089
617
272
1086
265
790
336
1204
871
981
948
1191
811
637
1322
968
574
895
272
941
389
884
1239
1161
1258
927
363
700
1027
985
1313
556
594
366
1422
278
574
833
984
1251
770
259
996
408
610
714
496
1343
1046
615
493
1073
1205
1287
1154
1253
1074
388
259
575
307
998
1012
855
1065
554
574
1015
1254
1204
627
569
300
555
301
1319
39
1334
776
1079
565
1245
293
1304
1226
252
1002
1070
258
879
1213
596
967
737
955
942
279
431
821
1056
1201
1091
1270
722
650
1115
807
501
530
376
1315
498
1142
1173
1018
1264
418
994
870
597
1189
1064
616
1196
306
512
975
609
260
1228
928
900
712
415
453
708
1026
853
916
286
1058
700
511
794
921
245
1241
976
1125
1130
478
627
1331
337
632
818
245
1035
248
573
1227
1026
974
1259
717
819
1116
853
1015
846
1007
262
353
286
635
1313
713
964
854
1022
1036
860
1153
1151
1187
963
311
332
635
278
774
845
757
935
653
1084
376
651
523
835
939
562
285
864
1239
757
686
780
332
786
762
1014
249
1159
1250
483
552
234
621
801
595
239
639
1211
601
237
926
404
655
335
525
301
1100
1242
843
266
742
997
1160
1146
1253
749
263
377
364
239
700
572
640
922
629
236
673
770
940
1217
954
1342
944
256
904
278
215
576
1223
373
739
626
1317
499
1290
982
257
1157
1194
901
1309
260
1083
882
1040
581
1028
1337
1201
1267
415
949
1198
870
1206
934
677
292
354
877
1098
1263
909
871
352
489
417
836
820
912
228
1079
1029
599
457
845
1013
1070
186
1003
317
273
845
1081
313
699
799
883
900
582
1338
1101
1192
1027
818
1099
227
451
940
1186
1023
634
630
638
392
532
1175
1073
314
620
1021
637
1149
1034
1286
978
1092
645
301
1160
1189
806
1097
631
1252
580
949
424
934
1054
405
1320
573
552
271
305
577
942
470
1026
1223
858
1056
1252
1238
795
1013
947
587
1000
876
679
1190
1060
238
569
1229
1039
1141
1127
568
274
535
851
575
669
598
385
291
1202
272
640
1182
826
1024
1232
1239
562
436
297
914
877
299
1191
994
1268
1040
1336
504
298
879
873
1236
1187
295
1028
998
1210
775
1026
485
751
1229
978
749
1246
432
731
1257
953
270
832
977
488
26
1140
1252
530
260
1419
1263
1335
892
809
1160
592
1228
968
970
1319
1243
1259
1191
717
1071
921
1149
812
1072
1145
391
1112
238
1257
1273
1158
891
414
1017
1147
358
752
966
523
375
1029
716
754
1242
1103
1153
428
963
375
218
351
1121
491
588
850
237
16
746
372
1036
1027
1274
856
1300
1284
235
863
645
1310
889
487
350
1097
539
518
644
337
555
600
1252
1228
338
720
862
997
626
1227
247
1053
476
1008
951
1250
574
918
1104
910
1078
252
787
1150
1157
333
650
1153
961
511
713
1272
257
791
725
993
276
354
1242
862
614
1276
1254
474
1053
539
440
1199
262
692
1189
785
1017
1205
896
1303
973
1013
281
960
1215
1000
1224
531
1107
1306
899
303
1195
611
1294
1094
490
1249
1236
1096
1159
1333
550
1205
418
890
558
796
593
1199
1176
1005
1323
366
290
1284
604
438
732
401
1086
983
331
1063
308
584
791
876
1150
814
582
854
1138
578
651
288
1276
742
403
37
1130
1305
603
1330
226
241
1009
208
1303
1061
292
1184
819
1030
1153
264
1246
887
349
1042
976
1237
495
1076
911
1139
668
568
1204
1426
1244
50
1075
1239
571
628
719
460
1266
841
1309
1243
1242
832
1073
1348
1215
796
307
1017
789
738
393
402
433
639
472
304
667
547
844
676
1331
1078
1035
571
914
1103
626
738
855
692
784
1308
1275
1324
259
240
235
1086
784
629
1032
1070
282
1049
1250
659
446
946
233
394
317
233
882
1081
159
1042
763
712
373
1238
770
419
1327
1003
1044
1202
571
392
1237
370
937
750
1272
395
1033
878
883
835
1078
1001
374
764
1159
1096
770
1330
999
1106
1213
883
1200
536
1041
1466
527
1148
295
1115
369
479
616
1009
530
938
417
1295
680
1227
405
1088
946
384
1090
767
1205
664
1234
249
1024
657
1188
1255
374
1306
1097
852
926
848
979
1027
1124
1281
1218
1054
1235
996
901
1129
708
1150
475
1261
652
875
421
568
558
1032
315
1115
222
677
282
1098
628
648
1029
1018
603
255
828
349
238
1227
776
1147
1237
393
248
1050
853
1253
699
1326
904
995
1429
239
296
802
1060
1024
845
906
708
271
1018
648
653
1085
1191
1103
1237
1235
1294
1087
1303
1195
1082
1216
1231
1219
1020
462
967
331
1080
515
1003
702
30
630
1106
401
851
196
1463
1072
926
820
1149
779
1314
597
962
1310
1064
847
775
790
851
640
361
982
980
1236
774
953
568
1229
855
1198
1200
1068
1004
913
725
1283
828
