-0.01224109669282437
0.014778162407499703
0.017424787112108337
0.02177921635974904
0.009323938648961026
-0.01918815933324049
0.009992489642133135
-0.014820058575972619
0.011998327766382325
-0.019147230710026192
0.014938027342997201
0.015985360229188495
0.02293763151325877
-0.02058824783601655
-0.007080706867494093
-0.013177714562070755
-0.013395677371034517
-0.014140949981221984
0.011648785188102433
0.012856016424505654
-0.013435952379556708
0.01314919667059226
0.012757695504162224
0.008576576887798105
0.006666417584699099
0.017440647142237413
-0.01100308320390008
0.006233218147195974
-0.025115857087257838
-0.005628831147972746
-0.015692917516898802
-0.006704826540001463
0.00581302739485558
-0.01158700651475981
0.01528316133798338
0.0074052790985991105
-0.00790787633775734
-0.006737082070462286
0.0058514620023001765
0.009661959927536734
-0.005961061709199982
-0.01038442992914617
-0.020781329782352774
-0.008927125264471675
-0.008538071910043871
0.008862644324118577
0.0063763258195026085
0.014072191174894258
-0.011812459695856963
0.005835004277187616
-0.01307813767703151
-0.00856187232901905
-0.005962352684081782
-0.007256243872244934
-0.007560799434267845
0.00602770091358661
0.0030696763589627297
0.005244422941204826
-0.005796710187202583
-0.00523301638567949
0.009810172466879118
0.002650203830668388
0.0038364502516993106
0.005569919667702628
0.0130776632157599
0.012325172546079241
-0.020669424976406576
-0.007307055004816892
0.005392948242732851
-0.007270955494810166
-0.005563221730020915
-0.0054909281056517685
-0.005144209917604601
0.00578451095841607
0.0096376693615331
0.004879281172871044
0.004745482701312432
-0.00714598296895465
0.003192303448743996
0.0077775040616982006
0.004561436646406855
-0.0053495420817127855
-0.004762592966298635
-0.005885291528348277
0.0038891017486887727
0.012316506048948156
0.009028647520222813
-0.003445354374648343
0.002498112645909534
0.008787734639440804
-0.008037843062830483
-0.003933025126578663
0.004465843299256235
0.005507949165607767
0.005184667356494268
-0.0016252418035250585
-0.004301823697891509
-0.005408123344347341
-0.00445274183103693
0.0028342512061603994
0.01004152655165122
0.0033749030267088147
0.0163170003843513
-0.007100719364054728
0.003733131305810404
-0.007151210020642203
0.0022395821994213466
-0.00345893367419589
-0.006515024670671641
0.007812065823915487
-0.004479515402522631
0.006562273689520546
0.00686061286251537
-0.0030235572135871532
-0.0015209057334754548
-0.006298822575585944
-0.0036881909598039477
9.519864052839909E-4
-0.01020390348368742
-0.0018942515337986956
-0.009539810851139731
-0.003179848233107178
0.0032470544668615647
-0.004516346635778726
-0.006907736862517873
0.0056731037954770224
0.006213992896684465
-0.004877107865171516
-0.004062887706298178
-0.005916704279524145
0.0039029750815306216
0.011291521819802003
0.009155756692009702
0.005166701060061014
-0.0016460286382450676
-0.009956084379217427
0.004264484872586145
3.79023191114127E-5
0.004318430665240121
0.006305792801351968
0.005789103814922233
-0.006690559606703929
0.0025512477495855455
0.0018047444579390767
0.009686625473311337
0.0021543232240720436
0.005994917532529389
-0.004409825017403449
0.005497635812572248
-0.009315836562292446
-0.002624305971640103
0.004731741083473878
0.005580982761023211
-0.0017693968583310101
0.003884673399385487
-0.006260370883727006
-0.0041688910179706815
0.004597874012474156
0.005840021825222249
-0.002182694440496726
0.007786148204257729
-0.005643062515109789
0.004327102551245402
0.0017970714596662102
0.005213358924962708
-0.010296084567808755
-0.011660440311747693
0.006146958691371855
-0.0021638613383935783
-0.0036722965076772082
0.005597959948456624
-0.0036792856979114543
0.002661023755472587
0.004218974452393835
0.0033308799579844944
0.003042944360933081
0.0023511777405950725
0.006021674322432001
-0.00465476509806179
-0.00505003415818126
0.028684182006076267
0.0023173984265406973
-8.368262217853419E-4
0.0017110578421851443
-0.009009638573490126
0.0025518918783572412
0.003780472427849296
0.004009843642639835
0.004114957631553375
-0.0034136799706903503
-0.004002382011230793
-0.002791912775081443
-0.0018306638934108385
-0.004230718096921576
0.003299585217321731
0.0027784118253455347
0.0023509187175972776
-0.00929497131824816
-0.001640789970433762
-0.006035570941037924
0.006761521783322012
0.001585033812762789
-0.0036836936519983325
0.0018031980379513367
-0.004951251897318654
-0.0049363638409886165
-0.00747331138478794
0.00136367777739391
-0.0035232294613804223
0.003047775426148919
0.001988427830655066
0.002828716379090381
0.002078684606956006
0.002481099409421757
0.0032014749885562123
-0.0017824241169397085
0.0021655469587767064
0.0017753864274070372
-0.016281549356555
0.0024467800707085176
-0.015217195152491035
-0.0023945640683570284
0.0021205978169352496
-0.008698670576231398
0.0010317681090530396
0.0018105356485959344
-0.004490891435919336
-0.004482472575994695
-0.004195671172814229
2.6757033581730926E-6
-0.003763589077137132
0.0017650284004306575
0.0015640420002506423
-0.0035377592929135603
-0.002244681749533419
0.0014710283240240622
-0.01185892206246743
0.001801047354772359
-7.320408207329561E-4
-6.918024817875318E-4
