546
33
48
33
33
553
289
291
304
333
302
294
21
544
42
540
292
331
556
61
40
503
526
306
525
559
27
288
549
547
276
515
526
333
517
332
35
290
517
62
264
562
48
514
314
261
505
605
294
337
336
46
56
306
301
29
655
349
282
548
287
508
528
310
303
548
305
520
553
14
515
17
666
335
373
552
543
314
321
286
560
35
288
40
16
34
25
263
19
607
370
538
644
652
651
341
526
552
34
285
549
62
601
729
32
286
611
681
773
26
313
654
69
563
559
58
22
60
331
294
529
285
771
752
565
673
519
649
78
502
303
646
304
65
716
730
340
56
15
285
19
524
338
340
28
332
20
519
672
302
504
503
558
350
553
375
650
61
12
32
63
33
331
560
304
604
709
370
776
660
736
336
47
671
734
644
770
765
519
646
710
567
30
20
300
30
312
523
505
773
738
717
522
75
732
333
720
39
262
711
689
766
685
533
561
540
534
376
31
769
352
299
262
727
17
353
648
667
703
520
498
550
677
709
614
496
669
684
71
382
674
778
731
538
566
767
81
736
759
642
664
345
5
680
718
677
601
757
763
263
