560
549
327
615
512
679
505
732
352
541
570
610
670
328
518
515
671
317
612
509
373
527
608
546
662
355
367
514
539
340
557
351
522
517
348
505
565
353
662
353
727
542
554
652
1249
563
330
525
561
1251
656
539
537
545
320
700
544
528
505
509
376
355
547
658
527
733
503
649
340
764
727
505
504
759
669
336
666
334
335
769
678
546
829
707
686
33
708
697
652
661
650
543
283
376
653
919
822
375
553
343
279
917
767
704
664
710
320
663
356
709
1025
646
306
641
910
650
690
714
664
736
36
633
717
726
616
824
745
666
511
535
336
673
820
903
619
533
503
629
637
567
752
771
816
685
464
610
649
755
695
419
507
710
672
728
392
794
486
716
765
682
716
352
609
765
263
682
45
708
1303
826
773
513
597
695
348
641
821
721
999
715
613
765
763
778
789
376
773
657
807
506
614
814
607
717
739
793
1302
632
707
1024
711
643
668
594
507
762
520
332
1160
665
317
642
592
529
711
644
759
259
9
385
572
928
473
639
555
809
997
554
672
755
732
507
608
900
799
579
810
765
738
626
583
641
1113
718
613
714
766
817
592
811
248
762
593
607
274
806
1322
578
949
537
1120
938
665
929
800
703
506
913
771
1217
920
530
923
509
781
1161
786
834
793
765
924
662
702
315
759
802
513
30
703
573
816
769
771
235
11
611
717
287
608
816
582
742
738
1273
697
689
475
806
720
698
1173
923
788
766
746
910
758
573
796
932
723
1317
818
849
846
760
561
789
893
23
1013
7
666
8
834
934
18
898
653
652
594
1065
739
837
388
528
925
729
978
935
797
560
594
602
978
704
658
797
966
743
709
696
832
757
715
944
432
867
861
775
707
696
909
36
47
677
953
593
877
943
844
866
796
19
640
537
805
664
888
1269
823
858
825
722
704
5
972
734
864
753
1102
10
702
891
709
967
831
948
670
583
974
929
669
6
895
899
763
741
756
684
249
1197
641
13
801
550
716
1326
886
845
541
829
911
771
749
762
469
607
319
4
726
831
868
822
679
847
1082
301
925
745
849
703
709
793
717
715
1074
843
882
645
