19
558
18
710
17
529
704
16
566
777
727
19
709
18
705
304
528
712
662
331
661
703
19
514
20
562
351
709
547
328
286
743
516
551
732
781
548
563
707
669
47
740
668
552
579
704
701
720
304
416
20
765
785
722
751
19
715
673
391
549
770
742
685
553
758
305
20
736
672
374
556
710
706
761
763
375
679
329
538
327
24
517
514
784
546
657
765
668
361
782
671
729
331
299
559
26
506
552
739
377
289
705
18
782
40
503
769
735
763
304
336
711
535
679
676
543
25
769
347
545
374
386
702
291
757
676
417
25
669
66
644
38
504
607
758
767
867
285
550
704
708
717
708
660
30
25
764
362
905
756
768
752
807
46
760
657
766
697
778
503
356
554
965
412
554
563
505
287
301
542
738
8
27
370
540
540
302
740
720
559
752
390
28
660
767
46
503
381
33
509
46
612
306
289
707
39
313
788
47
813
759
818
539
673
41
553
316
612
595
968
657
61
419
27
688
536
764
379
713
652
544
546
670
780
15
762
760
787
375
291
648
46
521
509
716
779
612
671
705
704
613
318
552
27
612
669
325
316
759
819
12
760
759
530
32
567
8
55
703
622
719
519
729
612
720
765
722
759
611
702
765
894
376
41
13
606
284
793
518
560
349
710
48
913
692
708
70
607
20
832
346
656
868
735
656
20
908
396
535
35
502
727
761
704
392
535
520
715
834
307
639
614
66
728
36
781
648
717
667
705
551
384
754
54
529
756
949
650
24
680
861
289
737
499
40
512
757
616
755
574
712
23
615
54
659
350
657
779
366
17
504
385
398
780
771
524
688
724
506
19
940
383
767
418
338
689
893
910
555
772
726
281
871
522
38
769
727
906
523
34
741
708
763
373
659
541
619
732
507
538
829
52
692
369
738
70
561
716
549
294
39
417
824
722
493
716
769
954
508
797
694
817
723
614
699
710
646
860
606
687
650
872
72
516
26
821
113
354
47
521
514
465
53
909
673
63
877
7
428
527
771
762
894
74
112
985
711
512
14
611
949
831
300
919
751
538
747
495
656
665
101
56
791
544
911
613
573
737
947
891
932
349
653
660
823
651
679
762
45
127
26
700
921
651
34
632
743
819
303
824
972
915
862
694
932
397
767
806
919
30
719
783
867
656
628
90
555
658
39
963
123
723
513
904
335
565
943
739
704
613
46
861
931
737
537
911
611
647
43
725
707
33
369
673
21
888
12
337
9
780
590
839
32
666
638
136
31
111
569
898
734
47
755
589
927
720
500
556
890
11
563
737
538
525
855
617
803
758
7
589
16
688
680
505
91
599
679
798
38
966
537
661
336
35
123
930
14
745
694
344
606
944
123
834
598
733
9
8
12
587
304
335
14
621
524
82
865
766
124
588
526
717
829
628
721
62
1011
996
449
422
572
582
513
722
781
491
7
697
865
588
317
732
954
629
583
6
655
935
900
871
