4984.3453783549
5731.689222660794
5121.757301874476
5528.9928216991175
5737.290537904992
4990.428687332194
5011.417798073419
5007.784302435371
6201.8756206537655
1946.8067399581944
4447.4026610079545
4411.47939054287
5238.035308718012
4427.3601274865805
3214.791129669111
5621.092013207225
3884.449963773127
5586.35350989782
3890.7930771921206
6132.302515257014
5238.378414333881
5021.140019081221
5721.698416932981
4391.476593436287
5156.981561027754
6128.943405797156
4935.005378810156
3056.348816361016
5216.046220355738
3345.2356303857027
4930.135917421799
5027.325151500311
6415.958339303171
4463.78791490676
4458.8968974637955
6222.546896678071
5010.568246614607
4616.096540619537
1950.5773292619222
6221.0446784980195
3733.9219910634106
5047.360568174473
4438.41639299805
3887.6360224486875
6438.298397846836
3926.8778712463813
5131.749094233441
5018.602304177716
5606.75460241082
5593.875313873617
5622.594364242979
5601.925158654267
2009.0305807066652
5009.639491148066
4439.3115706200115
5013.261932193072
4373.771242589893
5586.531225755921
4613.524100704967
4933.838657674334
5026.414815548598
6193.828328502662
6138.92972883583
6285.293854167566
5615.39821514153
4986.572619028012
5059.89315370118
5535.10807540733
5213.47407707649
4992.4488923830495
3936.725959052062
3921.8410321589404
4389.031715788149
5769.437462232523
5617.4133951190515
3337.407244710435
4555.470730392682
5017.451818615973
4310.4203780972575
5535.294441795904
5584.3157763260715
1943.0586494181657
5145.179134644861
3044.350612971686
6191.3652797296945
4531.8043435717
2014.8240688258684
3151.2671945188135
4521.8116513661325
4437.526236508503
5616.999732227095
3326.910865641289
6281.137413869721
1980.5371162817614
4935.331865622982
4429.157578260558
5590.397120984658
6186.484291962559
6791.332187943115
5647.340767397154
4929.045313790585
4430.28744980096
5136.647252020442
5736.587558864866
5533.782596212669
3285.400313269472
6336.544277862478
3658.7573481508143
4432.463080315076
5006.792692342224
3193.99586134338
5020.806299511818
5615.996222355307
3802.054788106551
3767.984158119855
5237.526471878087
4370.792501420714
6279.105859126337
3219.7734170698723
4819.141719498247
3730.213808934302
5022.482803819466
4062.1047573363962
3336.7555200769643
4435.923127553899
4820.140037321924
1817.3119520491089
5161.313261687975
5607.751202977047
1951.3051399379804
5837.998152845632
5763.958131689994
4638.423795576469
6437.956277928763
5025.327278133813
5026.124749561289
4983.449732796941
1964.991994634136
3789.0659143735274
4393.936489897996
4991.941576592052
2658.570370898422
6326.690249708434
3770.814944707645
5150.65454583841
1975.4892599615712
5588.382882567612
4220.1650915374275
3370.532930765447
3053.928108889066
4219.164438762563
4332.460254114002
5237.264219805261
3892.7089783104884
4376.878561994602
6134.9214549242515
3866.8764883536446
2194.9531198801856
4245.124781732197
3847.463534649523
4985.036561288198
5531.167559325261
6410.453710316497
3861.1779410221216
4996.019204103299
5126.795395613342
5237.7670733762025
1970.5221327064635
3897.2389259104416
1820.3122920212418
4240.198531426026
4335.056509202998
5025.770276218142
4330.18634940157
4565.414554809347
3833.4837677374685
6393.533719066906
3148.3216494991434
6793.795093906239
3831.347007284492
2547.3846212445355
5816.001906226564
5591.412299281095
3879.7667077462083
4297.751146219343
4902.423989650729
4410.406954375662
3395.6715492071667
4246.708535748851
1222.4729788995844
2650.596583114201
5197.457744691897
4016.129122657742
4989.0049813848145
1889.318578820267
2011.9436945619589
3147.363439324728
5692.976819277332
3882.7380026972464
2745.2536383308498
4402.018636066051
3212.534184539048
5686.203008992059
3041.912627145989
6206.741210650192
3321.8752229327033
4301.389177012327
5837.731254764989
2665.3640196691204
4437.561460667575
3880.000041934849
5747.88339708059
4421.184596156299
2649.74961415284
3227.3592221236286
3454.957298741997
5534.940722298596
5611.38498586917
4970.77359944313
5590.020323469208
5588.964425167185
5625.883029604805
3143.034480659145
4641.424610388737
4258.739647066292
4459.9426100511355
3117.5878138760845
4988.413738259575
5756.823233343155
3641.8887968131967
1887.8265884811658
4931.222214255747
4986.383701262606
4910.605394208109
3886.0647856911373
2008.0773354574085
4038.444420625691
4150.077417294617
4396.016544363503
4406.851941664476
3753.7938706339005
1908.6976064895466
3186.6636655152347
5583.597779588659
1910.684634196462
5630.6055095771535
2539.1237436983483
5756.962413133774
5679.148590826719
2647.4947810263575
3823.853774545996
3184.767506702722
1892.302406685488
4984.2414570853
2008.4075126650282
4569.318263284507
2645.1104541686473
5022.642695475939
6225.732498488773
5597.363166816863
5026.921512123016
6131.117052349837
5534.964076056014
6226.639767272112
3403.6835071682926
6284.201132715268
6325.94916224015
3879.285157543239
3887.9605245100047
1954.41376441543
2005.2721444637468
4634.173100310672
3992.1300809029913
6344.788302328183
3147.366115681507
4241.859503793413
3888.2098182501763
4304.713503411453
3887.078645451439
2903.5466311084338
5135.431420429972
4335.916006156371
3211.909635480655
3705.850504771772
4856.276150277164
4985.521200967057
5016.033802205033
5138.64669413025
3894.8237773318956
4935.865080499911
5622.619872269984
2693.0933628107227
3121.7566920838813
5496.271238700576
4453.453299659158
2013.3923007220083
4294.0458631718175
3735.389328836482
3865.326565470052
4431.186697605714
6355.742768235507
3800.687866343336
3937.397163510907
6004.912710411545
5617.254066496949
6400.080804068946
3376.663172767871
4136.985394984251
5837.492254321077
3807.8826310905065
4557.014013313658
6284.551090180906
2126.95563075098
2136.802168336642
2121.918572058639
5504.372882712853
5536.65041745686
6330.968899799916
4419.042734411142
5797.109374876785
4973.7534778790905
2490.6184726256683
2727.8709619528904
6439.785218923303
1956.323132595723
4967.941325378406
5228.057097459994
3826.745412504425
5681.182206044166
5758.286629292194
5587.403292539099
5035.098892812184
5595.746576929293
5611.944974218199
1242.3249828381495
1896.0007849135347
4934.980841980762
3224.653696439096
1321.8052072844932
4411.537930890912
3982.5362748837006
5775.668626118036
3062.6788848171454
1239.313758565011
4479.711619926257
5264.946359615825
5803.086714088012
4391.380714038706
4433.446033161811
3860.0032385061754
3113.5654975190528
6220.763063625166
1838.667918335735
3058.7901426634135
2662.7766214997187
6441.3212847184695
3665.8470905890895
3227.326682984641
6135.064615019265
3858.0487797656165
4333.889968466362
3813.3540508217625
5058.848196785085
4013.5556206270953
4975.632370436981
6237.446561851708
3666.1331936957226
2197.384724519103
6345.126823367234
4493.515434886283
3150.5572748057
2004.4058852860385
5024.060069038461
3746.143877983144
3382.5412950156897
6337.270125579397
6359.257164419534
5626.3986996344
2543.053307674977
3189.0931251420207
3135.977556475795
6135.756453481394
2520.624361617949
3876.921789228463
2508.0409615461135
4994.56735253982
3786.63628632626
2496.365311940375
4914.959434433254
4299.574942249032
5155.424124153884
1912.4336606476227
5585.491390654738
5125.912255203613
5598.954749562896
3833.3594543474865
6776.303041359176
5224.448818823586
4300.933832990321
4773.709155635221
4844.282720980187
3117.7328055579587
6821.016135419012
4302.817257010869
1317.7808940572806
5753.660353131676
4906.471811205558
5663.711336248397
4992.882429415461
1225.8070891068994
5057.945304870141
3209.3018607883337
3811.554876491382
5637.467340326972
6287.851335068066
5579.931738411656
3814.031707456748
4335.029110369768
6362.043179113876
4900.2260218910715
4537.387197189024
4413.322918262293
5545.4150988007805
2736.779127412128
4929.723529062245
4864.968580582848
3408.9416621164196
5691.04789321492
3746.5007679534297
5203.28020535763
4984.729978571886
5659.866822819609
4383.659986990367
4454.036106334159
3923.601001559004
4991.451940561
5594.552922572439
4396.765526529511
6437.689494265986
3208.9954822591267
3883.7486796578005
1312.4494336727028
5813.430926150645
5355.9926743306
3230.6306058882064
3962.1408658868972
3206.394037653344
2525.2237176874137
1816.8782995954168
3734.9880668034402
5687.896593036679
6136.63692088477
4137.782290838825
2455.6938464705904
4439.954544419266
6321.652241890821
1962.0983456809597
3931.829914963624
4398.557324107377
4341.065373764845
1317.2104778459823
6398.914175740412
2459.695268473494
3405.723106372647
3123.5917318736506
4865.812351039695
4863.516605549244
3794.6036850005567
5538.9740943563365
3875.106672797017
1236.9361846199135
5592.406742806963
4384.748595667941
3736.695247752733
3221.2336393888104
4367.961508315596
2551.2882708535108
2740.108320580959
3175.7686409429766
5026.669939820854
3265.3596325242283
3159.354135457619
6226.894508694363
5614.739262587375
2517.03060368179
2609.026111934241
4667.353030901969
2136.9556564120016
6319.129353248474
5661.039161015754
3061.4329120976695
3885.370062266055
6649.895309472305
3776.9010284976407
3805.7560196287995
5798.406742844805
4988.2526898232645
2131.907227406529
4485.357428191041
3164.9563477849483
6291.002654493437
5619.01324087908
6134.828885036819
4251.481488230671
4375.7490370393425
4936.663706364024
4304.139721699399
5055.220766033284
4335.375416702766
3112.8500313658124
6210.515706501959
5015.435265967111
2510.676229858072
4466.810882734274
2573.0118093996152
2137.4502039528434
3646.7352709178854
4979.146877562686
1817.6620156382162
5665.185220530348
2496.7652333484793
5608.522477366986
5372.031402438045
3061.2177574836096
4037.5761840214673
2508.6896127049736
3830.288819954607
4997.2022685557895
3064.1485017549903
6281.692551096077
4243.479347205457
6263.691740471552
6266.716354219462
1229.464164833287
1919.9610254103466
4849.082272807521
1380.5625387685027
3135.4005462370083
5129.090170031132
3919.3373232555077
5017.038005254952
4908.674848310505
4391.165511076966
2648.053727078424
2660.0374825443673
4450.997160350758
3825.411103013767
2515.0332016806437
4422.653126627719
1910.7494615301987
4979.427491728221
5726.735838631653
5694.055022879312
1359.4284332854213
4987.430020427904
4983.022942644547
4048.5937170236743
3357.460288275276
3229.839170737891
2563.117935564349
6348.17145410663
4895.408170556477
3832.051680642036
5995.857490035026
5762.805918953695
5681.734775990964
4415.527063253514
5595.9757493119405
3809.7359846129425
6732.282469936029
4265.83631120012
1973.4380541634691
5001.188925694745
1917.7567517130744
4945.427730014047
3863.8524883679456
4296.3371413273635
4982.250435871871
4669.861013210783
5133.263503407584
2154.2938229684573
1818.680025814119
5056.920365347371
4893.181962074695
5192.203158587809
2773.725037324457
3373.7201442078235
1836.2343200192993
1233.160806913138
3928.1263400874823
2658.006298724406
4304.628929985664
2644.7111820759037
4448.327443377816
5745.138932801262
5803.273264877723
3745.3534059366784
4998.972390875462
1236.252163659031
3815.4503065443773
3392.1361706077123
1887.9567550701759
3344.883065407862
3230.0798570805146
3140.9285003353207
4373.493344624426
6261.019297857055
4637.56597932244
4841.846748878074
1920.120490265168
3751.263993395497
2792.141455828325
2559.368804370191
1896.7780067316553
4407.847020854588
3229.8690280817705
3063.951688108488
5761.2994453807
1545.3101930125904
7146.794002509615
6667.166096214087
4858.717446597096
2558.147756133953
3755.6955394404617
5736.2698644490665
4996.0112631893
6399.841645951314
3829.8525737970826
3785.5699478452934
6179.367695040267
2008.7000641934017
5580.165845948109
1960.0427557720052
3364.6908526751463
6188.917422184197
2504.1649200572183
4871.1584239614685
2548.945354534242
6200.512784478136
4141.333150941699
5753.374035020492
5333.043232482226
3158.5357368905075
6635.405001739354
3826.49384174247
2616.3609579649255
4981.779764861691
3130.6639048262346
1825.7847317288954
4861.145531943175
3135.913378068255
6379.724933933094
4413.760375295268
1375.5168857522435
3820.12484366624
3058.9118125808545
5684.59620275917
4896.9947554781675
2576.339191679938
6542.902622196803
6195.734067558874
5734.990921251221
1918.146457758687
3892.4875637585415
2000.0101697320933
4904.124218676147
4846.692508354795
3834.1637214439843
5610.112157932227
4901.327755365165
2654.252135745224
7037.673771966776
2492.2861603492893
5108.446165321726
4434.287608437227
6197.954725669808
3921.4483742931966
2816.1641847199403
1888.3026603667174
6734.880872830179
673.8183027333785
4413.026560994878
3135.0062832531544
4339.072880064599
6308.436229064547
3350.6908298576404
3641.8672791697904
3702.478525131876
6409.094219635708
3787.475995712163
2515.4855019683187
3749.1443465563348
6416.2907737909345
4408.254498662486
2661.213493167317
3891.4576447845716
3751.9366572635918
4037.3080145712515
6362.808351863256
7037.175057650601
3661.1840378219454
6773.247098744221
5800.834712503234
4390.751107962357
4405.75128069294
1316.1801922959469
5291.253505587564
4283.508569798972
5170.388608187828
4456.939198250896
2520.2291937806294
920.3809846918655
2496.0838081407137
1836.9176937868722
3750.3437135141567
1383.6545660777524
1238.4387901959487
4977.594196871211
4976.861812632584
5657.173950555973
1216.8420489809118
2757.466946931596
2487.8835146914944
1930.2609172844343
2522.07701558032
4345.445457768935
3750.087952526036
2020.1654154010241
6643.2966996943005
6355.371076338517
6437.450793431614
1963.6783875203146
6552.23198129303
6915.427877409902
1217.683328274699
6403.268878951509
4389.343596415483
1370.650065944278
2458.5783158561067
5177.900146015946
1933.514515502684
6170.191899996605
5269.866027410169
4912.808743605893
4481.829699719569
4694.084823008129
6734.9054106102485
4851.462706044765
1890.3051368454587
915.8028253312957
5615.501789302697
1239.1580559208612
2139.683659769756
1332.5529637265736
3375.068245064221
3146.7845958748967
4879.770840629388
2470.4108233988686
4003.2954733892075
4376.432533235708
5594.13297419532
4729.100863187692
3091.3445472531257
2485.8755231810924
3973.715847498953
4990.734884989667
3153.4725411899312
4614.912855198174
6735.0479942357
7139.279196779254
3118.4506696174567
5796.349651924124
2181.690522622447
2150.0878020000678
4465.687908499748
1396.3038146676276
3735.0848035153126
1970.7926263388038
4037.8225740614953
4251.503389666797
3829.199849164706
6908.432186737853
3885.273207293051
3202.0800645713157
4690.774582105752
5063.7378608690215
3753.125243465351
3060.8956907941215
6926.682430479344
3945.2320249702243
2803.306603375328
6885.282178180697
3113.4098236570658
3179.46428009941
5655.01811379068
2143.9205967825187
2496.5818674873503
2736.468000006142
2563.508883673519
4461.115629237895
2550.5756825398757
4908.619987351067
3214.0434922007175
3217.0438303412834
4989.070672655648
5750.6406113685025
5581.744718462235
4402.8438801563125
674.8271272371143
6892.926174026792
5147.597274594314
4592.127594677027
3263.885266063452
3882.5483415832077
6504.911183188843
7155.03271770188
2192.145266190179
3131.327337706331
4553.705911708845
5659.382011029379
5650.973982765368
1983.643864936398
3890.012019565561
6233.965083534515
4880.773875161782
5989.945024879104
5456.268277762262
3802.8485069025287
6366.673000780031
3130.2366963084655
6063.440562331695
1890.9344904375755
6539.2873415618205
5774.654104170912
4420.829638317177
5712.044799713703
1526.9682305714236
4392.90871839955
6402.29702579315
3232.808851427271
3644.3252912398143
7015.94093207613
2899.2768690128605
2514.4177124479233
3233.216445439085
7008.12661129462
2658.079142298926
3663.917254689475
6235.63217538979
4440.25621124357
3136.9985330400873
2507.1514206162547
4987.441469546885
4536.702461408241
1838.409568327609
2495.9919437010462
5571.167799286537
3214.768926192271
2654.59711785943
6638.119136105056
2524.098613656328
2466.6385855623084
6829.442853022837
1929.1638178037242
5618.5631121414535
3753.464923614138
6621.097580949161
4469.528294592935
1296.5427204763137
3229.2119364353093
2527.263968198391
1288.0414970793584
5713.136207783426
1935.2671986147573
5115.444434209261
5620.781244989001
2183.336982061674
6604.907949346357
6835.736716072598
5769.9000370498
