3652.8342066159084
4449.9176107143185
3856.8414908589457
3547.7750740226234
3029.6650182905078
3532.284314931314
4198.02979353051
4780.6464734367455
2233.914319510624
53734.73750398321
4195.6757258633925
3256.23743577896
3401.621305129219
4667.209639179099
2986.631235456074
2443.44392065483
4201.354805373541
2561.137633890849
1935.9580675880131
46571.18530297289
2336.926393721252
40809.851361173445
1708.895657803832
2274.335746605134
2350.5829601837663
5103.290887119594
3159.659350283278
3857.2609314467563
2936.9263928920905
5105.759792013192
