4984.3453783549
5622.594364242979
5736.587558864866
5606.75460241082
4407.847020854588
6438.298397846836
4402.018636066051
5121.757301874476
5528.9928216991175
4990.428687332194
6201.8756206537655
1980.5371162817614
5607.751202977047
5027.325151500311
1946.8067399581944
5731.689222660794
5586.35350989782
5535.8083438472
5588.382882567612
5584.3157763260715
5007.784302435371
6221.0446784980195
4433.446033161811
6188.917422184197
6222.546896678071
4389.031715788149
5721.698416932981
6132.302515257014
6193.828328502662
5533.782596212669
3214.791129669111
4458.8968974637955
5009.639491148066
4406.851941664476
5010.568246614607
5131.749094233441
5013.261932193072
6326.690249708434
5538.9740943563365
5621.092013207225
4521.8116513661325
3193.99586134338
3890.7930771921206
5006.792692342224
1943.0586494181657
3321.8752229327033
4411.47939054287
4986.572619028012
3880.000041934849
5601.925158654267
4531.8043435717
3860.0032385061754
5535.294441795904
1958.2834613212083
4935.865080499911
3887.6360224486875
4421.184596156299
5756.823233343155
5586.531225755921
5018.602304177716
5769.437462232523
1952.5450912188164
5237.526471878087
5590.397120984658
1970.5221327064635
5059.89315370118
4427.3601274865805
3219.7734170698723
4929.045313790585
3147.363439324728
5737.290537904992
2009.0305807066652
6191.3652797296945
3375.068245064221
6788.884456104204
5611.38498586917
4447.4026610079545
6285.293854167566
4991.941576592052
3208.9954822591267
4459.9426100511355
5022.642695475939
4426.168562356762
2745.2536383308498
1951.3051399379804
3753.7938706339005
2559.368804370191
3767.984158119855
5150.65454583841
6134.9214549242515
2145.274557279029
3884.449963773127
2547.3846212445355
3376.663172767871
4986.383701262606
5530.082235908904
6279.105859126337
5593.875313873617
4373.771242589893
3885.370062266055
4555.470730392682
5156.981561027754
4932.40889280061
3062.6788848171454
5534.964076056014
3135.977556475795
5238.035308718012
2551.2882708535108
6791.332187943115
4481.829699719569
4430.665996348444
5237.7670733762025
3876.921789228463
4434.127975087151
6336.544277862478
5813.430926150645
5687.896593036679
5053.220768286567
4464.812599845969
3793.9691095273974
3921.8410321589404
2194.9531198801856
5216.046220355738
5022.482803819466
3897.2389259104416
5625.883029604805
4016.129122657742
4773.709155635221
6134.828885036819
5001.975317177047
4440.25621124357
4934.980841980762
5616.999732227095
2137.4502039528434
1890.9344904375755
4429.157578260558
2650.596583114201
4613.524100704967
3883.7486796578005
3665.8470905890895
6437.689494265986
4393.936489897996
5238.378414333881
1975.4892599615712
4062.1047573363962
5692.976819277332
4557.014013313658
2002.4186151310187
4992.4488923830495
5747.88339708059
3789.0659143735274
3151.2671945188135
5591.412299281095
4434.287608437227
6291.002654493437
5615.996222355307
5026.124749561289
3886.0647856911373
5021.140019081221
4463.78791490676
5816.001906226564
4669.861013210783
5496.271238700576
3926.8778712463813
1956.323132595723
5155.424124153884
6281.692551096077
5047.360568174473
1889.318578820267
3202.0800645713157
4376.878561994602
4335.916006156371
4426.956478682246
3826.2063540268623
1962.0983456809597
5213.47407707649
3159.354135457619
3331.8613475744
5026.921512123016
3847.463534649523
5017.553948086435
6131.117052349837
5597.363166816863
3770.814944707645
5055.220766033284
4335.056509202998
5630.6055095771535
6793.795093906239
4333.889968466362
5057.945304870141
5228.057097459994
3212.534184539048
4238.5821029370545
2570.502248366615
4935.331865622982
4418.656921750603
5837.998152845632
3802.054788106551
3888.2098182501763
4616.096540619537
3875.106672797017
5126.795395613342
5615.39821514153
6130.032237042574
4465.687908499748
4370.792501420714
3731.302603705256
5681.734775990964
4013.5556206270953
6351.371622670055
2008.4075126650282
6357.371761343725
5017.451818615973
1964.991994634136
2010.8172766225844
5583.597779588659
5689.597679132532
6415.958339303171
5136.647252020442
5763.958131689994
4219.164438762563
4332.460254114002
4220.1650915374275
5617.254066496949
3146.7845958748967
4935.005378810156
5755.3894292158475
4301.389177012327
2008.0773354574085
6128.943405797156
3733.9219910634106
5001.188925694745
2647.4947810263575
3811.554876491382
3705.850504771772
4479.711619926257
4437.526236508503
3861.1779410221216
1967.2457615994683
5726.735838631653
1820.3122920212418
5756.962413133774
3882.7380026972464
5684.59620275917
3880.3092288691123
4410.406954375662
5691.04789321492
4939.031906916829
6138.92972883583
1954.41376441543
4902.423989650729
3285.400313269472
3791.510000549473
2895.7705734790343
3866.8764883536446
5758.286629292194
3921.4483742931966
4367.961508315596
2665.3640196691204
4664.95411308011
4420.8403896670725
4457.992908464805
5620.781244989001
4038.444420625691
3326.910865641289
3143.034480659145
5803.086714088012
5536.65041745686
5025.770276218142
4480.732171534503
3863.8524883679456
4038.0962933492474
1817.3119520491089
4396.016544363503
2564.9698537859426
6186.484291962559
5745.138932801262
3732.49112531381
4970.77359944313
5626.3986996344
3786.63628632626
4037.3080145712515
5775.668626118036
4466.810882734274
4425.374794040852
3184.767506702722
3829.199849164706
3734.9880668034402
4935.1470387656855
4641.424610388737
3887.9605245100047
6734.9054106102485
4432.463080315076
3170.4897939268085
3061.4329120976695
3931.829914963624
3658.7573481508143
4241.859503793413
3892.7089783104884
3831.347007284492
4465.26133683166
4422.534673303347
3826.49384174247
5590.020323469208
3661.397607293463
1939.1488884196658
5797.109374876785
5034.010470668961
5224.448818823586
4569.318263284507
6407.140555930852
3800.687866343336
3164.9563477849483
3834.1637214439843
2736.779127412128
3211.909635480655
4984.2414570853
4997.2022685557895
2121.918572058639
4999.276618106539
4991.451940561
3833.4837677374685
5025.327278133813
4469.528294592935
3666.1331936957226
4439.3115706200115
3832.79164431668
5963.954259664969
4396.765526529511
6801.844782008905
4391.476593436287
1892.302406685488
4426.708227709935
6319.129353248474
3189.0931251420207
2197.384724519103
5626.655368905945
4485.357428191041
5618.5631121414535
4985.036561288198
4967.941325378406
5531.167559325261
5034.272310346037
4936.663706364024
5061.065718941474
6004.912710411545
6637.419532473844
5594.552922572439
3395.6715492071667
6345.126823367234
3832.051680642036
3773.793622952898
5647.340767397154
5710.0481519834275
5611.944974218199
4983.449732796941
5666.735532052591
2131.907227406529
2512.2817448508986
5017.038005254952
3206.394037653344
6135.756453481394
3217.0438303412834
5202.438616230008
3865.326565470052
6405.40312134857
2179.5602791346355
4419.042734411142
3807.8826310905065
4297.751146219343
3337.407244710435
5192.203158587809
2899.2768690128605
4988.413738259575
4454.036106334159
5659.866822819609
2649.74961415284
4431.186697605714
5541.41257431792
5614.739262587375
4819.141719498247
1217.0923109843388
5581.744718462235
2495.9919437010462
1375.5168857522435
4565.414554809347
5065.211522640662
5627.299541075885
6348.17145410663
2185.6411420847653
4246.756100811724
3923.601001559004
5585.491390654738
2487.8139853624284
4979.146877562686
6635.405001739354
3937.397163510907
5597.134119709072
6734.880872830179
1825.7847317288954
3992.1300809029913
6409.094219635708
4912.7640229699855
3214.768926192271
2182.5516680196247
6321.652241890821
2773.725037324457
7015.94093207613
4408.254498662486
6308.436229064547
5613.229262109991
6210.515706501959
6400.080804068946
2508.0409615461135
1236.9361846199135
5679.148590826719
1817.0704279077743
4428.14297537496
4455.239171509532
5080.719925473311
6821.016135419012
3813.3540508217625
4413.026560994878
1229.464164833287
3661.1840378219454
1310.5184058227358
6402.419578496485
4386.601335257062
3962.1408658868972
5011.417798073419
3408.9416621164196
4914.959434433254
3751.9366572635918
5135.431420429972
6438.157834703998
1889.339559442592
2492.2861603492893
2907.2904778048337
2826.033457544291
4432.010995778539
4249.0997388010155
2773.8082724855535
2154.2938229684573
4037.5761840214673
4414.020436976392
4339.072880064599
1838.409568327609
1233.160806913138
6738.917554565163
4904.124218676147
4436.734878357196
5496.951952693813
4637.56597932244
2535.994241740499
5617.4133951190515
3131.327337706331
4243.479347205457
3147.366115681507
4435.112814310302
5016.033802205033
4150.077417294617
1380.5625387685027
4441.797728166373
4066.429644438581
4413.760375295268
2014.8240688258684
3228.4250488511775
1888.013801841762
6337.270125579397
3382.5412950156897
5535.10807540733
4430.28744980096
2646.4247557036338
2645.1104541686473
3815.4503065443773
4975.733726487572
5138.64669413025
2192.145266190179
3397.0698451790195
1910.684634196462
2465.042898085863
5207.159809362643
6394.572028223891
2658.079142298926
4426.456073792028
1887.9567550701759
4820.140037321924
1895.7583041747534
1818.680025814119
1813.6828836300897
2459.695268473494
3175.7686409429766
4300.933832990321
3735.211102653966
6649.895309472305
2727.8709619528904
4251.481488230671
5534.940722298596
6640.351398127974
4329.094808153034
3802.8485069025287
4060.209996125027
6458.334003130408
4330.18634940157
5504.372882712853
3186.6636655152347
3745.3534059366784
5587.403292539099
2726.9341133699177
2496.365311940375
1887.8265884811658
4424.094728841731
3877.756907505782
3702.478525131876
3454.957298741997
3345.2356303857027
4931.222214255747
6281.137413869721
5709.107232144899
4997.185121329772
4981.779764861691
4141.333150941699
4335.19314767217
3858.0487797656165
3117.5878138760845
6643.2966996943005
2455.6938464705904
4637.78913621661
3370.532930765447
5264.946359615825
4341.44367290423
6344.788302328183
1322.0489947747394
3663.917254689475
2515.2906863006783
4484.001842975508
3982.5362748837006
5657.173950555973
3373.7201442078235
3663.5533642563
3135.0062832531544
3214.0434922007175
5056.920365347371
6179.367695040267
1545.3101930125904
3148.3216494991434
1888.3797860865789
1970.7926263388038
6441.3212847184695
6442.768483111989
5115.444434209261
2758.777549177631
5361.773688097724
1839.2926413610849
5758.510774486856
6359.257164419534
6437.19085751952
5655.01811379068
6776.303041359176
2496.0838081407137
3130.2366963084655
2576.339191679938
5761.2994453807
6225.732498488773
6133.731216239144
4410.130097482356
3038.0603900834208
5762.805918953695
2566.405427421752
4865.812351039695
2173.8203976021846
5037.491135536377
4241.832671198484
6398.914175740412
4420.829638317177
1908.6976064895466
1924.1060594799271
4003.2954733892075
3053.928108889066
3820.12484366624
6292.937477473005
2501.3285263355147
3209.3018607883337
3139.1071888469164
5713.136207783426
5801.978279921561
5237.264219805261
4299.574942249032
3049.1529630388227
2563.117935564349
5063.7378608690215
5020.806299511818
3735.0848035153126
4430.246718114138
3809.7359846129425
3400.3530631299996
5753.374035020492
4976.861812632584
4861.145531943175
7558.221300155428
2573.0118093996152
6284.201132715268
1920.120490265168
3821.2145551911512
6338.331926257905
3700.2820324196496
4989.0049813848145
5025.920626946289
3890.012019565561
5231.438347910435
4934.912869242405
1325.0464957131421
3885.273207293051
6437.956277928763
3230.6306058882064
3746.143877983144
1983.643864936398
5571.167799286537
3796.0299197113154
3229.839170737891
3121.7566920838813
4245.124781732197
6284.551090180906
2616.3609579649255
2793.486464366871
4993.91399040608
5137.3376061804165
1973.4380541634691
1225.8070891068994
2181.690522622447
3315.7473550755985
6233.965083534515
2144.899064106241
2660.0374825443673
3887.078645451439
2903.5466311084338
4453.237389214549
4379.99980836426
3058.9118125808545
6621.097580949161
5619.01324087908
4568.530139403365
2136.9556564120016
5118.938356571883
2125.9483184715264
4637.808772694085
4638.423795576469
4294.0458631718175
4391.380714038706
2504.1649200572183
3805.7560196287995
5605.215219237143
3118.814121137424
5204.153510754585
6135.064615019265
3830.7005980572344
6206.741210650192
2005.2721444637468
6656.342328495827
3229.293319783435
6374.263231393726
4335.029110369768
3117.7328055579587
6732.282469936029
2126.95563075098
2136.802168336642
3229.8690280817705
4690.774582105752
5598.954749562896
4397.214959936432
3790.7584736285717
2539.1237436983483
1222.4729788995844
5026.669939820854
6829.442853022837
4910.605394208109
1932.5444470575817
4302.817257010869
6379.724933933094
3668.1926029261967
5609.60647989807
5637.467340326972
4450.997160350758
4992.882429415461
3829.8525737970826
6731.097171354317
5058.848196785085
4435.923127553899
5576.698467687206
6590.455489440319
1899.003230297857
4324.1166742174255
2498.9877264240704
1912.4336606476227
4331.273282746221
6225.867769984316
6362.808351863256
3211.5214863961505
6410.453710316497
1242.3249828381495
2522.07701558032
1838.667918335735
4998.255104472824
2658.987925081235
3729.1201882059695
3919.3373232555077
4409.70173867341
1971.3002838524162
4405.75128069294
1916.3544886562195
5995.857490035026
3755.6955394404617
4456.939198250896
3775.7566804261774
4908.619987351067
5750.6406113685025
2004.4058852860385
3135.1051621529477
6779.355981301207
6237.446561851708
3973.715847498953
6213.215009849049
2525.2237176874137
4146.246936318248
3889.3261465674627
920.3809846918655
4384.748595667941
4893.181962074695
4461.115629237895
3787.475995712163
4851.462706044765
1808.6885165957265
3364.6908526751463
1959.393007187316
4906.471811205558
6539.2873415618205
2496.7652333484793
4990.061681738621
1316.5894943329342
1929.1638178037242
4439.954544419266
2518.029031262477
1296.5427204763137
3814.031707456748
2736.468000006142
6734.812634436554
3227.326682984641
3191.5369976766096
2533.965859027863
6224.015589514875
6141.399057024684
1239.1580559208612
2666.420627456601
1947.4030178030134
4979.0213704751195
3068.225066614608
4906.6979021135885
4667.348616301428
6926.682430479344
2648.053727078424
6439.785218923303
2496.5818674873503
4398.557324107377
6254.609830069059
2008.7000641934017
2751.4962172851087
2644.7111820759037
3117.0178462288413
2159.3204496014773
6211.370293499025
4415.527063253514
1317.7808940572806
4477.623282859306
6311.936063581939
1915.085094090071
4434.045645609086
3776.9010284976407
6263.691740471552
6195.734067558874
2556.505774805422
4815.165664637224
1290.9629751913667
4863.516605549244
4246.708535748851
6397.439064352855
3438.110352463743
3750.087952526036
6238.869493077079
6885.282178180697
5610.529446684279
3122.4221969955042
5125.912255203613
4988.2526898232645
4496.758541201965
3227.3592221236286
1247.4962943312719
6261.019297857055
3789.4530955005266
4856.276150277164
5147.597274594314
2488.3663065756414
2519.338598423425
7037.673771966776
4694.248175575804
4304.713503411453
4136.985394984251
1970.325341152328
3656.317121412246
2000.0101697320933
3393.4809820512974
4413.322918262293
2139.683659769756
3760.836225939724
4950.517235452509
6355.742768235507
1838.4206809068392
1816.819468982211
4996.019204103299
1217.683328274699
1915.0425186328987
4941.425526062555
3781.920724093584
3215.4606079519976
4537.387197189024
3265.3596325242283
4982.661340706033
2902.702505426143
2510.676229858072
2011.0685376764577
3708.670697284693
4945.427730014047
6735.0479942357
3784.457564637417
2489.3250837194905
3135.4005462370083
3123.5917318736506
1972.107924935204
6200.512784478136
4895.408170556477
1838.0842999899705
1888.439346914295
8709.480433038385
4981.876021049593
4987.441469546885
5161.313261687975
3784.2809902627882
4415.441515064149
6235.63217538979
4900.2260218910715
5905.481175280727
2740.108320580959
1970.6843433439476
3930.572032826959
5652.948550034989
2719.313308946768
4297.010745571131
2490.6184726256683
3448.0752455585216
5837.492254321077
3235.7682760402963
2647.799376403077
1291.3609297876392
5257.62431459962
1960.0427557720052
3392.1361706077123
1809.8732197382894
1657.2939524100702
2625.42824332207
4453.453299659158
1217.3359834144003
4687.932216115718
5579.931738411656
1544.9123018224923
3879.7667077462083
2515.4855019683187
5563.989725769599
910.9641432506477
1964.1628808897092
3366.751406407224
6908.432186737853
4568.535044970064
2665.5998839890253
2011.9436945619589
3823.853774545996
1817.6620156382162
4973.7534778790905
3209.7466956580033
6287.851335068066
3038.390437292602
6355.371076338517
5567.368469619593
5496.4226844811665
2508.6896127049736
6413.38806168562
3746.5007679534297
6257.90011243111
3135.2246667573677
3231.065334171601
6207.735674650703
4349.187228836466
3056.348816361016
4448.327443377816
1810.9011738669408
6552.23198129303
1970.6441918307153
2524.098613656328
5659.382011029379
5269.85146368828
3357.460288275276
3644.3252912398143
6325.94916224015
6365.559334323364
3831.2282778531217
4425.816174810799
6918.920490255908
5712.044799713703
3879.285157543239
4995.763674543533
3936.725959052062
3757.6711401052567
4381.810026441422
3159.2368350533475
1836.9176937868722
2546.803262059354
4638.0789877726065
5625.751834112968
4912.808743605893
5998.327742710033
8559.843011564159
3646.7352709178854
2688.9935531120636
5167.311754336389
1238.1041908869586
5800.834712503234
1289.3473656784415
7498.128015536851
4844.282720980187
4137.782290838825
6330.968899799916
5177.900146015946
4994.175737336148
1330.2720068031467
2520.1127078235295
3125.198238883041
4265.83631120012
5694.055022879312
5132.25797277343
1833.142532994248
6321.295897968403
5156.324128596767
3350.6908298576404
3833.3594543474865
4417.281513298964
1936.006912246465
1531.922593847257
4310.4203780972575
6574.909614911875
5267.339929731393
6399.841645951314
3758.940203533804
6197.954725669808
4305.846660802116
5663.711336248397
4437.561460667575
6997.832144133933
7146.794002509615
3133.480092067695
2531.341582090775
8110.850693902418
5133.263503407584
3825.8534587967015
2167.4721663883306
3233.216445439085
5595.038500968894
1893.75045749898
5615.501789302697
1896.094846990682
4841.846748878074
1400.0206407536045
3730.213808934302
3064.1485017549903
3738.1890322143354
4042.1233978947444
4402.8438801563125
5809.104659525208
1963.6783875203146
5715.440572591465
5658.82227685314
5197.457744691897
3787.473513424989
5617.529645771716
6220.763063625166
6227.279890983603
6358.4507028648795
5158.301001916701
3735.050887578173
4439.8905141934765
2537.375627103558
6724.243790780594
1333.9853507952175
1239.313758565011
5606.797730694501
1918.146457758687
5030.630872294045
6638.119136105056
5668.786844034994
5145.179134644861
1816.8782995954168
4896.473590885139
4438.41639299805
1916.1657902744148
1370.650065944278
915.8028253312957
2614.8209422647847
3130.6639048262346
2006.5759640643578
2173.7316074579876
3827.845594754772
4212.034639395988
2548.945354534242
4991.625749194177
4416.221623827308
2517.03060368179
1888.3026603667174
5108.446165321726
4451.592003568592
2015.6659248195353
5182.529777294286
6217.51233603009
4592.127594677027
3736.695247752733
6145.4015755013015
7507.750913822551
3224.653696439096
5610.112157932227
7150.875686543323
5588.964425167185
3110.8250351116462
8054.237110173968
3765.8127275961365
5686.203008992059
5650.973982765368
7142.894434713887
5594.13297419532
6229.450948700479
5291.253505587564
3061.2177574836096
1240.7722775447335
4375.7490370393425
5602.087052303906
6948.715336022068
2521.7740625767506
5626.908691939378
2543.053307674977
5989.945024879104
6209.591343260451
5837.231833506171
3108.717891931458
2662.7766214997187
4697.804693273689
4990.734884989667
6416.2907737909345
6080.61156494051
1919.9610254103466
4634.173100310672
4729.100863187692
1331.3627650915462
6315.4333087826635
5024.060069038461
4985.521200967057
2575.772087375433
3794.6036850005567
1244.9927348072615
4864.968580582848
4984.729978571886
2513.3353213679757
6410.305172461696
6059.5428315529025
1359.4284332854213
3753.464923614138
1911.3653777858688
4984.286990170737
674.8271272371143
3973.7986395173784
5039.306561052993
1292.331477659711
5545.4150988007805
1913.8764575506734
7155.03271770188
4989.318058581203
5622.619872269984
6149.144050116826
3824.818767023892
6733.7110225863
3894.8237773318956
4982.250435871871
5796.349651924124
2510.6261353892255
1370.3548181260905
6732.9512706751575
2012.273941505021
3402.561900661996
2616.8140172208596
4048.5937170236743
3754.810666044938
6247.222192502568
6136.63692088477
4472.065249684672
3740.9049304386003
4264.908161604798
4853.855838815801
1896.7780067316553
3234.182050104932
2693.0933628107227
2561.4671766530937
3353.7171724184986
3825.411103013767
3113.5654975190528
4983.270391827707
4694.084823008129
5661.039161015754
3377.413003693011
1304.1864675161073
2015.5804246560583
1934.7193015647547
5804.147856435511
6354.415235472724
3649.12494599704
4980.143500341299
5051.757916192902
4614.912855198174
6403.268878951509
6915.427877409902
13102.770200546
3883.0574120811607
3150.0844894407537
2765.930235546171
4896.9947554781675
3443.4335466845428
6361.183230850446
4292.1098154117
3230.0798570805146
5798.406742844805
3150.21507515673
6404.138230848685
6633.01509567146
4309.328476588735
6667.166096214087
6170.191899996605
2510.360515126228
6886.154481451472
3060.8956907941215
6063.440562331695
7037.435014661714
3745.4574457294307
3903.4311095840512
4977.594196871211
13889.859961536982
4871.1584239614685
5051.574484779367
5595.9757493119405
2458.0122248021075
3124.079251900433
4274.877618817159
5227.425035385457
2803.306603375328
5238.927174827974
3653.8976020164637
3233.501675804846
4389.343596415483
3263.885266063452
6328.421275206369
4290.209374661691
2183.336982061674
3826.745412504425
2535.63481775984
3113.4098236570658
1917.2694801416628
7779.6301234485545
6226.894508694363
1373.823525408669
5005.745996098175
2013.3923007220083
6838.863224661227
5198.9285598969345
5165.410539937872
6266.716354219462
4389.915061616349
3787.848575894527
1592.153600507731
5577.840381469854
5736.2698644490665
2150.529355061375
4381.9110326420205
4545.225318492748
4901.327755365165
4299.065921214455
1919.372826124479
5026.414815548598
3819.704440546351
8516.610487102995
3356.4837553615716
2514.4177124479233
4240.198531426026
4998.972390875462
1938.9071054323767
5575.726369928912
3827.3062230048163
7371.740935850137
6135.251192900879
3891.4576447845716
7554.601900852896
1890.633922810597
2744.8865480898057
5518.9975672222245
8462.903183594746
13898.928160478821
5362.7136329997165
6565.637627392591
3403.6835071682926
4979.427491728221
2658.006298724406
3967.3334487891584
3830.0651825268455
3383.319668616124
3767.915100493507
10274.785644024381
3120.198773672924
3878.1695411752416
1288.0414970793584
8118.089691942396
1985.7533703393412
6243.409077556144
7268.853112757629
6737.537246003485
2654.59711785943
1950.5773292619222
3229.2119364353093
4251.503389666797
6358.243946534912
4285.476501769223
2499.655771950866
7037.175057650601
2661.213493167317
4244.297185554113
2520.624361617949
3118.4608247632696
1933.514515502684
1890.3051368454587
6226.639767272112
1817.718681275592
3133.949875643345
8809.842925808198
1396.3038146676276
5538.816827960218
5622.444268700618
4258.739647066292
3591.1843261498807
5372.031402438045
2515.0332016806437
7454.24752898989
5501.619892433973
4436.2972009336445
5021.405587345619
6921.643503616867
15094.124592210896
5532.353467470569
4392.90871839955
6437.450793431614
2609.026111934241
5718.933896769476
5011.35729877303
6550.883790682199
2725.936843814162
5837.731254764989
4904.381879950438
5620.798224544378
6222.429395166753
5593.256308920344
6144.320872700408
6773.247098744221
7872.382792385172
6954.613247901383
5269.866027410169
4864.898183071759
2564.7594600853163
5737.447250541015
4043.187411531258
3140.0015037683474
4391.165511076966
4994.56735253982
2520.2291937806294
2516.8536929160487
8455.315780650233
3933.1786286714387
1315.1001515030252
4335.375416702766
4981.093782569271
4536.702461408241
2147.624631182243
3735.389328836482
3065.881990269438
3230.302456070599
2517.192556012198
4879.298296775722
3712.8125794663447
1321.8052072844932
6096.259172230969
1310.6859437619037
5633.985694778291
4983.630373330093
1935.2671986147573
10559.510946215805
1663.6398533966742
5390.477352619508
2494.5760769096673
1893.4961244831331
4493.515434886283
5076.533532649843
1910.670389305713
2476.1220793710245
5600.5260992443145
2165.9430271935225
5593.333017782595
2470.954504698598
1903.8615157958964
6735.2344576967025
2192.534671078834
4425.969701215076
3344.883065407862
2651.2099905591913
6678.265644900076
13082.984159596888
2119.320035640223
7139.279196779254
7388.594836869417
4996.991886923774
4908.674848310505
8591.517234980982
1927.271377101523
3993.4750479754516
2464.9464452542597
15805.2421589358
1526.9682305714236
1383.6545660777524
4044.2642295377827
8888.134976049932
2533.5075317120322
3142.261146511569
2541.116184825748
10880.34993429704
4989.070672655648
1322.470021989312
7008.12661129462
1915.4045539157112
3063.5877763828485
1818.9139934515613
1313.6166853409982
6563.160563165859
6835.736716072598
5734.990921251221
5753.660353131676
4358.169378870284
5616.52777553923
2438.0846284019626
8331.283502302173
4989.316048483767
5767.305993050001
3372.955603619053
8098.118662825774
1238.4387901959487
1296.0909187878135
3709.353987254214
7165.632909152417
8829.564081101242
4479.998272846704
3789.9229116771317
3058.7901426634135
3252.767843549872
2974.161261012894
6203.63327120208
3655.6393612143897
1812.2209873641466
6188.379513183097
2484.2049315506965
2578.601868198405
8537.727991065281
4846.692508354795
5583.323242686176
4905.8366921898105
2654.252135745224
3041.912627145989
4280.0113205425
3143.1094495256048
4807.857784108736
3828.4057503220097
3114.0559302766137
3780.6869901621303
5192.118983412707
6577.338381357033
7150.831190964468
3812.746055147634
3091.3445472531257
2507.1514206162547
3140.9285003353207
4910.782705740262
5603.647024965795
7548.703804523425
2652.461713781287
4680.576684265767
3405.723106372647
4684.693102000056
5230.686227604009
4849.082272807521
4283.508569798972
2792.141455828325
6410.143424229081
1899.5196435154412
3429.7212491838864
5015.435265967111
2550.5756825398757
3743.0832961927485
2499.145142634067
4341.065373764845
6104.0737245062755
6936.538596501368
2651.0683046777112
3154.9247713142545
6225.287749071824
4281.349322293635
13085.12927384069
2203.310796086933
6892.926174026792
3017.3389398213703
6542.902622196803
6415.661071105445
4336.682304687349
6456.207923471876
5665.185220530348
2466.6385855623084
3137.52505499056
716.1951781434059
5589.967511162886
1342.7830708470456
9409.835658528378
15009.854848991798
2500.898376999461
2020.1654154010241
1324.129259257432
6387.345047990983
2649.637548582725
3747.3454735951923
6358.4877428936425
7380.1383387848355
1910.7494615301987
5139.377228155868
7238.595883231359
3153.4725411899312
6740.541577842264
3121.0614943468795
1297.852252099347
1312.4494336727028
2496.5298838084295
5940.362824024433
5929.092995955349
4306.495533232024
3112.8500313658124
2008.6079219625117
5989.450028683708
2013.956446517994
3945.2320249702243
9581.29034753836
3641.8887968131967
6668.863978703887
6835.626176630361
15865.361573844415
3826.9925150199456
6529.085682176106
6504.911183188843
3115.0227117919185
4989.573258825654
6653.119847755597
1978.609069006163
3210.44289979023
4306.6192372365995
6550.111227266274
4304.628929985664
5595.746576929293
6362.043179113876
4377.610524127858
5012.486692176179
5681.182206044166
6514.465905521413
3218.013569675446
4977.889392551549
5807.155303449838
1316.1801922959469
5505.828996971152
7950.59774602075
1940.425800359396
3044.350612971686
4974.8862565765385
5453.848451749517
4412.732020647222
4863.4607584015475
1321.4661726698762
5684.242846439411
10613.680039466159
6546.802175243935
734.943648668788
4308.663818871006
9953.21207733572
3749.3228084907946
4308.523843599875
6402.29702579315
5487.76777651287
1981.282868783547
4383.877306727576
1837.9834167775805
6507.85961280309
3720.1870108061216
1675.6638316042215
14354.349467999597
2899.821325257902
3153.884478328057
6589.934905135098
4411.537930890912
1918.8379804790175
4383.659986990367
7878.24344550438
1836.2343200192993
2658.570370898422
3735.8984184226065
1953.6992959183008
1891.7259334120606
2532.532709351194
5533.722669323751
1236.252163659031
1216.9016241122267
5133.36264310568
669.5219872749813
3157.1077135620553
3675.767562302697
6533.030334713198
1309.4245147238416
3575.1727671360554
2513.8712507694813
8522.563078858013
2617.491830073039
1917.7567517130744
2561.595574479866
6318.926626662614
3706.749531168039
4996.7639940452
3114.9489611190447
4980.188061578823
1284.5131094071392
1208.723156149109
2463.987975424765
5708.4435369188695
6209.593980628061
5389.955786756095
4975.632370436981
2583.636403629937
6604.907949346357
3476.3791277600326
2558.147756133953
6323.568706349206
2142.4686597264495
8067.601165140508
1238.6884545061673
1899.4891454600045
5767.317989131969
8138.529406028203
5030.243716925438
1866.0341930674579
7473.058822180773
8481.29749192246
3437.316312937904
4952.664906930025
4276.425006770404
3798.5647330703937
2645.6925904620175
4854.75741252514
3232.808851427271
3681.373108221038
2787.0552205312138
4851.492800065089
2756.155019805239
5170.388608187828
9506.15312968358
3785.5699478452934
1349.83692714834
5014.775722130254
4383.00971426715
5124.865617193502
729.9420390423891
3717.002038563679
2523.6188331097055
5090.403170011079
5549.157557656398
9062.89935997154
9422.22321776198
12035.096647343926
3748.5472138662662
3750.3437135141567
2478.1165325696925
6173.256021661541
3434.603449037264
4804.923315638137
3104.153293795537
720.2294462531895
5756.316953882267
9479.477471901928
3136.9985330400873
3881.8222411011493
3780.0252067322067
5596.948042682706
3223.454097304014
5342.117094095389
1292.4761580534966
3179.46428009941
4304.139721699399
673.8183027333785
3906.140683829847
7332.9391504252435
5580.165845948109
2611.9398800883346
657.4655712207555
6678.436874798497
4631.452493343908
5036.724221968528
13792.961352632157
5355.9926743306
3121.9170784105504
8797.664266702852
7352.502631232661
9884.654825220136
5040.253124867093
5075.03859259203
1288.693964462072
5333.043232482226
1899.1506292666832
8218.754501814992
3120.0963957685876
6701.615925239379
3899.2072889108
3680.406481090439
14702.08462367927
2697.5488502064704
3118.4506696174567
2465.946437697995
3115.83326667287
3928.1263400874823
3091.7170086887418
6324.825962789361
6704.366815895105
2602.0962237872723
6366.673000780031
1973.1017593141028
10252.898688270949
3592.149725414749
3211.5696075346436
4458.543813678323
4877.911222367419
10558.156362615195
5641.5693758153375
1582.561000868283
1402.0522494824081
3967.106651228901
6542.101442160443
4904.585003979241
3146.804608851859
3890.648644480487
7163.156112298421
5058.524609031598
3158.5357368905075
3817.0483498175445
3227.013553719439
2495.1023681330685
6589.440515271757
1278.3354463518892
2467.178482425977
2509.3867052063774
1308.714637490485
3096.523044146689
4072.5072502841494
1979.6900927505721
3058.2215493799913
4981.223302761421
2515.3982104670476
3883.5333816083576
3641.8672791697904
1375.7866282535854
2485.8755231810924
3779.378915596114
1593.5065245969024
3781.254205627268
3113.4917006776764
5359.341281842877
3213.0333156407905
5540.555397634555
5018.5948331019
2442.126900525587
2192.1087757314035
6096.939292331875
3108.525983600548
3766.8156438286396
2150.0878020000678
3165.6758646461003
7751.217410471526
3175.4840106119673
7707.982144039648
3853.24629431948
3785.870371403248
2757.466946931596
1292.8554406676244
3112.828750628233
5622.949748089338
1914.4237426664863
9416.046710738394
6538.442704907117
3150.5572748057
727.8547964041053
9418.63297199339
4263.470644359615
2462.932044999584
1336.013679336756
2526.5803203843793
632.4181319842272
1941.458170917621
5305.502651672646
5761.205785123916
4649.214202625873
8316.066857665024
1291.7311528698042
4296.3371413273635
6235.745076130724
8896.459353630918
5769.9000370498
6841.55625208373
1917.6275565181902
4983.022942644547
1320.220382445775
6105.823522730424
679.3595276413454
4374.199960842056
4733.049345928332
9067.935107763476
5598.5317765508025
6396.3478794622515
4930.135917421799
1930.6965414026174
4414.640845370095
6931.637784623341
9890.804595464459
9946.900419396803
1892.8502651523604
1928.1755170084396
1904.1769932742684
8360.581341991581
5155.687268663414
4384.271464761193
1573.7416622329965
8795.360466288292
4929.723529062245
4265.068647669513
2456.8619096166167
1338.426201433412
14359.747570095877
6911.931337640412
6560.7135720563165
4657.637172305463
2505.8599568219097
4390.751107962357
1914.9851618286514
1896.0007849135347
3617.3340057127425
1923.635290292489
5275.600786528084
12054.247451659074
13927.753343327193
2938.3588053176604
8610.233961686303
646.1765422914739
1934.6937436681767
7358.002335182388
3181.263527262328
6362.7978423820705
12405.574327854498
6369.433759599995
1939.411152696748
2549.8299727598414
1923.649570371452
2458.5783158561067
5035.098892812184
5578.972582372029
8241.268651403685
6226.089127927529
1930.2609172844343
2563.508883673519
647.175928072588
4024.30563930032
6259.84689632166
7421.012049734927
2516.1611331498057
1358.1000230564086
6691.041541990181
1933.9779636989656
2456.2802821442315
3794.694329949102
2561.0245886457064
9462.504550895703
4356.115319289536
2568.075050497596
12043.305207268653
5211.833941245348
5512.795714711178
6205.6321751432915
6186.350080004151
726.8454277307093
1348.6088312317843
3779.7275357296617
5592.865158225865
3679.7668964375007
6900.954655426919
6730.01253176089
3682.409400948495
13168.556738551499
3748.300362535263
3751.8252696501704
5942.1102176299355
5635.0755063380075
3749.1443465563348
5389.459435434361
1930.4639984416997
14327.39377621283
3127.241631323064
1280.9642250913528
3880.230875920783
4386.66060282728
7891.025827767256
1917.7125782602677
4815.006550144958
6958.232858964399
9134.43196759521
9798.249871419057
1292.6787235075508
3336.7555200769643
11428.118100545851
966.7862976288387
6421.461556524026
8146.915179828456
2773.5369953380973
1284.4657818765766
12745.488524223447
8512.18719994404
3751.263993395497
8618.511835789348
6353.653637341651
3403.3043566359875
1935.6880355575945
4879.97931229124
13550.867560731942
2518.1393850515806
14510.396470548714
2470.4108233988686
7792.797948371265
2524.848196458557
4282.386491330021
639.4054124076156
3060.564685703064
3753.125243465351
1940.9389946999324
5584.363071944327
6884.543960126022
2585.74590897841
5100.68257275982
6191.109846259309
4951.508427594897
13789.20976304284
4447.773180745524
6579.764893372123
3140.469828576242
925.9676579546547
5803.273264877723
1327.2937532839717
9296.808125763171
2490.7661712950508
2616.14725039209
1978.4090070302445
3852.609533999402
2515.0800934839936
1919.519124393655
2497.359808734908
4874.870673511778
2927.2734240558407
2462.401573695583
1294.8010805614529
4388.274113802506
2598.269783891148
7857.189277529476
7877.31245432367
1829.4436946174185
5590.731314973252
2561.880695403849
4280.3843478057215
5203.28020535763
7142.7553776627865
10027.832970562073
3785.0743076460194
5153.676686628226
6847.2163095371525
3365.9233050208363
7291.0336851432985
4379.444666686264
5632.749632817936
15546.817335085023
3132.517547164227
3656.147912970864
1540.1330119634772
3783.681811901936
3741.072053146474
6770.184429710443
4275.0294021825375
3106.6774770031143
5708.99094979206
9309.472954296003
3148.422820152576
2433.5485748099145
4285.785859103217
3310.1387820458035
5519.910739313228
1905.8639194493278
1213.7196154238222
15390.40974991072
9429.556424822069
1906.0478221269343
1354.0472247369846
1310.7023099559708
5489.42256065194
4938.992745730122
1537.4838814021969
8521.766029700715
1521.9283089955416
670.8451783992764
10092.264421626758
2499.758701469698
4076.373172677121
5037.552625775794
13175.602421511323
12358.822628855849
4382.694700953201
5456.268277762262
8961.7036343925
3779.454017776369
4556.33607968873
3755.9699016676323
5342.985454433513
6383.851500093629
7002.28476507765
6854.605521272958
4306.741327612812
3847.7855410852308
3705.698996648201
5463.508499737333
8210.30841915011
3704.149828686755
5532.725657101779
4714.390972206082
14114.029195341294
4363.100368677946
3651.5139223901724
6315.354958312755
1932.8514941531914
8505.031319315454
3068.634138651465
3068.6320225192767
1287.8540255966632
3685.7972491145274
1306.0613220097248
2550.225669181684
1910.3660337897172
4359.6680811782135
3632.737619805923
4386.81496352851
16357.623423114992
2758.1437725463297
701.8355746332254
8096.825197662497
3725.1917887608697
1896.5879900061725
2625.8722213921146
5595.514586666152
3779.0245393308337
1343.317171834871
5774.654104170912
3717.5734088505023
9534.88019162913
5581.08938680834
7316.265271620494
6788.603118893191
2736.4379691292784
3139.525725271096
2616.166345636911
11761.581965473295
1373.1085387426838
920.5134934842412
1318.8619669950003
5210.154437052068
5921.315514810765
4867.299658976865
3064.088059403804
12774.330734130352
3018.8832283199754
3063.5064029001564
4943.056565470329
1326.271052891547
4296.496655594711
2561.3262813021533
13455.006032665291
1306.0781409419194
6286.166236489809
4301.322425916436
1332.5529637265736
1915.870786131967
2750.075397666928
8624.42403363404
2522.445584908468
3679.006585530786
2566.0394304416027
6134.897324465568
1921.9601535890276
6382.618003226217
1832.149043388696
1925.2419833241709
9081.290650281908
4141.969131513182
5990.465669512337
5884.031569914874
15087.518361270231
3078.3920095433405
2487.8835146914944
725.9069841633178
4049.2222059323526
5182.180472679135
2491.3516898677967
9178.956932916151
3150.428012383851
6124.25395752608
5111.9465839241175
6096.411380353017
14463.74258282698
2562.4288124594786
2567.9631761621185
2497.410384460096
1920.9058866072162
7278.254742019564
1320.8915873654378
2460.246301588377
5214.906290053736
9055.313483831733
4385.064880121729
4907.933286101874
3768.8862524329184
3794.370369176073
6099.6516662310505
8931.275970530318
2481.411619163138
3135.913378068255
5226.942409728361
2499.2622446183022
3579.200560057225
6771.750018964254
9575.452032300971
2717.082894121309
8202.040616014494
5073.942657163398
5032.009228243127
2530.249940583196
4790.486162596501
6811.365909223828
5564.9444005292435
2527.263968198391
2494.238976141242
6582.197175705103
630.4358006129664
3229.013306421616
6890.996872699589
8073.0462243587035
6230.585296704001
2133.5666076390507
1322.2071650925918
4982.991396236604
800.0369982143236
1867.1654904351262
4550.68095759098
676.327515471971
1326.1861349156934
728.5775875068176
8468.838391420048
5463.448886779104
3139.0399956765996
4876.416679150824
4667.353030901969
4136.083619685409
5275.382399498078
14384.370520937233
4690.999276915472
2546.179524648792
4312.808703593973
4979.997637790624
3778.3103777301544
3741.522356548319
6108.060176121544
2460.790871285181
14065.724155673157
8523.732829250066
5797.452726352318
1519.3275797172753
2479.047705507327
4290.832487387271
16780.586604253032
1287.6357997522127
2279.209099671995
8379.622924755118
3866.754508012353
4880.773875161782
2143.9205967825187
1313.628060130715
3697.7744004296
5802.306555210264
11715.670889436413
4858.717446597096
3131.940915533452
1341.4806458632172
691.7912079208544
7337.5339234955145
4343.068524322345
5861.767161491764
3059.97457255009
6179.9226260755595
674.3226442253563
5454.746401861537
3036.5566348541756
2543.028921297688
1235.2707691292385
1913.1881848813148
5016.565728778335
9628.17761585932
8947.960168081077
7121.3985546699705
9039.381658849152
5113.505802666286
4906.753213749403
4312.831807197023
2480.597726876939
10896.893766136132
1525.9607179088277
3789.0986270212406
11206.67562465714
4303.554739826763
696.0442268564518
3611.8781653522633
5143.037063103183
2553.856165564228
3685.4873714199584
3124.4047220805655
4880.630768328498
1317.2104778459823
3231.2433132704373
3343.909169176003
2460.885019379881
9484.087357609083
1295.783542684979
4370.565863003778
6218.016672478038
6780.146557440193
7160.7093908097395
8636.212553317377
4943.28199823482
3414.929674257551
1360.2058034478564
3664.9186138485184
1934.4217459109543
13165.382957638272
2577.3524276847374
3062.9226027064674
3057.6438660437666
2733.5547729766577
5444.279205500632
3130.4430213115897
1291.8843617371183
14181.792943096109
3701.3238993416066
9124.984935781102
3092.841760539687
5441.844635582052
5802.43380302969
15062.724377715887
4171.111600242585
4373.493344624426
5147.894792244753
12731.770065742077
7924.225647557566
1364.5690910798396
6399.074782048175
9244.16341361135
5159.991038567037
3066.166656594627
4302.468178206248
1844.2814468571203
3715.0067325612076
4637.301400043202
1296.2566515550864
1669.6466646366107
4863.02032513567
5856.7591006688945
4278.7731451840555
15200.16505903236
5581.871687458666
17609.64818973874
1913.6105681052545
3781.140120906405
3882.5483415832077
2626.2265579345085
5537.549682689521
15102.95236639252
3676.0830634620283
5199.086271391583
3740.446999174247
3782.6257821016634
1321.798614402757
6950.233629664257
1837.7084806701696
15134.043270722277
696.0461402072111
4987.430020427904
6555.040689722991
3056.49988934692
3648.396635258656
3101.327678376162
9807.03157063962
12376.803127822632
6379.332394474231
629.5697863593247
4279.945527359981
3091.1968488257094
3708.5434948570337
2540.3959160165555
6363.936138663108
8791.964187979418
8296.467407113196
4268.082314968643
1288.4678180119033
5461.13729599905
7701.0034737826145
982.5683987613562
4381.24406614141
6646.646704814542
4903.510660182657
15050.768227921368
3467.367977257203
4291.001465101513
8678.757059934855
3736.446208830502
5589.893411113523
3152.7516191508525
2747.288697607124
3704.638127540138
8035.655314011188
5230.912800271608
3092.8669519856408
4879.770840629388
3312.1917070855584
1831.9886119593286
10588.742862411826
4985.305950049467
4346.669536657364
15003.733617729238
3769.766342146473
4264.977387532198
2663.889615802545
4067.3589370602044
3054.8110998009392
3445.268249473561
8457.181872333413
5002.841663717009
5198.463184613993
2753.278953949617
6175.372695749268
6369.024285387105
6203.718344401316
4892.616753769068
10859.732592670998
4996.0112631893
1209.1920679100901
6841.881882482508
1953.3138653460226
8474.28461579452
16819.621676965526
3479.4389601164535
3302.9821027344433
9563.723351712115
2550.435813079413
3777.619038555239
13201.778880208041
1947.533442807893
1361.6928199746817
4277.13014345843
1305.8701360610585
4389.090363656976
4383.058048095062
3680.2534804303536
2562.410472831651
9969.35473544055
17366.970616825973
5196.353329244403
4679.42447382778
10574.791071683137
7742.751332141071
688.1279407355906
6262.890195635824
1912.278995291261
11715.747745190207
3682.6487929228247
3884.2062385825398
1829.2413640906539
2563.6479333997377
10087.466062397692
5005.233960504904
2186.073231756975
5019.039838770045
13653.974513734713
8516.254949866954
14643.053706535442
5491.081588108865
1892.672135383676
4145.692549137926
724.1449299393615
6201.7956426430765
8877.19092420997
8199.873720161817
1288.3826625639344
3156.383519658762
4946.667550582668
1302.644771477827
4603.290998689851
9510.934098284068
4309.132881178609
7828.665141440764
4269.075908404867
701.919542536506
3646.7896771756255
4263.040628185392
4874.942478394418
4699.620444168169
4133.67664882356
8588.442093580901
1297.6969426385253
13099.784774597923
5625.308087429843
8821.200103402914
2581.4245682343803
3706.5080326225566
4037.744978846784
1367.3653037929691
1837.511950856058
13111.810696336857
3736.9817308018164
4937.995783360742
3645.1587460912265
4623.002921517093
933.5863071541394
3678.075786988483
3136.4620630689406
6680.95489149675
5868.605950425545
11697.426118510997
4271.104998664056
631.5544916707034
5510.768700922514
4361.538471380833
3119.331389367969
13990.924462820782
1952.9139833717647
4974.164284460063
8542.675514160394
2647.0801779145827
5585.771294736535
4624.296625571156
1290.6633707431736
7756.732603065526
3892.4875637585415
5571.766061338489
9473.638394186422
6832.523529925069
5746.942349681915
13935.064086562452
8146.994819918315
1841.4240208366252
4859.563663522997
4277.416653470522
5662.899451991812
2517.62015987514
5629.151721874224
9844.15658652288
4340.436106929758
4721.31924875636
3791.1793686245237
5837.735288491443
2437.9759480326306
1381.2470652248435
1304.4846975755115
3466.8650815104697
8148.70092131713
3679.408687451363
3155.1933704583407
6598.324317175805
1583.3470634649161
4582.190690461609
7932.933039634018
3788.2827209354123
3146.1756313388414
12701.973077042654
4417.986717793614
5122.240643713392
1872.3432750889651
2585.3970562831933
10266.81028925096
3055.3707754076754
671.6024940980697
1239.8959690899067
5015.525033830364
6183.394288410015
1975.942520318272
712.4633118398085
3829.275342318999
678.0119896809467
9639.377637971513
16741.294106773028
2521.9458978485677
1218.7010245799124
3036.377608162898
4378.019161557892
11137.023391646133
7916.258820122477
2510.66532908183
2481.235666544904
5013.758855693437
2354.7207211449745
4285.391924909035
6454.05215327995
9909.470514504661
3678.7897269303858
5482.0709148458345
6784.308609094708
2487.955099715418
5765.403550262145
1815.1291953531968
1398.8316046643279
2496.865077174644
3413.5794175034707
3265.767025412224
6294.009946557548
3744.1760396917266
1543.9292199502227
3678.325601074423
3155.6550098520815
3266.9096605192462
6636.025026778032
4341.786318007979
13969.837659534323
2546.9665860955224
636.5823103359937
8790.31127878461
4908.753635064797
8718.081163843251
5038.409454165905
4340.893274681977
15908.895687510032
4939.951761960035
3770.8354428745015
5589.276982233918
3636.3740667201464
2550.4394646054084
3126.45891148327
3690.2197281200683
1950.4424328469538
3046.761980684577
3830.288819954607
9119.552661248641
10102.02788647322
6599.467526294525
4366.8014251413515
9309.043348349725
18535.6839708304
1216.8420489809118
2598.0521982527434
1337.9200280456093
1396.0405000362225
944.9198414110605
7473.053474144603
3160.635198856555
5558.496323563813
618.953545273101
4376.432533235708
5810.314281643016
6202.073503146532
5035.910763773282
617.3617541441114
5810.1483227991885
1915.8593258038616
3336.4348837470716
7793.005417998517
4985.044142477535
4935.875895851017
625.838254914962
6232.531776156353
13099.9633837993
5289.9476594411635
5838.340207867477
1299.2752489536829
3247.7984983177553
1952.69896393541
1895.104937711613
5022.649394531611
6416.959284996024
2473.032965494536
8705.949873398848
11770.54751778853
2272.635345782773
4278.989371352067
4567.097012397829
2554.036568412338
4979.384338844389
4259.572830985053
5242.287100983522
640.39142348485
736.0208161277347
5592.223338970284
9207.905810439308
5582.657054990795
9093.962811962792
1342.458144655077
13087.686080305064
5608.522477366986
13679.334097820418
3038.3755476645874
4280.841681309537
5657.92000070815
1981.033536092987
5459.552159881824
1277.563587466077
3079.792559281004
10601.294916024366
992.1607270241773
2581.527317267467
1892.4702587897798
6806.736952290045
3759.8611193250476
4270.402785801992
3721.050649711674
693.501493198021
4290.202794524582
4363.03291660279
5411.711149104776
4621.474130355995
728.4798948387905
5488.689345569427
3656.5617928527663
3017.687951754824
4990.830411771506
4076.461656206187
1224.4789971961286
1932.799957986877
9445.505136522605
3797.758287314308
7614.06537528474
3122.761397651633
1238.4253362279223
3062.33543161989
1330.7175549935253
1303.5913119337856
1870.4471098493946
4944.3313532535185
4933.838657674334
2649.5997462036275
6659.53967005224
628.9705219313402
2588.2588790775976
4279.359913093005
4901.713711344152
2478.604100822432
17256.158389900746
4272.735542369261
5557.330464627907
3382.207653134106
6180.157292280423
5483.0767246766945
7010.292838837624
3358.1426221475026
637.5610534111012
3816.2286748981114
1551.5213215423844
6592.913470902468
6788.376289313405
2457.439373644817
1845.2652358133842
4037.8225740614953
1365.0279171657512
3723.583641580969
6665.978679982628
4978.776113281823
732.027266685716
4286.195098370581
7840.331349110507
3455.209837044263
704.5008098400752
2488.848186066466
644.3291461708234
1824.4608324585865
951.528968927794
2539.7588515218235
2544.8702327059477
4319.2507521314255
5590.736221243019
3677.27143960576
3032.7420386042527
4281.597106385901
1238.000381946082
13752.793860876916
10131.264854404935
3970.4087642705226
4143.096887996096
5490.6896368179005
641.2858058449308
3262.2108789081553
3351.4929463705985
5140.5121854529125
665.8782047079517
4812.299039089064
15200.068586646614
6786.451455989793
1948.4365923604355
664.8918640775239
4374.922220465315
3668.640892577601
731.8110618293867
1296.0099347733158
2816.1641847199403
7887.427958122124
4814.82575565342
6265.165814295878
16276.295850062337
13480.858683921226
4368.871738976014
5000.498861613211
1210.9363865587136
5174.378339624702
1937.8942607073157
5017.294251061228
4141.139895915353
1922.8047542023999
6809.587119535854
7174.907832096015
3889.90138315832
1364.1511841005383
4369.751818416702
7013.673134372561
11372.139367923117
2129.577630866656
2482.217177728111
9558.041278420515
627.7186577768908
8512.891374341323
2492.8468508068154
6601.072660694305
2481.59608932946
14112.558206479538
3063.951688108488
4989.89710935279
770.4853027596724
9979.998729052477
2513.829375138663
3847.0536518859262
3783.0205953897344
3694.59202697245
9513.098370523365
1370.5581924303247
5619.947879052376
4993.2987570559735
5329.097195692071
4276.069041760034
2548.611296220488
6393.533719066906
9762.032393250292
18072.227259769756
694.8079892023039
2486.896868318997
5624.0345552208055
1317.2249352640456
5582.983029605011
4853.847841900263
3221.2336393888104
6011.708344529431
4878.608884194919
6528.84131025737
4275.774093352552
1918.5014779806797
5770.381201401049
1537.0701227261277
3754.949279229309
11058.942710057723
1872.316200863319
2481.7906047532115
689.0550427002324
1372.647183678939
3686.4611516358505
1936.8649083489559
5180.477790178528
668.5482710935157
6500.8483332856085
7240.340537067788
958.8095827860575
733.5451321795629
1954.0417286375823
1951.5419467772592
4280.481666992503
9253.570821524421
4976.7476181242355
10110.930505267148
17646.86833703771
9777.680341844027
5465.804570243651
7959.848939380003
8077.00251926057
3207.8945679484486
3232.06792111715
4278.127242547744
3138.0400679330364
1943.3131979957627
7199.016844205291
10601.427994343134
1838.6393998607816
1299.157522895487
1270.8272784283188
1293.503037488245
675.8868522003984
5213.307653668464
5129.090170031132
4329.751647666797
1899.7628926674224
2997.0636420845135
3708.7128828315026
7257.197018727531
5095.481385974067
16895.95126628684
4285.297023100793
3695.932978215469
1362.5875576095966
4997.367548782125
9304.055584388381
4868.4212861923315
629.4951086285407
1953.115225059407
3762.0997173470737
4981.230473172468
11167.502760665488
700.9069039539398
2552.5886820028163
3814.6475408130837
5143.932183600604
7978.393203168549
632.93750492533
12044.74398254666
7081.748194401993
4308.69858319652
7339.325835788179
4474.955276303053
3336.466423681027
6813.210475283674
3822.3422927106562
1960.5889357698088
7007.893628964817
6469.460557775181
4988.194994353433
4971.619666217014
640.2423989436003
2493.494057814094
3696.714869164908
11131.368277980795
5584.721521997372
4281.173006315054
666.0133466240624
3085.401407573603
1892.9537016026532
6167.360816044627
7540.095215002222
5523.401504339437
2488.4380204971417
691.2804557999806
1355.2103586315725
2548.4338191479537
7703.390834941514
13784.610382826475
4458.234830348328
4375.668514403423
4877.200342455972
11750.810111425055
4284.652727558075
3079.0316356019744
644.4132028746997
5922.5421000055885
663.203460859856
5581.218015566998
4362.096982424739
2647.4469116974856
4274.110915039887
2563.815545684981
3721.9071672209816
1603.3181705962033
2491.7465274372585
4980.610541508024
4422.653126627719
6818.545728805283
1317.6646489612883
9136.36747169901
8327.680886121909
4330.61630620538
3276.248942241725
1334.748682156325
1303.8665711785236
1296.1064885043338
661.94619283339
7229.916667978833
4336.441520412732
15343.763363722184
11739.652202247216
1526.20560797047
2544.9866605359257
10134.815957870214
3762.692119656986
13532.157876245905
4277.800655848816
4865.795596996323
3082.4342243657034
1891.355359054879
699.321219166371
1887.8476401596083
7376.299376738772
8050.34294824759
5633.7116258522965
3340.1073808399415
7740.346658201442
4553.705911708845
3258.9846615048828
4911.015444332054
1336.260207847855
5591.101038385656
3828.0164843200723
1894.7948580376233
11163.422655416483
3081.777813209586
630.3790852261645
5617.285743447909
6365.586017343202
3679.2138141295068
12748.873343437126
7462.883145445742
4394.593004138621
8487.423508155236
3741.356822712607
2504.393525359228
6521.66084167913
13459.068533713988
1825.5935141763443
4422.687817799881
7980.248375871805
3107.598538543313
11691.881619397367
5942.978428703817
11032.74281998137
11696.21786222231
2480.4466248907625
3141.521183310667
4278.121765261494
5251.352929432001
2596.0451074613698
4284.336862993479
3158.942514871312
6999.072495424501
5588.248776118883
4835.145187364334
13962.747476093533
3744.674446740469
3782.7043526237126
4940.876893242103
635.9510153890308
7228.675574872316
16414.74359024351
9038.574196052678
3759.940438482073
1511.6656263884158
5544.326307631393
3340.3876491906744
2583.2090709867016
1929.6466987518438
2586.545205263028
10406.000767513926
5782.1758270251075
4988.459218173535
4462.914059803068
1319.7752769611002
2479.807731988426
5582.46964557949
5002.105227943647
7038.282853681092
15950.810884419672
1385.7646751971756
4286.899912830278
4301.372021315116
909.567125178097
6092.926096434473
6364.409736963679
673.3112332563185
5167.084998838967
4987.382769201746
4845.137821095049
1935.8075976916978
4271.715656296302
7750.827152309135
3703.564487316809
9621.721387428564
9468.33438084426
5808.368362326012
4383.48142251819
8738.528476743333
3710.440389889311
4451.77554060531
2319.079911027545
5178.450462152732
7402.415874185093
5799.080011774144
610.9490160707336
3226.7673190897503
3092.037823321644
2565.6496706036673
8653.578582635006
1873.221215888974
2468.649037473232
4890.206511611938
4871.936487610176
1296.5155044669145
1839.5661154845343
4345.445457768935
3795.8741653905313
1294.8718526270752
3796.3909381593185
3827.352323958374
722.0547897716443
5017.327701740924
3847.4199246348694
639.8817583374248
17928.294449439014
5224.291599675641
10569.11430948063
3431.750207071597
1273.2891411444182
13541.828608628444
13468.853187488921
1834.862362584771
723.372392503344
1271.5575488774248
3680.0964345720563
3571.1152657360126
9629.569534273
6134.806953657307
2522.7893519476843
5221.469121263999
8105.959570644316
5579.3718428960865
2465.5716732840187
10841.440236485945
681.2385767264105
17218.364864304487
6187.394388041267
4447.244400041395
2197.5009329971363
15314.581422215098
16556.447857012958
12410.90091411085
2472.2941201720023
1566.7785571600111
5592.406742806963
3154.937207039948
3370.8110781308455
6199.871455243676
4910.937109491276
16374.072673242821
