3434.616791198974
4037.004138969273
3325.2785106078577
4163.478382580038
3417.998478911704
3424.6199769113764
4034.3397224487094
3874.6407426093965
3318.4965084674473
3355.9438811743353
3411.1326459126008
2786.8183007848083
2454.6678900359107
1892.2549401384854
2760.7567414597524
3870.357160142089
3247.2148917677646
1886.5314284909914
3338.001401288932
2294.3328684601734
1897.7095875766659
5134.563581391507
2991.312531318901
943.4578512681056
3782.318973499067
2680.8479108198567
5835.90066889599
3302.986434117173
4987.561713180552
759.5137195860101
2846.5991245425735
2664.7445259990695
3322.683433912224
3037.2409721967524
5120.274127819957
2584.7827291458575
3045.111720153638
3444.5173569076965
3784.1848568021774
4112.740611691466
2287.7812008629853
4157.782667978648
5141.322895496964
4152.201490234761
5952.928254898253
2199.1877840768416
5070.713077715727
3022.205379401181
5057.893892547665
2191.238264712486
3414.584586354597
2179.5128647265424
5828.588040589355
1060.879622375049
3449.6697505547486
5605.498746990465
3785.1742896869337
2687.9704311414116
3890.372294244618
5658.4046352354535
5702.921308674511
1435.06358596552
5803.871634337943
3205.156409411758
2665.5595242100057
1348.8278525793685
5302.8124554680535
2109.2762029686883
3536.3065045949716
2478.617623530324
5656.050321850584
4269.597999402118
4371.958429180609
4840.780473075517
3624.8368304505107
3587.0923649926713
3668.2489677718113
4086.303734603976
1898.7366123894578
6031.617619759037
1125.041646091402
5119.469390052711
4459.605087456443
6269.2745623896435
4662.904806982284
6447.030871717587
4029.8321234495065
4828.508533291573
6119.158528191737
3963.753360246607
2891.065016192861
3820.7145107723572
4954.233565386383
3819.538259803918
1446.8020937964557
6383.037887880812
2451.6012198943995
2884.527215545534
2169.889640412262
4417.980673894205
2659.6051426574622
2852.7155377164363
2291.0650279669153
3261.3156445536756
4766.179066227742
5805.7401698958965
3902.6340010029066
4608.019964602038
3268.1917331916347
5258.995787889125
2572.6415718450694
3427.8398003410907
3629.983780316652
3822.0720265394175
1628.5217745182197
2846.8254957567387
2660.073668736086
2160.925051970412
2661.315670323697
3450.525775267899
5851.468811414068
5517.482827454379
3495.6349938775465
5707.015785106541
3818.59975650942
1627.6892611648134
770.8129428625108
4123.005896281108
2820.8629416502245
5227.834253078342
3266.4664239753756
2848.684746852344
3878.8067394259747
4627.834275358739
2596.6097548648413
6378.012976368873
6124.2760683167035
5608.033600622172
3018.937944721304
4468.1917071763
2316.4328975454378
5063.027465489081
2475.8781905467913
4676.4048172169605
4521.638929039979
4457.89391617687
6002.406382092159
3521.3336751922507
5526.404768772379
4537.424243480729
947.7848721511958
6378.336121272973
3262.44012147675
4819.642450945806
5879.307209760567
5662.269587021692
5719.491406676131
4671.152172950892
4030.650229230686
5109.48033514658
5617.254972839697
913.9863343962431
1133.0705873381507
4435.133984126576
3672.8094916430573
5827.547531762272
1510.197766268941
5415.990082507327
3801.3765196213353
2791.238252020854
3240.677107130119
4031.8757864238955
3537.8903916075897
4437.945540152751
2206.0468947791383
5552.355367853064
1202.8650408385445
3068.903085092454
2570.2853379209428
6131.6961771049155
4242.24114337384
2485.780441843233
5805.602804811546
2493.6541188245665
2881.318908309833
4620.017727873891
5278.222305357652
5554.23354456317
4136.306492093951
4232.606035835172
5002.959939119872
5706.256036113793
4610.941080951972
3450.8587885904726
4417.816074650795
4394.11181380009
6004.237565370488
6484.144086327703
5073.932160548905
2797.8621695002116
4789.0284093641185
2934.7112607242875
1881.7662160067373
3552.741899058605
4043.1090583586756
6212.884051405012
4994.043059666476
5062.269616598688
6202.959921559603
5701.242267619111
3237.945568608523
5815.887290301322
5672.374275974111
1498.2376926581949
2554.3798416955815
4941.099852009425
3212.8580049499865
2996.4918938451224
4525.278472768538
3785.239550557454
4811.009335729507
1715.7780885235716
7373.183006178582
2001.831100570899
4660.3927890487375
3951.760918549524
5714.990193117789
3744.0276024156874
5688.016932501288
1684.5272560159538
1506.0797422759165
1448.488386495778
5407.786597549723
2848.658235425076
2693.018797832657
5615.328011142432
5638.887229844135
2422.2054091332375
5660.244876273288
2503.2534654777173
2155.9439432045347
1381.8510096990892
7907.336801710463
1474.1747000956123
3823.574958486926
7949.645798613192
2847.159666275459
2491.061745987685
5530.6946113840295
2825.1398475227716
2828.640307514647
4268.248952207213
3858.70175231906
5387.227070260492
4566.854192298349
1319.1404667976642
5661.315583056972
2301.2919015539787
4790.862287382722
1446.9676280264518
5085.026679231717
1845.1117809459665
4717.1534749618895
3809.87483132192
4520.554688019086
5137.4242320613375
5658.175878988116
4058.9958160891074
6274.555590015436
3391.548430826027
2314.0102818172577
3961.5464219705696
2825.839505119757
4841.829813342877
3592.300811221613
1067.47298441639
2092.155441632759
2303.287892461153
2259.4996326640144
4660.48559192939
1958.5578636438117
4214.75544913679
2743.7827327254276
3076.2585032578054
1824.8564587069595
1167.1629429199477
2714.893648200359
8104.329710679143
5472.866166543804
5863.385954284765
2725.278556415278
2295.3445533240015
4618.467274641103
5709.48031607628
1721.579209540709
2204.505907366326
860.7441411985233
2850.6961325466114
5058.404650195633
3954.6779663573957
1160.9926463842858
1160.464935063614
3021.0080707695015
944.6259475619802
3741.099868833172
1717.5444280587328
3258.2895776607725
840.1212118464906
5868.723291718032
3855.8221127274014
1935.5809151583612
5276.530608524229
5271.152153485664
3308.4289979600094
5015.328026932858
2123.112878734729
5459.954808444584
4732.485714945439
3019.8841667118463
2749.0597726963274
2673.226549302931
3833.701090075855
1388.901208093459
1908.5909411411378
2798.849165184046
5414.807923332008
3874.013609973681
2596.9369764271037
3178.828068334199
4781.756375598918
3639.432217410761
1674.4696047805924
2934.8503781975796
3369.4295289634906
1719.3114162767297
3024.836868737192
4615.440291309482
1524.2031430508878
2474.2532807467583
4792.775068506352
2937.4783559711923
2941.865715697216
1384.2921273404827
5486.494416556517
1726.3270989464854
4802.406413598857
3337.4127915372264
4958.559211555071
1308.7920328068622
5060.791184361424
1629.7726118481492
1292.2549649635976
1452.4323813713
1679.453622228685
2563.7828666726127
4818.96778615342
7588.810201693085
5609.9734999986595
2752.491982161688
3504.4090649053433
5394.729082261037
2934.088059462458
2620.32170785969
1636.0209156064268
5586.903658970975
1064.1375127519523
4787.747363483185
5424.085289178605
2760.9250408164357
2821.4835313105214
4689.735870336841
4052.458799442723
4006.5319278877973
2127.040983800316
2727.0459607157936
3786.0879213713442
2073.2265830868087
4804.280071420419
5012.884071728736
4872.36971556172
5389.628503259834
5038.88724081804
6738.997767675836
5532.63961736983
2150.3455340811815
5065.304725375811
1191.7635892892256
3166.3739464472214
5077.482684187819
2462.7933528956037
1509.276211421979
1830.7669703195245
3445.4816322405686
3461.151650576427
941.0011229403506
3859.6051069224336
850.8097057199234
3925.278494049158
1626.1519265507204
1026.1519411978306
