0.010639437782759475
-0.023943885723534723
-0.03315090970297405
-0.00629269907200037
-0.024410075647197948
-0.007398685861913979
0.02389334639193656
0.015470237995703986
-0.006015529797193328
0.005576666168849861
-0.015563217027659051
-0.005928854514425764
0.005901688637327909
0.016180176370598074
0.019777653499069178
0.00911687042439018
-0.021732295595132015
0.006903173075570771
0.012916910009306656
0.012903053882486394
0.012943681877104067
0.009404255398982132
0.014653155550167163
0.015415281479053435
-0.01265882300401896
0.0056682600193245685
0.01793095936833242
0.020001940390814873
0.005022820130926051
0.015994525159449345
0.028018578826611462
0.011725555834886199
0.014589024791181446
-0.03154035362655459
-0.004746528543357928
0.003987661455706718
0.011970552581546166
-0.01443845009673441
0.02193875010788458
0.00388881216284636
0.015124231115878966
0.015151926507335116
-0.013403210790967528
0.015035376930425389
0.016239398862124797
0.012982123975639217
0.004930647371951422
0.017526210804963208
-0.014251876897010102
0.010764917539418958
-0.02130085725506296
0.01608029055925672
0.018136855269466026
0.00956795562308389
-0.018197691217553203
0.0070033816454627106
0.004795093769931744
-0.014360347907225143
0.015804528935885947
-0.02833048539243469
0.026463095007136273
-0.004044825597090357
0.022871984207439213
-0.02218460260501853
0.013326398519966878
-0.012130662575739248
0.006245841777409654
0.013828579389944983
-0.02031784709330214
-0.005017694902076383
0.00881298332656955
-0.009767149544397133
0.014292700080720293
0.012779256586459495
-0.02095522716963595
-0.012117265212426263
-0.018439170029624963
0.015013358184090024
0.004082461089963088
0.011839824711251107
0.012421466393160443
0.01503212132645173
-0.015086109694446488
0.011352441849600105
-0.016021746428698212
0.015217351670150831
-0.01767454662338556
-0.0067411375786867725
0.0126739055906972
-0.021138364980511488
-0.03091117856772157
-0.01348774149094594
-0.016456897094053572
0.011841882345724782
0.01728205212517805
0.011149081814189839
0.009501764341064168
-0.011297465083437784
0.014309848046761973
-0.0032270453298913118
0.003133858488956089
-0.01985018750169627
-0.020020193239398597
0.010651078055852005
-0.022897300824570088
0.002982989615646265
0.005311969043911277
-0.010275595888302486
-0.01952090571512516
0.0073183911723993375
-0.0032266481821542473
0.008650245136626128
-0.01789372159829801
-0.012323983390655888
0.012846081513663905
-0.026879426569066132
0.014262426826484195
-0.015595961662856666
-0.014758812006207996
0.004288870174545149
0.006941361491813837
-0.014713079251768955
0.011625834940295959
0.005521288735370021
-0.01010287247566578
0.00366017729087861
-0.00661011815575199
0.010040536120477896
-0.010460035998863023
-0.005338554915070205
-0.012987914012822867
-0.008139933868411282
0.026487076420118254
0.010983677094384203
0.006728860097375451
0.014742635253100102
-0.013258102420415144
0.010452899799011754
0.013230964123203065
-0.01569098188246426
-0.016547475490674087
-0.016919074552950334
0.016659259337075835
0.003959369386652176
-0.016994106633714992
-0.01447114368148268
-0.017590110581749384
0.0059739399176779616
0.007981556109718449
0.032865768772259635
-0.007411209488413893
0.01564918363536417
-0.03143560910542278
-0.016571908389230557
0.018087718743687954
-0.013790019996885675
0.008997224305662861
-0.014555822447589944
0.00438273674026228
-0.0030547177500111853
0.006973495883270268
0.008535040343255203
0.011568441576966706
0.015731501730304423
0.006973765809747183
-0.009625844915275888
-0.008118066886952885
-0.009374147344556787
-0.0019371185268571482
0.002633437414092225
-0.012270232022047398
0.006968638409159975
-0.008392513351556859
-0.01988655440151647
0.012047381274988944
0.009926801464829452
0.01457338813488279
0.008693851562356665
0.0017534878281948295
-0.01815996438134107
0.010656989504767313
0.009101604031751925
0.0012681985667521904
-0.01188411560491158
-0.031004916950411
-0.01569440856429304
0.008688825196756978
-0.01062165099531028
0.009203527947148326
-0.00586704523416706
-0.0037303673570625584
-0.007722732137816945
-0.01550559249698186
-0.018254708201272618
-0.016186777007580422
0.008874036000757004
-0.007885509632030491
0.004192871485398543
-0.0029342141374545973
0.013604009064935156
-0.0025685709634325872
-0.007635061000021252
0.0029385291370006947
-0.004518028540668627
-0.016260629042973665
0.01565476641169194
0.005449467344990255
-0.0031162321083607223
-0.0072272501116798235
0.009172271517432563
0.012970999743994993
0.0034984687942716344
-0.007135796074772942
0.02185357341004972
0.002196119298271564
0.008422901851883826
-0.018004633220792782
-0.009045925854739005
-0.03418793569742709
-0.008306931090033016
0.009906677831527875
-0.01200148254356168
-0.002015649862471022
0.011826961191328568
-0.013836059090656787
-0.008306788607766423
-0.006612355972680534
0.005120326578785301
-0.009286958312979564
0.012413242137367848
0.001094802217026094
0.001994865260651987
0.021555443924308748
0.018037562332533112
0.013173246407666412
0.007723631880536137
0.0042266992427394505
0.008179095806919301
0.00855650277477518
-0.004672375745289392
-0.009232562814635855
0.008753681607142726
-0.00815789575670988
-0.009650373395101688
-0.01698670849309112
-0.009067374865299942
-0.002138040974009091
0.004653174845868137
0.0025685131827132904
-0.011395041322033717
0.009153093563976264
0.005536316899294559
0.007400505886236691
-0.0024757349384983878
0.008591033184569604
-0.0062000066703218676
0.004018757425387869
0.007503058528401771
0.00429937333705319
0.006418996310459834
0.012046731838360764
0.0025681424343233492
-0.010162043028869071
-0.008711048807331893
-0.011351117961162584
-0.001309813610267004
0.008817138617895464
-0.008041129675481656
0.004313227681806725
-0.015304730098668607
-0.0019139310572458383
-0.007891013240480594
-0.01084706669168985
0.010768681137341014
-0.010595674515828771
-0.0028471913433164206
-0.006477011844078904
0.01029591293815348
-0.004566548608672989
0.010681125928222653
-0.004298638128040346
-0.018287133233425297
0.005552666291395635
-0.009690074989383544
0.00951397724336877
0.0077136459477372896
-0.006198447389223693
-0.0013083503807038428
0.017410481649469272
0.0017933512404745301
0.008935902668993396
-0.005932809491889485
-0.016319204854708842
-0.010968146897829153
0.005893001912696852
-0.0021287747960109563
0.008784008223793828
-0.00534458383367658
-0.01588724681536879
-0.003569507817723437
-0.0064916014764225625
0.013811101132948311
-0.002089721825253964
-0.020248307931455996
-0.009114164046476915
0.010599479151243279
-0.003696365710712665
-0.014298991788661931
-0.03696682986862407
0.006800898145288546
-0.004996213671365205
0.006546207921025383
0.01011485702902956
0.003915331134424394
-0.003036849681347394
-0.001371388143487599
0.004811830514516223
0.008793978129426385
-0.008716364067271384
-0.0073387225596024015
-0.012005722769205503
0.00820782028187674
0.008378749071512032
0.00873823218735054
-0.00847233839507122
-0.022711385461753723
0.005165896304890186
-0.00570019775869846
-0.03232871730659997
0.011265648435400009
0.004114107333255288
-0.0015315901586268538
-0.0045415523702939395
-0.007909998015150601
0.010367260419642893
-0.0030719355452600923
-0.011643669957788892
0.00531292244655867
-0.004515683291825951
0.010444966871187612
-0.007435115271556764
0.022135947654037043
-7.519787036751707E-4
0.005660625732370768
0.00429534146604449
-0.005026497925573842
-0.0073707932564925
-0.0025719241251140395
0.0012322583770312048
0.004411099928996669
0.006816516907598829
0.0048535931496664665
-0.001993666848422671
-0.008161750081255524
-0.008757520122681722
-0.0068869602310353524
-0.007876936123028293
0.00591992891652964
0.005107825229586541
0.0029611460849492967
0.0015080795836323443
-0.004348406568757028
-0.023246718991779252
-0.004587295167449214
-0.00511733637630235
-0.006705238654572766
-0.01132784124360953
0.010322171828813526
0.007049451752680758
0.005170959952679869
-0.004212385604116637
0.008205801803146357
-0.026136716262639404
0.002146061734083812
0.002837835127480234
-0.005672088546945388
-0.00650424232587594
-0.023898336798167386
-0.0036438677969974236
-0.006704606899470725
0.004195736352700716
-0.03515042047776767
-0.008047073841999909
-0.00830667293303419
0.0013124840832108532
0.004717496574552944
0.0020544681923640703
-0.003931032972153056
-0.011791876475253104
-0.003538410541928945
-0.004769087819950278
-0.0032720522980571585
0.0035592460497589264
0.002361369867271945
-0.009147190975891813
-0.011649324144023098
0.022072171135674938
0.011261799734268637
-0.004084668057249299
-0.010679438687275705
0.0017076822118399268
-0.005232580260540901
-0.008557372156528905
0.013231034812828186
0.005468436254033519
0.004003630786704037
0.005349431926674561
0.0017451012679899015
-0.00252268902670869
0.002819785676443437
-0.018222073810443933
-0.008448670670821955
-0.006592421641367971
0.005642066452972056
-0.012461402687668854
0.0015239615608509708
-0.0022813151281450006
-0.004701255173172871
-0.002959710879248432
-0.021517391407676997
-0.010657594493640475
-0.01073786053781921
0.011837084472948753
-0.025223978168671
-0.006279409192215053
-0.004416424239530031
0.014637096882064606
-0.009225344540869934
-0.002086457037091503
-0.004463537621004822
0.013461471073013844
0.004550204398428365
0.009669512573632839
0.009032902802969402
0.014158239423035507
0.008669552676452103
0.01581707740991772
-0.00408367425923371
-0.012246021581152847
-0.009923149795686894
-0.0023634201037806245
-0.018839385462737907
-0.022502345193356015
-0.007929037438436084
-0.0030484553083932205
0.0020464678188457084
0.0029341095781878126
-0.010333751222164343
-0.0040332316111323825
-0.003227411818235987
-0.002078173375792155
0.003936512027540841
0.009326749652494047
0.002349765801383266
-0.009112859704309298
2.5760255660238035E-4
0.0034021392764369616
0.003195847610602357
0.0030601858902646775
0.0020034663504625867
-0.004380865387198764
0.008364463612285749
0.005339958473344577
0.006268249242989688
0.0033927213227237484
0.005545333563142937
0.0032616794743748913
-0.017579285377082775
0.009473361075673894
0.004550381194267991
-0.001733877230819764
0.012366703546652731
0.003025373877060436
0.012179700573927164
0.005028829876860181
-0.003604273500113392
-0.003471402977325454
-0.03971299634000948
-0.003522039196363934
0.0036322449025038683
-0.03934289757020326
-0.0018202358169160798
0.0024919893333057723
-0.01480653758224577
-0.002684935432448707
-0.03788380929429876
-0.003217198813244496
-0.03840711620088971
0.0064219230131223855
5.105790964040911E-4
-0.0024863811564592372
0.003354105987334056
-5.2564089663887E-4
-0.0075367521106814075
-0.012411504447587702
0.0033709510590693463
0.00650147058396543
-0.013762752466118277
0.009656227766698723
0.004306826200664246
-0.007005801629793997
-0.0036633203396319422
-0.0017636589326370145
7.972652988953546E-4
-0.0051775736616838115
-0.006516705581289078
-0.0016086108559392348
-0.014928428928096264
-4.0802012464723935E-4
0.008238539445564845
-0.0014266370070170206
8.639009329321926E-4
-0.031066535890602497
-0.004206242663770701
-0.002934342649290873
-0.0015939971845270674
0.0010786577953002152
-0.003915274591614778
-0.001771945888962425
-0.0090376217183771
-0.00614836970148352
-0.0029716520413844297
0.001812194127117514
-0.0020343758276433555
0.001789521017457898
-0.026435842379624142
-0.02522341358451067
-0.024808675322739386
0.0010790854696284804
-0.002433155412318341
0.0014367059352375007
-0.002316947330786016
-0.00208583850893927
0.022799999114669893
0.0015124066027471135
-0.02270013553542961
-0.0010086114958978486
-6.32855059209E-4
-0.0035833635851145007
-0.0028592625880620175
-0.0014798709170860203
-0.0016724624081993903
6.673384549885414E-4
0.005002135553057081
0.0032666192425324656
2.963102404280027E-4
3.241620992661125E-5
-8.091452979471709E-4
0.001130137576272531
-0.0016413665558038582
0.0012948161606568221
-0.0033873477209320725
0.002320116358891713
-0.004228102290213531
9.837610770566344E-4
0.0011293440154246488
0.0010209791741779938
-8.141287863972609E-4
-5.057335554635783E-4
-0.009032860207863294
