-0.14246514895337264
0.09010911443992999
-0.17856704634707132
0.08750743429826824
0.11258344912415733
0.0764014249057087
-0.09398689770847159
0.06317719967727368
0.11453851173714052
0.04938164831996511
0.06314497069637422
-0.06841532159044925
0.04406918679995509
-0.043164418045926745
-0.048918221729400586
-0.0667045148620028
0.03496372638093252
0.06898361553925844
-0.04366911638370124
-0.05950176335850869
0.041310819065537366
0.03202437526967226
0.04309567989784292
0.031578609155323296
-0.05563777010797894
-0.05875406123181243
-0.0399047252772316
-0.04422735401084198
0.05147871761808704
0.03754261823936633
0.039204620115443525
0.06464033369838369
-0.03302916433711356
-0.024500549991082858
0.021499285400251093
-0.040307647935692296
-0.013235623274108849
-0.028841255977473314
-0.02297546755850994
-0.04507103222213191
0.01758305588275971
0.03253017856364178
-0.013880050656510533
-0.03289834634909262
0.010845297540405753
0.028101105059067953
0.025478199169549624
-0.013546541510718735
0.017823546168626324
-0.031282081630058925
0.03691520391211557
-0.013508346252748831
-0.03879218119156534
0.030170156421293316
-0.01024835189785237
-0.012744040501417564
0.01945470506244801
-0.02110384944794396
0.005706144039691887
0.004705432973189856
0.010438995928874897
0.005656588500455131
0.009051622560114285
0.0037664374252571664
-8.962559059807298E-5
-0.003228597264572772
0.005194079108178346
-0.021831422491987603
-0.00490093328386044
-0.009268104470348443
-0.005670910693070793
-0.0286603268262318
-0.006750716482312394
-0.014684171231496033
-0.014695196118526686
-0.005552658239511002
0.0027311546576113993
0.008718382348091986
0.008143021876725135
-0.00730095903635514
