3436.24507959841
4927.201545001659
4036.2450080614085
1773.4764582759349
4332.846868963863
2903.218686840668
3727.201654506884
5608.773331941793
3026.2242336199806
4594.202807031939
3502.050058807521
4206.982512041558
4844.716107229071
5238.922893719492
3375.285230340921
4035.4010450840465
3073.38446418707
4327.474485874536
1650.4804731316729
4627.043694878896
5303.21860189618
4762.0254026526445
4316.438192918927
4312.653238172216
4853.398493167909
5176.901949483329
4321.317519523644
5604.540690971597
3615.7424177745133
4208.987506627595
1474.0363414304122
4315.26065876951
4214.320225645468
4927.474449202682
3724.391661270938
3242.433080731865
4755.306111888471
4634.216649444024
5252.547026894391
4027.0437509537905
3756.884270278096
4033.8244515501888
2862.864414050715
3265.8163320885174
5194.202756188864
4758.014204815764
4063.869530942854
3974.491866808474
2977.6124618938024
3019.4034435089584
4633.12070620698
3348.6828047953572
4169.13598706172
5599.766203068631
5052.89273774661
4230.390782954673
3024.6355048783366
4085.5500605313655
4219.5228867214555
3646.0952194832175
5515.260549763262
5646.691958002343
4034.731843434292
3710.1576872044793
5527.201491433654
2104.8369445835974
3026.85732934243
5642.768558209657
3259.195262146785
3569.6995440124842
2401.3302005218484
1921.3176751163348
1819.3947024024872
5309.55913141778
4075.6566904983983
3444.694115817248
2891.029210404515
3270.7882892041193
3030.0042151659886
3842.7686453815786
4057.827097870751
4297.272122164516
5510.1575238190035
3344.9901455930144
2393.4157661387326
2914.3448167994425
2984.6406287884915
4165.6133622782445
3041.5038785263
5215.005116099062
3869.298637525786
4529.4087411634955
4059.5258199169625
4916.438144636488
4451.312958131105
3141.4484721302238
4106.852018580204
3268.521084976886
4743.069069862734
2532.8469916711438
1673.1712450595405
4897.272072161924
2262.38253475633
4657.827072312605
4815.742355289824
5336.491758952267
2653.401523319759
4922.801650927776
2252.5471569815595
1676.1805296914738
3716.4382588917592
5638.932272245949
3725.946619618186
4874.38517158625
4044.69405422143
5049.442611900755
3391.4316622826295
3976.902042230631
3687.454737567233
1237.4934711873937
3808.433882038748
2397.2673606158673
3703.3927908029204
5641.607595729247
4449.42144235647
4804.340493303325
3875.0810544711703
3578.399386779663
5978.320278203232
5761.139525994031
3571.330593807945
4438.932321616314
2674.0363115127407
4471.711557616103
4432.42907512082
2363.4137080778796
3252.892853902925
3035.196738119208
3374.8639405916283
2446.0953059225926
4277.048555367008
5371.733991580645
5512.653149654386
2081.086308429473
3686.5154245965723
4437.264691503615
5591.975008723895
3872.2165479501205
2279.4247121624317
3273.6750062954443
1475.4776851428762
1168.023255382135
3143.8253391874846
5102.551709642443
1784.6406678802316
5850.480187032103
5522.801629935602
5234.216597755224
2568.1710284917854
4911.283574487629
5454.295110154562
5595.820816630337
729.4064816404418
1944.4498967948682
1137.8892718972643
4910.157568158802
2888.387634894889
4102.897402887336
4566.266295999418
4899.277555081875
1906.372202786731
1812.4222103557534
3841.449596365494
4034.2167024705795
2721.203063308786
4374.261127282637
5454.741426159403
4215.922410415021
3376.784155377548
1502.3616513860782
5297.95169759598
4057.279470909758
4171.330567440822
4289.265176123965
3757.2948739350504
3197.2105248930584
3567.6536575335617
3695.906685400156
2083.088909363426
6116.4380742870935
5002.455877436513
5384.973893679063
5306.851998778308
4383.35920382225
5379.910838463919
3860.021905818997
5620.886211613094
5164.808108165782
4532.2256353163
2035.000413766765
2877.128384200893
2704.8369294911636
3145.2301989043845
3830.95450841105
5471.355516073977
5644.720977272633
272.42537805987797
1504.8369557929957
2889.710592667469
2541.806952125663
6115.26051597856
1928.3461628830698
6643.110791194592
3930.79989996705
3110.0361624660786
3856.410207701639
2238.923145693328
4539.730391831158
4035.041339455239
2264.6897150942164
5367.6535624235485
3729.2886964266254
1769.3218028529827
6637.348172626691
3057.160574349726
3731.0961989479156
3694.456104802116
3105.021982264139
5492.787745903785
5376.008596894592
4367.2944912861985
3682.535322301636
3659.350598868682
3383.536357420896
2347.448033207848
2667.9648551243936
2363.5937067640943
1762.7627262052445
4033.5161775198007
3517.486982658218
4716.006178571811
2721.5973022999788
2303.218713160718
817.6616705670936
1777.0726890193462
741.566874632023
1617.1130386118184
3762.702992041038
2984.8382559242227
3254.641400855972
2969.1058471673723
1380.466547510948
542.4629373159536
3480.907896279696
1208.9713722745412
4281.528547000129
5257.8270395089685
4440.838441939539
5650.805478395155
4330.223040529188
5654.791535612329
4454.641320810618
5235.400943036628
4720.780368111892
4451.161054896549
3682.1825989768595
3275.0810686843365
1108.670263207215
812.0419649951779
2659.1952805236197
2957.946616812922
1076.180566861649
4173.496873340926
5166.266289953182
2051.02074912171
4178.399365919495
1778.2990540342462
4877.658256154564
3765.982445673239
3109.2780082239906
3023.2380998298518
1860.90191704549
4633.824398943621
4081.3184121930385
4036.3492428313157
5184.38400423077
2737.6393027997033
1178.2023304996524
1315.2608455472919
4191.682339485449
1624.0832964508222
1073.1712820216046
4537.690586434001
5375.029643792067
466.50668596306576
1540.9311925389115
1377.7584144568934
5187.776088880795
2948.002684665707
5834.216567548877
422.0427319887469
1632.3103041333195
1609.8901341316407
4032.011108787265
2538.7603323732255
1766.2089286387813
3681.6422794700543
4846.389513739937
4462.509334836777
1677.9143083186457
5493.437465935174
2230.73633913531
5008.773385143112
5622.142213477577
4713.827504985545
5787.776076252818
1850.8834904090138
2048.933422925743
1254.120075864387
3852.8928254037623
1665.213493670628
3676.343535166841
3272.2165617981236
3707.079118278015
5588.205616341627
5612.835404912811
3473.345572120637
3462.8644128839246
5003.771867577544
5489.748686759557
