0.10464620361774687
-0.29536452894934084
-0.1446355013980635
0.11659618599088317
0.18989427147810414
-0.1455112172793209
-0.11195968357460034
-0.0884296656554643
0.6688856717963936
-0.12059400594791922
0.07376845062644763
-0.12929819906501352
-0.09820987098020366
-0.08945069582264406
0.06097855211416782
0.08008296221628271
0.23348669593913685
0.40232864926037243
-0.18420831368183627
0.5192661650577528
0.08942731403410602
0.15803419306549155
-0.5287678960023421
0.08483756562784216
-0.3220975761749735
0.0844276058029035
-0.2285402469780084
-0.3726017971006293
0.09579932311150369
0.23184265284716818
0.09184519263939672
0.050926638396164244
-0.06430447472866654
0.06297808853961605
-0.07931522726602315
0.065884336307168
-0.17676281053443413
-0.1550816273895718
0.05807789866258111
0.1625761306070618
0.43373567494577375
-0.05872765982537617
-0.14519670437517548
-0.12957729846121854
-0.20668637636302692
0.19740249938642987
0.1889107981219844
-0.05929784919427166
-0.17095125026822097
0.41261476276899545
-0.043761272787194466
0.07328796696726057
0.12978249748137166
0.24042223436107152
0.13940468969515774
-0.05612181839439461
-0.10369418288730053
-0.11872766939920808
-0.43553218746199085
-0.5562206420153539
-0.11712985877293482
0.4901101837913602
0.3009833206938413
-0.05643273080294697
-0.09661775236213326
-0.20158268085207318
0.1340563277514956
0.07250657997248817
0.1695294031411753
0.07589776439795594
0.1609479533181665
0.3748762562324286
-0.19022024030714982
0.24837344120942237
0.33914676025452617
-0.07133945184808432
0.13466432488106256
-0.05745184453215407
0.05037863574748287
0.10026193784336661
0.06300217608842777
0.13742792423640232
-0.6152771277774349
0.1108381523056978
-0.05768313488397471
-0.12415425575050117
-0.07512459058447325
0.08646973355336422
0.6585569776274076
-0.10273992069310355
-0.2575267694447329
-0.05712579237244488
0.30245086686730355
0.19251239647979848
-0.046699157798628196
0.4108156720214885
-0.2009837893711216
-0.21564723557628612
0.05437588175528989
0.286903857144012
-0.16113061212757654
-0.1537469297650058
-0.408528098511442
-0.07302017829657492
0.05652272273882802
-0.18505957851728183
-0.07437367697417178
-0.03952825551563258
0.08896227788403004
0.06221416591848812
0.34476365324304237
-0.17531300595752894
-0.4422181577461008
0.08345650610914401
-0.23665312662420615
0.10218377474282367
0.5068574331552389
0.10874495941773593
-0.1774359101983649
0.269018632542843
0.10786186188675996
-0.07970410087396913
0.05407899212343311
0.18051443456844532
0.051735308511381695
0.5251096011047534
-0.1487721181593882
0.151872439188436
-0.22413975176377524
0.14041013874001648
-0.04009201609612394
-0.2598359007643347
-0.34092822947014667
0.14087657516807403
-0.05252263557577386
0.39379532211111345
0.0443576996557685
-0.043782649647881554
-0.05911819798532035
-0.03931060074366543
0.11412145110164806
0.2638923245073244
0.06108988350077249
0.04149734317264477
0.4939604286604242
0.19664775673452373
0.13166819857870932
-0.08556900742079786
-0.5446793458018634
0.11445160698644917
0.06064123795951576
0.2479202336896101
0.2634825440246134
0.2084499419956705
0.07025986156554327
-0.42776697800862107
0.1306015770401035
0.1368998267216168
-0.18470016752890805
-0.45793123999391594
-0.12637717055253686
-0.22636159784357246
0.1223764202623239
0.039770196836443734
0.047007399227967414
-0.1526092196609533
-0.10379626780810204
-1.1565373083715147
0.2419374523254074
0.5264108979350622
0.6618422863484016
0.06848199144100864
0.04362252900385262
-0.10019492464227898
-0.06203173191197711
-0.32340184988674947
0.42440869114264285
-0.10610037633268064
0.12035448521301999
0.304983551689978
0.06431202685809163
0.23543846372730165
-0.1338361081006109
-0.4059863744688343
0.3216202867620667
0.1115995702119364
-0.4001376763335311
-0.33527754574265023
0.43298473525799336
0.24026699041410757
-0.06327235019192268
0.5206037294178878
0.0881457818575531
0.0883121025721555
-0.04140213471489475
0.2686422132398843
-0.3410800029754517
0.3765126246743187
-0.4293493439902892
-0.06343341263778232
0.42741032408713175
-0.12269891303531584
-0.3552319129474863
0.18387787457085208
-0.19251678697125213
0.09997497755922179
-0.125858176599897
0.10393745092910948
-0.060857414063264156
0.09382642068969567
-0.10619581653404903
-0.18041639890289002
-0.04641423634519463
0.08406940985195129
-0.3456588300012211
-0.15967296344048207
0.32103884199892324
0.16211724868452254
0.1633666144968949
-0.0775337272986861
0.10409274311672664
0.07532092813028646
0.09079767168201715
0.49006284130030475
0.03943860627338434
0.1997208620836282
0.20184747194364314
0.19360463428835753
0.19659114721536336
-0.12709751096918012
0.35188666538742297
0.22581349986756627
-0.17189128872853662
-0.24804116406596866
0.08840105361969677
-0.33388079566532075
0.03564466025318188
0.47919191449283577
-0.1845099417377545
-0.07877883041076232
-0.08473569690507964
0.21915085989267377
-0.0888244878760801
-0.09825125713270869
-0.0467811799233262
0.034184532853819165
-0.046308615538247645
-0.04532979239646248
-0.03914451862630379
-0.02786512160532344
-0.021818066807519524
0.06199694591089409
-0.11019064020633866
0.38203409015180206
-0.058305896728146525
0.3734547710940311
0.10315036575563652
0.22977563280173857
-0.2682825296989503
0.09672064371289439
0.17660380657691438
-0.14982883335200886
-0.34504697271887186
0.07822066080995915
-0.15550483437506651
-0.5679783404992642
0.04392106522846235
0.07503839530194832
-0.17778819451446418
-0.13853104544397943
0.045630414316517626
0.0922531606546267
0.031134416078984383
-0.22817545962657215
0.042452626666676097
0.027779095362501213
0.19429101706999927
-0.035219185210353096
0.08059296633539154
0.047855626347487995
-0.6407218007843722
-0.3633355077466919
0.15547364024867275
0.20624412839747502
0.10025605943810058
-0.10536658895613814
-0.11153440060150378
0.064491083365486
0.25942615990759793
-0.020131033764601288
0.09225717496603218
0.11891686470876103
0.06521680923466838
-0.19251402061496606
0.02478498193215142
0.24743119388709567
-0.19544276469188798
0.1778946081377354
0.05284284617229791
-0.24843855173038817
0.0889146663064003
0.13138179285521542
-0.05481656835947843
-0.12129468860078556
0.47797562674802313
-0.1303764394949286
-0.11323704005919524
-0.1521570498670819
-0.2181919021216771
-0.5043917787600374
0.2820328491716949
0.21294273752638823
0.0761770906299355
-0.11635573022731144
-0.86434125280645
0.4608873100715044
0.17512022403690217
0.23853683282919738
-0.35661314992176063
-0.09537831882017794
-0.04989260813543518
-0.08625863234946206
-0.02509515946905687
-0.2680605178556695
0.17595218905239424
0.24025323164782916
0.2553560977176239
0.06568157145920336
0.17676984762847364
-0.27590512747277657
-0.07861913757231466
0.14293667255472822
-0.1792337557022891
-0.14624099782440222
0.1278286605455879
-0.23199268430276448
0.04727934889112067
0.11406046158671193
-0.038849829590187984
0.06710517453289945
-0.23096725721366845
0.06625669246115112
-0.14173421474234812
0.08906552981491668
-0.10445950966589573
0.09010543629002692
0.05307766763198526
0.13734583939434195
-0.09827052996657538
-0.07889774342836808
0.21845656699094784
-0.694666352189752
-0.10305637166673952
0.23746277865776946
-0.0794563361013047
0.41508414132927834
-0.08796950300930706
0.0766496360114253
0.1905281666564938
0.06580676462844032
0.09260363341397788
0.054575146687245786
0.1687668562212047
0.18661243756993742
-0.06347685164579975
0.08393101294214284
0.06200054760629031
0.5913593911886995
0.046962207910949905
0.3695400329038784
0.10711459850113447
0.07868163943233189
-0.06428325504057068
0.20127288240442257
-0.17021601584197407
0.04007412726115333
-0.08022586940396756
0.10329639171276264
-0.10363742715267157
0.07366867752971949
0.05405008963646834
0.11678094929424777
-0.1701216859516
-0.13386938833973214
0.16834454845374897
-0.13038236666472225
0.03692334487928327
0.0480358304997806
0.10997076936991595
-0.09893919040743537
-0.24975289844723778
0.4412665368569758
0.08055460195714757
-0.06431972888175219
-0.08023712041649499
0.1478556408697338
0.6138872427509897
0.149187924074918
0.09833126464917778
-0.048569476220978625
-0.0864714201809082
-0.06061848313535666
-0.15498768993407616
-0.10126038426051961
-0.1503730056451495
0.043099921170959773
0.03239782517036087
0.03472342273084633
0.12339613661163518
-0.07124703366964542
0.3424248935605681
-0.048610227809342994
-0.08332086846488346
0.042403579645615246
0.034732635956219386
0.1071010910808365
0.1280706363218751
0.10187809956450848
0.15446443246960084
0.049535938756221934
0.03773095752152276
0.0685716532142347
0.0375414122300848
-0.05261541924010108
-0.1080224156029506
-0.05056227612158227
0.04158302297760835
-0.15082544313006166
0.24672579714365558
-0.03436824746507122
0.11902473124217573
0.04986297346232858
0.45661370121168
0.21118960595418793
-0.050648804731926456
0.1549004615141878
-0.0547586673513959
-0.07189921471856735
0.008544728621815963
-0.07213675891062217
0.03188180576177748
0.2589669912563661
0.07061985390120251
0.5620529024164154
0.04878427355596764
0.14849284976169444
-0.3025264019011563
0.09982655821250147
0.30511138950793903
0.030708953585994313
0.11242976161356008
0.36125734169668644
0.04915180874221102
0.017245963370826053
0.13651916871074152
-0.05477088719442994
0.28666417170744923
0.03936398639858643
0.23256850643136484
0.27505705511921286
-0.05349214544282178
0.06316931643253444
-0.045511320271385575
0.3357737111381279
-0.06160924777317297
-0.06350086817421688
-0.11574653141629401
0.14713471591053015
-0.19497204834609966
-0.25652920913453253
-0.08186810680363295
-0.03379586521421948
-0.355579191820149
0.013577528748166437
-0.24986671583851247
-0.027840329979228997
0.11090109991294017
0.40486342816939
0.1090348418215476
-0.2054034596031335
0.07615359943123698
0.07823229986546996
-0.16457365826496104
-0.3914828561125721
-0.17671932076909483
-0.08352911899338668
0.1441425173846922
-0.07058748585340938
-0.056051678601298206
-0.03312720777038036
0.060935086884107856
0.09202684546079828
-0.059998196919700535
-0.10546292481095307
0.357027424225522
-0.2576594519754812
-0.008936824861833566
0.16012767308113135
-0.04990510847122053
0.06891076932503634
-0.13178373483392183
-0.09179857225018986
0.09035085462438264
-0.18978387556615603
-0.1924269289095936
-0.1423894557192572
-0.24189032592984497
0.24285590685644926
0.11247033529056333
0.035612445362416346
-0.03408157981691645
-0.08226647720598176
-0.03976496034632896
0.01959174347718117
-0.030574897642966968
-0.21204394455061365
0.04059585646443727
0.05297082932011753
0.2296174143296861
-0.04121219410519175
-0.05008291889585898
0.025386185837171244
0.24091669747255423
0.043133531003080386
-0.11321131561684582
-0.05522065920673125
-0.1862303063920197
0.06762703384775624
0.016027192881628786
-0.019750208734229672
0.04216047874038477
-0.10549208485777017
0.02328675316987585
-0.08527490160360063
-0.03033744775892951
-0.08585360803183785
0.2108890079462629
-0.14971131330841078
0.25341757848438057
-0.15409043700918024
-0.04327699985405972
-0.14062323464108584
-0.0777185125505091
0.19779844791556225
-0.2098137659464791
-0.07725586547372663
-0.1161940854072764
-0.043583197337593665
-0.06807217608977481
-0.08863787012466472
0.08258549142337605
-0.13040768835187513
-0.022014248635067766
0.04568160309346232
-0.05329824881830153
-0.04951466297028462
0.048400249474501625
-0.1882814564714611
-0.07732003368518169
-0.08277383223724168
0.09573330567927334
0.12550600990064964
-0.06477914144230798
0.0746800546466572
-0.07605145409881872
0.04083440159555225
0.055980837043243435
0.09455706011602143
0.06054824022440321
-0.0977456737754659
0.037041344558526396
0.5525660013065776
-0.02020428445654039
0.3256672634871858
0.054788508821318214
-0.1721581654525461
0.06326707262300996
-0.05184839634954434
-0.15316133827274203
-0.04904389650091202
0.6710425434888165
0.15856619965478164
0.12531804075973707
0.03768700788555193
0.04925755973258626
0.11347816971581055
-0.15980600166035686
0.02058464176287206
0.08743125469765534
-0.05961135759780894
0.03642044230472351
0.07288537896461633
-0.03685112318946117
0.12006483350414804
0.04162936027525482
-0.017420305767253945
-0.03995940059533346
0.04808024014971616
-0.10625084790895183
0.02536998010130883
0.19038548123004473
-0.017105953603469795
-0.20654583765534015
-0.04462126566074286
0.09596664892220208
-0.03402336478450715
0.06622519710420408
0.07440218746549541
-0.12702735655566366
0.060048135926337794
0.039840041605045326
0.09323987986395754
0.014741824604464203
-0.03808080412566735
-0.04978321533785269
-0.044356743269042646
0.04612198867747678
0.06366429615189097
0.038092982280079665
-0.044422395303653446
-0.011117491470311054
0.024220581504306588
-0.07120714913577661
-0.18860313701333467
0.05439923772797877
-0.33968231637058355
-0.053926704182344
-0.07221801233231313
0.09050904540962669
-0.1348337760074561
0.08662195773211799
-0.056870775210274394
-0.12153815946513107
0.06538001776927103
0.23269627148205904
0.032848575002107486
-0.48135844729910393
-0.09270590789038778
-0.05560567805480119
-0.02665628819050684
0.06665783210678207
-0.4281560925099605
-0.0849313821270746
0.041895010342641155
-0.26789236268031247
-0.06682436542603967
-0.02729714561107383
0.1067480157715957
-0.018998709115288812
0.34984428836878156
0.016371573359340984
0.048915724769158994
-0.10837480007421364
-0.23057992990000295
-0.0776020456602267
0.06790467698368562
-0.03332284373379501
0.1726888078993999
0.028781254178220583
0.18311757774303683
-0.65917877822671
-0.06324912446224615
0.031443260062859496
-0.027238571441475477
-0.08605583111604642
-0.0737761569949351
0.02835596560732908
0.04070189754497677
0.11817563196768008
0.03673861385864222
-0.09659774958503219
-0.07471987957949631
-0.029026328869734556
0.05003280658567501
-0.7417818495533004
0.08889472525481086
0.010125221170126245
0.0969368671604298
-0.024535670039583027
0.08241669058796204
0.020793383146378745
-0.015736097594502996
-0.4096078823378969
-0.13505727062187553
-0.010628892966628741
-0.5745789887009408
-0.017157180104675828
0.055442683260533636
0.23124688537165228
0.2762376454352895
0.21411504588769203
-0.08075648621338165
0.18710624754090976
-0.07106565073083008
0.018259246426166987
-0.0349629221777647
-0.09806167439053827
-0.05380607991210818
0.0720246240810213
-0.015752914814544102
-0.04998537961951791
-0.07422839033770018
0.2424056718782615
-0.02650107733355382
0.0492260102292533
-0.07087596177708443
-0.13093295509631106
-0.1028187251157811
0.06548953985504453
0.10086849403312932
0.1665290257912413
-0.22679272685945415
0.5079769283552278
0.03314138037381914
-0.22141628389799012
0.07625993193701366
0.4028367100939529
0.02974651255789769
-0.20184666677270602
0.0765251052679942
0.1313612952511549
0.1665504326694182
-0.2270489246574914
0.14059135604660403
-0.054115777270890404
-0.030965621765110005
0.031016045432382195
0.049690497656508126
0.23819570162622639
-0.11003500829133314
-0.05133049981748187
0.04394328685153797
0.04835542026339194
0.055832777417224956
0.07029517886118802
-0.03590432175310753
0.045950947835777176
-0.2816560191223243
0.021789959743224986
0.4261590900959706
-0.06694768019939185
0.06413582318759904
-0.022461112812769402
0.04860092558206473
-0.0778201910585983
0.0576498666898148
0.08037729185412708
-0.11720538872723212
-0.12617634827902344
-0.046210497714409035
-0.40803751159448876
0.1858436380682738
-0.011475349089305286
0.020569230023492407
0.20721608312979026
-0.036061571440176965
0.038563081551693454
-0.020317439336305015
-0.06925517309345774
0.09816751912961559
0.048313067062385855
-0.3145773917433195
0.0948763981878651
-0.019251316886495902
-0.018968134755231996
0.07082767094519092
0.09653399261703333
0.19044204254557337
-0.09415706086023395
-0.21531353714651788
0.04828582727503531
-0.38906464342984
-0.03835667035403889
-0.10557360389527214
0.015843977820245582
-0.09690608446426865
0.21553265537965896
-0.11942885036897803
-0.05068560137627077
-0.04246856182988047
-0.08139407676581246
-0.4305431769800639
-0.2742051494302014
0.02918467568451023
-0.14504626228298578
-0.0234250334651419
-0.13596412073232383
0.06820646395725212
-0.024213831031475192
-0.06929509571721308
0.11411457287719934
0.04947600336795957
0.09701580446028515
0.058616014118850056
-0.13727447104198875
0.04875205618568812
0.05350658849979018
0.03797996178091301
0.018080340563737717
-0.0727096956101818
-0.046943944551637924
0.30454563233304116
-0.044691955090898065
0.04781321293640928
0.025339720605940353
-0.01886118326363225
-0.032283778175255545
-0.029875457687574554
0.008730313246082314
-0.04744732661127559
0.022100729989174967
-0.024661218183369114
-0.25879943085412627
-0.08957714631151578
-0.09964240560535534
0.021610702403394785
-0.2288353499649531
-0.03669263742289638
-0.0652973468574533
0.021800843786868404
0.04207659936078063
-0.11700721219209118
0.18053637605282724
-0.030192237682317317
0.04780370733113456
0.03178632324239544
-0.020148372377298253
0.03261302368326905
0.07865576568145546
-0.09930993113334159
-0.02939408782457305
-0.049597138623368696
-0.022173214196385255
0.06891484163530025
-0.03295179757065721
-0.10002867577394071
0.04454604237933789
-0.01402267121058655
0.09110211564109706
-0.04930161653392455
-0.04967958904319282
-0.07582829694179517
0.024181559379114443
0.19424724318347872
-0.03086956956408754
-0.03386434984869433
0.035480887481120375
0.045147740867849236
0.010776879327955796
-0.0592179081769009
0.03881579832710875
-0.058052399400325944
-0.08452326902935217
0.047187431800729554
-0.026836900437068496
0.3132450437191106
0.08992831108513971
0.1252500640345373
-0.06010223042902381
0.04387178411235764
0.014179972007910584
-0.02146622832974014
0.10474823564612351
-0.17438505738945326
-0.12337921164086015
-0.4108694262129713
-0.041718434133013155
-0.045382517947014776
0.16699559672516348
0.09788164994871619
-0.061267566564192945
-0.0511954906935028
0.034215621095106376
-0.02558175713092797
0.014008000431129077
-0.06151565707420904
-0.0394814427198729
0.040058583489732874
0.12930704754382885
0.029572646667641152
0.16090688157718525
0.0043627924116582785
-0.013667940997852084
-0.15827416890576976
0.03245365962251997
0.030958083924337364
-0.19358444595147575
-0.017263324558093294
0.20670007157796444
0.05927404080419826
-0.02727213288524084
-0.01325325594197706
-0.06250668371877344
0.03478843116808519
-0.10150027639207122
0.2095853005421969
0.034552929817966635
-0.02026226546045728
0.09911269949727691
-0.027038635071614865
-0.020184385062469938
-0.08056427165390323
-0.10955321411654577
0.08592971663592038
-0.03207607147283929
0.025254936436068538
0.02530170374512022
-0.0593144334352519
0.05694597552405024
-0.01405695726261313
-0.00849241985725018
0.012271318579305907
-0.046276172030147715
-0.034001725250140905
-0.013002941348256473
-0.01628594728700228
0.015323976820261438
0.03997562017486436
0.016677332706898647
0.014905426051880964
