723
646
653
773
657
712
726
655
603
777
645
653
600
604
716
647
646
712
606
603
604
649
606
671
614
710
658
673
766
654
613
727
724
729
777
652
658
605
905
601
718
655
611
601
613
767
751
675
726
720
669
667
802
882
719
611
656
605
609
602
877
699
641
603
663
672
799
670
647
723
604
646
873
614
642
604
780
607
701
803
773
668
685
730
611
711
656
613
614
602
1237
606
900
959
653
600
812
713
612
892
877
683
650
651
601
647
599
1238
671
649
664
600
648
666
769
652
597
669
904
608
654
652
772
659
770
612
657
876
654
562
717
641
666
906
648
736
650
767
662
874
721
608
893
714
886
771
563
961
561
614
698
946
598
901
606
737
732
733
659
1238
653
655
612
1237
678
725
660
518
672
645
898
951
731
599
960
560
603
670
952
899
910
773
775
644
561
773
719
851
615
579
820
610
656
732
801
523
812
650
712
896
613
601
670
651
656
758
645
1077
771
655
595
668
643
713
952
724
773
656
722
906
830
732
681
564
542
741
772
899
725
768
741
838
756
648
793
653
730
541
659
735
974
815
614
700
703
562
704
617
753
611
899
566
765
660
655
570
654
767
817
702
729
768
879
944
596
743
656
575
543
770
558
819
660
612
828
668
663
813
665
658
703
561
530
839
807
896
932
913
707
874
852
653
717
607
935
809
965
913
543
668
895
759
666
556
1072
657
670
522
605
782
558
602
584
585
667
517
1307
766
901
1090
827
642
540
783
609
519
765
657
568
747
897
816
909
543
559
611
975
661
921
809
903
844
745
621
906
661
608
1092
974
767
857
717
671
513
808
610
1281
568
613
582
894
852
915
909
1288
813
610
654
954
559
778
734
857
662
668
702
911
523
623
571
705
849
540
558
759
567
851
669
776
904
641
599
666
905
1084
706
555
746
853
816
728
775
976
565
821
788
694
856
834
609
931
798
795
654
748
620
645
761
676
978
643
556
900
658
822
771
566
717
935
716
667
847
1099
558
775
847
368
852
824
907
713
674
657
727
844
908
664
702
952
665
823
751
971
969
951
629
750
664
1087
720
804
571
699
570
912
778
836
826
828
710
689
899
857
855
919
710
845
905
664
618
551
598
873
795
910
665
667
1240
920
535
720
834
905
974
727
745
559
701
908
331
624
893
902
786
373
616
767
781
882
685
872
969
519
610
738
794
572
768
794
781
779
948
657
562
902
508
762
924
506
608
912
617
784
598
970
850
704
665
522
843
563
709
581
968
711
319
770
757
692
543
783
565
610
656
714
900
641
910
341
907
946
769
744
698
628
704
808
822
506
607
659
746
934
545
1091
853
517
672
862
945
339
847
693
780
1357
682
853
894
907
942
512
978
752
896
598
927
578
736
357
616
630
826
575
1054
831
521
876
1286
901
909
930
680
603
518
1070
787
510
353
823
735
955
829
659
1052
899
669
864
765
772
854
835
658
943
1147
825
904
900
667
858
826
715
726
1303
351
607
575
954
641
344
581
968
610
580
761
714
1040
754
850
506
863
771
715
634
1064
946
1358
783
579
763
1045
559
927
748
906
603
755
843
709
966
932
335
290
708
932
670
901
317
905
1042
506
860
659
981
577
944
971
856
501
507
833
