14833.1406509109
5705.612389380319
5105.612476836397
4910.597744212897
13509.166644408508
17678.99927799844
1272.704959542904
16991.764431051095
4916.044806741391
17949.110448235704
27200.132961507526
13565.86996669105
1054.4370497536522
13840.776414393087
5597.371226235396
4694.571859887091
6648.950793742359
1061.3271500011504
30095.96856794333
2683.9810564849186
2907.255872106105
14141.080321309222
4911.936212497092
6546.7308751920555
2687.971463622377
11343.262080114826
945.3341852291592
4917.486102778486
4893.61328906507
6724.992106518526
3402.7817335889254
5364.286894191372
5341.049344184909
454.43706821006265
1669.2635808435857
2269.263580306717
479.0180422363989
1160.0509738033227
3547.6186672265703
1122.0107970261226
5060.964431199783
6131.397245142187
2691.2775422433033
4206.805336922186
5535.73755589989
3125.839183878005
2526.764765223005
1853.9741155526103
4070.8301421413535
4005.68367012358
