0.0059975318304113226
0.006159282419260521
0.007083848952774146
0.004403375609332133
0.014829407678848397
0.00459062129353194
0.012799106604179896
-0.01627306625507521
0.0040157985822718316
-0.03857914584039103
0.0034187285412992673
-0.014141191374646955
-0.013586906199633167
0.013180092746461135
0.0026281741165951104
-0.03325481520377531
0.003915488232741741
-0.004133388630359092
-0.005987745621949769
-0.026303994660318342
-0.011050145147693816
-0.004105802995983703
-0.018758735528690385
-0.003228650053357184
-0.0037552406368130363
-0.010983558220429035
-0.0164266883534984
-0.012307285781835724
0.004541439890002215
-0.02267090768886132
-0.010241377496047413
0.00281042244800439
0.003167020624085616
0.004906851065217501
0.03836165460737526
0.011921025694933021
0.002035829945611908
-0.011874906581827986
-0.0027899996853959774
-0.0036508265302503933
0.011974995549785422
0.0029951731842044337
-0.002803020849119684
-0.0029667735382217604
0.006172446733987303
0.022518352149318396
0.003282387146802244
0.0026279580395020888
-0.0073190127756398255
0.029165877964340354
0.032077340859552855
0.0024797998685361328
-0.010435784822690648
-0.01848380088712434
0.006911169759273038
0.0187523943877214
0.004407277467892879
-0.00212569748694942
0.0019356256007453429
0.0047943936380018745
0.0030628252149112406
-0.002223237574221561
-0.0032653785612488675
-0.007813865827910054
0.004466948417514562
0.002587146754566641
0.0030700816540498808
0.0057176537927770416
-0.009763981975847588
-0.0036676130131341874
0.0029722370703235707
0.00834661721553175
0.007796021359688863
-0.0031106378196360633
0.0019538938906777073
0.004292142399287285
0.01705689128723777
0.005006268976062254
-0.0023396924801305057
-0.0023199111289581445
-0.0028655863743080466
-0.007352902362883957
-0.0024721816603666563
0.02290341489572548
0.002447245418766479
0.009340730261614387
0.020231839307392294
-0.010667783919565674
-0.007048147152241001
-0.028331253940684253
0.006468002518411087
0.020200965426980983
0.007048104491192613
0.005447389913923933
-0.0015521695278932343
-0.008475120775999545
-0.004017971950501655
0.01791220321818409
-0.0023775032361565192
-0.007442440337602349
0.002244368677367022
-0.010238260406681849
0.004813467741182056
0.009690183243125832
0.0017233338926004355
-0.003378672001846079
0.0014659545792583832
0.008332541220788319
-0.022894322865923803
0.010173714315328363
-0.0031988405269277823
0.0030631293183017994
0.020562260443730468
0.0017715845251041063
0.011195065469101312
0.013367246923975106
-0.003479500320886159
0.011537783655228059
0.006150738844069358
-0.02511970739790328
0.006413239394308586
-0.005390110111505584
-0.003779663600225199
0.008348643763760016
0.0030894755560032564
-0.008461887501646108
0.0018366763403076304
-0.006750018707657329
-0.007725631706214376
-0.010213354153846612
-0.008442197819275915
-0.01682672791987937
-0.013866642807196594
0.00225952180458666
0.0082288419181474
0.00307741603564931
-0.014589907610868997
-0.02478930924418037
0.005109369778270732
0.002786547511765724
0.0037949571931049247
0.018976685256670636
-0.0018149021082454072
0.005011011544088666
0.014569081041314966
0.0017550009970398709
0.007832754713699309
0.0040723641086732485
0.008735882283514688
0.010287453230372367
-0.001951409938558927
-0.0013762567562488274
0.015214647201350769
-0.004199740666877083
0.0020914671393933285
-0.016062500934495343
-0.004542270016505379
-0.0018926763233796157
0.010032605201940806
0.013825485466665184
0.015036646092364369
-0.011285365007066409
-0.005770977560901796
0.0016914617260396709
-0.004864455628269881
-0.016603518210306666
-0.0015657099357685926
0.016051633506248775
0.026323438940091752
-0.005454543689747734
-0.0206493304030584
0.01460929809569013
0.0015392011836266662
-0.0022105262642214537
0.003659583649471187
-0.005266445223481769
0.0024241122231094202
-0.0013437898370722312
0.004963152862149972
0.00525379666292685
-0.005311475092507076
-0.007352341909814953
0.01201982949852771
0.004875041082843094
-0.021508398338997023
-0.01067595976571917
-0.00937558197080934
0.005276503027370277
0.010324771217511042
-0.0055085581608876645
-0.0186337375516774
-0.002940302933932808
0.008002201215893453
0.020421327651904558
-0.0011837796158213844
0.004694412042493216
0.004283317567720569
0.004442829262893164
-0.0019283338731621944
0.004098132839914967
-0.0013690260570478642
0.00871507279523918
0.004566360893600465
0.005187195142466796
-0.004115152030498887
0.015635760914985586
0.0036376646255223306
-0.009056081008054098
0.008271064007148684
-0.0013579584769748676
0.017416660260578025
0.00853001852916247
9.95451702824551E-4
0.021002924476296585
0.0043585593730560875
-0.020630612349369293
-0.0017428912594294628
-0.009103494968735946
0.01131979638703924
0.0017043633417283864
0.003882466482277324
-0.012541621817127405
-0.004290139685675819
0.0025489633766117834
0.01068026930366529
0.019284336209338754
-0.00489767782568495
-0.004331662514114393
0.006655500285359227
-0.003309413090181382
-0.004553980434013161
-0.0012903354994038723
0.011396769699057695
0.017755343268033432
-0.008412496983512098
0.001947527953107176
-0.0026073178030247965
0.0070006997186775445
-0.001100058011281412
-0.0027981837894770515
0.0010402565735168495
-0.005078247850014638
-0.0038281839290452944
0.01946581298384917
-0.020118242894161847
0.011632718510418598
0.002498577773638846
-0.0037261124708668795
0.0021585838975237566
-0.003940562157296613
-0.0247435479510656
0.00397624732239121
-0.0043244380975643384
0.011050044502279241
0.0014879698015179005
-0.0026673815278659752
0.015747456973758907
-0.005113851919844245
-0.002861184789577639
-0.01774016253594885
0.0065678034146096536
-0.0074162025590987
0.002962266073490323
0.0019993192834936832
0.005952167133518451
-0.019333993120964486
-0.005768127713840665
-0.003594483713327457
0.0022813360256159344
0.012116839725543154
0.006581496165688192
0.0031626954505925126
0.0018458604008200655
0.004623319767389466
-0.01188822036801606
0.0034886987333481046
0.00648048077314374
0.007389276745979845
0.014233319377268645
-0.013585909039757265
8.611919680651701E-4
0.009310638576265766
0.01128121834635021
-0.00459017730036246
-0.0037394609431802344
0.003814015168757267
0.0016961875937880747
0.011658172804494472
0.0037993581033330063
-0.011083556952402292
8.533058201836743E-4
0.007811022953830021
0.003544863027046079
0.014187070949845483
-0.013435117640496909
0.0030234890988969543
0.0038531058818122056
0.007815074900517303
-0.0019753903817184264
-0.008348066526090851
-9.336696964473664E-4
0.011424807065579096
0.007189508010209605
0.00612683113786522
0.0032257997954058537
0.007402878837730898
0.0036720018598620603
-0.011589775246010814
0.002027548862660189
0.0017638201147987741
0.007836332577408124
-0.0032920520205576525
0.003201891240882738
-0.010328985716455205
0.002785315317313751
0.003723086077999607
0.005177801800224537
0.006688838327626704
6.982287411183584E-4
0.004805474875746792
0.004107460399744748
0.005396828464171786
8.121834211383215E-4
0.003349397575084186
0.011667402394491202
0.004649139803692435
0.0021040744118858514
0.0023527253673171007
-0.013204093797715697
0.002841765799325663
0.02236208486660305
0.0010148975878112346
0.01098627352056936
-6.613681888231895E-4
0.002336388265805483
0.0031606231119861933
0.002032687010914757
0.007686510066949862
-0.002344771465915937
0.0024445048486335164
4.526235511409715E-4
0.01477894806048213
0.008472376787098078
-0.0023767316060485785
0.0028219695310568215
-0.0026008305107401417
-7.551978873732638E-4
0.003158214107464678
0.015034685403749174
0.01243310137374517
0.009217514672375427
0.0037728718988742187
0.004774182616122271
-0.007233610012466707
-0.010383027631107338
-0.001888803019271286
0.0036297925158292953
-0.00744198285009646
-0.001488944539626462
0.0056475803593183825
-0.011479267810018082
0.009029843947282628
-0.007299430932853206
0.004613211321119844
0.004693320133930528
-0.005380702027369386
0.009492701904083285
-0.0020114207613277577
-0.0021100958699295648
0.011474240608419166
0.006200613158311429
0.004655282078480952
0.004657536633335682
-0.004083294750947737
0.0035610610729069287
0.008076606158597836
0.0024373005702348106
0.006710513548344776
0.002073221237537261
0.005108482197537861
0.002788946241410007
0.006068894073579627
0.003100249905934719
0.001959642791727568
-0.002428706322569488
-0.015549491425144021
0.015229068911225812
-0.001025804412437599
-0.004930709114666935
0.010331724832823711
0.0026181292797383066
0.004229829142588191
0.012050801415946742
0.00423915721206621
0.0030958180870866757
-0.0014494585361331446
0.004872751396918929
0.005738718555177386
0.008284223076301611
-0.012470634459038298
-9.725309882463472E-4
-0.0014206314240906312
-0.0021457602868947515
0.016569420673724015
-0.007247118276500501
-0.0034506499099562966
-0.001020687452397741
0.009090136700377616
0.004157366036784977
0.009511853629780874
0.007737872413087908
0.0036901540795695785
-0.0016588561051939581
-0.004342872362369075
-8.874956551793467E-4
0.008559457357804886
-9.936017193267878E-4
0.002646201340013205
-0.002461966374541781
0.003946966119850041
0.005127029306421655
0.00741572669735189
0.0014566662261501426
-0.004424060158588155
6.933625025539087E-4
0.004253611823842369
0.00785774426289121
-0.015501478387744799
-0.007338187725185293
-0.0023340770833059077
-0.0020448270861935965
-0.016350798722807182
0.001807066848300069
-0.01014062793221296
-0.007586346515120162
0.007675119704438763
0.0027001781160371835
-0.0022941226596554835
0.00506518371930486
-0.006383444396978204
0.01211324107547488
-0.011400386970132199
-0.004829230963467248
-0.0015210649150317768
0.002397269189300184
-0.004972789488887601
0.006665896628543591
-0.005146752998668439
0.005888524479838694
9.503911038807149E-4
-0.0011098994680956455
-0.0021434009831021875
-0.0017362506634737407
0.0027622651405058655
0.008298005652970824
-0.005059972886028449
0.001109905359438549
0.001551976460824729
0.004845375021445506
0.013221287540218866
0.0014303463291591616
-0.001053556897413465
-4.0425794578257697E-4
0.0035279029819132663
-0.002662192844220694
0.0035626944715375637
-0.006416899997800852
-0.0033375578928424876
0.00572963277854517
-0.003320009149213715
-0.0018494195585594692
-0.00718274913725398
0.009761488013972943
-0.007014236775329795
0.0012034679000974373
0.003318900748592514
-8.77846564409769E-4
0.00853867969118297
-0.004619321364084813
0.004992167988575211
-0.0011431298001765
0.0038898648937960474
0.004719111186271832
0.010269126784176708
-0.0037824767983953844
0.00984686081684366
-0.003236705853330932
0.002325893052807962
-0.0025992063352304183
-0.005086542456208699
0.005472971525047794
-0.003292809135817529
-0.0015074864621749315
0.001957930315117924
-0.0010478034346752137
0.008031630568756323
-0.004364070217640859
-0.004136452853543783
-0.0010418025581873205
0.0076686376823778
-0.004164865098410919
-0.00224111653853976
0.0030909568590146465
-7.72642921093881E-4
0.0073103365888589865
-0.004932638858019266
-0.0017912852549253023
-0.0029455447726660527
0.0026614679392248227
-0.0015048727495337992
0.006038574188027699
5.406440660509505E-4
-0.0011676568213199131
-0.0010511672666128867
-7.442815896405873E-4
0.001986796799724422
0.006232962659874655
6.257197821428059E-4
-5.533280492403277E-4
-9.087102446960833E-4
0.002636877720496088
0.0033403032035793645
-0.009762880235232523
0.004476760880285617
0.004945856330634607
0.0013878258890260417
0.009077870162522265
0.006813159312693891
0.004892571634268848
-0.00350796576189777
0.0023017347576146053
0.004825624152191267
-0.0010411666504295787
-0.008603301202797908
0.0010796648690830993
-0.0015184486294365237
-0.012510838886436452
0.01040119279807098
0.001448927585770547
0.0020083761542742623
0.007047643732036838
0.0012535566259613763
-0.0044434810823589365
0.005814767076952673
0.011242232268042293
-0.006769078049994709
0.004260004402500124
0.005269048911463667
0.002162227748328787
0.009019020262915978
0.006634973626041237
0.002087196990701892
-5.206792623427503E-4
0.008129177080235896
0.006288826398825358
-0.004592312376457267
0.007718812792531045
0.0031643902461676006
-0.0023186420063249437
-0.019851155329540376
-0.005122631523320001
-4.6035689960704845E-4
0.0033441359636495224
0.001686336477621862
-0.009187462614203393
-0.00858639583422784
-9.853953314694155E-4
0.005646877663145385
-0.002277057214907163
-4.491976845249751E-4
0.009095556647042152
0.006074191791688806
-0.002930953001973088
-0.003713815046843372
0.003407158024450412
0.006514923449297645
-0.004795817513813132
-0.00746829895985812
0.01265145648787419
0.009820334398060316
-0.0051368372867973576
-0.006563782245111303
-0.0032306939749808055
-3.700589138096431E-4
0.0027350006064732995
0.0022194857069561024
0.003060794649924451
-0.0018729990729394778
0.0022067823972741775
-0.0015439728482521285
0.001970798188136114
-0.04214110462194662
0.0034103430330173243
0.001356593261313711
-0.0014495841888454851
7.713973092514667E-4
0.0028524906878300096
0.009365627252106072
-0.0012627141014308434
-0.0034564448699509628
-0.03829677068907057
0.0019159726547602267
0.007828342803344901
-0.0020355696003585434
0.0012035159280369323
-0.002472364329858486
-0.0010837174029901847
-0.0012895883396657271
-6.765485761652758E-4
0.002649032677969745
-0.0028620473350998757
-4.011285026480594E-4
0.0031682757519020154
-0.03656889745514541
-0.005081109009052812
-0.001494399563115827
0.002641295262648236
-0.0034547691772404535
0.0011255625163612084
-0.005301675081677751
0.002344038965561168
0.005706582418808558
0.00469074981079005
-7.503586874247666E-4
-0.002433839445141569
0.0035985807017987464
-0.0011529683622283403
-0.007616975911625495
-0.009566354217502399
0.0070847572598522245
-0.03290304602565329
0.003222908556554021
8.72186327606628E-4
0.00443927818432161
0.005451958633355321
0.003221543087894675
-0.030803964403979787
-0.001931976397467874
0.003670621126518209
0.004252823031164558
-0.002268228528067586
0.005395750550248168
-0.0016162492446195017
-0.0027421422653283968
7.770270176207475E-4
0.0025153776872546994
0.004588572358053432
0.001977977573969642
-0.0019527534427571758
-0.001233286930064261
-0.003490908339831694
0.002167247611012134
-0.0045279482174162165
-0.0043608025967920416
-3.412444399705736E-4
-0.00288887700721752
-0.0010199176647102592
-0.0037998892521214607
-0.024300005845169965
5.459576405516571E-4
7.997968648806068E-4
0.001323047059664525
1.8075670229098463E-4
-0.0015887404598483618
-0.023918603270114015
-0.0037871562020311313
4.0326632486435265E-4
0.0019851299839433872
-1.2394910514789664E-4
0.0017081818006175345
-0.0017493641512465897
-4.6175809035388913E-4
-0.0024025863982960437
-0.021791184990138508
0.0019977073763133607
0.0018829634909806616
0.021357953937154433
-0.020757051553673488
0.001403021382227038
-6.160716321077264E-4
-6.931910939172791E-4
0.019023290253790372
0.004454874661226783
2.516699954146917E-4
-0.0010190600835148587
5.611393092210436E-4
-0.0019328531023590065
3.6173297769648185E-4
8.927361873388527E-4
0.001799661868165938
-2.8985866466039187E-4
-0.0015868851569025295
5.762932508709148E-4
-0.0014174818495169494
0.001198474609568058
-0.0012936987002208885
-0.0017179223091556503
9.413308694110734E-4
2.1976808136336582E-4
-0.0027311250264525685
3.409617529295028E-4
3.299589021177111E-5
1.5668028476220405E-4
-3.3111849277321897E-4
0.0011819852923661896
0.002318206598977388
-0.001755579093689305
0.0014352709420055105
-4.3423766352117935E-5
0.0013197408765640744
