6452.935720033959
6375.732704786271
5033.23121970752
6151.118610817816
5443.283503671872
5119.8684448003105
6660.82857848591
8541.363838562998
5448.546245711784
6132.209756535154
6570.071721587866
6695.574429397001
6450.2666748956435
6889.545743610999
5733.433119478868
6987.602612278975
5443.947842262207
4050.2312966003706
14059.615360804108
8185.871363746909
5913.550416841412
6513.5487146731
3672.8292334717
10834.304470033645
5424.392077390606
4275.850149007301
4296.240075206222
7041.781538781284
4081.9760343602215
5633.228645010373
10684.32087576873
4620.800877573612
4600.701538986674
6572.223236067469
6886.550515625006
7895.570664741064
6240.717084034884
8147.6379932788495
13356.624842061263
2382.7763585645735
11108.319969869273
4559.24448944074
3629.691568800089
9250.181493501243
4386.799230231103
5459.335545377427
6651.067675277276
6051.070196262934
8446.600562845077
11893.080285375598
7585.872496249441
5410.8258590836385
3850.7833427000514
8203.551773476196
3712.0821708694384
8155.6922094441015
3832.8596788186574
4843.948892415211
6728.457567905554
3668.779938681577
5926.242194193157
5725.023263451076
6527.268665343506
9111.48256505966
10050.96685936246
8347.689387789374
7489.543733477345
3250.784023213161
6493.938763238823
6743.0804166771195
3232.8603962242714
9310.51789878411
3116.94926443942
6060.831133838758
7529.876222731305
11238.479445318364
5408.2339668898685
5200.700478894834
7241.938643276678
3636.364822033405
15731.527209316826
4499.910458865481
7211.940260483841
8192.801298630256
5339.465249896513
8511.483704107572
7453.594051053056
4568.934583083402
3181.266123961231
20122.63343032266
4105.657724492467
8960.317711680704
8129.8744795956545
11988.479619211801
2939.961804426522
6879.8742897860375
3864.369225207948
7437.651512702869
5833.598630952052
6024.39165134582
2831.9842658580415
6228.134025418124
5255.862968823789
5235.571485168199
8943.673914054982
6521.953480689741
6732.208738452392
8962.269374796753
5564.1771989843155
16107.579689663697
5250.229873556126
5092.307296706006
11073.432281915515
14403.182552555974
2960.6136516084607
8618.618815530906
8963.185173233273
9299.80155417007
2387.741387714046
4863.020755594933
14728.755950340075
6735.424870317286
4054.884082125253
7113.416213009249
8947.688415164625
4401.982292332546
3781.2651620243823
10135.779759451187
4261.933230417928
12163.095539329943
8504.988817830823
15753.93608261344
5093.212870868839
5326.415777056585
8488.397175854578
9218.528635050294
8770.795307082435
8117.28440726792
5082.366574230426
3400.7038706963776
5820.799531991009
6724.6166253167785
10547.432822161658
9219.02291683031
7948.999085054255
21006.276454773964
5242.719883864775
6745.813445714925
9104.406973369247
7437.680411900141
5939.462414516509
15284.787809018802
5099.909888176227
14721.974984356395
2825.9541264408585
17449.231401460616
8481.440853763548
6134.433708328821
6740.488204491579
8034.464042994784
10163.183829081758
2308.0419848081983
9035.95634095872
7229.010278238102
2943.6188317433985
3696.241435096114
2854.568265215766
4417.660308067481
7497.787850734658
1565.6716607264436
