5661.844545004484
5667.751445248261
5522.9843545722315
4884.178321103345
4301.648214763354
5985.784161924184
6594.481220174081
4310.367324046108
4298.684907235808
6586.497775056807
5532.576901424614
6596.578261078634
4426.975252403624
3732.273680239289
3856.886076398624
6577.641328748785
4575.181874000059
4763.651142748291
6124.532119099225
4452.259309433162
3173.556381106058
4228.590468194245
2271.689396415528
4577.923644343718
7238.861524362946
2927.743268399327
5971.6696328800945
4289.59002788483
2603.725539584267
4658.194989070261
3162.6766642797106
3710.367345279335
4571.650745834191
3199.5482804544395
3975.1818934751454
4547.859929963939
4522.992136003629
7051.183492831536
4277.623372041272
3216.4264572418074
6068.056602942102
8846.26445815658
2045.8968420677177
8827.331380994501
5049.665249077951
4916.965413385049
4530.487492492792
3977.923664353493
5998.19655358979
4337.685337613936
4567.193658150058
5860.621198822096
6890.269798491457
4449.53077963494
5397.248483574854
6162.676570136098
5934.542059483873
4554.417319810754
5858.194950776871
3697.1115244032926
3181.3564630071023
4962.221287470346
2639.5700646419987
3860.70348335422
4530.537498899707
1305.0916821500896
4959.181960091568
5740.224211624448
8795.961143211982
2711.978969975037
2724.236374466654
2285.479685554527
4670.103005488133
5550.6886807069095
3969.8588792448177
4338.794133692669
4461.266875378868
8261.769813376519
5175.5017078857245
7386.506037286168
1937.0685176568159
6268.401335943343
4333.02421105252
4202.461689860235
2812.8521093401773
2610.3692186702824
3471.7763573205048
4273.854891924886
3175.3565700016243
4262.888287481293
4569.858860881882
2477.1850503903297
1868.8993899174823
2860.6212753063705
7911.737302887912
4479.5149059608875
1920.0695021360223
8221.354942936257
5738.3484243405255
1966.1285624545237
5538.794067200249
6986.06490163475
4269.2843736979
1637.8570285697704
1516.9250822109918
5715.969531669498
1172.4853049463445
4802.815836128363
1839.9720730427257
1300.1013548152362
2168.5900223200388
7044.016422301456
4966.10253742603
4320.413861638149
3143.535624069274
1755.3750162764059
3190.568191239003
1639.6491151318849
5344.887007974958
4913.913749160573
2131.0408573690356
4709.91672908629
8673.838997930638
3182.753997396468
1959.1820385880064
2302.572324689891
7375.944997752739
4703.815598918424
2809.040036815652
5205.300582847684
3037.414538649742
4454.647477962184
4283.214048947869
4058.1950132811294
5152.567085840481
2944.8870599962383
3033.265034603692
3171.784550858391
1758.1841243149497
5562.221248681368
1603.964462698655
4702.5722656252165
2340.9475075068885
1930.1923083285171
1635.377601800205
2558.5653397763735
1754.4300644835898
4002.979072503515
1865.9354387323085
7344.464434398281
3518.1618565919375
4471.470060192739
2573.6153028325703
3473.297846699452
2488.883066365265
4168.379327325368
4701.7822049768965
4280.582257846078
5031.399413457658
5750.043003635811
1848.034202508203
4837.549618387143
4007.247524044328
3509.194308479258
2721.042542212535
3498.6024022056854
1629.6246731312317
4444.461389390159
2734.953399870194
2754.41735292842
6900.658490479168
4464.1874508332585
4862.888274438586
4118.627645580435
4118.979515904484
6134.515920836533
4699.688939377106
3352.5230632159064
4109.194291085372
1245.3590355775636
2494.9778846728996
3188.3512740785577
5089.125646360091
5006.6358484360935
2852.580086868523
8809.871388190866
3142.458579888742
2485.7232163005488
5399.5224706292265
3854.3046472410606
3067.423844327441
5138.613808950798
6472.501273520793
4314.152852446055
2344.8870667677124
4592.009907193855
7871.204149747459
3673.8549249864686
6337.455076653067
2042.042204786604
5244.063254390352
5140.224237223898
5083.964880717281
3246.278051636022
3369.536414811175
5780.97138298506
1870.3649368805545
4394.5844670428005
3534.542125221113
4235.198925179432
7379.288358515168
6750.68865833834
1759.60939024621
5550.042777070755
4837.937926864725
4060.6212615989725
6329.554493325013
4275.3098215388245
6742.458500234614
4100.560513286201
5569.213562817451
4405.201373178987
4465.426379795431
2296.6788751758954
3025.3662637220514
6437.629518642538
4138.201228426279
5154.890288818122
1325.9005607173792
6335.370641792913
7916.063411559321
1597.4917055281821
2250.5197637073265
4316.965435417607
5341.308932338784
2649.6652987037623
1872.1682041487984
4575.501719925036
3504.9441291749745
2533.4162675013094
2950.8554659515644
3302.8457511059737
5291.320081000515
5576.4309024862805
4247.264344824239
9097.111369284552
2781.7155528867597
1944.5248603215102
3499.904472622524
2547.204544022916
6264.187419127215
4473.365178883915
3972.8768237246504
3854.6475092376586
8253.2688083612
1703.3935902179396
2304.6607538754897
5412.134243435933
1646.866267144492
3504.660723559593
6021.420415034415
5003.241950497894
3494.435856342499
4012.4083789447245
1301.8821452903492
6465.112137374719
3728.6902585089097
5339.121362222472
4175.226362516753
4255.75282336702
9108.402628822181
5638.318013801294
2181.957188693986
4457.451930207856
3631.813521628878
4842.520027589938
1408.2233135289275
7397.8160110055305
5421.108859651761
6249.665211192719
6111.0729403688865
4244.887097410927
2931.520094015714
6159.1819308542135
1250.333369986346
2044.164105001782
5822.459807241691
4425.835355202134
3966.9835863035214
5837.62952452479
5402.048769630664
4988.7996986489225
1222.7082469550346
3857.910285335826
2675.2091307590927
4173.323120984963
3518.627664318216
3159.181992992392
5636.5117375066475
4839.219585623073
3539.8577041195954
7944.511928375358
3507.8502289034077
1706.861803750122
4691.305052902476
4704.660693521497
5064.187440874783
2142.557945627622
4823.092458368095
2689.0574296282757
2365.248486098322
3415.1203760310714
3303.5369763950907
2045.508586325822
5752.763704530216
4411.894475967301
2833.014249170635
5343.474928649635
3073.266808018146
2520.795267849603
3082.859656269861
3416.1551918979826
4436.697443137489
4136.379066300955
3518.979533039913
3738.379919641406
4237.937934107291
4818.866787506431
5741.669996194804
2644.575317049184
4276.754514396245
2831.646738383165
1399.6498758177422
5258.754001432053
3210.166112000294
1262.0944719217293
2757.8685508765057
6367.675630702494
5641.219013250629
4280.753594573953
5091.023202103388
6492.760575527336
5150.8901891875585
4179.950963683692
4391.110462510184
6534.542046825085
2900.5605468713625
6701.413630916615
1535.377160179165
5418.866782867718
1716.46747912268
4835.198919218734
3798.3259684021978
2251.8711991715854
2535.5427743372747
2248.914848934238
6544.8869814230475
4491.186857694054
5817.120450198356
1445.896867155727
5090.845999206979
4157.853759755328
5722.933464591544
2538.0371360472773
5088.409215066171
4314.948389772877
6350.042995618857
3465.112200301906
2698.455324443409
7058.006284030592
5433.111272619345
4467.480186889776
5726.576855948117
3499.6889818605355
4580.624617623752
2847.886242158278
3364.1918300591665
5374.687906824511
8768.578984173086
2642.864229621964
4689.402039804654
3144.36865487477
5790.135609690112
3605.8525867565727
2566.1025689075313
3005.1873562235032
5006.343223912182
4575.295552861134
3706.509259227685
5750.8901774775595
1316.1533020059921
3322.2835252012956
4869.284363251945
3762.3099160623306
3485.04730202804
1324.3686092122518
4283.793380640595
5885.59392513681
1482.4004198584223
1711.4649196648459
2502.5674228641737
5889.4020353445
4147.405099046261
3910.1553522830973
5420.00561907564
4795.621119366621
5061.322959825475
3068.8993647384236
5220.420013681444
5570.886529502741
5551.196215468638
1400.3390783878315
3874.8358660318754
3967.19367604713
5286.239899484823
2229.407307251845
9636.52610410773
5094.6138991231255
2272.501353955635
1851.6156312366581
5086.404556717367
5532.633214355835
5224.297691273717
6052.554067739305
5038.318017480084
4117.438664608391
5092.822617310044
1330.916264094805
6766.1024991995155
6027.622834689512
2396.1486741756207
5661.879455614037
1877.1850683505968
3605.5009118081784
6475.025509594155
5092.082026927767
3799.64981213017
4357.116566554577
5041.2190166782
1753.995417239113
4984.75685962328
3352.567125418758
3070.3649123013947
1645.0102486131038
3229.3781730501737
5092.111290161089
5431.055538424988
3403.720240446651
5874.109007261903
5888.5342745216485
5716.52404724593
2795.874976242833
2874.829580514495
5422.485834861246
4757.898984372873
5426.205108244395
4023.7162174630867
4605.378045949452
3510.937505101455
5095.149734339706
5843.636907103523
3509.9167680352534
6115.917501564071
2768.5900209881815
2132.042639734694
2182.1825589826644
1438.9762072416647
2899.9044787922667
4119.107467835834
6472.36140484365
3763.4508118086956
6364.585104019189
4487.876237117475
1343.5189647344594
2177.429713306018
4432.495524752394
2123.9414590993188
2134.9784719488935
1631.5432732426186
2480.1823134026845
2124.8799648098334
5816.143742136806
5480.308234345225
3414.0128621328963
2376.8835301452414
3674.3932376983175
6602.0431112199885
2582.7540228089238
5098.010808344776
5422.19326863121
1704.660771373705
4817.824980662342
4244.136074190423
3799.6291816624775
1713.1107903685654
6470.1029649767725
1356.0014233323948
4145.5184282816
6006.458816870598
3721.9198955840575
2913.072526139782
2392.1767932011635
2271.3651621734048
3372.4950683683437
5525.170149800089
5029.637567101821
2153.981010192564
3184.1469124486994
4561.792549468206
5749.014236856783
2936.3515441361683
1299.7769699012906
1315.939774286269
5072.141504663869
1159.6094171609138
3192.245625568641
2277.794768942619
2792.276435088892
1242.2056980003538
5549.088571096588
5121.829020028918
2904.9441347888533
3242.864214656578
2090.7441154232156
4372.20193682158
1871.819541137243
5428.590424805088
4097.711780543557
3200.9327924860295
6000.78105849513
3865.4264077236985
3200.990303363715
4410.25199274025
5399.733057056132
3571.8142280994975
6234.387464258598
5710.7488591133915
4168.315022159552
5207.05429192193
8117.45570834126
2126.6253306729463
5633.14781348612
5721.829012326028
5353.7284848937525
1872.0829145507207
4951.739766606638
3859.1395384101224
4182.814430966994
5752.427603080065
2135.9785927683756
5613.239338931731
5898.333712089665
1946.3742278782927
3066.9688224247348
4248.50079785101
5883.695728238558
5655.3875247557235
5712.202403060102
5636.604717323663
5632.0012024061
5421.228065011273
4095.522173395178
4673.828704202087
5368.68973258403
5985.719636085177
2643.562821196324
6617.567690166105
5814.23837093754
4248.860145557634
3022.4384859275483
5714.122427333608
3138.3799352721308
3653.0011175531604
1260.3295999318686
1533.1825588290853
3507.1467746658464
2254.7828719111685
5719.557503033343
5096.326649736547
2459.856972985821
5627.8705808934965
6229.409038234636
5800.030753531967
4826.433588876317
1153.9954445921455
4109.713801342336
3337.545857714553
4147.284811181632
5449.988894258191
5423.733930121697
3919.7454425295714
3791.7202006877483
3086.7977710214063
4101.782237385276
5901.900750230531
3366.983597037442
5380.487303655249
5371.7156950093295
4825.36110870153
6351.795909122781
5756.384244633487
1005.4390365750382
4824.301034355718
3506.861756851251
4925.369591694523
3972.385869391082
5345.518415498668
1919.1347882789664
3889.125668517976
5631.399411085977
5452.230031167205
3362.753927281398
4258.504706013913
2754.113117411282
2769.536436744508
3412.8521090805757
5887.473855340582
3578.443590585347
2533.0281643514377
5980.701915809943
3757.051982446914
4392.871240178776
4356.550816184107
3980.624642547358
5118.386784264253
2756.7859170180704
3969.0882701728497
1313.617866124085
4483.887312166207
3336.5476023044434
