660
505
348
351
510
368
509
727
657
610
544
505
774
512
500
541
614
614
719
503
544
536
316
550
664
544
546
721
550
677
384
679
780
542
336
290
543
534
359
779
541
537
497
358
718
606
712
714
497
623
485
847
775
844
538
707
506
0
773
512
659
659
665
337
666
726
349
750
512
608
537
540
310
610
789
753
612
554
518
711
582
648
727
405
386
768
466
542
320
674
487
439
621
854
488
380
914
583
404
721
580
388
658
918
327
522
628
375
492
783
392
0
291
389
714
302
765
941
374
436
355
459
540
933
0
392
374
434
778
675
667
464
557
779
372
418
666
621
778
605
476
395
491
774
583
318
657
767
736
510
456
678
626
460
406
779
830
614
710
548
665
736
825
315
670
675
593
499
783
420
441
626
692
695
774
489
512
572
681
437
300
690
582
389
814
458
432
682
702
376
