712
713
773
718
653
723
710
720
772
606
614
882
655
646
611
660
611
651
613
647
654
726
613
959
655
719
653
758
666
717
726
604
658
723
650
651
609
656
960
799
604
667
777
611
724
724
766
767
901
793
611
646
654
672
614
944
656
673
877
597
614
722
946
886
658
604
605
701
610
893
607
905
775
711
812
935
932
654
652
961
828
965
562
599
606
807
654
660
877
873
559
826
599
769
598
975
560
852
612
856
906
780
824
603
876
900
603
874
879
971
657
725
716
803
828
683
655
839
851
605
667
737
712
608
671
849
834
561
912
646
