10
2
4
10
4
9
0
12
15
19
321
11
2
2
0
9
12
2
2
16
11
1
11
11
26
11
4
37
10
0
7
14
18
17
10
16
9
10
26
1
2
10
8
21
2
31
1
4
2
15
1
2
3
29
38
29
1
5
4
3
8
3
2
3
1
4
2
1
6
10
1
1
5
5
3
0
46
19
1
7
6
33
3
39
4
8
6
1
1
11
7
3
12
2
319
2
1
32
3
334
13
3
4
8
320
9
14
2
327
3
0
1
3
5
2
307
3
62
17
2
4
44
3
12
18
14
1
3
2
0
1
1
1
38
0
2
28
2
381
37
24
350
7
33
11
13
346
386
336
0
391
20
7
7
1
5
6
3
315
11
5
9
30
0
1
337
10
504
43
17
4
6
5
5
10
4
2
2
7
1
5
3
8
1
260
5
13
11
16
42
5
26
4
21
5
0
63
8
4
0
2
4
23
383
2
36
350
21
306
317
1
41
337
295
0
349
1
15
37
40
373
3
356
261
332
0
7
23
70
29
1
0
293
32
4
9
12
42
3
7
9
41
55
9
1
335
3
10
27
1
0
46
2
7
5
387
1
328
23
9
378
9
6
0
333
312
1
349
10
2
7
368
7
23
26
347
313
349
34
389
3
4
48
335
28
2
359
323
27
1
373
0
336
5
54
316
322
315
5
2
2
1
320
1
3
386
9
11
37
6
14
355
1
2
387
17
3
390
76
350
16
312
0
10
319
4
39
318
14
26
541
315
538
21
62
348
25
0
306
1
2
4
10
47
260
18
1
312
308
374
332
313
21
373
69
66
0
349
9
47
25
5
26
3
0
4
0
4
11
14
35
7
1
537
553
550
0
0
3
311
319
1
17
61
353
7
63
40
6
391
3
46
40
317
331
318
13
0
322
524
3
8
350
338
314
0
0
4
14
333
