0.19884176266654954
-0.19473463243328654
-0.48692407693049483
-0.45159618970152166
-0.320272281142762
0.3491074927640331
-0.6186858310985858
0.3659489942677218
0.6230251628025235
0.4600436086102403
0.2738840321284601
0.48407374046884327
0.48615408683618255
0.26685855883556325
-0.27910550167681364
0.18009701163809957
-0.19230138358167428
-0.297390888772002
-0.15195138336736394
0.23446526645240592
0.3212781509052578
0.15038668397093538
-0.38330144378190983
-0.3512392082241352
0.1809311033198194
-0.21333424994424965
-0.12082485232749687
0.30742993433152616
0.3828104988297642
0.26143018385188643
0.14158664451980493
-0.28718173032856725
-0.15101743439124823
0.15471326895759754
0.3179635109605084
0.15305961409998955
-0.24796507054915357
-0.3557935629137033
0.07545074896217338
0.2177558135548975
0.3205774814595024
0.1683203133670953
0.1542045475035257
0.1551353981433013
0.23338171198559376
-0.3624181138304488
-0.17810247744665206
0.20008595295126524
-0.21327184617461967
-0.26734122053622617
-0.25974198907861046
-0.2011400271418299
-0.14634672132054058
0.180378445957916
-0.31048403822959153
0.5907202390670985
-0.19616812064467126
-0.1264840910119937
0.23683470207012194
-0.09918999403228214
-0.22552130803127665
0.08814858713483369
0.21863920722277905
-0.062473768556061446
0.19970754461198667
0.21607126246876823
0.1938223377080698
0.04148127279209627
0.11847706470121813
-0.22859194799547078
-0.2537341082836709
-0.08843608083674741
0.3886788377370944
-0.2499994508546308
-0.1263894979683549
0.1749495725064333
0.12036719324015806
0.10083044600133961
0.24553539882637176
-0.101973772887805
0.014905033172282702
-0.159105200096529
0.12682997501225238
0.09247772149049505
-0.15894251007885116
0.12271737244935021
-0.10920076940809172
0.05325650628281003
-0.038527059765429895
0.2108247051671589
0.24081763687987587
0.19664947854136844
-0.31335532490726226
0.1387296840470104
-0.09369082252093912
0.5211723821214329
0.042348960233833485
0.04521747324725021
-0.15929901272832384
-0.0750247183574522
0.07026536652349044
0.29287504804263365
-0.21523557566988816
-0.10706911577518434
0.17974857221084897
0.2198931706487516
-0.23773442745358803
0.13980079287966463
-0.07902405527003438
0.05756898346187872
0.08366229482477477
-0.10048535721374245
-0.12783086490851892
-0.07948247214613775
-0.11920292019868498
-0.385526983257389
0.08230912319621841
-0.22478663922120345
-0.09103153208986348
0.12588572659248212
0.35931637501834673
-0.2459982573952556
-0.15971876444935793
0.15229024983392125
-0.05435852940645673
0.1441529066958841
-0.05152780881472663
0.10970786582661123
0.02673797374525077
0.09403910831911222
-0.08205507374113913
-0.1981372944191601
0.10972999044435716
0.0993291361632019
0.06875305590218973
0.05927295901626913
-0.15449162773214062
-0.15643454767505402
0.23343175566290927
0.09318835039420281
-0.1933831479407112
-0.19891029887733175
0.2749775591710945
-0.11431216529120596
-0.05615254577799563
-0.13047702723489965
-0.045415933713595334
0.07980930978287439
-0.2032173352670788
-0.09148838355422734
0.1523164645200137
-0.04485505757750969
-0.03695226652844037
0.0521799825366664
-0.09209766431121479
0.05740492272707142
-0.08548554968811868
-0.08105517018175568
-0.1456132402980057
0.06285024456421655
0.3169358501421472
-0.1904891447504852
-0.1422906852274838
-0.02978076276032617
0.18737599865121257
0.24869210792536794
0.11837119850320542
-0.1392495209317604
-0.06171861564645463
-0.09725948986567637
-0.14290887163381785
-0.13413040833752862
-0.152192468937148
-0.19630288559463063
0.08205734829507355
-0.0581680267481583
0.12275143273092898
-0.3497643361978339
-0.10614259921786864
-0.2521714255783806
-0.07914627062103123
0.04493111684267261
0.05028873270619684
-0.07854306976623594
0.0673080303458465
0.0930797192163499
0.06768568113097549
0.07134369491339573
0.09945694559272544
0.04257738489398304
-0.21736105994782398
0.11947059818471636
0.11578450594463759
0.0627172639884564
-0.14359970100676187
0.0923938887107082
-0.14303340809168807
0.07609196864448317
0.09953474020849588
0.13101195738177138
-0.23838062510484184
0.2749792592570296
-0.17821006300641987
-0.1078019316586708
0.038816477509623803
0.14378065087916914
-0.21970052270085294
-0.17507165425124774
0.20645787978169575
0.14571746740959607
0.2201802118563967
-0.1687152458930311
-0.24554019685462558
0.24116655252522767
-0.27692803756917717
0.23870594711442217
-0.14546732679646107
0.02515415548354633
0.07658704012175654
-0.08960451472845611
-0.1531951758376913
0.09477092237053474
-0.07465173349747332
0.019193128682047336
-0.22322024497207202
-0.1272339153864696
0.043095994226646436
-0.005403941986962272
0.01592755495337323
-0.10435676459350474
-0.1259470679788758
0.16310792961291748
-0.04374759736462703
-0.055340385199148454
0.07696616432033136
0.15513863601237604
-0.14058949179750344
-0.0998891408251389
0.3484709834033145
-0.026444320904881188
0.0855416316154309
-0.02644243337949202
-0.1033762123669792
0.13664985476747696
-0.031224972863402964
0.1444583413341311
-0.08928161244559404
0.15946026482319542
-0.0814032446200421
-0.14642900053035315
-0.15630612513053405
0.07725241158335401
0.1194998821666439
0.07530970554079076
-0.06410642317536504
-0.028179295329406173
0.12241952485836467
-0.06454602538497838
0.12021018195246005
0.019368806670978293
0.07850486191622721
-0.05005714958167406
-0.19655758862155653
7.94965240750002E-4
-0.21327091767962783
0.14495578887203323
-0.1134355406936891
-0.03679769481593686
0.09975188354518628
-0.060399221963942235
-0.0935853503482515
-0.02402339335885898
-0.10317825984776825
-0.07743556671086399
-0.11717633037626103
0.08426846248743528
0.11901694944272856
-0.022067455790086718
0.031105414105204322
-0.11399686792309797
-0.025568943705059487
0.25725587515440035
0.0517351370017106
-0.12985646625703567
-0.1939527634224957
0.20390327340986283
0.10379793619960449
-0.1384473010236456
0.13376081151352134
-0.09427566263539323
-0.03809937049120956
0.023876033836307223
0.2992328452872963
0.14430851398920083
-0.07891550583118213
0.07990882282895043
0.16370657614943535
0.22931369823275685
0.04402923899427259
0.08874014792418994
0.2103224744553905
-0.10928337541755669
-0.11624510098953637
-0.14312684157231859
-0.1682131666586176
0.059142795465047596
-0.1272654011838628
-0.13952701683014576
-0.044306001186855556
0.050555756121709185
-0.16734660568642007
0.1378780499772906
0.05076772890926649
-0.15588810942623024
0.09298182939310251
0.1397399318473827
0.12853602838537592
0.1283590308593812
0.07677948951754494
0.04002567862631794
-0.09630089830171185
0.07699738603575937
-0.13962746937131656
-0.12060313759156345
0.03752476441704298
0.07203920676959101
-0.28332005889126827
-0.1788549479562292
0.086477520985536
0.008539259950799509
-0.0885751603899628
0.7651772427335511
0.1528466655743512
0.06396730696252241
-0.0019980591243871255
-0.08952777150142444
0.01678603143289125
0.030483894606878174
-0.07170758591727767
-0.1091268393518874
-0.08394115572041472
-0.005076507899597915
-0.06511507649453052
-0.05009945974504161
0.03157056453105165
0.09468005650121855
0.1597950559244434
-0.02212077842965602
-0.05290054631726676
-0.09276890229425273
-0.008172982078462402
0.08016938894412443
-0.08612604603013779
0.0486641757863676
-0.056433462972985314
0.055828417941601115
-0.07869712282099307
0.007483540555032511
0.043416789173990444
0.11413632907385753
0.023076103761614692
-0.03909749619037749
-0.022482423659828266
0.06635704732757985
0.034973828620246686
-0.0520435605840821
-0.03490118877759908
-0.09144114029380324
0.18927012336033538
-0.16875324867192018
0.013960957704729363
0.0903160771562209
-0.1592220325795938
-0.03729394142472438
-0.03457196647312144
-0.003906442622843287
0.1662404177526438
0.12146899209991471
0.03434224911585767
-0.05738878578025756
