0.12560806800597532
0.09939996646052725
0.08113000809059127
-0.0785709978712677
-0.057009358694810615
0.07185847764115579
-0.04931395513658174
-0.055000641617228056
-0.03709054170999085
-0.051684285130429976
0.0560763255384361
-0.057336805643583545
-0.049623564219942774
0.0293814255639674
0.05001914796716778
-0.07944471656114271
-0.033610543778828765
-0.03433834899642414
0.028228560212793925
0.08795173230858887
0.023883593677461436
-0.03799278218466032
-0.04001016971243929
-0.02937025126273803
0.04187294521419239
0.04389423972593605
-0.029305719899669798
0.028910319728511484
-0.040632963768361556
-0.04217114202357644
-0.03651086504477932
-0.032056722728215345
0.02865337816209935
-0.047583766770447254
0.044537754719461684
0.024361423783201108
-0.04952192030268075
-0.020734104257910984
-0.04662604745891121
0.05044666869411304
-0.028973931999398975
0.03624909144354103
0.04719978154972996
-0.03052473898090128
0.04840127142051569
0.03796717330684321
0.0323244271938925
-0.02861417575061322
0.0346492414995617
0.03158276231214606
-0.03862574822752209
0.03863629228681481
0.05184907813709706
-0.06347351644314923
-0.03925447105348889
-0.04345609370978881
0.020240802075193295
0.02981334143658208
-0.038419432771612444
-0.03273175692850355
-0.034078093195438905
-0.07179695094522011
0.030771565275327158
0.04074053539031917
-0.027626160905251555
0.036899085560381496
0.036082154388447814
-0.016959252317465853
-0.022590450732172782
-0.046893466008858596
-0.029592899095521374
0.03610091212308447
0.031001725224521052
-0.05267338076372183
-0.0318164059597584
-0.029383986450954837
0.08265207082018716
-0.06618752516136757
0.03614156201058083
0.0466860242148162
-0.04597224934988629
-0.025395642646460315
0.03822057813863553
0.027324014019436405
0.02407251628607087
0.045879122055625096
-0.029444947373075004
0.0299850421692202
-0.028487672597298726
0.03149478958855838
0.03272019566606248
-0.04285001452730816
-0.017507044941560142
0.029758202534722365
-0.03667673682164553
-0.05079468256790639
0.02036872740740761
0.049839133154473476
0.051275717189942095
-0.04097989955711431
-0.03815559629376598
-0.06532732371464554
-0.029573193637831566
-0.023515989295969347
-0.06153393187703851
-0.02834591875025978
0.044423581896423515
0.030536736730172875
0.029062849176069872
0.028237824967258657
0.050593278087884996
0.03835049501133825
0.022530323251722592
0.03251751903855454
-0.021606077993326717
-0.023237525095251864
-0.023673206785320616
0.048608240282953685
0.0652885591043666
0.020765038468100388
-0.03145103873899726
-0.023535023463531736
0.024937427038592357
-0.02789312160121592
0.025572378532484372
0.05360161344201713
0.026862326968932683
0.01568618396061124
0.04533777407414255
0.04090290290433543
-0.014933306340072719
0.029044764264679394
-0.0124385784402171
0.038254586806650406
0.014677028399708102
0.0477401370722674
-0.02714557868943796
0.04031603444653531
0.02996612944394339
-0.025251077769509557
0.025611955965865872
0.012590262834186282
-0.04087572839796621
0.022054266919641994
-0.02151447182283183
-0.022860027573648568
-0.015737082781560694
-0.018377666875114537
-0.06330000821095029
0.015122646703847909
0.009550602650574887
0.03531536343458497
0.025714509025917247
0.025083788117378252
0.030630893014684683
-0.018240675026893936
0.036598805686888655
-0.03406078731937347
-0.028631330710624604
-0.02462021415368494
0.04249308268479905
-0.025505408399220088
0.031603603545388825
0.030427837716359412
-0.032934025496431235
-0.05548203719158529
0.029277857679439738
-0.0159021557876509
0.044151664285459906
0.02082850975324701
-0.05197519246990961
0.019846683422843837
0.016944056813322828
-0.05691001373588035
0.011926347366614064
0.03571891835442233
0.020336405351949888
0.017487589457077943
-0.022829080915883565
0.02486781216351156
-0.0461756665562791
-0.026016847411919928
0.02612668116013839
0.013147652612363338
0.01319828653359192
-0.014137733615465022
-0.023758205672670552
0.012797632378526526
0.024015776350276397
0.05541162067793761
0.03716397399033854
-0.029463223330481732
-0.02090453721670189
0.02357927842153885
0.0184642541857895
-0.02265537139883653
-0.007802239404778771
-0.029612601669143805
-0.02633767360946384
0.017905268554380082
-0.024245156126418307
0.023662628104060113
0.0321584887653407
0.01064032997899867
-0.0321581117053493
0.03532461469093222
-0.014095437341094091
-0.017577538650680156
-0.015304642209242578
-0.029553107477505523
-0.03868726592417313
-0.015381039417335221
0.03929584243941132
0.024496309144535364
0.014581100748764604
-0.03066549762093142
-0.025428470091941904
0.015029892533318736
0.009906781368538195
-0.07673860619812484
-0.012375292308277348
0.02139081807395834
-0.01765465312595983
-0.022545782050641144
0.0245114163133138
-0.016495832089212202
-0.012643782293105784
-0.042556279564233086
0.03519424492002452
-0.023609997977811735
-0.04453852868427564
-0.022969832948759785
0.02773850874933685
-0.018421258507459768
-0.020551882147107077
-0.01861016689857686
0.019418371514656085
0.008548633732457935
-0.02827131537126186
0.010891887217219839
0.013711678322648036
-0.008926232712295855
-0.03795932079745694
0.04494101904566088
-0.024134431635378702
-0.044681359435358614
0.014117677703363165
0.012955830658964074
-0.03349963135735631
-0.02772796337954066
-0.0579406431789967
0.010735581801208654
0.0378277349420213
0.041819034096465604
-0.014686966572798854
-0.03702201592306575
0.02910616053386577
0.027325692631833695
0.040066113461443675
-0.013320720796260711
0.021690528873758084
0.020045858662320764
0.027269870651340015
0.02316518572485421
-0.007867903506199083
0.01462409363882076
-0.010217230389364802
0.031068607565465832
0.01766559064033248
0.020172201196286068
-0.012994831218450006
0.024812549917666855
0.02792554178013299
0.02700360925015572
0.057603188920004
0.013866483650334566
0.013454561328665494
0.013773998637729643
0.013545379094114641
-0.024813925911548882
-0.018384122603179814
-0.03961951047940668
-0.025007264065923976
0.023554074653978973
0.028138159254846584
-0.022029270361440235
-0.018514405517316635
0.01395406209522252
0.0231252907998299
-0.019106612643842766
0.016783400247102367
0.008691312850544947
0.01619477683132384
0.03875465547357739
-0.03412785419791551
-0.013403207570080086
-0.016428734717580107
-0.02107024683074551
-0.012953572210150912
0.026871569794220892
-0.011946155051818952
-0.031217527763967915
0.02225834920610938
0.024105211841825413
-0.030666396329624375
-0.027963214062056443
0.030677075129878065
-0.030840475439190152
0.019902680513283325
0.013294707569162656
-0.026907978322131154
0.02963522065409161
0.008423470472710063
0.020781974067195716
-0.016181529723307827
-0.014791296582566496
0.014418788677517688
0.0208486494152668
0.0221936466711329
0.008186596637041986
-0.013154844440296758
-0.024342852662906686
0.019388547560159976
0.026856900743915526
-0.028482141513496317
0.008885074762430714
0.012155891428740948
-0.014581678990158912
0.01960773282112781
-0.03256341578270432
-0.04015614929756227
0.010135276607912943
-0.013013403468055003
0.01942097162239322
0.013283916328494955
0.013544924382295502
-0.013081954986942364
-0.01862809713128658
-0.01999134977103647
0.011730905133560161
0.01942206868862058
0.015177690890194141
0.013440262442830055
-0.04219028355764931
-0.013987962014675547
0.04866031771407479
-0.013336038046042267
0.012789535114601853
0.031437839072397396
-0.0103065488573195
-0.016082001812150738
-0.03228954517055864
0.025992583574266048
-0.03989461800471678
-0.009231160078395131
0.01661701196653075
0.009939116940823207
-0.015557885393789654
0.0181056277242585
0.009497829990748982
-0.04716748104454664
0.01035677649629278
0.010782045718230045
-0.04230156468351727
-0.012530004313776362
0.012721450478579515
-0.014588905585966695
0.027071821566107733
-0.021705532514304654
0.01672431926635791
-0.007364576657404005
0.032265204089127156
-0.007040015267318342
-0.042149022226048084
0.01430402193529508
0.030056105143038504
-0.028228985448948953
-0.015115801434184391
0.029054984843245937
-0.00839191151229076
-0.01077384328661472
-0.014973511765190529
0.034019247212626065
-0.05994849433401416
-0.03583426760625393
0.02615723459704256
-0.014122015675195172
0.007110656698737695
-0.028433646766644175
-0.02847741941438963
-0.00789485484163977
0.00952256776011877
0.058442581148374646
0.01453268211664133
0.008111485377593814
-0.010709179484757749
0.02377854119538238
0.00464384655852106
0.008309137668768613
0.019824747660960616
-0.012117775652285322
0.016094085139293453
0.009273901918659923
0.02244935206975303
0.014600534867646679
0.009926649837884207
-0.010270478413580385
0.00994826131189738
0.013860728427866844
0.010782715728711494
0.015543684088347054
-0.013698117496074304
0.007243327219654173
-0.010185431167874036
0.025034297175827076
0.010121316794350146
-0.011420170491936757
0.008722754689637253
-0.010977793497353734
-0.011235320386763576
-0.017248856383735307
-0.014349027586792523
-0.02344695161523935
-0.03199628659704714
0.007821815579842779
0.03497349861187954
-0.021355892656092987
0.008698910820691477
0.007573072622844518
-0.005512539204648643
-0.03168252355651938
-0.014703117784144803
0.0116294427314324
0.014175822342626673
-0.02742054482473505
-0.031463698019574035
-0.02902498888196406
-0.009698276094127054
-0.02064660087613009
0.005562623527142278
0.019162886142085032
-0.010116343318069073
-0.00723605056447506
0.03593148231632027
-0.010154943884505937
-0.015460989292881484
-0.0065575990313178605
-0.014132687960684133
0.010897509009385768
0.030113978141779803
0.013204032053748194
-0.010352470261944973
0.009386350794650094
-0.020699147854370915
-0.019758360699250993
-0.013121177982543343
-0.010241736583783108
0.013319593118444512
0.024664094909889543
-0.006646474500871141
0.015692502643637026
-0.014369183989040156
-0.0055913514145829344
-0.006139468701815641
-0.01632902272350654
-0.018782974913847932
0.016534448546662302
-0.006773511570031982
0.01305719979675682
0.008114914313087139
-0.015048779852271734
0.006383432526472229
0.031180016787864008
0.00969912253915017
0.007631358504316714
0.005858587790418194
0.006412390565954456
-0.032749110726759414
-0.004722014831100698
0.017407486858476994
-0.00881917950434419
-0.005103859657830095
0.021991742160977986
-0.028664542309098665
-0.0050745857918358265
-0.02397413410292668
0.006356702204457392
-0.022179305078372298
-0.00529565620930599
0.020599294099141643
0.0082540078057637
0.015486982903639996
0.009635674324516263
0.005942725885901085
0.006050647781180428
0.005184496594010573
-0.008336367110908093
0.008068040050907634
-0.010495027152467983
-0.022849243521763773
0.01132868161619085
-0.006001621545000487
0.030389322511024785
-0.007314944855310751
-0.013739072335092594
-0.013163108161109133
-0.05396169798744079
-0.032692525273476755
0.020524157400426124
-0.06424215163840975
0.010929581951080593
0.008496438508934162
0.011218227188309638
0.006742201133975706
-0.009618279399183274
0.009053835689559114
-0.013199947527858353
-0.004889582189006144
-0.010991687870243964
0.019268586709043366
0.007416932418931702
0.010439713571431955
0.014705392075023442
-0.01791089402817173
0.007213831110914656
-0.012514486313769032
0.009229342763193007
0.04416019330099049
0.00927425572191224
0.01860103402209492
-0.018355363373460238
-0.006870050408642216
-0.017179905063292023
-0.014518916447405716
0.08518982214664775
-0.004617658443809888
-0.008148667591306138
0.01350274941669766
-0.011573763826549139
-0.005754523483081163
-0.009071895822239856
-0.021066578177667706
0.008488851572827718
-0.005852963128860718
0.011205984205417616
0.011671796173077781
0.006264332982822285
-0.003937487193027301
-0.018486691458259603
-0.011766249519543824
-0.012043704761753865
0.007746764601128779
-0.00513043803822582
-0.002748775226273035
-0.018861162205104212
-0.01125208566572802
0.03828176589466832
-0.006885708528592783
-0.01853370621581221
-0.013393036655577301
0.005184501877031079
0.007461882936927401
-0.019631705226534804
0.013915760908251409
-0.018632419145505383
-0.006665266298055374
-0.02781644387543899
-0.004161428595527844
-0.014772165631269832
-0.004801709991691515
0.007297986868001731
0.00653742619250966
-0.010053492772173286
0.006985787221742371
-0.009312390881252231
0.007919084587763858
0.011506813690391025
0.010073341148972008
0.007855288644572389
0.0028325483159491803
-0.03030097372250529
0.010104997877042651
-0.010140285979786917
0.02907230928295469
0.002711069322423712
-0.006512508190460381
-0.04056147194037189
-0.010410136906445969
-0.015224792751309847
0.012745212721453788
0.012321814135700267
-0.03189561551757587
-0.004423418835162975
-0.005800518162142585
0.018669283269901714
-0.01402630519909375
-0.005651315541685482
-0.006856899229273555
-0.012006153224037676
0.006022737313259432
0.01477020274004521
0.0035759596711601406
0.008335303419827349
-0.004004543426257571
0.01144341826663616
-0.008054347393208806
-0.018525625081045882
0.011201349213673842
-0.012862567713485042
0.016951496519106005
0.014326275091803653
-0.0046673698360872005
-0.006486890899195499
0.005135924525664273
-0.015426790555861226
-0.007964549985093926
0.005814637425967063
0.005743273110940647
-0.0036349435792194735
0.007623017311307956
-0.024672967286764113
-0.003188893048480436
0.012686096427876969
-0.0027608244081317444
-0.057646569247286
0.03827732281812973
0.02089201633876113
-0.006097320316042633
0.005881940627587018
-0.009035434873268383
-0.006083201163903831
0.013012995348020114
-0.021742349499041608
-0.002576888265950927
-0.005838676955645337
0.00498025268233109
0.00848275399059594
0.0368970118667698
-0.003887201758695131
-0.002582172954734689
0.0018769404702231808
0.006830214055596251
-0.0033710899490713717
0.008373868881780593
-0.005282038216862887
-0.016893745644451265
0.0028856855607846694
-2.028158011666118E-4
0.00928360813131151
0.028700303285360714
0.0038571404823000213
0.004739818348572214
-0.004306324261331413
0.00844206026144312
0.012464275774749529
-0.013697726018942494
-0.01400534009306948
-0.002611615683597246
0.024193174714427303
-0.003379443124095895
0.004160413682287408
0.010584173274085881
0.010730934455593462
0.004585525754926316
-0.013970560279250427
-0.002687898716205338
0.0029800678576433087
-0.00641092966890856
0.002819314480575231
-0.009374148592861549
0.0017827883933488624
-0.004391707945186948
0.014222848670968732
-0.0039770123619623865
-0.0019251125765062302
-0.010549451169680271
-0.0036185578740201016
-0.012733022706899856
0.0033653912294414287
0.002120705893512677
-0.004046802793661878
-0.009433436727115972
-0.007945107192875505
0.002084330157766095
0.003590242241119931
-0.008510634731165543
-0.002278893703565649
0.00360218422687817
-0.0022437925089697787
0.0017769151305389174
