14833.1406509109
4910.597744212897
17678.99927799844
13509.166644408508
5705.612389380319
4694.571859887091
13840.776414393087
17949.110448235704
2683.9810564849186
1272.704959542904
2691.2775422433033
4916.044806741391
5341.049344184909
4070.8301421413535
27200.132961507526
5276.150694911158
14141.080321309222
5535.73755589989
1054.4370497536522
4911.936212497092
16991.764431051095
6648.950793742359
14089.022553508155
5105.612476836397
2422.3192564094074
3547.6186672265703
5597.371226235396
11343.262080114826
1061.3271500011504
4308.872942754285
4313.68541795748
4864.117383226474
3402.7817335889254
2907.255872106105
30095.96856794333
14088.409644162211
1853.9741155526103
16903.93249088253
945.3341852291592
8257.961205265467
4206.805336922186
4893.61328906507
2687.971463622377
6724.992106518526
6546.7308751920555
2526.764765223005
5364.286894191372
1965.4033184854745
6131.397245142187
13565.86996669105
3125.839183878005
4917.486102778486
5060.964431199783
3476.9135052242987
1122.0107970261226
454.43706821006265
2242.0837118796803
3591.8620589224706
1160.0509738033227
1669.2635808435857
479.0180422363989
4567.068692612202
4005.68367012358
2269.263580306717
5419.356604511165
2419.74758894222
2709.1003656885364
2232.2572557907324
3416.394474111013
2248.9844904603165
2692.028270058961
3074.4297577599714
2817.8657138085846
2373.8442389411375
2598.970279708458
1951.0306894240505
1018.7103373413329
2027.8390039017254
3747.562771042801
3257.9591239998067
