20.278148218631703
15.532402678265203
-11.602750280715725
-14.104153431335288
13.695916510572852
-14.411625120536717
-18.697680162564613
-12.654352146828137
10.494720211100503
12.287776910009875
-17.390181138719523
-8.104702549491963
14.814735358388733
8.646353672169953
-11.712702198963155
-9.888085447288008
17.601134974121372
14.821609469558656
11.630036752812433
-11.681973921473874
6.775580767543323
-8.315641562233782
-7.410528892474731
9.488231197302245
-10.842156586197786
5.86221114004589
-9.362689188550178
6.6156940275601475
-13.461019724914761
11.225251694933416
-17.107371891086938
-18.384534118190018
-18.216426104438824
13.27969717897046
-8.816334226111621
-9.57361429512538
5.947882184419142
8.605374026721075
-9.021829328473824
-4.475775892517225
8.44102956123555
3.436743237032562
-4.122663748236724
-6.795841369613384
7.713102348961056
15.818958155121583
7.364301088174976
-7.451927122433716
9.299197003514944
-8.818711291794425
6.864700863437805
-3.954694769414195
-12.767559046650115
-5.787584289321337
-14.236890613678428
5.650816036570235
-5.7965365618419
12.72696443376911
5.225759698629914
4.925679650204484
4.985565716270275
-1.9260244173216265
5.827711697639816
8.900643566957738
5.23690800450484
7.316011307385864
-3.666446486698265
13.28133857603645
-14.783828578628393
-7.271243460347595
-5.113112946860126
-4.37772559609434
-3.856107186465915
3.5478398611236583
6.823344879396201
-9.534764657853568
9.297213084246653
3.0847109381565727
-8.871520124158303
0.6258385157460067
-10.02754715639336
8.248548434141815
-5.47296631060782
-6.164706402523852
5.659104389555674
-4.576307963149283
4.397010141679758
6.092493591001436
10.057938164100952
-5.184952004062471
-10.949735755689268
2.662852063047082
1.2621076829043778
4.725074007375467
-7.787525972967702
-5.667330619574943
3.711117556685018
9.271957872754133
-3.608978940766594
2.552706457925097
-5.374295203736475
-4.161614374537109
-3.294913264419
-3.895652375341372
4.327897407411231
2.4518222073351392
-6.379156212775821
-5.753422596985696
2.874784367952188
6.811992744142832
3.6771899488427255
5.8697303179225075
-2.873633438579416
5.001723987106656
2.469758410301948
4.544839671293112
6.152456396455277
3.8055183826479864
2.555555211931682
2.8232952224987
-7.904982052558714
5.0657491092484905
4.194271955515913
-2.4488238884905313
2.7513632864535102
6.309499209937451
2.668821523928728
-4.695127441664871
-3.2329911782748146
1.399996894906383
-5.464864914819705
3.467533613499239
6.146052061381223
-2.0782458973035425
-2.7170384123471467
-2.7410500056384626
0.1507958476520957
-0.6251036977209306
9.359596557729578
-7.845809218354523
