-0.11121741374077516
-0.15011809378007893
-0.14744848418112014
0.07064968982208987
0.09817136764285987
0.13676240135369058
0.1444727505888013
-0.08207088085810496
0.15204982370496475
0.09521677097526368
-0.13279524584976599
0.07376351534308874
0.043330402188729446
0.10781507307748653
-0.1095564110006148
0.07617674388708924
0.08302331743801754
0.06924921174939296
0.10709943655157626
0.07815526008084872
-0.10653981742156134
-0.10419273470267656
0.16405528554338503
0.10547676613180781
0.05372082334192739
-0.08838048071287531
-0.06845027809975464
-0.0969263423596659
-0.08759396878383231
0.07057775985604067
0.050175296323642725
0.0505605540409524
0.1732757423213925
-0.0896683388550454
-0.06058614954189597
0.05723272667204802
-0.054070241118285074
-0.08399688016666261
0.16188661728675102
-0.045979689518286994
-0.0823811148473255
0.08698833046145019
0.06531994986112875
0.08643631050309439
-0.06374350689768903
-0.05128035041215892
0.0721790051207337
0.04486541487773841
0.08066470227873515
0.07457972681053343
0.053785469041077796
0.06960310036421717
0.06669092869435851
0.07717910823484708
0.0960352068107372
-0.055168613457642804
-0.08222008648908181
-0.06373977644571281
0.07301081684978054
0.04427907455709945
-0.06002548430220705
-0.06922915067602863
-0.06039129028217251
-0.047684259145844704
-0.16941147958744202
0.15342636323173592
0.04961911755714217
0.0406998709981155
0.054269851154461056
-0.07064657275295688
0.03874536662571905
-0.04401354002732224
-0.06915571855907791
0.15035916179656436
-0.0834386760010387
-0.06525193898143036
-0.05331223093687565
0.1124211410951382
-0.054454507524448366
0.05990083817368223
0.041646414682370146
0.058260694689033866
-0.04704307976091819
-0.05883724704349911
-0.09127680745297531
-0.040733799377858565
0.03544323787010955
-0.09284357384338303
0.07469697053109309
-0.0658949283660789
-0.11405645493589857
0.1316822138075919
-0.06016701510358078
-0.04652862625511724
-0.07576824832084597
0.12482861012170227
0.10662902159885601
-0.03965762899858575
-0.05994819186332825
0.08753148125262222
0.029716354133069896
-0.039217834123343454
-0.08923180277574688
0.138400669191889
0.03234483378911821
0.11270345838359971
-0.09885492694373926
-0.16510156200485998
-0.03376212419754618
-0.10602974202797075
-0.11575920694962004
-0.047491356413495306
0.052333733357534065
0.04561597111941033
0.0613185256549193
0.05137855457687829
-0.05340857035797771
-0.06340594722182509
-0.03665523377572006
-0.05496110945933535
0.044039543783761945
-0.0667853964733686
0.06528208412265522
0.10005319134526651
-0.04214152410217568
0.06231406160703665
0.058561186245478694
0.1825565897443063
0.05060329759712621
-0.041961161893015374
-0.06522920136553009
0.02357034240918531
0.093371769805905
-0.04753468581527388
-0.07699326979882992
-0.038203582900206784
0.08000662510090834
0.08912541994531857
0.0456385519134474
-0.032916063570303744
0.052300349533150485
0.03383536007098496
-0.04188443762272079
0.044139848468036494
0.05012117748432793
-0.04713243858183642
-0.07947958136031723
0.05352565922628748
-0.05900148607695867
0.0791094579114671
-0.1444183189419724
0.04818898142421341
0.03847958535623976
0.07742976765013491
0.025399636759210798
0.08729988059279467
0.05770362503679048
-0.04988871532823699
-0.10508982468215257
0.03146758533379089
0.049443805925001756
-0.03855327352890765
-0.028897162609838233
-0.026389123971819944
0.04581344812929278
0.07541500546263953
0.06635353715417573
0.08095019883341814
-0.15073246603446952
0.04157089768450365
0.03076232784214307
-0.018652510581671125
0.038629291563506966
-0.026339711623161715
0.026086593241584445
0.030033701250720496
0.02771559157935887
0.032705695838960235
0.044332324392126456
-0.06683151058692113
-0.0475472750822273
0.07784095706310208
-0.10130582633342668
-0.06345574125021147
-0.05912458700059442
0.1368958317978566
0.04639685171928363
-0.054739556475359205
0.057496713104577477
-0.017064026984579386
0.16938871450365223
-0.033486722396980535
0.05629846955497238
-0.04091593119866418
0.04068164664919554
-0.053888137823614096
-0.04430296183435579
0.055152258456198956
-0.05316522824327695
0.04733556283858073
0.04803885182905529
0.06269634037875572
0.03154424358930249
0.055086041792314196
-0.04235028295794598
0.04607805930534158
-0.013845701910797256
0.06821889766404086
-0.03037231178611735
-0.04681793542990782
-0.03049699050383996
0.032730765420376666
-0.021627576654616468
0.019752310501638656
0.09048561649002398
-0.1321389673897964
0.03234557302417169
-0.1075420387258913
-0.027244796061065002
0.07217248726510218
-0.04034170308558302
-0.04670296584137554
0.08706657387458688
0.02477058961320024
0.04742153222330049
-0.0345486396066587
-0.09836591914728236
0.013240050419263924
-0.02294473192475818
-0.06110226510104693
-0.04235273969458747
-0.039573497587741105
0.028570298344862823
-0.13323056630793076
-0.08043105450191579
-0.04979996126241025
-0.0317685564477136
-0.0222339127218766
-0.10478469089805169
0.02529742176426996
0.05380373634951529
0.015967118338082353
0.06703600059901782
0.027694799660322404
0.03562784714500912
-0.05605854198296494
-0.05421508035474694
-0.02697451166953364
0.10740717739800013
-0.031783715319612986
-0.06721201700621997
-0.06348226747946929
0.042467354221649
0.03817553040902792
-0.1491679865836234
-0.131180078821698
0.04440562316854581
-0.0779804170842056
0.017830086210000727
-0.028735952746506744
-0.059540945422655984
0.0750773717305622
-0.07788550955620115
0.038640615048461495
0.07912791045789212
0.02128658794147862
-0.1232060337827753
-0.09489839580276568
-0.03749481254268203
-0.12104886040329754
0.05170725176034825
-0.05721740184487323
-0.02061817726514241
0.08862789998651219
-0.04425459901301148
0.054958648167565786
-0.027768852505364643
-0.05841465495940311
0.027920776283244124
0.08872635412661359
-0.07992387225922322
0.09711298012166307
-0.0893710252397254
-0.023288628937430306
-0.047662331119479116
-0.07183439101767833
0.008569879857396405
-0.020943965451539242
0.01613992247505446
0.018053904247834332
0.06487261132298369
-0.02788136898086255
-0.022139995600213805
-0.09845448225474977
-0.12191469901465304
0.026565860665327568
0.022095914525461936
0.12464153052330162
0.03266509671687743
-0.09909972263003076
0.1602237586122296
-0.0578712407912253
0.054387285078555996
-0.026513818959109196
-0.047935946364094616
0.09000255693174539
-0.12132236188545006
-0.03633756706271327
0.05894139892595743
0.023479352982494116
0.016477374733601415
-0.033602237755023044
0.056374642090109034
-0.1055352160799223
-0.06960447265556066
-0.029157630150330828
0.01137226353065744
-0.035457315609402254
-0.03304333058574315
0.039778890636267654
0.07197280972712485
-0.03964846366780961
-0.060266251178614214
0.027266664373781422
0.03490515353938279
0.1580213171521151
0.053676049459734754
-0.0759251822925806
0.04073142784423213
-0.09519386388896273
0.017485000661339224
0.047889492148821065
0.051063905313159984
0.02443265158577811
0.04898468361090047
-0.03237601989807898
0.04188351040677281
0.08014528489274013
0.03767697582542612
0.06728912912442404
-0.08873791957758259
-0.05560977932724815
0.05421325362551399
0.04866771609460157
0.060755345972981205
0.02053506190884363
0.026339948949350465
-0.03565097654808223
-0.019672894338577888
0.01661947701697578
0.021891318134464165
-0.060778161027934555
0.0935051930390603
0.07313454079741888
0.031402656793284134
0.05102923016335134
-0.06673355754345407
0.0253457783659064
0.10867742654375001
-0.02728891419010151
0.03581157637840664
-0.05599610868692554
-0.0699992053887007
0.03490201118390788
-0.03192121439017876
-0.029616319847952866
-0.09549626235853241
-0.025387176310756477
-0.009510279322213301
-0.12011374194102903
0.050992228009931764
0.0281161379396396
0.056947713678345564
0.0109453999090001
-0.1313916976084006
-0.11148048909669303
-0.0387832773488953
0.028272314584398443
0.0512629621653987
-0.06691106511639741
-0.08187474303067667
0.022607211853235814
0.025507449251138587
0.06341204053212503
-0.016195290354572175
0.089170084747401
0.02213219823684746
-0.07168667970891757
-0.05830933530591404
0.045250887039963564
-0.05275731451194442
-0.04723289743835686
0.017028375774267725
0.0641770065935278
-0.028416083838259228
-0.02059963846745441
-0.026549184751263076
0.060629759361947935
0.05058901264263989
-0.02835772920704788
0.021197795713150214
-0.15309446136739133
0.013096044086871043
0.05000035914259788
0.07216438810885151
-0.042945407071441545
-0.03768924196003587
0.0502874141426911
0.0690322269261307
0.0668435191663231
0.0873529562933326
-0.034577068640151566
-0.022195134840209543
-0.039430020123061335
-0.035384789870050594
0.05975777719251691
0.03797842225857935
-0.03958579006725988
0.04580909320306027
0.028248578294526587
-0.047761530225931874
-0.03596766156822552
-0.059253948005144504
0.042771297396564954
-0.11947975606438385
0.03844175643498786
-0.06931769674042863
-0.084317322758756
-0.051381471058262365
-0.03478308752422932
-0.05042071946799461
0.055799470045467585
0.015064199034679523
0.022394054493843407
-0.0383221480570183
0.05776854081641546
-0.06891053438486833
0.03579761032663605
-0.025579656550457214
-0.05314418427883973
-0.07803698154470165
0.028556845217284806
0.030849382860386288
-0.1707523396833817
-0.01752140079541719
0.015249173111453532
0.07810188616049056
0.10533525958826796
0.08996698577604366
-0.02707093824566666
0.031525624969416695
-0.05669172617951785
-0.02308300848528057
0.1415115394938524
-0.0579001950072896
0.0274916860028737
-0.008874259008606725
0.014334791763020467
-0.03543431398519025
-0.0465371215656628
0.020211630691245826
0.02819710923656838
0.023458981305085558
-0.047683368792788755
0.024612392309943894
0.01643077888112664
-0.03721995926219434
-0.024705509704787916
0.03749522431621183
0.028836014993553653
-0.07680045077867623
0.05169734141800071
0.056318114297302435
-0.09662558892910575
0.07470261283703121
-0.07006839036010072
-0.08556626592384893
0.05593440144105597
0.040855518793718223
0.04064524131900158
-0.026375277935940734
0.05812091820456776
0.06617265414297197
0.05030196178854024
0.03573495979700089
-0.041779554256143894
0.0378729984465189
0.014513589918438662
0.04236457048451092
-0.052962105250945385
-0.022731660906922545
0.026634584942793596
-0.03614477080973868
-0.05380773130403475
-0.043106322405990355
0.06507964192765199
-0.053923790634372845
0.02081531449552444
0.08560362697150892
-0.06504607547034355
0.13482804742580073
-0.010112867993734733
0.02661649855953934
-0.0356697406911576
-0.05996110106832619
-0.34746724574893145
0.013102845225873828
-0.0372916767217305
-0.010648808932184289
0.03684006666835945
0.0588325763888856
0.05222703320054693
0.1021601933872574
-0.11613426592740397
-0.04909077338794075
0.042623086985846624
-0.04258579381787672
0.03178504878092313
-0.046412817504451906
0.05266422400880939
0.04704162354487724
-0.16523311591825457
-0.03740037602390261
0.030361431776735035
-0.03726106725931649
-0.05393455860899881
0.02929923400889718
-0.07035555365188237
-0.009659477172215545
-0.06559794238219688
-0.008495035872248485
0.05891028915485134
-0.03881475779961963
0.05870210737502168
0.03160785207284392
-0.02346841398409962
0.05452991581301831
-0.03717520326270381
-0.03524831978256241
-0.057979875547715165
-0.015860939041919993
0.013017810134178775
-0.0611694422737761
-0.06274959498812722
-0.019724202270551185
0.07543667022470199
-0.008548435798434565
0.04550618625401701
0.08163965980094223
-0.07395354157929847
-0.013334595794754133
0.04036147577434816
-0.061191497357723446
-0.04110582108209282
0.025793263199935485
-0.07076712808978461
-0.037429529489856235
-0.04520771709286654
0.03824621661786282
-0.029028392703057085
-0.04253379145884265
0.01880515284727486
-0.06560818501457152
-0.029523167593043603
0.010946149755065736
0.06467447944910984
-0.03372687674985228
-0.06711676144396503
0.08358873629710077
-0.036259609580004265
-0.022513521266683434
-0.007851045279805104
-0.03535746548339334
-0.0212432029942418
0.018477300672499107
0.04191128328256018
-0.041136804804033957
-0.03125875151447833
0.0266206295056818
-0.028975100037338476
-0.021513500896754623
-0.05515173117895944
-0.01339472573106164
0.032680608293073656
0.028655699424576162
0.0175626246672714
-0.0010919628233585915
0.015605104200532535
-0.0491809063631368
-0.029378386255886735
0.00722708992677903
0.010679221657233794
-0.051556573171332006
-0.06757945721750379
-0.041317024829841995
-0.05411067608485485
0.02416911418057942
-0.0307408835183852
0.03630346697960215
-0.043884211683040415
-0.013318508827930913
-0.06372205148995949
0.027923138772336032
0.01329015682016701
-0.23426495039907083
-0.06709760558906339
-0.04737536445245317
0.05219767490424308
-0.0278585047690286
-8.940298892885799E-4
0.1462716255582365
-0.030112078625696717
0.023040615526303158
-0.009020750456989145
0.036692960263134726
-0.002728241279028486
-0.04193828062011132
0.035705984110876846
0.023691119603794022
0.00557193521064746
-0.010519743078873307
-0.04242527396667591
0.05827236570070608
-0.023611563259074528
0.036557293073843505
0.02467259390520588
0.029736451783599883
0.032055240331450685
-0.029477951309624467
-0.007029319511570013
0.04097153492531141
0.022080753832733873
0.015207532377181534
-0.05898619616175543
0.05061912041847398
-0.005849085356014268
-0.015078538407781795
-0.026849536855229117
0.03160028843256099
-0.008660760786325819
0.025797293818188374
0.04144370136613695
-0.0908703676714106
-0.027672636347052935
-0.17245608159953643
0.022188934326745714
0.02480926749567775
-0.024644625438028905
0.007648933426283561
-0.05784308484265505
