670
611
780
723
666
671
668
730
777
895
676
765
774
667
731
822
780
675
670
610
709
769
768
676
732
825
674
666
679
673
718
734
675
700
773
727
898
818
729
708
894
893
790
898
614
746
670
663
673
671
796
779
724
718
678
723
720
720
719
679
710
716
777
669
680
824
722
780
896
795
726
776
773
743
667
773
728
665
695
778
915
775
968
671
665
613
972
718
773
755
658
753
894
678
735
909
741
709
973
742
719
722
717
710
664
913
710
729
713
909
792
910
710
732
907
745
778
769
778
790
826
845
726
656
892
683
887
768
779
679
668
905
784
613
910
973
918
749
675
828
696
720
702
614
682
757
562
772
673
715
931
695
611
701
844
783
743
914
659
735
743
722
728
890
791
740
762
611
755
720
975
664
975
787
684
722
726
740
685
757
613
719
928
985
677
919
888
614
608
731
896
901
781
655
789
774
649
672
614
766
788
775
671
895
775
831
990
762
787
658
729
685
697
813
754
613
977
928
778
612
820
558
954
657
757
680
613
676
722
785
727
654
818
707
662
832
712
779
876
780
762
677
786
964
721
686
736
739
672
717
775
869
656
724
793
776
767
969
677
930
794
731
611
904
821
659
756
970
840
656
645
727
902
691
708
929
767
817
736
828
733
666
765
982
995
764
613
720
655
736
858
665
848
895
675
790
666
764
896
737
757
611
669
783
728
859
843
829
927
820
711
749
774
842
773
875
681
782
816
912
817
733
788
783
674
664
976
838
971
658
902
871
608
925
884
847
947
718
999
725
729
917
658
689
710
886
644
781
713
721
699
732
614
815
814
758
993
782
791
605
900
732
684
728
719
961
613
908
742
929
714
867
689
837
965
771
707
779
984
721
668
908
986
744
784
843
903
913
856
763
900
659
868
977
787
717
656
765
706
758
789
882
763
888
841
798
689
678
917
660
762
785
976
730
957
951
741
777
673
769
607
814
862
978
779
956
612
990
905
780
794
954
822
785
856
697
989
952
681
979
907
874
899
776
775
889
887
774
889
742
734
764
780
868
708
789
887
903
718
710
727
770
714
527
730
788
648
940
873
684
988
797
931
731
897
915
676
921
951
906
974
650
606
863
891
831
813
872
955
839
823
672
969
702
730
610
886
678
888
752
817
840
604
885
822
905
838
719
909
559
756
855
875
903
767
701
646
894
973
881
908
658
981
762
780
985
944
609
683
752
839
655
906
611
909
911
707
825
866
553
713
795
966
985
989
658
748
597
760
692
882
698
930
966
915
836
734
690
754
777
769
642
831
885
911
664
897
753
614
682
860
881
959
974
946
707
871
844
719
912
755
550
734
884
861
846
746
835
715
762
659
843
838
837
926
881
709
685
651
715
927
832
737
721
996
791
715
733
887
793
756
770
786
787
962
885
959
964
614
745
843
975
647
832
919
982
945
557
724
788
846
863
727
983
842
722
668
763
990
756
986
778
885
912
938
847
936
857
956
763
782
968
708
705
664
911
901
680
824
872
956
653
652
867
641
611
834
865
960
873
787
948
597
815
744
845
526
786
561
670
594
971
847
887
950
916
725
994
896
821
841
982
815
974
738
931
743
523
960
767
882
681
875
943
659
688
983
598
824
874
528
767
920
965
953
905
316
663
870
950
766
696
782
565
748
667
672
679
730
709
600
690
560
674
768
764
846
880
962
821
878
796
985
916
835
834
612
852
966
974
612
733
752
792
976
723
595
942
661
776
980
850
919
842
840
716
661
733
880
714
752
729
369
812
316
683
722
761
969
785
764
756
686
904
882
816
904
681
884
891
700
711
712
879
779
827
719
901
786
952
991
808
853
848
672
777
945
660
937
563
923
939
918
938
957
874
765
869
979
962
871
536
899
736
813
864
704
603
844
970
798
1009
897
772
606
977
784
744
610
816
871
770
781
987
764
974
699
820
753
850
660
735
851
981
755
984
725
820
854
848
898
599
914
852
854
953
673
569
795
826
990
926
969
536
967
554
652
940
965
873
889
766
781
747
784
840
768
786
659
900
865
906
698
993
934
977
674
922
886
845
670
987
849
955
893
980
781
974
984
687
912
916
963
655
701
649
864
777
377
995
876
885
760
662
653
570
996
562
836
941
967
735
897
823
699
916
653
967
844
761
866
846
833
314
713
750
698
669
683
522
846
853
878
893
720
959
910
985
561
607
888
372
686
904
602
546
986
688
922
547
954
976
883
775
737
530
706
910
868
958
758
558
377
659
791
717
758
827
598
803
865
988
950
545
833
706
958
755
784
611
828
879
653
758
538
1038
825
757
863
848
884
308
708
334
610
968
505
751
658
882
890
697
913
788
839
704
847
383
853
860
883
331
884
867
656
705
966
1023
760
862
807
981
783
332
900
700
564
708
769
836
1025
929
650
654
992
274
921
924
966
963
849
731
759
905
319
972
1000
843
947
764
1002
970
732
895
968
980
705
890
331
850
957
600
368
958
961
525
973
596
970
726
358
724
520
792
692
705
972
700
728
899
765
934
517
314
925
877
1015
946
885
996
925
838
841
548
788
550
752
884
983
902
747
950
657
536
963
603
831
794
1191
284
763
538
655
883
825
766
807
918
933
657
963
544
979
759
338
887
834
841
888
858
978
602
976
720
978
364
716
609
703
496
980
883
310
651
907
824
669
763
977
300
941
556
1036
792
370
941
753
975
275
667
739
663
1047
708
890
754
879
782
763
982
609
702
612
555
995
359
723
697
525
292
935
657
920
890
261
376
497
845
552
1044
909
614
827
612
948
979
690
750
601
507
920
335
653
383
855
878
823
386
496
601
274
312
999
752
852
854
1005
789
972
892
718
299
298
527
1035
541
294
951
837
712
994
973
745
545
380
317
315
739
882
535
301
956
830
754
606
660
520
301
553
813
887
942
842
858
540
261
880
856
870
923
759
367
794
325
830
994
503
610
981
496
776
606
778
288
861
833
892
837
1039
967
649
668
964
287
978
878
316
723
876
969
604
858
293
336
830
277
551
943
699
1017
325
886
965
998
980
502
829
945
263
647
681
988
776
542
1018
850
669
772
646
936
330
531
866
909
785
717
965
935
1439
264
539
796
551
878
540
762
664
853
930
779
818
857
292
865
866
655
916
794
975
809
657
293
667
524
346
997
968
1036
357
877
348
897
1023
1040
534
612
1042
1000
1010
892
912
652
365
741
507
946
822
814
1004
895
795
671
738
725
990
850
540
869
774
539
563
518
568
866
1002
960
918
834
899
935
1028
381
317
715
359
518
503
939
1038
922
908
1441
497
867
982
1023
646
920
972
961
816
626
826
936
958
338
309
845
665
302
984
504
1423
816
937
887
705
930
883
996
365
724
276
992
748
927
784
810
914
852
317
294
844
665
913
999
536
816
293
666
927
717
309
654
892
563
313
1006
912
816
542
1193
288
723
800
802
645
721
1031
312
914
534
744
386
981
330
920
1012
672
550
511
508
668
903
528
888
702
514
385
318
504
949
565
707
921
993
1001
819
911
819
333
720
963
997
919
954
504
726
988
913
546
786
515
543
968
541
716
735
999
942
538
275
321
759
357
734
380
416
1426
940
712
506
910
928
1024
1007
821
371
924
1000
865
322
658
812
389
822
851
893
334
838
722
932
976
519
820
857
552
921
662
968
1245
921
753
853
498
920
950
262
1196
908
986
773
769
819
907
374
870
845
1425
375
978
754
645
662
333
969
544
547
938
342
976
951
776
964
826
303
782
910
869
1011
748
559
385
315
652
518
663
841
318
964
824
793
558
347
653
380
262
285
535
854
848
373
797
1438
613
691
704
953
954
316
998
721
353
1187
931
294
290
535
1188
341
862
293
1001
294
952
307
875
922
335
307
764
768
522
498
849
659
373
782
695
949
696
306
784
550
761
783
493
384
742
329
814
548
794
849
1004
947
665
522
308
320
670
1001
532
657
992
1063
996
904
362
412
934
289
929
819
503
950
710
724
941
351
364
698
608
505
947
288
379
318
1003
818
783
957
894
1072
876
671
829
526
927
290
337
644
807
862
783
371
643
885
680
920
830
830
762
1103
971
1056
607
860
561
772
289
1033
960
857
560
333
291
384
1190
859
501
283
537
711
966
779
646
300
898
1008
322
891
332
992
987
286
944
566
926
906
787
680
875
417
514
544
1026
313
611
551
648
564
717
287
705
793
507
608
932
852
770
791
819
834
369
787
668
301
552
785
382
796
945
1204
819
605
541
302
718
1001
541
872
721
378
329
823
416
704
889
361
544
371
964
508
521
995
706
648
714
837
606
370
781
1046
418
515
494
343
284
686
1192
1202
802
336
932
864
690
547
834
313
534
339
880
509
974
873
712
497
363
686
315
290
1006
744
291
300
542
949
510
881
910
557
320
1442
707
943
901
285
1071
820
370
1420
997
710
1043
916
988
726
912
509
944
870
508
607
385
609
798
815
991
863
876
1193
656
803
748
1087
286
814
1023
278
391
768
825
965
824
554
932
649
320
1032
1422
525
372
697
517
283
975
889
336
897
531
854
693
760
533
535
498
987
499
513
761
559
347
851
868
962
540
842
309
540
707
977
766
732
967
1026
519
948
774
928
344
562
997
333
642
350
661
331
313
957
330
910
998
796
696
382
839
1030
719
692
966
848
612
992
509
519
556
949
323
1253
311
414
1027
669
926
1005
509
932
532
613
736
352
643
293
963
502
317
552
1038
960
677
989
859
778
1027
296
1417
915
295
917
998
504
599
1008
815
690
836
714
286
361
1001
554
1045
613
876
307
313
815
395
513
801
519
539
939
921
925
833
499
355
608
543
861
825
313
355
298
975
872
756
329
613
1007
512
919
290
1039
693
676
931
1048
1070
594
526
1100
541
413
749
304
1043
308
1070
528
889
514
834
958
832
660
354
831
516
1026
352
701
859
978
503
670
330
311
726
817
1074
846
286
286
412
316
758
396
721
605
263
688
266
789
728
694
698
856
856
282
1080
884
710
932
542
840
553
1065
771
1217
817
1034
948
1422
765
785
1293
962
838
812
783
853
292
293
671
389
971
917
862
515
1242
856
1008
831
612
401
798
693
863
983
643
970
549
340
356
284
499
303
732
376
510
909
335
890
988
904
725
1095
612
785
538
412
968
895
906
537
762
924
799
716
969
334
814
494
989
1015
944
320
538
752
276
785
932
979
538
807
691
718
927
812
716
1037
960
855
777
915
760
614
312
1206
1030
684
628
723
804
360
938
592
1078
328
695
311
694
285
709
413
914
890
340
296
388
763
660
591
1085
802
394
605
939
537
893
669
606
324
796
1056
287
309
508
342
984
303
306
767
877
530
709
676
898
907
931
633
682
913
513
322
957
517
655
515
935
1021
919
690
1026
954
1003
504
650
652
1073
288
938
809
927
603
1220
824
941
292
503
1075
751
700
1003
1011
908
921
935
667
306
939
853
423
806
1031
370
388
678
863
935
1063
1008
959
924
926
311
793
537
809
363
947
716
956
1003
695
535
1195
1203
753
607
1012
871
313
1082
992
679
751
501
758
391
1331
843
876
725
1153
282
1244
594
1325
277
825
939
378
1316
1151
868
951
539
955
567
758
1092
867
888
696
502
627
777
758
891
672
873
1206
965
672
282
1037
767
963
813
820
299
819
353
792
349
760
338
300
862
940
789
706
548
880
801
740
306
283
531
853
698
310
1235
528
533
753
329
797
836
286
358
404
1000
924
892
1061
642
796
826
1085
356
1192
298
368
306
703
760
331
587
650
310
808
285
1076
282
692
1047
682
925
288
319
627
304
293
1209
882
1443
857
915
1439
891
591
747
1334
591
630
1231
399
594
876
873
952
791
987
1407
286
657
760
678
507
919
799
1172
501
835
503
767
695
1053
340
1332
734
391
336
332
951
960
1215
1008
930
1064
310
766
1136
664
923
322
745
1086
651
1192
881
1032
654
526
818
851
647
1071
306
681
342
647
952
1411
1163
865
895
668
598
786
508
347
964
761
1171
852
662
1077
773
565
871
574
958
1166
292
696
709
906
625
536
312
331
292
285
1224
765
339
693
704
334
737
681
813
679
745
1003
837
1138
297
360
1074
888
719
661
1025
741
864
323
507
389
343
648
923
353
1234
287
724
956
944
819
790
771
718
1053
319
865
284
301
970
714
850
515
973
683
1227
685
641
282
298
301
377
678
908
809
727
867
544
849
867
379
308
791
284
275
290
397
318
774
500
684
1329
1197
536
1189
279
334
1002
333
905
570
781
1006
331
300
835
362
279
800
508
765
753
640
339
1024
717
804
18
588
359
302
517
284
855
653
774
831
311
1031
714
309
874
1195
792
4
703
544
294
813
1036
297
537
507
662
877
947
874
378
972
689
886
661
1087
320
335
353
835
1026
1100
940
546
1249
542
312
1085
656
500
799
755
369
549
849
851
817
780
323
317
875
606
666
675
918
905
421
387
601
832
767
516
821
527
1012
828
869
726
1407
1027
967
863
1015
281
1069
872
818
765
792
1219
299
801
351
772
1019
857
768
962
725
300
745
790
369
1004
1025
739
374
650
682
607
311
855
757
319
757
1435
1059
663
679
592
604
283
381
971
334
685
310
704
521
784
736
1035
298
541
287
478
662
713
524
370
752
970
1083
408
673
806
677
778
387
713
933
702
323
1005
281
750
699
894
537
684
1061
619
538
761
646
1056
881
766
630
679
968
587
923
922
833
574
1083
1069
965
627
354
345
348
754
310
967
906
297
1223
622
870
803
1377
1179
973
928
803
323
860
852
312
683
744
990
788
1102
343
703
390
1230
500
540
766
697
596
498
1229
302
381
933
905
799
288
1000
532
614
790
425
898
795
931
18
501
350
392
706
837
838
917
600
291
789
814
823
1214
749
970
1007
1226
307
637
836
344
642
823
688
656
1037
341
390
1191
1089
560
677
806
1445
1286
799
951
810
1000
644
626
417
1003
560
414
917
733
608
687
850
300
277
649
608
855
819
17
1045
711
312
963
311
826
675
1000
495
493
953
991
1005
768
712
811
717
952
652
843
953
764
986
937
1010
1220
513
733
543
595
325
289
704
692
547
362
340
1019
1016
801
1245
727
343
619
947
682
542
779
1166
534
1013
502
960
610
978
1022
319
702
386
893
691
876
1328
647
985
325
893
647
1222
665
564
850
1220
1080
1233
706
624
279
287
780
991
825
817
1069
610
805
1228
1025
914
945
931
1116
677
747
1040
1051
894
1228
297
570
995
787
503
590
714
1085
903
856
534
972
837
1421
591
917
591
571
775
566
778
1436
296
946
337
341
305
516
310
1122
661
1214
315
1064
584
1013
341
418
655
1007
628
593
943
814
998
268
358
1422
553
662
390
751
892
396
999
988
928
539
739
654
801
920
911
1023
1040
757
357
717
310
954
291
622
796
809
887
353
498
694
1101
1086
702
946
321
1134
824
4
919
388
815
761
911
422
308
307
1208
312
1028
317
1375
761
355
962
769
821
588
334
645
701
1283
782
894
346
1028
798
738
1076
775
296
668
577
826
381
1024
683
1247
913
299
725
633
1086
577
609
902
366
1440
15
995
624
793
667
304
943
1141
360
508
506
286
284
573
1033
983
332
790
354
715
872
298
634
1014
333
1202
406
1046
751
1222
689
647
1072
885
650
1229
865
1037
692
1456
1020
542
1086
371
605
979
898
880
571
533
838
1200
711
725
1088
633
520
847
983
1034
806
604
352
886
493
1094
730
809
1033
693
860
820
867
891
792
345
898
606
641
927
263
304
677
944
29
873
798
572
830
337
940
384
541
578
599
363
618
886
576
754
416
631
775
748
319
698
836
608
504
834
299
621
1418
829
1210
1077
993
916
1205
741
770
808
1020
287
766
983
404
321
851
737
328
839
321
383
894
686
1014
799
678
1007
297
944
1200
1006
1337
971
902
574
902
633
566
530
1014
651
356
682
285
609
650
496
915
23
335
847
843
339
965
330
943
291
699
754
676
382
832
335
655
505
991
1068
1009
673
535
649
1053
4
319
541
507
723
948
975
416
877
333
1237
568
878
280
918
925
1029
1038
1003
734
537
590
1330
621
721
746
288
961
828
329
1024
303
574
386
953
738
660
726
1233
1209
989
750
403
630
23
1141
791
324
1265
29
859
978
688
498
872
792
738
835
763
828
868
688
675
1049
817
1013
314
661
784
293
802
356
330
496
667
693
911
394
632
747
652
1027
549
1267
697
592
829
506
335
914
1053
1071
781
651
264
814
590
878
874
397
637
654
641
338
1197
916
1016
285
969
615
700
820
567
281
301
922
517
1130
987
692
818
421
515
875
340
401
3
347
644
296
866
663
956
889
641
499
859
567
502
729
796
1194
1069
419
665
929
517
1232
291
866
574
663
835
902
617
655
933
370
959
828
1049
500
777
524
368
827
420
618
740
669
932
1243
776
351
326
999
595
307
921
393
750
645
345
654
942
936
619
653
568
1167
945
667
348
487
797
739
539
829
748
955
841
373
457
1004
379
797
519
327
1093
833
602
513
971
852
964
305
414
693
1095
824
610
758
604
1436
996
285
314
304
949
493
292
1083
796
367
1088
507
418
1070
559
1202
740
337
619
904
586
422
872
821
807
286
811
687
925
644
505
548
346
1203
368
691
745
297
946
512
303
1329
861
352
703
321
715
326
1005
551
1221
585
304
730
897
1244
694
848
674
288
623
578
1033
572
957
1029
639
1378
484
598
1138
516
585
374
17
840
739
1032
961
687
632
742
989
303
546
1146
821
996
1071
511
326
1016
754
306
807
1017
1270
811
13
709
1429
321
1250
882
802
631
631
322
899
301
1204
646
523
746
1425
1436
1413
384
591
1217
746
1293
735
514
1042
1196
1230
308
1204
610
303
1241
1082
722
959
304
572
842
722
335
695
553
635
755
1020
749
934
901
750
542
680
1179
620
337
958
559
505
1199
875
1002
346
590
493
502
736
856
375
375
1225
561
415
611
811
542
687
323
689
556
752
855
1436
589
318
1050
836
657
309
872
290
302
634
578
306
808
513
1079
811
771
643
992
864
298
893
702
1055
1223
338
1246
931
333
302
412
918
879
841
581
910
3
1185
394
950
279
702
1007
1024
1021
578
514
622
1094
1055
450
700
601
545
1077
552
1435
806
322
363
696
486
690
422
747
609
516
735
977
1052
1229
563
639
642
327
673
1134
654
339
868
1134
588
1044
1129
265
788
817
938
1426
1032
858
321
1082
307
691
354
1195
659
1171
727
527
496
315
324
1044
1093
1415
402
578
773
671
519
494
642
573
789
1092
1
395
1079
1180
1416
1433
568
1104
751
638
1014
376
946
364
1095
1037
524
801
1165
1287
3
1203
631
933
488
854
724
646
499
635
936
1319
808
388
667
616
640
303
372
338
1228
1214
516
340
615
649
806
694
1426
632
301
512
1
456
1137
629
663
1018
551
771
561
854
869
1113
374
924
1442
421
540
332
810
736
1117
1031
810
1057
782
696
945
1225
929
577
651
786
578
589
2
538
1009
338
851
369
712
546
923
518
336
977
500
747
586
786
1125
974
513
985
1046
1133
587
305
328
739
539
885
829
1147
509
703
513
633
1252
628
751
781
1277
327
303
1042
647
640
747
592
629
666
561
1116
1462
356
1409
1241
560
266
797
538
626
1084
946
1065
322
1216
1084
751
480
642
2
1013
586
1130
849
1016
836
537
648
630
276
533
914
320
674
1330
306
328
366
479
505
530
735
547
1010
928
772
1041
450
539
487
1089
1376
661
1021
1018
500
330
558
599
3
1073
523
631
713
696
694
388
1311
341
698
816
771
962
1128
317
1215
941
352
891
1273
750
626
328
1131
861
494
574
263
622
283
674
909
924
690
1186
1454
307
1210
1196
1188
994
793
618
959
639
536
737
589
993
631
704
749
627
741
593
894
569
369
450
555
505
790
424
675
1264
584
594
743
529
315
457
663
676
1067
558
1225
30
980
714
295
1024
640
711
900
36
808
577
909
282
1254
903
518
1094
298
1382
841
1070
420
634
593
497
833
1028
957
369
703
351
637
299
625
1191
716
800
559
1326
1139
19
632
1203
933
293
826
625
952
525
697
283
550
1001
1086
719
1017
839
529
996
349
1207
746
509
452
1008
360
1060
622
1199
1286
660
813
603
585
1201
1062
1213
828
414
1235
402
373
378
516
830
627
860
1092
745
810
823
872
879
440
510
826
1233
1014
935
486
1053
541
1262
1110
762
877
1455
508
923
545
795
990
1240
543
1191
1229
628
746
338
1035
324
942
633
532
1081
1030
795
1421
1329
556
805
291
413
598
1041
1129
584
1041
884
349
1189
855
1056
868
495
1420
291
368
640
554
617
658
974
281
858
640
727
855
882
620
1154
923
756
343
606
22
302
1248
1010
862
335
851
1279
19
808
1042
588
1424
37
759
602
1250
916
424
873
532
563
293
506
812
1417
549
1011
493
1210
1224
282
957
496
801
288
739
666
1231
1276
371
635
869
633
948
333
840
818
949
617
645
564
1189
1210
1080
973
524
339
848
1239
1011
321
1045
555
940
1031
1051
785
1027
365
529
350
534
900
863
586
1112
972
19
618
969
415
737
967
637
1188
599
720
1428
1118
1205
511
840
1388
4
624
456
630
488
363
341
301
1243
628
288
727
332
922
1309
332
345
338
542
573
991
1038
706
1096
1039
951
281
589
1071
546
1088
423
637
840
1079
1222
547
405
426
1012
1078
508
979
692
527
815
650
901
1140
329
1045
13
924
368
793
390
1479
933
351
571
1082
625
862
1098
621
617
496
12
509
297
1132
877
503
464
392
626
759
1202
1052
478
769
543
402
369
948
371
1425
706
586
1086
12
305
927
1042
1267
1058
1035
1041
24
844
988
396
595
844
1215
1132
592
1383
529
1216
1198
1012
641
1195
1114
601
880
814
903
448
961
1417
953
777
478
594
869
1214
987
701
275
749
822
383
577
1030
766
294
311
602
1205
858
266
1213
586
625
316
1247
1029
977
672
368
1206
1055
1242
787
624
597
1217
1471
716
449
348
701
1310
1220
1412
1087
651
536
9
1080
994
458
393
391
1189
858
536
395
1177
607
1178
499
993
822
1227
567
364
452
644
923
568
623
808
289
894
375
1131
941
626
597
1103
1208
825
1106
449
897
3
543
340
397
694
991
304
1434
1038
505
558
937
993
704
354
836
314
318
870
775
1043
989
712
622
953
728
699
676
961
802
735
1066
1250
420
833
1056
1198
1079
956
622
582
314
283
1036
638
292
609
1075
713
793
735
1047
1108
342
906
407
297
743
899
1193
625
649
710
847
1050
750
341
399
585
623
429
911
991
1282
531
1406
990
540
1171
1103
587
686
1092
625
607
497
431
10
1095
1165
519
1274
609
1011
291
1140
677
1206
1233
485
305
1226
297
550
937
577
890
926
652
493
506
1188
579
697
494
267
1084
568
1197
934
1263
724
1046
289
608
1041
619
667
742
742
1222
1132
907
542
526
792
1431
1132
624
680
738
540
4
1195
651
315
812
282
857
794
602
703
1058
1052
1075
534
800
823
318
739
1177
327
1315
901
358
514
1203
1410
514
519
1230
1224
372
738
866
859
517
1036
287
788
620
1036
483
1029
1423
332
677
487
535
469
912
14
30
1091
926
485
527
993
310
980
1052
1049
864
934
646
635
787
1035
662
580
572
1187
1416
468
555
879
1223
298
433
860
304
504
543
881
459
849
623
349
1169
893
690
1384
1152
757
504
1159
587
1092
770
261
1383
938
1195
1045
1474
793
549
772
1424
957
597
643
287
569
903
382
1190
494
883
1208
783
202
11
838
604
1218
697
1332
743
506
17
1198
306
245
345
532
954
345
18
618
1114
599
918
1229
1250
1201
1266
650
1311
597
1331
1065
860
274
839
769
540
1060
425
1115
1037
878
767
373
303
380
334
963
662
1301
869
1001
508
926
973
536
569
13
603
430
339
599
1216
800
799
1242
740
287
1086
1158
1064
314
955
1247
1175
396
593
287
701
579
16
660
436
1103
896
1417
984
1022
638
827
802
642
723
1204
336
27
284
1016
60
899
558
463
924
1190
896
296
498
1289
290
1180
595
600
756
1004
831
1191
842
622
550
822
0
907
835
843
628
477
476
333
1022
627
503
273
288
1190
620
420
305
506
1021
1096
500
415
619
496
563
835
1041
1260
311
38
973
1411
1283
795
1231
1394
926
726
1194
699
625
1163
1199
1440
1127
1062
803
685
551
1240
2
830
441
862
857
1043
1026
645
961
278
330
1129
1111
734
1002
486
582
1424
1205
752
928
502
986
1146
621
571
676
299
499
336
424
307
466
1214
1081
267
905
494
592
772
623
822
493
461
884
1322
1189
656
576
673
1034
621
672
20
517
1248
664
239
530
1031
280
1205
750
278
482
664
407
1246
718
805
576
1473
1418
308
293
648
567
1029
866
1094
341
1248
1018
701
580
1358
698
1053
743
313
772
1075
1212
758
1267
693
715
1033
799
317
1137
443
555
1022
16
320
1281
283
294
850
805
509
1333
648
468
11
870
305
479
486
3
1050
489
530
573
1
930
1184
552
1142
685
798
448
484
1234
484
405
1193
1189
1176
465
382
884
640
374
294
1246
559
797
302
700
201
1
275
348
992
904
564
589
1483
1372
1022
917
463
332
277
608
10
1126
456
859
1090
51
623
392
452
1162
285
630
1285
556
917
334
934
630
1145
36
327
605
1054
6
1040
1415
1066
569
749
496
661
790
495
522
306
570
1103
1383
465
1428
1372
704
791
981
1334
1443
588
1150
634
1421
470
634
593
24
388
585
1267
1096
521
1010
1145
1061
861
937
980
670
827
500
1093
820
1227
890
463
617
683
801
910
1469
617
817
0
574
424
1009
13
994
547
1269
326
1210
1083
589
1219
331
1067
695
827
456
1359
293
265
917
567
1424
584
976
1024
581
1080
1067
1139
2
494
739
340
21
1199
1232
327
778
646
204
703
287
603
1011
1320
1444
1006
889
565
469
1054
283
898
1242
600
907
1470
1494
892
1058
1372
1419
288
362
328
1194
639
13
730
810
1016
942
556
818
952
687
1260
1423
357
1192
804
351
1260
625
495
1226
454
953
579
471
907
766
225
528
425
1077
791
304
930
1428
928
1241
1137
557
702
643
744
551
729
982
403
491
883
462
604
1068
640
502
1105
893
1125
496
332
240
531
408
713
345
1057
805
522
801
2
644
368
1124
355
446
572
815
939
474
24
587
658
1377
510
848
535
1101
1035
879
1423
1122
391
604
1317
467
908
748
23
572
306
929
799
1223
876
1034
275
1201
58
470
625
842
1244
28
489
309
874
1135
1431
764
1275
273
736
450
856
530
474
1252
325
405
9
506
483
549
342
485
1207
714
1242
871
2
458
1220
1247
1276
687
317
227
394
1163
615
458
1051
1139
342
706
487
566
492
1230
570
1309
11
707
539
498
636
1012
1052
1047
2
774
1125
43
372
470
1052
298
250
454
1427
985
563
1124
1203
1315
960
1199
553
796
555
721
305
688
1208
525
300
586
1040
202
1137
488
1
900
707
1337
271
1251
651
491
497
1075
1163
1308
285
530
1137
943
614
1174
534
309
881
283
708
1015
1089
290
624
430
51
498
1274
1207
398
452
282
1128
331
1312
509
304
438
830
294
709
811
1335
1022
185
384
298
807
475
705
529
1285
1280
483
303
641
1048
477
502
823
344
499
691
1205
1178
926
392
203
473
772
261
643
292
1268
1128
991
1424
946
421
1431
561
750
263
1070
335
299
244
1243
595
485
1336
10
1214
1190
708
1307
1270
272
467
301
446
594
1341
1226
295
627
673
575
972
810
1219
874
908
360
479
474
585
197
707
386
812
590
298
1090
322
1004
576
521
1412
897
1184
433
606
336
1196
761
290
558
800
349
568
591
446
1102
321
741
1257
588
1434
664
626
399
604
378
418
1114
443
1379
1114
743
803
602
1200
911
261
1074
562
405
680
247
1373
1197
601
776
1390
845
687
588
585
571
827
1394
1078
215
29
1266
1061
1206
862
280
1218
1263
1115
525
262
1051
1386
1199
317
527
829
580
1130
267
462
1336
498
289
527
523
1104
323
621
559
11
1004
1420
1273
692
367
389
1
1226
1022
519
2
557
1433
418
1057
168
1275
1
341
1112
262
1173
755
15
521
1273
35
945
1071
579
907
642
1099
560
1100
1332
1389
297
512
1474
221
1319
1041
362
881
503
955
469
1285
419
994
264
266
324
1183
1015
1073
995
1207
285
430
1410
1086
384
1074
1438
1401
455
552
805
14
569
1312
456
1057
1085
1412
673
1156
752
1121
908
1090
457
915
1063
1221
1288
708
879
1196
59
526
422
512
938
479
1202
729
493
984
20
427
1233
1182
1125
857
704
833
470
1221
1030
858
1261
308
316
389
581
57
576
584
1337
428
860
264
246
675
559
488
786
528
1151
1021
1034
1233
1083
515
481
577
1215
988
478
1485
561
1056
705
1379
870
1291
426
237
553
1235
699
281
1028
1059
1181
685
263
1232
1205
586
1008
187
1109
1407
1110
1236
1429
6
937
1421
1112
594
1154
12
455
1141
449
997
298
437
562
833
1294
1187
1333
1180
336
1272
582
625
1090
932
491
491
1249
1010
524
807
1045
223
479
524
770
696
350
1427
280
315
292
292
992
711
1093
289
654
659
373
1017
1250
523
408
297
620
596
363
265
1238
548
1366
1137
246
484
1185
383
562
626
1309
1259
1421
1043
1060
1081
12
570
967
1422
32
901
276
494
398
1012
738
1047
294
436
1068
1338
806
154
1001
581
548
699
348
313
612
941
1313
506
1232
654
590
366
629
1162
292
1260
512
373
979
607
900
465
1179
330
186
959
831
478
520
1212
76
237
261
1035
501
1194
661
432
953
1408
580
497
379
1018
356
518
792
1166
1293
745
337
955
420
934
296
1099
1388
557
1414
1033
281
400
755
573
364
1318
805
9
302
1088
1065
1006
415
451
25
269
471
963
302
465
1273
1009
510
472
0
459
1159
1036
1255
649
1208
262
1248
1093
1136
489
959
261
1006
1338
1235
474
1165
311
535
1451
1043
1254
225
632
471
1240
1244
529
1419
555
546
1332
756
1054
1053
605
1399
936
798
539
1025
1213
1439
31
1060
635
336
560
564
771
241
1032
624
1039
1146
444
7
1302
1252
1154
260
635
515
618
1108
1014
503
1103
1169
1087
350
728
43
342
150
616
661
1061
996
879
634
775
400
320
745
244
554
439
919
952
530
1182
358
693
1101
463
896
476
259
1266
291
1062
183
1261
1096
1436
551
861
986
569
1360
865
330
332
1142
1160
459
482
1013
436
1135
877
1136
289
236
296
403
682
859
1073
426
595
498
779
1116
600
1008
418
425
1223
1162
1470
759
1262
1097
31
535
832
1376
16
270
1477
811
600
1324
646
1147
997
546
284
828
1131
76
756
732
637
936
1106
1245
1372
396
1211
341
371
1219
748
1176
1040
1028
501
958
628
1453
596
1210
152
482
1091
1149
471
355
11
3
1084
822
245
541
1264
1227
590
495
13
670
631
1218
1304
440
1295
847
573
635
1381
1068
166
1201
829
631
694
370
536
1020
948
490
462
293
1133
1047
167
1250
564
1437
1111
958
709
1178
1349
879
1200
67
1095
1406
425
721
1345
630
263
1209
335
681
531
1398
390
1085
605
825
403
1134
1192
1074
339
553
308
284
416
1007
585
1326
1349
1247
364
329
1313
597
1160
1008
909
333
835
742
1156
396
1274
358
1205
1254
1066
1
443
226
1010
483
529
403
43
2
375
1115
549
638
224
5
460
1251
469
1212
1027
504
1391
12
426
17
770
1268
886
664
1288
323
1237
259
949
842
488
487
1201
1209
238
603
553
703
1107
635
1242
1266
238
1250
1104
582
326
1074
633
1276
466
445
432
596
1114
458
1072
623
1374
419
391
206
1149
215
1062
1048
903
262
1431
1350
389
497
324
378
387
567
804
1050
26
855
1092
1202
1260
1268
576
655
1104
226
431
387
1257
566
476
1055
1082
188
325
259
1191
14
1018
1092
290
370
416
833
678
223
979
1213
598
260
1151
1144
846
573
520
1238
1179
520
375
346
1155
457
1144
689
460
348
353
1385
1316
839
556
214
443
1302
1307
1252
442
1228
1021
1232
1458
1087
504
1226
1373
1317
398
373
1355
1089
1347
250
1429
1080
1409
1026
59
1201
1475
42
470
1297
427
296
2
645
802
1122
1473
195
1059
670
554
533
1315
1180
1141
1315
1188
769
607
477
1177
695
476
428
1154
811
1200
268
1124
189
289
1117
742
673
617
216
76
562
594
461
261
560
449
350
810
541
485
487
763
1256
458
513
1177
1048
1119
1095
303
552
692
407
581
621
622
1042
1088
302
1450
409
525
1112
593
438
629
1049
982
632
571
581
597
44
827
184
454
819
1137
26
1087
1214
467
1078
615
0
1207
439
1319
1069
346
464
1081
1415
1297
17
511
178
807
206
815
12
1292
432
526
372
269
235
1170
471
1386
483
693
217
1
1390
993
463
720
455
3
1331
547
518
1281
1044
1376
1303
1438
397
751
1111
1194
454
940
1256
1316
1298
282
277
15
519
402
548
531
934
415
281
1376
590
781
1124
13
426
346
880
461
602
572
834
1136
361
1138
847
1125
1172
305
1143
1207
1104
462
1450
451
898
425
590
510
287
300
478
1439
480
430
376
517
525
366
585
1000
583
790
711
272
899
1301
1463
388
1372
379
1157
978
1472
806
448
1268
656
1238
698
453
1384
66
576
448
0
295
1091
299
1081
1107
285
473
759
25
261
610
1389
1387
1270
365
892
236
165
295
1032
1246
425
1155
994
470
376
486
421
67
638
935
1434
335
537
391
1243
1352
277
549
1230
886
684
1437
812
707
1095
381
281
1250
938
813
803
507
378
448
920
1107
495
1064
641
318
276
1208
204
823
1133
224
514
439
413
6
539
802
697
441
557
731
39
643
1335
732
1103
460
472
1416
1176
632
4
182
396
2
570
793
956
605
740
732
443
1235
1021
1006
552
376
444
331
634
1310
1200
1061
203
936
1251
1220
532
997
1334
1239
445
490
463
424
1240
1278
402
1426
641
785
827
1307
476
777
1090
1461
1267
484
195
999
738
789
875
602
305
861
417
1056
311
596
659
124
1233
1425
759
469
372
578
67
468
468
295
527
296
316
1285
548
898
579
996
700
1108
289
12
1109
279
999
155
1300
561
1316
410
201
841
566
1212
630
451
1155
988
886
933
12
1136
1187
1413
1033
1008
1483
1377
1318
277
1247
204
701
1215
1471
924
203
1083
377
528
572
1125
770
755
438
386
1176
1078
492
521
1189
412
447
902
949
1435
1190
1222
416
482
1268
636
531
378
1095
433
1335
631
1412
1129
1371
275
366
723
371
782
138
12
1030
713
3
1421
1338
272
296
691
158
324
740
283
470
761
325
1
474
1151
1398
513
906
599
584
519
222
369
274
1308
1105
325
353
639
1164
803
1294
1253
526
461
754
1004
322
1244
11
379
404
1170
196
967
1120
689
489
219
533
477
328
162
393
1447
467
495
403
1067
1241
220
253
637
995
948
811
948
642
955
671
1164
280
19
1485
1174
1052
234
486
629
616
616
1109
457
1001
216
990
534
381
1097
583
1382
1307
660
41
1207
1030
1437
1217
637
573
678
757
638
466
1091
1449
452
1477
1253
0
1020
1282
904
657
1313
1309
1344
1394
1445
505
10
288
1139
1072
709
1331
286
169
1203
404
1
1059
1423
1122
1139
1406
466
774
1286
583
1451
267
800
286
935
646
544
217
61
1459
15
468
962
1246
568
435
392
577
981
1350
492
299
346
429
1145
560
409
1404
398
913
358
1431
327
385
1223
524
149
1256
546
421
773
1219
1237
484
447
789
546
274
395
640
4
1399
648
1365
986
1163
429
432
1082
581
1156
453
390
259
367
472
810
1145
1121
1264
683
340
623
476
432
1159
308
395
1
1023
372
954
582
352
473
528
389
1075
363
986
854
1129
1245
415
329
477
1422
1370
3
1248
1211
674
207
626
975
762
603
420
896
1060
1235
1279
490
643
388
276
260
6
338
822
475
1158
1100
603
971
525
303
1209
542
1205
1240
1416
584
1017
1304
485
414
348
1348
598
458
436
395
831
1296
1378
938
1140
200
549
309
374
798
1417
1413
1405
1415
740
263
1031
592
1105
441
990
593
462
922
694
410
514
512
648
309
592
222
1411
797
451
248
295
736
243
1232
1147
1281
1108
365
695
636
1231
1236
15
671
942
294
1118
741
620
1059
1126
888
344
2
350
228
1029
1419
805
636
271
394
741
1432
473
536
1442
1440
326
431
205
1434
270
576
820
1345
1
316
390
472
451
224
1232
562
391
1261
575
492
584
1007
300
1473
1245
1162
273
350
1322
979
2
462
584
515
285
208
1327
419
499
366
14
1420
474
544
1072
1070
494
647
1041
571
448
366
512
529
299
258
1236
417
1173
33
390
1269
227
417
1221
647
565
570
213
1181
1143
1374
249
1259
1205
582
794
354
1210
2
583
275
301
700
367
636
458
1184
289
593
328
1123
1100
698
1149
1434
747
593
347
543
1277
463
658
187
601
1335
137
936
248
480
982
1286
1054
1048
1375
1240
268
257
1326
235
487
401
252
830
477
501
278
11
921
226
458
597
68
565
1425
1347
550
1167
1244
730
388
1268
1127
1121
679
1
395
447
466
1216
759
1067
1186
1063
11
439
632
1063
1
389
456
18
444
5
328
1026
1230
402
1079
1168
1287
431
937
60
403
1037
1322
517
360
1416
1181
393
1320
1080
268
1012
1068
1254
759
1213
440
240
1087
1356
1195
1153
454
25
579
299
1050
465
1468
401
596
1264
616
270
1015
441
432
515
1255
409
411
581
227
848
257
500
533
1346
1182
565
746
577
1098
545
11
222
407
361
1280
511
300
56
460
906
1
161
349
1234
399
1381
1100
1324
426
324
0
273
1077
311
893
477
1444
462
1400
1499
456
139
617
182
905
1357
337
439
274
497
257
896
249
1452
483
1420
761
728
1149
1374
1093
1014
357
1266
430
185
1162
929
321
1262
1050
1040
809
1291
812
352
283
319
391
1009
249
427
301
5
417
14
196
268
307
1333
322
247
469
429
1197
430
561
1399
313
727
368
495
1187
569
1097
1051
237
1027
753
285
1147
737
522
831
587
406
1200
352
300
823
279
1220
1211
1228
596
259
582
60
490
1248
1128
895
1007
1231
1177
153
464
1204
422
1234
484
490
813
249
901
374
681
745
682
427
302
1100
1059
1239
1495
414
197
177
1156
194
588
1432
20
1375
653
1427
538
768
753
4
1414
427
459
583
1212
1410
695
1355
289
479
877
371
468
1072
1245
387
1199
981
1025
1400
423
1021
1274
1192
76
14
1392
922
767
1062
1313
633
1324
1412
205
2
1016
209
539
386
501
257
1049
446
1209
478
1251
961
260
329
1114
415
524
472
832
922
1150
632
563
507
1315
471
483
881
42
409
1259
479
1441
603
1019
413
2
987
503
371
1135
1391
950
844
1
1118
262
40
954
20
1032
1400
1381
838
4
1031
1371
1466
297
1209
429
1328
1477
681
1228
545
511
1270
500
280
276
554
404
880
415
555
839
1297
75
1335
981
1228
188
845
22
647
489
28
598
0
1132
240
310
1017
915
1084
1168
324
1194
1315
205
472
9
1227
188
264
1185
519
629
1208
627
318
175
486
699
3
1421
55
1057
216
390
1427
485
804
1322
367
1278
1185
1016
1091
417
583
527
643
1183
464
258
384
578
662
1224
845
648
1271
111
1022
1131
467
493
444
4
77
184
337
1277
1379
441
369
794
256
1394
380
643
1381
564
307
309
546
1137
852
1289
437
1285
1015
404
940
13
424
531
36
257
795
363
362
1265
1246
260
657
1317
1227
243
409
547
505
364
414
170
1234
748
331
818
1161
716
1305
431
645
1217
1325
264
1495
453
1265
593
807
485
282
1022
42
1212
410
970
256
298
1098
487
1123
1478
621
336
1469
408
414
285
520
259
1253
393
1397
688
1213
1109
444
282
1308
457
1492
615
595
921
417
1276
228
475
197
378
427
1321
649
183
571
21
892
1370
486
379
993
1140
321
1299
509
477
1269
1127
450
420
1410
564
437
436
1158
484
2
1126
1046
400
385
1120
18
48
405
454
331
1214
1294
246
908
1279
408
246
383
406
605
1099
795
1276
458
540
773
80
0
783
334
114
10
1339
836
525
1105
1238
411
868
467
46
243
186
300
918
487
486
1264
1303
52
265
561
423
520
1120
485
1184
525
56
534
527
1153
291
1147
595
456
1352
418
1116
645
694
239
455
475
1326
507
245
543
897
588
1405
1388
861
346
1305
847
455
452
1328
1097
753
1408
566
1318
346
871
161
712
1477
326
1082
464
1211
827
489
367
1394
543
1141
1329
14
1051
737
332
1167
1415
1010
471
4
13
1154
854
1414
468
412
1096
744
1
360
809
299
378
1181
16
277
386
1253
1378
1045
1124
586
220
376
558
1430
677
907
218
1286
1178
333
1134
942
1377
861
1419
166
805
601
1028
849
1261
307
1424
19
273
1225
1468
412
1022
422
273
351
566
447
1272
324
453
451
1412
1027
469
676
296
1218
1332
328
591
642
615
1397
334
1377
913
1099
547
1069
653
2
1437
1271
1160
1211
359
229
92
325
1078
488
357
5
1192
1106
3
404
1348
238
1224
318
821
79
1324
1034
790
554
1343
1349
1152
153
1215
538
278
464
1
378
1109
528
454
1441
403
801
258
1087
39
508
33
339
427
1179
1375
551
502
1289
421
1081
1373
1273
1210
101
179
479
250
1136
314
1209
943
1148
46
1077
1134
1019
1180
474
267
1145
276
35
1143
234
342
196
1142
360
274
347
392
442
235
357
355
401
649
13
914
895
1459
649
605
566
1040
678
1224
479
370
1207
339
999
566
364
446
136
555
399
742
393
342
295
26
113
1001
64
1102
463
385
492
1407
413
1430
1210
1249
275
1089
0
1188
1392
874
1166
410
9
371
1383
30
811
275
746
469
272
0
1287
1311
259
1020
1062
1240
406
594
582
1021
0
1
156
234
354
1427
333
651
9
1291
809
602
1038
601
279
1057
1242
1079
902
442
980
467
1114
1017
12
511
508
247
6
282
319
636
370
1411
472
1481
1209
438
221
240
247
327
57
267
76
654
510
1338
168
1306
746
568
435
265
509
530
731
1034
1019
246
362
1115
1187
1121
1375
1243
1038
340
1060
264
588
351
235
805
332
41
312
1110
1438
1442
480
1252
1138
406
65
344
82
286
428
1405
438
532
217
1482
553
587
579
1411
336
297
1097
335
532
0
1069
589
323
1388
497
268
1356
334
592
198
284
1296
1212
1275
1313
261
1305
418
1060
1120
229
489
125
264
1098
571
1387
864
240
994
488
1072
392
1241
1281
714
262
1326
1163
439
457
258
282
258
70
604
1493
356
495
47
62
393
689
334
1169
302
375
491
1452
1206
566
1084
499
1018
824
218
1349
359
1382
266
837
12
237
1181
250
469
971
1184
21
382
1445
394
634
681
146
1303
1346
1020
620
1254
1003
278
1023
1236
1345
471
556
280
1316
322
1047
738
381
334
230
1045
10
1384
1054
370
162
74
1440
1174
1351
998
271
755
417
695
765
705
33
627
1126
1204
1206
372
500
1245
51
445
53
870
77
1386
585
1183
46
433
385
694
210
375
423
984
511
452
178
1256
365
751
512
1259
1063
455
78
266
1237
1081
71
434
472
412
150
989
1275
123
1258
1090
1067
340
560
462
1005
645
234
896
837
975
655
170
617
1215
271
608
1301
239
432
328
1288
251
413
295
1
178
1
41
146
383
365
1153
1106
312
297
1193
445
1325
892
671
1380
1222
1406
808
416
840
781
359
269
680
576
492
1186
1039
480
248
1182
291
964
1310
582
575
1189
1057
4
1
756
580
274
458
548
1361
1380
417
427
425
668
389
722
103
363
1227
1423
485
4
1324
262
1073
1440
842
1305
380
1104
1444
385
1217
715
44
1442
329
495
615
364
442
1468
639
1018
1457
1498
535
511
701
773
854
1043
1068
359
517
422
1359
638
1196
1148
1204
1460
233
1217
1
38
16
8
873
738
209
946
744
691
1
1396
484
1374
78
459
273
1448
1474
1242
1271
706
1290
809
768
34
1169
499
548
749
275
567
413
1230
345
1407
63
1085
1444
1151
277
1435
483
1318
40
445
501
512
1063
1119
49
1422
317
346
1126
1159
1172
1119
584
377
686
430
272
12
344
1358
462
1079
1422
506
1333
0
584
397
1503
423
545
281
570
1344
978
1300
361
329
574
1171
486
522
1306
1005
365
201
809
415
376
1229
1487
1414
802
29
52
1441
385
821
674
1012
462
1465
32
399
1028
3
1135
276
41
1257
1075
1005
390
1042
829
1135
357
1284
267
1358
1283
360
1312
964
235
1341
452
1433
1467
1333
1406
191
1136
1282
537
411
583
507
1091
328
200
989
9
483
1423
232
575
525
666
45
376
497
1425
637
244
1349
19
1424
1387
1202
68
1388
1307
361
1492
264
331
1329
329
601
447
1224
164
1299
1203
1121
28
630
396
1225
272
1292
641
1361
216
1171
195
284
46
816
989
33
1142
1168
1229
1403
299
431
273
565
448
164
1459
628
620
330
1194
1014
256
1135
21
1197
27
731
457
422
684
1093
162
94
263
404
465
53
987
386
1135
326
1058
570
374
1470
1105
363
1123
669
239
966
544
511
650
638
1159
505
1356
6
363
565
401
461
1304
300
750
666
1049
1171
1510
1284
434
324
343
706
12
367
347
1414
288
1326
1096
1019
1290
670
326
1135
1272
91
1167
1220
251
395
1103
262
1026
464
284
1108
244
361
409
1127
178
997
1101
184
1232
1352
495
218
359
1249
401
644
1422
1376
897
1060
481
377
377
1011
1371
593
1292
265
605
51
1392
431
154
408
581
207
283
1155
279
483
358
14
319
533
341
1037
1188
1290
285
1296
1117
34
328
1241
1428
1006
1375
350
365
1133
1076
62
660
1059
377
86
1092
1
148
1476
646
1015
644
269
394
409
544
0
1394
1358
217
19
1044
25
1148
1443
1016
289
650
1036
0
439
572
628
321
1175
559
299
1390
278
186
50
126
275
464
368
447
1280
221
1392
445
891
1277
518
208
1429
556
629
702
349
338
1186
806
1003
413
816
323
446
452
345
506
70
684
48
433
1251
18
38
1319
1270
1332
1020
499
459
1407
509
1223
551
441
1357
1032
396
1410
45
518
1131
711
636
652
11
1329
1312
361
359
1418
181
583
122
1334
1243
389
1041
1444
273
337
636
1453
188
569
1141
243
185
105
297
804
337
212
930
1133
35
245
559
494
1325
1481
453
397
200
682
1193
949
372
1324
1144
1416
1161
415
1357
318
229
596
1183
1055
510
53
302
444
3
1368
376
4
1100
397
1203
801
1076
1046
891
67
263
556
1090
514
258
700
441
392
595
554
455
203
278
1417
213
1275
292
450
242
237
1073
248
349
232
480
247
1411
115
568
314
411
132
1359
896
12
805
162
1436
1250
744
226
1131
1392
516
1422
1293
437
5
430
230
1045
270
367
1285
1339
5
590
1057
1028
495
1000
1291
464
52
1306
1249
446
553
984
929
337
312
1173
295
476
448
228
1123
545
379
171
412
37
5
578
350
1132
537
245
412
211
43
1446
35
839
485
455
490
207
364
1327
579
237
1280
1102
242
782
352
37
1026
4
343
600
10
1344
4
1384
624
422
524
615
229
81
73
1423
1277
337
1350
251
1066
348
1289
589
405
14
844
350
1421
487
146
214
1383
350
0
377
561
400
287
454
296
1009
365
269
288
408
443
652
504
1343
401
1332
834
1239
1175
416
847
547
255
434
1178
1356
882
19
257
592
1073
306
1225
216
1314
526
1352
415
518
1474
333
669
244
1184
3
233
426
204
304
76
244
1014
668
1336
440
1098
1479
874
1347
61
365
18
937
237
408
21
1405
110
1219
354
453
224
1488
638
50
501
1309
1154
1451
1381
266
414
1341
1076
308
437
1350
45
263
1366
9
1469
428
1486
1366
38
1251
1048
571
1161
856
453
226
14
1364
226
914
1278
470
2
1180
557
256
258
451
1068
1460
1190
31
1051
1160
494
283
1449
594
1443
1368
1194
1380
436
1263
1274
1308
244
47
1078
405
1152
23
1368
985
1443
8
1182
1002
245
498
449
1493
1429
1307
304
1271
140
1357
1074
218
1159
1048
255
1378
589
1287
235
539
742
48
1498
1084
663
420
49
1221
254
323
3
1058
1054
1231
1267
1144
28
845
148
1435
137
1019
1064
235
1070
1458
314
942
38
435
112
1368
572
1157
1005
412
12
1425
299
19
127
1007
404
808
806
1065
1097
42
274
271
417
1015
771
393
1255
526
509
401
238
26
901
1314
1132
1183
232
1279
89
454
459
480
1120
20
399
1066
48
272
478
1294
575
1051
545
1378
952
330
343
1346
193
1
533
202
1013
355
1164
528
1304
1172
1201
1002
1142
455
1289
347
382
1266
316
1118
925
1071
506
488
233
779
1216
450
737
55
453
39
8
1501
1432
1327
709
69
1158
1361
966
1251
34
380
47
177
411
278
49
1173
1298
1016
490
50
927
21
408
198
522
42
961
1493
548
263
40
202
545
1393
574
803
7
83
225
86
658
44
280
1118
1196
238
405
1342
238
1259
1107
6
30
743
1399
1236
279
1311
769
40
1009
757
869
1312
244
1156
1121
1122
483
276
289
1025
1388
450
1444
1204
1404
393
243
423
66
680
1119
1491
1273
46
531
47
453
403
1285
1144
231
1298
577
699
665
965
433
34
413
1149
204
537
1403
1048
281
271
236
43
724
49
1390
254
384
309
432
236
304
466
1374
1287
1248
145
1453
1004
446
1285
1496
1168
533
231
373
606
1255
1125
602
1336
567
1039
535
1081
700
236
267
377
1405
344
515
316
316
1053
1310
1047
1476
631
446
294
1118
380
596
502
1178
1155
388
1356
1345
1091
255
219
419
355
1161
1012
1415
0
443
504
1442
1187
422
32
476
222
889
179
556
29
411
480
1164
686
1461
705
339
1348
5
1064
200
1311
1105
711
544
135
300
1141
1389
172
1010
1096
2
186
1102
1315
1013
114
1118
1284
220
1191
400
1069
1098
461
286
1304
433
1323
374
574
156
730
532
247
471
930
189
142
194
355
10
5
492
1238
531
171
1432
272
850
190
1300
506
397
366
401
403
1438
432
1419
270
214
1283
0
1284
629
220
580
454
136
1090
1396
240
273
39
1196
1009
1158
484
1270
193
450
1406
265
1311
329
1475
0
1065
138
671
189
491
1256
451
1314
290
320
1276
1144
197
547
1445
1324
578
835
434
1305
1006
735
274
386
215
472
363
1300
1176
1170
313
127
181
1010
33
136
426
1119
385
1056
1477
1345
256
1130
1282
880
318
623
20
163
1039
1119
1336
459
1054
523
1181
341
443
252
1146
1363
274
234
48
328
1057
1369
203
849
1255
1366
450
834
343
456
32
42
1185
1076
541
2
341
1371
1266
1163
313
1212
1364
1124
863
1415
17
189
1349
327
707
1155
150
431
201
1485
5
41
1149
1079
563
1330
1101
99
278
338
1140
1367
304
286
1261
1329
266
1243
1324
945
622
381
362
65
244
887
1491
410
1432
4
1346
1187
11
402
1162
442
517
1111
277
323
142
1295
800
22
294
9
278
565
1286
526
197
421
161
1269
1374
1147
1121
209
1342
280
115
318
24
808
800
140
204
1064
352
37
498
1088
240
225
1260
1299
5
206
14
13
596
86
1407
589
1249
193
31
1127
264
129
291
492
236
1360
385
1252
191
229
607
1369
1107
1358
1278
1306
508
1354
562
523
489
1135
255
249
395
38
490
1477
159
194
664
1355
1483
614
1150
39
393
1288
1487
241
1122
30
514
624
1397
226
251
1202
1013
476
213
17
369
1215
983
460
54
1226
1437
487
306
429
3
444
351
455
371
1338
1013
71
1497
200
588
344
135
238
439
383
18
490
555
360
384
1418
1282
1277
23
440
235
1321
1139
1133
463
238
1168
426
274
505
1484
1239
1238
1117
186
1300
202
330
430
215
669
232
249
479
176
217
409
90
1112
1467
604
433
1343
1440
72
75
995
267
444
846
1236
1264
172
376
343
1192
273
1211
167
1266
403
1349
354
803
949
1117
273
1397
1353
203
1303
242
221
465
381
356
314
303
1227
1190
1458
986
1328
402
1373
1198
3
231
1244
1075
1256
663
307
1318
108
9
206
1166
397
216
731
1376
1449
146
274
240
1398
10
1296
184
865
1382
400
414
244
1087
305
1247
445
41
364
199
61
5
233
3
1450
1317
1067
296
428
392
474
1009
1211
1476
1062
456
1068
279
1076
260
1229
514
1435
1379
1327
14
1325
794
400
1311
247
852
1341
1357
258
1216
1355
420
274
1177
305
1077
151
166
346
255
56
5
3
206
187
11
337
358
1079
772
311
2
799
37
202
1484
1030
434
1369
292
218
1328
1000
1015
389
192
272
348
217
437
234
1260
402
1330
1310
197
648
423
480
1273
460
36
1265
9
1459
421
1487
569
456
473
1330
43
1380
386
746
478
419
1289
1281
1104
1218
1222
15
1138
78
1397
14
1113
35
276
1248
450
138
873
1166
1058
199
226
1123
249
77
425
1455
1225
490
1318
1097
985
71
1039
1386
1089
436
263
45
202
1462
1174
1363
1157
1289
1033
4
1262
217
457
610
352
626
1446
966
939
12
1367
14
156
276
328
202
119
272
951
1464
34
14
466
177
278
1438
370
233
1508
1403
521
828
1448
546
639
1429
285
998
744
563
597
271
1226
211
476
225
1465
1052
429
491
25
376
12
390
1443
276
252
1158
1219
27
199
1018
352
387
1478
510
219
1365
11
392
1440
37
552
1225
262
210
594
826
461
256
327
1259
53
679
1101
660
947
609
310
1220
585
565
4
1437
275
603
1106
1148
179
222
455
691
0
378
665
254
459
1353
169
1319
205
733
1390
307
241
209
939
290
82
1471
373
1063
1136
1116
135
1076
1327
409
1445
26
103
406
1143
786
599
1371
139
40
331
347
423
141
288
459
227
569
240
810
7
1398
80
1044
10
293
216
944
1251
844
255
930
1185
62
256
1290
1127
269
1325
1116
554
271
1333
1298
483
1362
211
1463
259
1208
215
1490
461
437
242
691
1375
1198
47
5
1494
1062
290
355
1479
154
710
708
557
576
1399
523
878
14
474
495
560
188
1187
387
358
776
776
87
1342
715
282
84
413
1454
587
29
378
59
511
570
1256
173
306
420
1096
27
1122
180
274
1116
305
1351
257
1446
362
242
213
3
627
52
411
276
271
183
1126
1358
201
1076
1111
1317
362
483
1458
1103
1341
1449
353
15
245
63
252
1293
434
1427
925
445
1426
488
184
1311
1230
330
453
933
15
101
184
66
1301
1
1195
1142
234
492
885
324
1401
1055
1345
67
58
180
1336
243
234
619
1409
647
264
131
268
72
400
272
764
168
234
1271
260
1478
4
198
225
37
619
74
1167
104
1360
28
341
725
1455
26
463
27
1066
687
253
44
1183
1312
1447
1335
1360
14
28
359
277
359
1377
3
240
1303
75
1281
1456
240
1413
162
283
454
726
185
199
1106
194
205
55
794
152
11
405
118
238
416
241
493
99
1063
340
404
1466
1050
845
1099
229
1378
628
1393
1340
1132
181
1044
252
1414
352
1388
1430
1157
29
36
176
1410
1172
325
532
208
61
306
144
406
366
127
200
1263
48
447
320
1084
237
1
11
214
54
1116
1456
248
208
1338
684
215
204
26
717
932
417
599
203
1025
6
247
1398
410
1
1138
1114
1143
1322
368
225
1466
64
1263
473
11
180
1313
1455
42
1390
1055
1298
22
1030
1255
75
1109
1033
175
768
309
1197
185
1281
56
343
478
549
375
804
481
269
1371
468
1102
883
618
1459
1314
276
1347
434
1474
316
1444
1404
15
1148
86
167
1097
232
359
1416
187
205
277
227
941
433
209
1262
944
129
289
224
576
380
536
57
444
1017
282
1414
1058
465
0
1234
296
1002
1043
161
323
369
585
1431
12
69
187
1169
134
846
3
2
1445
384
1238
0
1
502
1314
435
163
39
204
1020
1082
205
1348
583
307
1036
1049
559
1327
1301
235
944
1251
1128
188
329
644
7
1073
5
216
491
463
1056
516
339
1096
421
1389
481
62
1075
7
180
791
1411
512
183
1227
367
219
321
2
551
214
9
140
463
355
1261
188
705
266
351
983
1119
41
749
264
239
7
1439
397
1093
771
474
725
491
1283
52
1479
713
1383
1293
1182
257
69
53
1044
399
477
6
545
1
410
88
272
380
1322
351
641
227
63
1354
1341
1404
141
482
263
1265
951
179
533
1123
2
1426
200
496
88
6
1067
287
207
246
449
58
1124
751
1193
1342
1108
13
47
667
223
1341
549
397
1286
587
1091
167
248
7
262
1326
1106
130
1029
1374
45
485
696
270
1291
436
182
179
1110
1400
327
1216
580
1381
221
236
1186
1042
1266
1401
234
5
0
180
36
294
1326
495
1433
1320
367
434
689
247
13
50
1240
42
33
257
261
1201
1308
45
342
1130
29
567
692
74
480
236
1186
10
1393
740
1482
1362
298
265
158
1230
224
296
1243
223
309
1274
708
349
1291
1219
1302
171
429
1470
277
1102
305
61
308
256
1325
280
10
241
210
780
316
395
1441
1255
77
904
307
357
11
1301
18
46
231
1273
573
366
312
303
76
269
48
36
73
703
16
1323
222
1023
284
124
529
177
397
1268
1279
456
1286
1398
239
1481
319
459
70
326
1427
168
968
590
344
1294
259
323
915
332
0
549
356
1479
1484
212
214
1321
1380
55
1161
209
254
192
298
1343
1373
31
256
434
132
21
1225
250
260
925
195
161
182
207
474
619
348
1480
1419
302
170
1364
22
1263
379
1455
629
1099
97
279
279
1214
490
74
337
352
9
247
870
522
877
1283
969
347
168
864
46
353
233
351
1172
1504
200
1188
889
1262
1365
362
1461
261
1110
315
311
1279
227
317
1456
2
107
1369
160
1284
195
264
433
974
683
109
239
393
1385
398
486
1239
70
183
453
784
93
262
1445
616
1123
169
330
629
18
202
1445
1114
54
432
1183
461
224
1379
173
661
113
240
456
1152
235
733
1353
1098
13
25
49
50
8
1232
432
95
179
8
219
582
1229
1226
256
64
550
1055
442
589
1120
358
32
348
1155
482
40
1305
41
196
345
895
192
797
1138
616
656
75
243
1281
1443
260
223
1054
168
38
1457
164
149
388
182
1197
166
395
1319
1237
86
6
1282
1378
1395
255
307
183
1410
1336
1287
247
265
78
242
320
349
1508
375
1337
16
364
194
6
408
136
557
230
1271
0
262
251
40
1397
46
390
291
32
417
610
666
347
44
55
319
429
1483
165
864
188
117
1156
6
111
96
466
582
1428
3
866
244
40
165
161
128
87
934
16
481
339
1052
1448
275
206
137
1355
137
277
459
27
1321
1115
56
0
160
607
169
399
1179
271
198
1504
900
636
436
1385
43
217
230
1446
1235
134
1218
1260
253
18
181
210
853
701
85
156
166
1014
391
244
1265
1215
268
360
197
216
269
438
257
1317
1236
239
213
68
260
280
1046
430
1364
54
269
101
298
557
1365
1356
623
55
347
669
117
740
53
1282
466
1491
1312
33
7
267
638
1393
1156
1306
789
840
1
21
411
266
31
784
146
407
322
550
70
1290
1
1118
1270
1363
675
1360
1370
430
17
580
154
239
1432
521
601
368
578
41
343
1364
1357
217
919
181
929
5
66
171
177
184
250
1060
318
1286
736
564
703
128
1484
136
13
40
100
1345
412
217
1335
74
69
620
562
1117
162
216
66
208
43
199
174
1240
223
504
415
63
1165
1435
1235
1451
167
226
619
255
1145
257
126
77
251
637
292
804
13
1394
521
1297
531
1171
270
1255
357
1396
2
441
201
1160
816
160
480
3
60
1351
547
462
202
475
1218
169
136
135
5
137
1350
628
182
1
1219
203
1365
1402
260
228
16
320
1430
473
445
40
1002
1433
75
1385
9
1133
1282
450
222
200
1324
1326
1486
201
89
217
1138
461
121
569
355
199
1367
1124
26
1120
416
231
351
1157
807
60
200
36
399
262
78
549
687
199
270
1449
1385
1139
1053
551
388
207
1221
413
62
397
442
115
1467
203
159
1393
1398
1077
125
6
440
442
85
171
1392
732
194
1277
4
1283
41
424
35
13
1295
832
125
1074
1344
484
185
160
215
489
176
258
1384
7
62
1384
1002
267
428
225
221
1439
1005
39
66
185
1066
214
1436
1436
183
85
5
1506
1429
624
47
6
257
127
1
1507
1413
27
1441
237
425
426
1071
211
1164
1365
11
688
87
1288
248
1390
1348
1257
174
997
830
326
16
1047
358
22
1279
439
448
32
242
1367
457
4
67
1100
21
31
177
1385
489
163
1207
1366
310
243
342
22
394
312
1031
232
266
1271
260
69
1385
1337
1464
233
1355
431
29
402
172
817
221
198
279
1448
982
49
1391
1164
1454
933
199
187
46
78
228
486
209
1239
384
444
442
229
460
1492
1238
1271
16
560
88
59
1162
53
1170
41
186
380
140
379
29
1252
1464
61
1125
225
381
208
224
1040
510
1318
1110
279
1314
143
1470
457
414
237
42
13
54
522
357
521
40
406
1186
19
252
1239
1280
1399
32
1394
79
238
336
68
1402
565
1456
928
376
4
33
48
1138
1317
2
96
864
15
437
1427
521
1
633
939
1412
62
581
173
221
1503
1431
58
212
1457
264
246
141
542
158
104
1094
783
552
107
532
210
282
280
335
187
360
157
279
225
181
475
228
212
179
1353
63
698
1011
1258
86
270
220
220
1102
349
268
211
419
166
237
271
1049
206
1395
1466
215
97
232
1090
20
1142
0
221
302
398
95
923
249
268
329
382
71
451
295
246
1504
1169
1407
222
1472
250
214
522
143
1398
295
184
763
1308
187
315
370
1253
250
275
513
192
292
1393
344
244
172
195
473
268
231
0
429
178
216
356
1447
195
176
173
1328
211
52
1408
193
406
438
181
641
327
6
618
137
396
5
194
274
133
345
71
1426
7
383
87
71
1353
392
6
1477
71
1050
1484
149
1433
236
235
164
7
264
291
1380
438
14
54
280
248
1177
650
332
1343
425
259
2
180
562
1371
76
36
69
394
18
16
134
1358
1313
16
1168
136
1146
175
1181
255
1354
1061
86
62
107
460
1218
9
1297
731
1391
12
1061
1360
208
53
851
265
265
918
210
280
0
36
1376
80
653
690
210
264
218
398
89
193
325
1420
46
242
1366
56
1481
160
997
406
1418
1262
586
136
319
532
170
290
238
1323
13
56
58
36
189
556
227
589
51
479
151
1329
277
935
1388
141
26
1354
272
59
1198
177
1316
126
496
1378
184
1200
0
167
303
481
41
436
160
1354
232
165
1
1378
1478
1344
497
117
314
102
77
39
177
340
181
931
1165
460
182
161
283
128
806
193
333
447
255
1093
1346
652
1460
382
218
207
71
642
230
1402
1394
395
1351
186
1152
56
1346
1328
152
73
44
1467
185
187
99
199
124
196
1
142
243
1330
442
1339
798
1299
1344
72
126
857
1143
1398
419
270
189
1381
526
85
301
1323
941
1065
1187
102
600
180
1452
624
1127
80
185
442
1367
366
1497
249
158
160
288
289
1148
1413
411
269
1120
366
15
1483
1264
26
46
619
0
568
481
2
5
271
995
242
33
0
320
1267
290
550
152
1164
146
663
118
1451
313
140
45
1482
228
1302
1462
34
602
112
222
222
63
1
128
79
161
383
8
267
212
67
27
167
1418
1254
72
45
1507
0
1154
37
1372
1309
6
301
350
473
107
187
204
1373
48
322
174
270
32
1439
93
340
60
185
79
152
254
29
1480
212
481
213
146
1126
345
196
106
1478
804
55
1184
379
595
359
123
435
34
50
91
1206
1185
155
432
204
34
278
344
627
353
603
2
68
1377
63
15
203
239
118
275
254
182
47
1017
313
136
51
97
251
207
70
95
45
391
1499
281
347
1478
500
50
81
216
242
1323
7
684
8
223
35
3
242
1397
308
441
1121
465
136
497
172
268
1143
1
48
170
1223
1
1412
1101
138
515
138
51
1350
24
1176
75
182
187
375
64
75
89
5
1318
501
50
1098
656
149
1019
418
538
464
192
1462
62
173
30
14
22
116
1468
26
287
477
31
23
481
795
170
295
44
475
1458
338
38
257
314
362
396
104
43
741
70
366
389
477
173
1
16
1468
243
1302
23
1410
1224
168
1153
1480
1369
45
1264
843
1123
1257
314
247
174
20
942
470
470
279
44
1272
256
438
467
1427
710
572
132
32
531
205
1297
224
1167
1159
587
1435
387
26
28
384
434
20
1128
391
54
639
343
30
10
127
241
4
231
75
434
218
234
1490
151
720
1363
1375
1059
229
52
128
37
232
1363
1185
154
116
999
1387
401
49
34
381
1391
1115
1161
1160
124
86
233
271
1484
53
1367
1505
1174
163
564
1088
481
281
241
67
1134
158
183
980
325
67
257
162
116
118
187
166
1130
219
1024
171
1228
66
440
520
6
1402
32
1288
202
218
1134
211
191
1404
321
1160
1181
80
272
1395
242
1460
278
940
516
197
558
1288
30
1156
178
1291
278
492
233
1462
73
84
1178
246
206
117
209
290
84
404
1161
152
218
68
133
249
231
1175
1237
394
336
228
1228
1389
155
312
124
947
491
1400
327
230
179
128
4
129
1423
64
1172
837
31
485
1387
178
1377
1464
1340
74
64
165
60
183
0
19
73
412
231
1392
83
422
367
425
846
1458
564
1
1296
640
1128
224
82
90
124
37
133
1340
1280
387
141
309
350
301
977
1115
377
1309
77
44
191
851
159
59
902
185
1391
3
1247
213
639
394
1460
1370
191
375
666
19
0
1352
600
200
1417
305
1157
217
21
65
113
1506
1105
42
0
223
49
617
1393
34
127
543
411
1224
568
1
683
229
330
232
5
92
487
1487
80
1059
1272
22
229
228
386
358
119
89
1166
1080
79
718
220
1399
1338
651
447
37
1490
1249
440
248
116
130
132
144
47
1180
1323
1441
28
1191
1320
7
10
190
1462
484
59
39
1320
162
130
150
665
141
314
407
86
214
1148
239
92
304
1447
1185
70
1119
213
254
582
128
69
566
355
1242
280
4
1386
168
133
185
148
159
1320
1493
26
194
0
73
155
63
626
1404
27
21
1392
42
207
1071
1434
102
199
193
205
1265
206
1498
1330
138
189
575
33
381
295
1140
444
13
159
253
243
22
1482
1115
267
637
81
1
198
1027
242
207
1402
1349
226
30
583
1500
248
180
1276
131
1492
1357
482
38
987
227
220
1366
1091
410
212
1430
151
1068
334
127
258
16
68
137
734
72
382
194
1003
1406
71
86
900
2
95
3
1275
331
583
259
253
63
1468
1383
45
1296
526
246
848
123
118
1390
248
213
1199
530
88
165
26
0
1362
1322
133
110
186
172
824
520
103
541
1317
1158
65
501
379
96
435
1475
511
59
73
139
871
281
445
867
67
480
65
1173
215
23
24
455
599
434
57
481
557
1175
493
540
1295
329
167
1444
134
77
325
1094
81
621
20
262
10
11
159
254
266
1380
32
265
39
50
272
1253
120
435
245
195
240
1127
345
1495
254
7
147
223
140
94
654
1335
534
1369
972
253
208
4
580
226
400
372
1328
15
138
300
168
1429
125
1128
89
956
1246
210
1372
243
1110
121
737
1173
1290
151
747
146
489
441
58
252
269
1190
1465
54
96
1461
226
435
1454
170
256
1384
449
1348
137
40
338
1457
1108
2
284
59
106
587
1382
27
454
591
80
68
227
521
191
38
176
210
1452
3
382
183
579
458
63
507
42
1407
579
30
194
1437
163
98
621
129
144
10
1221
826
1180
141
50
1198
258
1112
1142
229
49
468
3
1361
10
67
493
165
31
581
249
246
98
1271
171
203
241
1480
38
121
1049
223
6
125
310
1482
170
435
567
1118
1303
178
1466
23
970
22
20
1085
841
80
400
1349
1129
517
213
76
1237
354
10
682
166
366
19
519
250
734
162
644
1129
1483
470
239
171
657
243
241
1339
1400
1331
200
210
10
1356
1252
172
11
482
129
1485
74
1450
400
1373
71
26
161
492
200
1051
591
21
163
215
38
1463
140
540
110
327
579
270
248
524
155
206
457
1172
200
121
261
224
54
198
842
1400
1327
1477
142
128
212
183
813
253
117
35
1306
1120
1355
1380
68
29
25
1297
91
194
1163
1083
799
250
25
596
131
109
138
1193
90
1139
1267
108
368
349
259
486
1258
513
428
91
591
2
468
1170
87
85
241
1020
1119
1146
360
241
1289
1131
347
256
437
252
184
962
356
35
154
260
210
201
0
1304
573
1342
61
424
215
1506
310
21
61
2
438
127
632
273
107
520
146
1371
203
12
635
1140
193
0
279
63
65
355
233
99
199
1482
176
148
1420
149
1169
284
228
87
150
1313
25
51
96
25
411
238
1276
511
1323
439
113
1389
171
437
24
219
13
143
28
180
1042
1494
58
142
227
87
249
26
1175
308
278
24
478
489
12
393
1184
1173
1446
254
593
1153
164
99
1343
1448
1101
1202
31
5
728
4
871
51
189
1263
284
60
308
787
281
475
441
48
27
183
1126
98
1478
482
135
586
340
516
800
256
339
156
139
126
122
253
431
273
35
1
252
423
236
534
38
73
567
1503
106
195
59
44
357
32
616
1440
1145
1487
482
38
82
23
170
240
1484
308
201
10
361
361
1174
126
5
1431
293
186
290
950
362
598
60
169
1294
353
3
224
148
1133
1320
7
733
138
58
754
241
1366
450
76
175
236
1308
249
150
1170
424
180
68
165
5
165
461
266
186
422
349
1453
103
345
206
253
325
28
190
645
1310
237
51
100
192
234
611
16
1241
464
365
246
217
324
1487
222
1379
598
1343
181
1264
172
1441
1303
1070
382
254
1396
1192
57
1382
19
12
1269
123
86
117
64
115
320
63
119
1502
35
1222
53
814
89
590
1083
1151
1137
113
1055
82
31
205
97
20
37
106
562
28
578
4
193
1467
239
331
1325
240
150
201
1257
182
237
9
159
1282
955
514
34
154
162
675
98
237
165
40
1354
449
208
821
261
1
478
364
297
715
327
1438
1367
114
1085
317
37
778
77
35
0
674
243
82
558
1244
1474
12
270
358
537
96
1359
153
1486
1456
407
43
187
315
598
35
361
348
648
657
1428
252
153
225
1253
5
1476
4
28
1416
61
34
36
95
1193
125
72
92
810
1156
155
147
127
139
142
184
9
451
1
78
254
788
1476
251
1289
760
148
446
943
42
1370
1334
315
153
67
1518
202
1464
182
528
91
231
100
74
1277
1447
396
1213
105
9
255
81
18
0
1222
554
55
492
1355
212
179
107
39
2
62
237
89
1389
282
383
128
170
171
60
3
37
1109
477
161
1353
1463
414
1480
1386
1196
71
421
140
227
126
693
54
1334
210
172
229
83
465
225
1295
1500
1159
245
72
24
2
315
1112
1274
487
197
442
335
79
770
1403
291
159
3
141
256
428
198
252
188
174
639
344
76
373
253
1213
44
56
269
1465
4
160
1284
616
1393
263
911
250
143
510
214
69
87
56
405
1099
229
1415
982
293
96
1158
839
38
137
1025
135
485
64
407
2
125
9
686
1
256
1429
1246
61
1150
1463
1256
17
17
1369
159
146
1470
120
22
524
110
1387
99
1070
218
3
1495
71
438
1261
70
611
112
702
1206
331
125
1035
83
153
1
1127
463
59
151
261
1448
515
1457
107
148
130
618
44
1157
35
1367
73
1105
68
67
1483
686
1402
633
249
472
221
1348
89
57
2
1436
1208
1320
1252
163
62
72
145
167
544
129
152
1478
1362
27
1019
1065
161
250
3
66
241
1375
1258
1
180
52
163
1363
180
133
976
33
1148
34
1370
381
1144
616
1128
1268
147
222
238
416
462
1366
1273
40
1339
1462
1299
122
267
466
152
116
210
90
1308
1169
10
429
1078
1456
39
119
55
112
107
76
365
125
1362
121
472
56
193
319
1402
91
158
178
1483
115
1086
103
1050
88
191
361
247
339
1362
1314
152
1284
29
829
1463
206
1216
618
197
369
209
994
90
222
483
298
33
438
1347
936
653
249
12
103
13
252
9
23
1373
19
182
435
234
80
20
7
1351
47
812
1430
1182
172
382
440
73
1023
439
1245
106
145
151
258
5
35
84
52
343
1391
214
636
46
491
197
49
4
616
118
207
153
131
1480
125
1387
630
63
1198
52
1473
413
523
54
407
0
522
639
189
1312
267
398
84
437
201
5
64
447
7
1409
1132
184
662
1139
122
458
0
145
30
274
1213
734
50
1131
159
109
192
215
159
1183
867
1409
254
162
34
427
177
256
27
171
333
91
119
349
64
445
203
1340
1310
42
272
154
89
79
210
15
183
228
310
1336
25
1101
1280
398
64
555
1467
523
9
8
916
85
167
208
85
723
305
21
221
1492
188
127
1353
62
295
139
1428
392
354
1459
1428
665
61
192
252
592
278
89
9
43
102
196
18
123
232
1064
81
67
89
475
98
1489
198
55
1278
424
1072
1171
72
114
1
460
257
1482
27
209
24
1300
1221
237
15
273
180
1469
16
1503
169
222
57
74
135
361
1081
135
60
1019
170
47
1141
32
119
490
1165
1309
106
134
93
144
1154
804
88
39
1405
160
991
1433
439
1341
342
534
1160
420
3
0
1417
1270
1353
243
233
1327
403
9
4
479
253
39
28
221
111
0
1129
169
91
100
97
2
1
528
23
83
315
1299
60
818
1122
1433
139
1274
259
1023
1354
175
241
174
118
9
11
1188
363
140
1471
51
62
79
1287
96
104
1383
239
1474
344
604
545
87
1415
203
175
473
197
1457
217
527
213
167
3
22
244
1274
32
202
6
108
704
126
145
14
1414
239
634
220
733
1
1095
387
65
201
103
1089
1130
232
1425
33
8
295
0
581
1352
903
139
54
747
79
107
5
359
3
1339
1024
409
164
30
217
97
217
1
43
107
471
705
748
178
67
387
1471
983
32
197
258
1035
129
39
1488
157
78
1418
96
49
53
151
1310
61
51
139
210
1363
1038
99
34
1486
81
76
267
147
80
251
224
225
133
583
1011
38
1430
175
458
1472
955
188
20
61
158
1039
420
219
84
1424
1342
55
1178
286
184
302
449
59
337
64
88
1278
22
178
49
103
0
277
163
64
195
147
1447
145
243
45
1469
379
1450
247
190
1347
389
65
1323
93
204
188
421
115
86
146
129
689
53
65
258
449
59
1424
208
1396
19
72
161
43
54
186
1361
44
259
1359
6
535
1511
1
22
175
0
1175
108
240
1269
190
41
90
189
374
436
1466
894
1
159
1061
481
36
25
743
6
43
1390
246
41
3
230
166
2
105
132
212
1150
