66806.77829393807
41759.69892685861
55938.324766936996
55142.46142316406
12422.63163147072
29359.523850832527
5528.338933628547
22188.718911528133
15254.74909211337
21785.882250382758
15170.362661273028
27355.380242360847
14267.576127707674
27974.32796768287
62888.73303881311
16042.882920753716
5857.126370620177
55742.45948115022
26755.381404467043
36259.5145794111
39517.91411721164
55338.32650545036
30363.20301875476
28574.326415564403
54501.57253750366
20213.953820273637
10883.81529455942
34831.35434888467
54542.463501621896
55701.5689694912
16147.851485874704
62288.73494075203
5839.275238542631
46220.248233133
73568.96606281953
23587.11775761732
16747.850780364904
19377.110204939305
12367.901178095628
48261.93233045769
12487.948690343846
55711.692983311645
53942.46523134842
19603.49894846796
70548.42324058122
19446.340168682033
41159.70103436183
6162.532074607701
28401.767609991522
24853.80148799332
13022.630984468648
37689.557976194745
27201.77030567423
47395.157935983676
32499.705182173617
32682.99380393077
9899.834897064125
25482.47071415544
5337.340962606883
25080.20459827403
19465.48169885901
18865.482292451383
22426.736545326417
33282.99235373881
27374.329809791638
8761.229058183544
49363.686197328316
77299.96531956087
63255.01349309118
46820.24677169987
33890.15058238705
63855.012117427264
37089.55919652736
8286.999015324736
32562.23962654615
18619.983640582097
74768.96288672379
84091.51765100019
30963.201976188826
83491.51886838251
16406.310286882883
7362.531421443743
56342.45812935596
20957.88336030915
35431.352883141124
20813.95242163326
23026.7360446211
38917.91611407397
14167.89928653658
23772.53243988097
44151.63392489278
6128.338783505931
17004.86493484603
7842.2005850809055
30607.112360585717
20065.481165281915
83277.56815866496
12284.05278371168
28421.277854684162
39047.408344307776
28413.634375093126
33099.70431943903
7686.999313373253
42359.69727571167
1867.788654640024
113568.78956490837
8201.921720247648
12993.064328751107
8469.154775106888
15806.31095082596
55111.69419385243
29021.27674775053
22385.881627469822
6622.5157563021885
20665.48078840939
6938.797555328904
15206.311489544398
22987.11933034869
11822.63239035647
53901.5744213699
63488.73129016451
53557.83375448552
49630.010489916465
40117.912824745115
7827.162542936986
8062.010402162908
61776.20341663121
6622.381835177092
9862.009207535404
45620.249602396885
10350.265545060096
7340.220699648523
13586.12703855326
7462.0107694169465
82677.56934386033
12089.828579962774
49030.01117983279
46415.93705639279
38447.409679510725
2467.7886088664304
48763.68731781586
24152.486592223268
10950.265182026458
7060.577305166222
47995.156105829585
18322.901146528748
35690.14579992592
8519.111049702473
12101.096383631833
32023.870670199783
9750.265949324099
7904.797479976756
68006.77547660662
112968.79057400009
8662.009949192512
9262.009515383173
6083.7826257993775
10563.928043504135
1267.7887672842269
8483.781661145149
29959.523427097753
4727.912459053521
24126.08929934974
6149.053484352742
13182.331607443324
16601.300586766945
56942.45768180952
67863.04832596265
67548.42780174575
55357.83026950537
12604.7102435684
8420.925639722216
9214.722537819649
42373.98519608192
7865.908267764769
8841.156883678195
36859.513791012876
13035.237750878125
5808.02056588824
33520.56257937056
8442.200464975476
7608.805130644683
40559.70293655249
36290.14523184994
5534.928223915399
65055.00848777761
16472.971957758353
62976.202013166774
35889.563382598586
12683.545941472908
54004.882375268266
6551.20601081751
34120.56186842305
10786.999318940629
2483.035549098792
43415.94133721701
18804.862697728073
7558.0726100031525
7590.830074679037
34720.56121989581
7008.020186897068
8911.499529647726
8504.797219552123
5361.730356122645
18265.48284472846
75968.96149196915
12096.734743059298
81091.52256910932
98232.62626422754
47015.93664610229
5937.340918277635
5549.053634385815
18641.35138743446
32920.56326957427
10462.00910882086
5469.1558886958965
10736.118394668554
7820.9261398368235
5540.221275574922
14570.36358230961
8241.156984118128
19017.662472728032
10619.419306725998
5998.501486848854
7632.242435189374
6913.4573729119975
14300.023218579725
64088.73009376579
7265.908481627715
7036.310881248685
60679.11629323864
28759.525476352494
6457.1263177565215
5908.921405927926
9237.418301319514
8387.253029298427
32320.56386167698
41124.152906970354
7398.905314119907
9127.063230971844
17665.48326513652
9484.06093006556
8766.869944179212
11550.264926574517
33699.70402930218
99432.62389547443
6358.793624644734
4961.06306254707
53417.48925663806
42862.16831896078
11153.319117756513
68463.04779400717
6161.062793044563
7958.015211890552
9830.47441094903
33882.991960610954
6880.153475752321
5830.237643156059
6202.977183246132
7374.686441517588
14337.94085521618
6538.703474990783
6313.457554455337
2219.288638283193
6360.361177355287
33143.66909960922
7803.833900320645
5952.335586955569
10499.834765849197
48391.01039794014
7962.559388640783
54138.329406759374
5650.900546689279
7950.837999961686
10570.966191545976
48620.24418401287
7759.451411431658
6408.938023770219
10136.118677374378
61688.736547934044
7261.938151045872
49963.68588428232
16507.1323612339
72968.96769933017
7515.1338887528345
59479.11735214368
19163.948295952923
31720.564291377686
6561.730220657733
23626.735587761785
44267.86851134879
41301.34259116232
2919.30846092214
5636.625873610999
6915.743649736516
1883.0356102811284
6571.825652771047
35320.56071222666
7335.443256369228
127694.38784131555
8504.74884188632
7928.455387430136
6958.793471820655
74168.96436246429
6312.951376615574
1251.1439480809215
35920.560410212755
13567.899721246327
34362.23511158624
11164.419989840268
45215.93862454682
1416.947709311205
6153.282764838851
6698.369608371888
8408.591611763915
8387.371614830665
6361.408721035605
5504.798380004087
2616.9475226548197
55217.48818825848
7662.854519921567
9022.515137457725
12667.338179349106
84477.5664925391
5876.223821622058
54738.32814283679
8494.718334299485
8549.052734718527
7041.778865966368
37843.94755977728
