348
378
351
365
368
358
334
375
359
376
363
320
352
377
367
285
377
370
374
324
372
371
353
358
537
540
369
350
343
505
337
321
536
24
504
354
371
76
376
22
282
334
389
322
359
369
320
373
367
351
319
328
368
362
536
534
356
497
304
313
302
334
390
364
413
55
384
379
385
533
337
323
360
326
308
391
503
353
384
347
362
53
463
289
393
344
238
350
382
449
387
381
354
327
331
501
374
344
378
444
497
503
316
355
78
290
386
299
278
287
327
523
497
475
499
310
284
496
326
340
285
498
317
390
303
343
316
321
239
369
496
289
547
340
417
303
302
350
536
342
288
332
383
284
287
301
417
382
517
299
381
327
420
346
533
313
361
471
416
540
391
500
43
330
395
505
308
308
304
419
56
295
277
314
74
506
360
388
27
316
361
384
238
89
338
326
518
530
33
91
333
419
81
537
494
446
304
379
349
74
279
25
386
513
339
910
292
505
362
452
