3435.2511712601477
6488.756487062774
2636.4451402784434
13626.896314854388
9392.56986903139
11067.336881299188
4043.3207337874132
7081.0176873442715
9324.342506190591
4545.523262842442
5948.5126446931445
2652.577551303057
2638.5771344642367
7685.119791820509
14411.073936772405
7558.913870032735
8938.755687253108
6745.53242104093
12044.651120944829
14822.90692375209
2886.6974916098065
4207.270612035259
12719.779894738824
3992.9803969795494
4866.775515981356
7275.047767927841
7449.523187526018
9335.09654455393
2058.512448348327
6675.047844944672
6958.91394058622
8201.179834162725
5079.1764178483445
2659.8579837753687
2865.9905497257328
2932.378842088792
4040.105140438965
7597.664110219984
5735.125377944305
9147.955304762152
2348.414327349664
5183.794516931136
4501.220731002609
13969.483032331567
6757.340715432318
4104.646887380236
3458.236104197302
4875.7989221426715
11714.179604175817
4052.7303323425895
6268.646704708359
3462.1388546004705
8124.342647426947
2343.247502106766
6666.724266554114
8803.08304488029
2038.5772221037985
8459.980281305066
4033.168384787252
2053.903107758571
2107.5832714940634
6029.77174607871
2042.7078865323235
4557.268808770338
6159.077774292054
8490.75312900408
16029.358188183602
4818.829788609934
6033.62870262092
9403.082985174167
15737.805755596593
4340.68093272766
10343.004315154769
8612.524385077111
5466.775432735204
12382.573840717894
5970.054852597391
4392.108241294794
4683.59757342943
4056.9781089328803
6002.476977870222
6145.532516531739
4759.930942181044
5188.715712285688
6186.206330693618
4593.653556960083
14319.537206130908
4144.507286628922
8383.422772591928
12876.595224586723
5685.869501580163
4731.266406901617
3491.1234551957064
11699.057378214615
2623.0786181507033
5192.9802010449175
6446.838826200693
6157.340811863415
8724.342567372763
5586.206397524167
4236.516799088771
10285.47902001203
3453.4562412515284
11179.902009925467
4572.1990149482845
3900.537361340942
11710.96057461183
9108.358166711252
4064.8058059406794
4049.8529919413986
4159.062615579752
8187.192602668582
8767.46836578496
4026.2153367146443
4675.79941024569
5171.165730346285
12848.606207171832
5673.504842953864
3718.261525329141
4353.207549567772
4352.2915248409245
5996.210682016527
9935.037117983438
7342.45892596775
4307.514616299116
8168.135514512637
4629.751091729258
4469.856956335947
8119.89432503493
4477.864916625723
6929.2097178830845
4499.077342446956
3608.9716469456885
4750.663787454378
6489.938116463
4424.5431816823975
4862.430482253423
3935.1255323795945
7364.790607884768
5147.884921178208
17773.570177644135
2341.247640161862
2012.9551993638552
4871.272878487959
2040.3007334743909
4553.306357129572
3683.678913859506
6263.341229726396
3608.560774273261
6892.330908971907
5367.717863196003
4572.118670066933
5959.062513917185
6090.753446799677
5732.265072688385
4167.717934955878
5077.473927251693
4874.97478122997
4752.031206874653
5868.871319619305
6133.50654322561
6102.09918498995
4497.495649444286
6161.700712478368
8719.707034092497
5417.155054134417
2010.597677789072
7060.725138726614
6162.622368817556
6920.203795692493
6271.346992059174
14365.174033064308
5965.727552789625
13650.813801375783
6532.472217057524
4799.74195073316
7388.735312125151
2347.249473958266
5971.500742969369
3615.022514025092
5407.270511727178
4122.990476677337
2778.88545109635
5989.007886973719
5418.829753066475
6006.33271104763
4560.6301257373625
6052.454366074467
4653.204080360314
3618.9974098092716
6295.535384526585
4190.158809005276
4320.572569919883
13987.040112330373
5044.968250953757
6270.163479969535
4573.392450182545
3085.0768353067024
2022.80001355219
12385.304703273136
13934.786867464863
7572.999899947306
4614.374498032511
4275.1724542237
3621.5145963021187
2024.83895530755
4872.796048923939
2813.200984462882
4350.485962164739
13997.683573602917
4536.858933271629
9987.192381962295
4502.995136437319
6975.049632952551
19765.81903198182
4631.043371501063
4753.915794797427
4116.366579496215
8735.122290835543
8092.3307568965565
3945.5233182658076
5992.709459013887
5193.653460456328
10943.004303917156
14277.190514538926
5454.147101489228
8649.523090394785
8024.8153218356965
10215.547435256405
3629.5768723634465
4808.971578087048
2010.2738703308014
2017.9498079874354
4058.8458857002006
5858.180540164781
2669.5453596041957
5053.710226147516
36190.61894846563
4568.687011987187
3891.5582347244695
7952.184942987453
2401.8467897817923
7357.69264811609
6454.582333298769
3777.590459350874
2330.336722822421
6038.125879637561
1779.8101765940887
4224.511264930885
4487.6677354959065
5552.049125503134
6822.046110492223
11056.110727237667
11381.11416768393
5577.685174885074
7183.840589867238
4985.71215265333
9968.135293503014
4954.6197297227645
6279.752465905365
2701.2208252683095
4085.3647971494156
5187.629771217298
9032.30902936261
7354.1849527038075
3892.9712139735116
4097.465382534489
5988.74550228389
4959.25988242955
4124.279513294986
6375.135567093235
1791.0306470466805
5966.953434130846
7718.319512740232
3624.511302070285
3785.46908962028
5966.3116384208315
3901.220773748568
6024.51121826601
6368.135659878416
3449.8530983496616
5470.441907331441
2690.9094698653976
7494.969364893107
5254.582420622462
4640.349848889722
5471.272866235633
7313.743231524678
5570.781599790622
6181.697729139778
6472.06383729805
6652.880764887455
13996.350062632866
6325.523104322803
7227.7724002667765
36790.6188610647
6037.404010093883
1858.6163740716822
5253.276921731307
1438.5773078163218
2457.3836063093727
4815.934939170702
10624.922361324665
4572.490458087782
5258.082477729009
7500.6338374051475
4960.918531277752
6185.945347712879
16243.237985884038
6156.102372699927
2027.4404769045725
7347.195132811058
1703.8342023114176
1479.7490924492222
1857.3836113870761
1555.4008368691984
1920.516223476262
5896.951655146549
16396.620926129875
6487.936666512976
5273.175390086253
3884.2489256014574
5571.966809818034
10890.752986997388
4881.758071175091
2418.9974649575997
6599.741785338613
1533.7846020323652
6597.55750626053
5767.630999832252
5389.007969660694
3757.88587092994
6484.259882696636
1801.8467921670754
7308.358270048572
45236.78496993321
6896.581505818167
2553.0559714257324
6176.900467041481
3801.8130189267667
4331.753090541362
1944.456408015914
5725.523146657519
16851.034488681253
7978.5251416737565
51170.81887298378
4069.112740709287
2702.995217988954
5692.688679526585
1426.904438793814
3895.535462490883
3877.8649542721573
4344.6606184432
5042.389151922095
5556.102424582881
45689.203763834375
2698.0467079575064
5444.549874535805
5502.0992279387965
20110.00830499589
1408.0581146961879
7316.95390481877
40531.545731855615
3559.0626610277063
2020.4008000008982
5284.969122951841
5095.5354199681515
2560.141632225274
3702.7013560485802
6267.886315426234
