660
968
971
969
968
889
968
659
661
964
890
971
890
970
885
943
970
975
650
728
891
972
1206
981
932
971
666
878
879
648
982
665
979
978
1220
614
956
965
874
733
875
966
854
942
961
978
889
613
727
975
879
1011
956
1210
978
651
739
1276
1009
614
887
664
1035
882
1280
964
888
863
888
1112
888
505
1044
952
1114
1188
978
849
731
976
981
963
994
962
934
885
991
675
981
994
958
653
654
503
975
959
1210
1205
986
883
881
937
981
1213
886
865
706
659
964
884
984
1113
975
857
602
1032
736
612
677
1053
986
951
1050
1119
783
989
933
990
1274
970
986
1243
1028
1218
987
994
1108
886
1107
1122
941
544
717
1275
979
938
963
1106
663
1217
735
663
964
499
1211
1217
1216
868
673
1274
1105
966
991
651
729
889
866
883
1118
1241
1243
1202
1202
937
1029
967
550
673
1200
680
603
1196
1105
998
1121
741
733
947
944
1241
960
956
982
1209
666
1128
1120
758
705
552
884
1214
743
496
1115
676
716
1066
654
958
517
556
993
1011
1208
859
666
770
980
1275
962
1209
888
941
1053
1199
1199
1194
968
886
1012
1049
704
1066
884
516
1096
1034
977
976
887
742
1015
701
937
612
1218
604
937
892
1069
1144
898
1207
1057
1219
547
1147
526
1205
548
1009
966
875
743
1276
1240
656
722
880
812
955
665
899
736
1091
655
730
760
723
