-0.6099783020413386
-0.28650317564692074
0.3783155156266154
-0.2524475250232056
0.2708211763629609
0.1498183570518405
0.21424288144594802
-0.1977898324119456
0.4079990147442441
-0.24443908464097208
0.18974926566830516
-0.3138006647691696
-0.26352703223271357
0.38612564867609594
0.37710341017690135
-0.23156839782029795
0.2573069208450863
0.19400370597929514
-0.29801904863975404
0.17708899365617592
-0.13509673668124544
-0.18811013087319234
-0.3328435546768429
-0.2467897972563712
0.19688268933778516
-0.29556887529456716
0.14074302117875553
0.2336709027899533
0.21445080054954557
0.31267092663591944
0.19007997386888453
0.1465704482444353
0.25557287893024183
-0.16968988560100465
0.2666091854275585
0.12835006326925535
-0.11545531324815694
0.17581488525942715
0.24599361825911045
-0.23172689539984806
0.11279813673440858
0.1671558743559287
0.0796879892110103
0.12553110162959227
0.18512236063434098
0.11142382095157323
0.20473148674855834
0.25706783266837274
0.49700188342272134
0.6270314127939318
-0.1619078320421777
-0.13106774545558017
-0.12490132092028018
-0.1430282474954419
-0.2599274095927397
0.11584737670792711
0.14684914046864583
0.08194323015244533
-0.1784749790595818
0.1223362973266164
0.16364229930456445
-0.1668410089804108
0.15354907771685417
0.26703446713067386
0.10966030860536644
0.17687869557569605
0.1849897372620931
-0.13045243601323722
-0.21873742410592503
-0.16126221683001257
0.5661433907092086
-0.2100773457797525
0.09999039381702084
0.1006505222765117
-0.11297731061507446
0.11276737557805008
-0.08691927543326194
-0.13836784244680816
-0.09818272457076206
0.11359669117605933
0.21907193844246367
-0.14142640238854617
-0.1080820162986679
-0.09462438670488721
-0.17071833787243754
-0.11786303868091223
-0.1798618658417683
-0.172090564430719
-0.11454514080116147
-0.17967817073639933
0.11409912784821251
-0.1792670499109919
-0.07683721811272308
-0.07262042946354284
-0.10843591572415313
0.13059802185768615
-0.16730320890511247
0.13011864568691123
-0.3868797786420331
0.08926816174344612
0.20250419319693228
0.1297087199782255
-0.3846764373892401
0.14403704485917607
-0.07985426006040346
-0.14431455354373493
0.05565732125132828
-0.19606595395457765
0.23968630488137319
0.10946047257797167
0.17765112361854957
-0.2023937147871263
-0.14743084411535848
-0.07262454881574855
-0.14877213811431916
0.3861574804768827
0.3414236857601243
0.11416423336762405
0.19453827285710726
-0.1019720361028094
0.037605846603159805
-0.08608004703092256
0.20046015958835053
-0.0651935103019719
-0.11082432239199153
-0.17835650361417282
-0.1375868221135188
-0.21730774052960924
0.15369065164744394
0.04107277350944254
-0.16688577927765122
-0.03136517412400489
0.09146754640466674
0.13227669736388156
-0.2319012148814115
-0.25768918595912566
0.16764975535745316
-0.06677335161488268
-0.14178114846852624
-0.12210656273347627
-0.062345017644560984
-0.20753811946918369
0.12530282032068793
0.08187028888186743
0.1518749300807118
-0.14282056185567293
-0.13551965912030442
-0.17036392145898108
-0.2151145079458655
0.2044673737969305
0.058160535903619116
-0.18714056926161082
-0.053850766004918324
-0.18382157649765632
-0.16089343675196585
0.10336078348979377
0.14138810228101845
-0.15258406328807816
0.09196101723300852
-0.21209410517274746
0.05786437683747197
-0.17193716594773445
0.1530792653077799
-0.12305200061363325
-0.04751854980155661
-0.05965815921493628
0.04125406120643593
0.08855415472861179
0.03543519991590607
0.19217530812515274
0.1767371764762415
0.08843012073366563
0.07819084511811963
-0.12569036885877174
-0.09362482977056079
-0.21539925794197903
-0.09331507992462157
0.13542691937624063
0.05767992107985618
0.08809422810422575
-0.3282256048540114
0.0822010054542188
0.09230018745443956
0.08427600390852957
0.13210785581529708
-0.05316923998298618
0.09684165983392515
0.057798390194330175
0.138186378942273
0.05296354758573389
0.16039468997430606
-0.02848993372880117
0.146479785261109
-0.07352439795542634
-0.10109280870934653
0.1351042693832275
0.25990825906720744
-0.09612886598235218
0.03280742729421894
0.10581535243801038
-0.05010466858289515
0.05240724186147831
0.15051653991515704
-0.05982385590491501
0.08776716041983035
-0.04782197786195822
-0.14027221795555286
0.11009516932521786
0.04812213573910044
0.03258977899012234
0.0903920923727435
-0.07530028874109791
0.06762084337773534
-0.10144742219089961
-0.14803223900651802
-0.2617852387239976
0.04790898465094188
0.10488293329568024
-0.14505771465299533
-0.18197054901064402
0.04763008008664596
0.15083659083781997
0.1954929175105533
0.05719399080097376
-0.13136760649569845
-0.23726994831803255
0.0297398954588154
-0.12236330803560314
0.21093314175504466
0.053862957894497576
-0.08324650008007131
-0.09839894012520946
-0.049567017342274304
-0.1649513933217277
0.13839052972933036
-0.017770973814181586
-0.04992828939830426
0.08790779046331638
0.1304765012614028
0.08376274566874091
0.1903603487727425
0.1270499474286976
0.030417188117516605
-0.06097465717869043
-0.08414356156944318
0.08662552157401884
-0.2295535153653736
-0.11117281260064821
-0.11841964805751573
0.3777059892706427
-0.21504179883508567
0.0740409584567045
-0.1005704223300074
0.09850887181230099
-0.08594613938646914
0.22942108754288418
-0.04062066829082601
-0.11605311962543659
-0.07549914862725231
0.041917991434916375
-0.14011264063672133
-0.08454508425713615
-0.08135399028123973
0.1791506329159196
-0.056279737688785386
-0.03858691246936885
0.08426085736669982
-0.10941234591191688
-0.09916876160000243
-0.04517279497572701
-0.04385243257817237
0.05584564961991496
-0.11712343674224004
-0.049410073215614775
-0.06841525646924715
-0.1928505877581841
-0.09621095965432834
0.14784614891572775
0.07762575352616545
0.22967690471707874
-0.038638471043901335
-0.08595370968433202
-0.04910597910051212
0.18006821061964165
-0.07715683883378306
0.11302570681209809
0.10020701949586462
-0.12131300523867163
0.08280681154313023
0.0718452147342764
-0.09218656313132902
0.04060795398333924
0.03605870373234334
0.07311965465181461
-0.024333258837559105
0.07657787387062505
-0.2147105675475635
-0.06564555216810164
0.1360492910479462
-0.0649631557014473
-0.1814366942308892
0.028302982362817038
0.09780980767949954
-0.14670603630889864
-0.0586224973102334
0.19309265658934474
-0.10894738098994028
0.07390465423479205
-0.06726438892896403
0.04856571593762649
0.0602986287424865
0.06807072870700044
0.07390835618027937
0.049862477348988694
0.019114510915247167
0.09200495824266143
0.024405637580112202
-0.08374936740104633
-0.015949164437607428
0.05649321003770809
0.20480155184651078
0.030251356231973045
0.08325721203233717
0.0424439055155646
0.08107394241946345
0.13443782073234448
-0.03771201688394561
0.06537635473159792
-0.08684709105005113
0.09716330815249448
0.06186833108352719
0.047978802061291674
0.11029974574196982
-0.08559185664028997
-0.1534558663457441
-0.05013754773090732
0.07117242085266584
-0.1225505850264505
-0.058718341236127534
0.07086003252147997
0.11174185016885137
0.22515394665534627
0.07418542752122133
-0.15523009647968009
-0.07213031702143559
0.04608672678669381
0.19698046391017146
0.056725497892957
0.1419008836819409
0.042403857765253516
0.07127218723911473
0.06484327502222957
0.20491474543849875
-0.05625582323291312
-0.07842695530746557
-0.12534146933260087
0.05550651770034512
0.020388108238156087
-0.1531317767350991
0.041295803905347345
0.29713307388070825
0.029844458601626246
-0.03390841895158661
0.08056880324121017
-0.05477356876746109
-0.08581449095089551
-0.11025002677830965
-0.060468708624202075
-0.021678535165713227
-0.136838587506848
-0.11670221154857907
0.04481984401432249
-0.05577942620494623
-0.061215198666755025
-0.14287240743019747
0.077076586459102
-0.10852613337970957
-0.2965045155400294
0.09056083683712936
-0.10037283190591313
0.09792701188107802
-0.11129373849753597
-0.12821397557803157
0.8806102012785405
0.10633341705511005
-0.04765478542555082
-0.058934631043073775
0.04510082733287879
0.03587644466446668
-0.018623177970293593
0.10676762116701022
0.06153524677159491
0.03937346149508358
0.042521185483114836
-0.10375322017785901
0.037785214140903335
-0.06046150669716494
-0.03600350217752717
-0.14657250339931172
0.08471059416259374
0.09000459715231976
-0.04736759595303902
0.07842923418600264
0.13370808522303218
-0.16259969457009563
-0.1043315082334535
0.006087234509800243
-0.09691934049801158
0.0801648730814574
0.059240807127983845
0.05177863918365579
0.028308906631413444
-0.06223178258606679
0.07918424505092429
-0.08972735852676142
0.038185280587095576
-0.09402575003949737
-0.09189373472612866
-0.15666557036858877
0.025695162851008146
-0.05339968149616573
-0.051512111464451935
-0.12247803361486709
-0.016674025316951255
-0.033585663250124805
0.0346406744606573
0.04090775215596316
-0.11464891258629084
0.0283988071418852
0.038116731024696045
0.11341347307356074
0.14402417578608648
-0.04657975066153584
-0.0817100928583518
-0.13841260932015884
0.07057304409847606
-0.2128604387600781
-0.11592289887981143
0.0465639625705892
0.034808927357083644
-0.02899538138699158
0.07442211945251241
-2.7975854584980813E-4
0.019325711039360233
0.12630018632798182
-0.14367830452522415
-0.07035741418574745
-0.17594535235118378
-0.03111267489114618
0.04028588398415758
0.014443997951627168
0.12470329712865025
-0.016540675436961423
-0.026173557381752782
-0.14226270028704743
0.036582819331003484
0.018213897891616867
0.04667909937005733
-0.09126130307093387
-0.10483131265460978
-0.028737473656762297
0.14666375926003813
-0.054432836404058986
0.0036095687329401344
0.030556179802975356
0.07515478386710597
-0.06069307979838785
-0.03944019397843145
0.17876518670290714
0.030455271217522707
0.048114516539010395
0.027716870744383067
-0.030410952659599304
0.06236266296229872
0.05373571088284669
0.13255256613381186
0.08188696968563952
0.07799403277862633
0.10468783732769628
-0.1276243708758335
-0.061258086156042474
0.025542262895134164
0.08234979960717635
-0.059946988007456826
0.10724022507050013
0.1600568473252564
0.1963622659458509
-0.0609255904529469
0.07452216036362674
0.01714215994990213
-0.07055952025001981
-0.07600904759775214
-0.058477332059201394
0.029270336995533965
0.05539466065578115
0.11149864164746062
0.0550529946095653
0.02506232007736318
-0.19109159438094245
0.017198453820605572
-0.053658856808277575
-0.023244182903389313
-0.012718924618474821
-0.18720170909293435
-0.1026349331810733
0.0799325635627763
-0.059240049644851266
-0.10214149913423423
0.07882830738159392
-0.06835661292748706
0.04486581702639523
0.022252494602046494
-0.02265767161879561
-0.06253483307174576
0.1505180285058214
-0.050580758277692865
0.04647701366473458
-0.025695989920162175
-0.06331597587593965
-0.05057124726223137
-0.012159462420354462
-0.028543568953167762
0.029400023650764853
-0.08922696364096791
0.10269991865588272
0.04143312509135421
-0.1522792480982843
0.0639124385867485
0.14171814913150135
-0.06739262084050722
0.01259315191755755
-0.06970779551582802
0.1366520542148309
-0.2028300835211728
0.03844479507710297
-0.034378417072398484
-0.024222105975181114
0.03549089652488134
-0.062051443402927946
0.14369917225029485
-0.0670659918159291
-0.0647372970201578
-0.1202995043084228
-0.12369069918592265
0.03096966062460885
-0.02332082705427632
0.12770374889184893
-0.03671617939177784
-0.10634091070788021
-0.13525571099840922
