5033.23121970752
4275.850149007301
5633.228645010373
4050.2312966003706
6987.602612278975
5119.8684448003105
8446.600562845077
6889.545743610999
6452.935720033959
6660.82857848591
6375.732704786271
6450.2666748956435
6572.223236067469
4568.934583083402
7041.781538781284
7948.999085054255
5443.283503671872
4081.9760343602215
4296.240075206222
5443.947842262207
5448.546245711784
3250.784023213161
6695.574429397001
5733.433119478868
6570.071721587866
6228.134025418124
3232.8603962242714
6651.067675277276
8147.6379932788495
5926.242194193157
2382.7763585645735
4401.982292332546
6151.118610817816
4600.701538986674
8129.8744795956545
5913.550416841412
8511.483704107572
11108.319969869273
3400.7038706963776
4499.910458865481
3832.8596788186574
8963.185173233273
3712.0821708694384
3672.8292334717
3116.94926443942
3850.7833427000514
6132.209756535154
7497.787850734658
10684.32087576873
2939.961804426522
8185.871363746909
3636.364822033405
5459.335545377427
5424.392077390606
4105.657724492467
5564.1771989843155
4417.660308067481
20122.63343032266
5939.462414516509
5235.571485168199
8541.363838562998
9250.181493501243
6521.953480689741
7529.876222731305
2960.6136516084607
8960.317711680704
3864.369225207948
4863.020755594933
6886.550515625006
2387.741387714046
5410.8258590836385
14059.615360804108
9111.48256505966
2831.9842658580415
2308.0419848081983
8203.551773476196
5093.212870868839
8192.801298630256
9310.51789878411
3668.779938681577
