16634.07695555318
39361.60640066716
54984.551123455945
8752.022590341105
38268.84676954126
55263.31126516144
14508.929228217383
7658.351678823222
9303.257068836027
12820.958898114297
9298.083347925987
62036.70918620064
12829.84738228072
13161.679865729511
38761.60681623842
8450.26770805324
12826.217494528628
54063.31193990863
9284.324255101661
12486.761009920196
25066.900522000535
6348.891624298077
54317.14552566324
9293.152317837603
7045.11092572314
7942.825907788178
56184.55021668915
5781.770345328749
4157.169252338857
22131.37064808577
16227.446424318616
37340.62108543106
12831.296244404073
9376.80183271834
5797.309889783771
7251.023567010018
11696.861874809807
7389.935934574493
39961.60600800544
5737.921178383903
15794.294624639602
63511.70539567681
8880.916714472216
5192.103438300326
5766.332801393161
8568.898973920841
7426.472497474182
10851.431698701164
5240.66862555431
7329.542011480554
9182.736542739442
7362.002044284621
47714.717652917105
35409.00534400317
8901.10781421014
10837.593727528947
5217.535852449161
6392.698867372618
4285.643733578047
7605.654471851613
7789.953955908712
3841.1814282129103
6624.988547472751
15363.678652411078
5748.891732269414
76867.55089733818
20931.37106999261
36740.62139681526
14091.49665631914
12106.546415486006
76267.55131091575
15307.927655214502
17327.35507834311
15238.388451437246
12830.703058680323
8684.32438380911
14927.355642310376
54384.55157825651
6204.742004178625
4013.821334487978
9145.454797491273
6973.690309985241
11402.21917329229
11164.212674398315
7745.796005406382
7390.36849550214
40127.70392109382
6109.721881796421
10540.06051277889
7640.02184186431
5840.66855428475
2657.2241054286865
6642.696880114579
6391.71261084544
4757.169194227246
6630.135104475963
6305.054322107255
6869.116717668775
4704.829119550179
29425.17584130359
13160.078841267692
7569.12129973976
7196.388307573013
5935.396473217105
3413.821432137987
9418.565812496987
14869.848041412055
10518.059623878156
6931.553306335733
4328.508217564688
5988.439942373768
11218.565550311887
4596.6886326884205
10867.79351070375
9118.348140896951
8632.112574734116
2665.6103974308166
6925.5471954110435
6230.276716495201
6639.8221686992665
6271.5209962865165
16127.355341483108
17394.018026678008
61436.709606392884
6656.040533348469
33661.79108906885
2643.272050412626
6376.71519395719
48136.38467544531
6397.309796565547
6681.268933800972
61626.182134213384
10534.160432254204
6335.445533455429
73843.76587868661
53672.31557405209
7451.935239515683
7850.26786384835
6114.831589564629
3992.699222842481
5566.895305087944
12828.267881649892
47660.82619062851
5821.036191373658
3182.516303684047
30711.344627971048
9225.84845858667
6374.612832568021
6950.871950211862
10212.019396152065
6174.177372451919
62636.70868913323
10844.51023011062
7036.841788017074
5791.712683324657
66511.70349322371
4688.654254930579
45860.82719770791
4592.103561440876
6039.259697709867
14137.375870197482
3539.4843205144725
6975.795860982741
5879.501652283104
8353.718235491297
10533.770273826925
16720.39283125585
6760.307398355985
5211.594975438109
5741.880487032979
6649.424957495796
5435.4308140878475
7846.303891034189
1017.5476637585483
6039.822284519055
6363.7201758795445
6929.99203192808
6405.0168685562485
6359.225904144102
62226.18188340524
5113.556344095507
2366.769845689598
75643.76507679801
2657.537641190159
7598.769452736563
56117.14452433132
4709.90078943778
17481.26393386445
6837.882119158732
8218.565990807605
5449.834114091176
7832.632260169402
6032.471688563791
6635.430620339972
6372.969613362728
5271.958226237433
3188.361949322588
5154.892688774919
4867.218389549475
6333.520937483192
14909.599457376835
15413.847031384934
2624.144656990172
5826.789096875803
7259.750490317113
82986.13189645867
4634.773332201486
33076.21501292548
4035.9476978437283
6845.642775128078
69214.8638480609
4573.690644087376
6920.581231665503
84743.59403404738
2619.265958487238
5288.654193110084
79267.54918569038
6992.103093501295
11380.852802031373
3898.8168632848465
6851.935303049397
5990.422595014535
44091.686366926384
4638.710849085082
6366.998509536473
4592.6991744688185
7841.852931515174
12996.757788092174
5781.308353488869
10196.387914886507
6095.176221025395
6937.502678008476
1101.3644252450165
111849.85328523716
6641.717876586596
6053.9782762108825
6326.945305925962
7277.527061264298
11085.763406791006
13156.5121547686
17316.63414936711
8759.535983215914
17862.487567786367
10535.294056529827
8159.536100347596
6659.750573883562
5749.834008819663
4874.122968997764
8243.991354472158
13240.95964808042
31494.8946721764
5876.2240389423205
111249.85368630194
3446.7144772765328
2610.0573294046935
6651.899001987925
7550.703705853711
11384.802612436448
4937.749194655511
6329.992113136204
7840.358689950803
48226.80809085284
5644.053776781209
7274.855791934414
42827.36313034846
3117.4685834912757
2253.534375597622
3874.484878813992
3127.0010544743295
43427.36285508283
6296.649662675861
16681.67627665443
1209.4225789483714
68763.8087394152
9596.387930441482
6675.28140578296
12202.16297953364
6030.135220745054
22594.43540794782
36974.03468655248
67791.0540236218
72643.76681848789
4505.054562045986
5584.839138834723
2613.9652715528314
2614.6311914610133
68196.74366450387
6336.403576728951
3981.7706218844437
7323.794078386113
42891.687117690475
17979.494285190605
5136.882502132608
4040.6686822646243
14556.842577110614
1067.9893254256426
4403.560044778525
5754.126950293871
15328.789690170384
5683.856416636368
9608.895301530874
7530.02146491048
53487.73670484376
9273.231915394997
49336.38399323909
6335.226364388332
7264.444186755296
7318.104920765455
7840.524546382275
6429.627748949336
1213.7378493208366
5560.653915592625
4597.2299496718015
5521.468144842898
75667.55161620093
7883.677155719596
5723.732560264401
5481.50777494881
7567.780892962558
5557.3701566287655
6417.535646997504
8946.108603302568
65911.70361231713
6330.665416810746
6941.65884504024
5746.981325503355
18377.077827063986
2406.241750446185
84186.1314229023
8096.649402193614
25016.316344085863
6337.502755637249
5143.987992712492
3629.5395345313927
6839.329175854335
5222.390648147894
5853.440852328471
6341.65892448334
4229.38440238678
8056.86567893906
