5528.9928216991175
4935.005378810156
5121.757301874476
5721.698416932981
4984.3453783549
5737.290537904992
4990.428687332194
5021.140019081221
5156.981561027754
4427.3601274865805
5731.689222660794
4935.865080499911
4447.4026610079545
5011.417798073419
4555.470730392682
5145.179134644861
5726.735838631653
2009.0305807066652
5238.035308718012
5216.046220355738
4930.135917421799
3658.7573481508143
5007.784302435371
5538.9740943563365
5621.092013207225
6193.828328502662
5601.925158654267
4402.018636066051
3345.2356303857027
5010.568246614607
4411.47939054287
6415.958339303171
4391.476593436287
3936.725959052062
5237.7670733762025
4992.4488923830495
6132.302515257014
3646.7352709178854
6138.92972883583
6222.546896678071
3056.348816361016
5586.35350989782
3926.8778712463813
6281.137413869721
4461.115629237895
5131.749094233441
4986.572619028012
6201.8756206537655
6186.484291962559
4429.157578260558
6135.756453481394
5027.325151500311
4458.8968974637955
5059.89315370118
5017.451818615973
1954.41376441543
4819.141719498247
5533.782596212669
5586.531225755921
4435.923127553899
4983.449732796941
4820.140037321924
5686.203008992059
6128.943405797156
5018.602304177716
2559.368804370191
6330.968899799916
5213.47407707649
4373.771242589893
3887.6360224486875
3879.7667077462083
5238.378414333881
6284.201132715268
4330.18634940157
3767.984158119855
3193.99586134338
3151.2671945188135
5013.261932193072
5615.39821514153
4638.423795576469
6325.94916224015
5047.360568174473
5590.397120984658
4438.41639299805
4459.9426100511355
5584.3157763260715
6326.690249708434
3044.350612971686
5625.883029604805
5535.294441795904
3186.6636655152347
5769.437462232523
3888.2098182501763
6336.544277862478
3802.054788106551
5026.414815548598
4466.810882734274
4929.045313790585
4332.460254114002
5237.264219805261
2008.0773354574085
5534.964076056014
4991.451940561
3189.0931251420207
2547.3846212445355
4985.036561288198
5756.823233343155
5022.482803819466
3121.7566920838813
5616.999732227095
5025.770276218142
3117.7328055579587
3789.0659143735274
3337.407244710435
1946.8067399581944
4240.198531426026
3897.2389259104416
3887.078645451439
5837.731254764989
4986.383701262606
3882.7380026972464
4531.8043435717
4984.2414570853
2539.1237436983483
2745.2536383308498
4439.3115706200115
3143.034480659145
3214.791129669111
6221.0446784980195
3883.7486796578005
4437.526236508503
5155.424124153884
4996.019204103299
4310.4203780972575
6279.105859126337
6438.298397846836
6791.332187943115
4393.936489897996
3866.8764883536446
4141.333150941699
3321.8752229327033
6191.3652797296945
6135.064615019265
4430.28744980096
2121.918572058639
3159.354135457619
3053.928108889066
3831.347007284492
6439.785218923303
2131.907227406529
5058.848196785085
4565.414554809347
4370.792501420714
5535.10807540733
4988.413738259575
3884.449963773127
3326.910865641289
4413.322918262293
5224.448818823586
1216.8420489809118
4931.222214255747
5617.4133951190515
5026.669939820854
3770.814944707645
4910.605394208109
4016.129122657742
3776.9010284976407
4900.2260218910715
5736.587558864866
5590.020323469208
3730.213808934302
4246.708535748851
5026.124749561289
5579.931738411656
3886.0647856911373
4865.812351039695
5237.526471878087
5591.412299281095
6284.551090180906
6131.117052349837
4376.878561994602
1960.0427557720052
5763.958131689994
3890.7930771921206
3887.9605245100047
3892.7089783104884
1217.683328274699
3823.853774545996
4304.713503411453
5615.996222355307
4902.423989650729
5593.875313873617
3786.63628632626
4439.954544419266
4613.524100704967
3117.5878138760845
3734.9880668034402
5534.940722298596
5618.5631121414535
5622.594364242979
4991.941576592052
3826.745412504425
1951.3051399379804
5588.382882567612
5647.340767397154
5694.055022879312
5161.313261687975
2136.802168336642
1950.5773292619222
3041.912627145989
5150.65454583841
5619.01324087908
2662.7766214997187
4245.124781732197
5659.866822819609
4450.997160350758
4988.2526898232645
5663.711336248397
4985.521200967057
4616.096540619537
5022.642695475939
4419.042734411142
4411.537930890912
4300.933832990321
4297.751146219343
3794.6036850005567
4440.25621124357
3805.7560196287995
5583.597779588659
2649.74961415284
5585.491390654738
6206.741210650192
5001.188925694745
5611.944974218199
3834.1637214439843
5587.403292539099
1820.3122920212418
5606.75460241082
4383.659986990367
4976.861812632584
2126.95563075098
4453.453299659158
5611.38498586917
4398.557324107377
5108.446165321726
4062.1047573363962
4296.3371413273635
5775.668626118036
5055.220766033284
5762.805918953695
4984.729978571886
4456.939198250896
2658.570370898422
3184.767506702722
3746.5007679534297
4294.0458631718175
4975.632370436981
4929.723529062245
4301.389177012327
3894.8237773318956
4258.739647066292
4841.846748878074
4410.406954375662
3227.3592221236286
4537.387197189024
5597.363166816863
6285.293854167566
5057.945304870141
3058.9118125808545
3395.6715492071667
4906.471811205558
4992.882429415461
6437.956277928763
3063.951688108488
5020.806299511818
1817.6620156382162
5135.431420429972
2650.596583114201
5679.148590826719
3785.5699478452934
3833.3594543474865
4243.479347205457
4304.139721699399
4983.022942644547
4396.765526529511
5009.639491148066
5138.64669413025
6170.191899996605
4251.481488230671
4634.173100310672
6410.453710316497
4908.674848310505
5025.327278133813
6226.894508694363
4493.515434886283
6220.763063625166
3992.1300809029913
3123.5917318736506
5594.552922572439
4933.838657674334
5016.033802205033
3135.4005462370083
5125.912255203613
6233.965083534515
6355.742768235507
5035.098892812184
4521.8116513661325
4150.077417294617
5588.964425167185
5264.946359615825
5024.060069038461
4912.808743605893
6195.734067558874
3212.534184539048
3112.8500313658124
4901.327755365165
4389.343596415483
1817.3119520491089
673.8183027333785
6776.303041359176
4979.427491728221
3751.263993395497
4996.0112631893
4987.430020427904
4641.424610388737
6200.512784478136
4415.527063253514
4871.1584239614685
3229.8690280817705
3928.1263400874823
5129.090170031132
4431.186697605714
3113.5654975190528
3224.653696439096
5691.04789321492
3206.394037653344
5659.382011029379
3061.4329120976695
6379.724933933094
4990.734884989667
4977.594196871211
6359.257164419534
4970.77359944313
4998.972390875462
3147.363439324728
3931.829914963624
2194.9531198801856
5015.435265967111
4391.165511076966
5761.2994453807
2573.0118093996152
3945.2320249702243
5797.109374876785
3746.143877983144
4413.760375295268
4437.561460667575
674.8271272371143
2816.1641847199403
4553.705911708845
5803.086714088012
3982.5362748837006
6362.043179113876
4304.628929985664
3702.478525131876
6344.788302328183
5798.406742844805
4973.7534778790905
5661.039161015754
3175.7686409429766
4283.508569798972
5614.739262587375
5837.492254321077
5372.031402438045
5753.660353131676
4895.408170556477
4967.941325378406
3829.8525737970826
3285.400313269472
6197.954725669808
4989.070672655648
