16634.07695555318
39361.60640066716
6348.891624298077
54984.551123455945
12829.84738228072
8450.26770805324
7942.825907788178
13161.679865729511
12486.761009920196
5566.895305087944
12826.217494528628
54317.14552566324
47714.717652917105
12106.546415486006
14508.929228217383
76867.55089733818
7036.841788017074
5217.535852449161
11696.861874809807
38761.60681623842
5781.770345328749
56184.55021668915
6630.135104475963
6305.054322107255
6639.8221686992665
84743.59403404738
12820.958898114297
38268.84676954126
62036.70918620064
4157.169252338857
9303.257068836027
5211.594975438109
5192.103438300326
36740.62139681526
25066.900522000535
54063.31193990863
22131.37064808577
6837.882119158732
9284.324255101661
6869.116717668775
4638.710849085082
12830.703058680323
12831.296244404073
3780.1267709411977
15307.927655214502
4704.829119550179
9182.736542739442
42827.36313034846
15794.294624639602
6642.696880114579
8568.898973920841
16227.446424318616
6391.71261084544
7426.472497474182
5797.309889783771
48136.38467544531
7389.935934574493
7789.953955908712
39961.60600800544
7850.26786384835
4592.103561440876
9298.083347925987
7605.654471851613
55263.31126516144
12828.267881649892
2366.769845689598
8901.10781421014
7251.023567010018
37340.62108543106
48736.384240103675
6114.831589564629
7362.002044284621
8752.022590341105
5222.390648147894
6931.553306335733
7745.796005406382
5741.880487032979
8353.718235491297
13160.078841267692
11164.212674398315
5766.332801393161
7840.358689950803
15363.678652411078
8880.916714472216
10518.059623878156
6392.698867372618
7045.11092572314
14927.355642310376
11402.21917329229
6973.690309985241
14869.848041412055
7840.524546382275
4596.6886326884205
5651.154547965866
9145.454797491273
48226.80809085284
53672.31557405209
17327.35507834311
8759.535983215914
10851.431698701164
9376.80183271834
47660.82619062851
20931.37106999261
3182.516303684047
6053.9782762108825
14556.842577110614
13240.95964808042
6851.935303049397
5748.891732269414
7640.02184186431
3188.361949322588
68196.74366450387
6925.5471954110435
5113.556344095507
10540.06051277889
54384.55157825651
6839.329175854335
10212.019396152065
6374.612832568021
7329.542011480554
62636.70868913323
6366.998509536473
5154.892688774919
11380.852802031373
6372.969613362728
2643.272050412626
5990.422595014535
9467.167085647408
3539.4843205144725
6681.268933800972
9118.348140896951
6649.424957495796
16720.39283125585
10867.79351070375
9418.565812496987
4285.643733578047
44091.686366926384
10534.160432254204
8946.108603302568
5853.440852328471
5791.712683324657
7569.12129973976
6109.721881796421
5834.77319797735
10837.593727528947
6656.040533348469
6635.430620339972
8980.94624408183
9273.231915394997
8684.32438380911
7196.388307573013
6350.872033740911
7259.750490317113
10844.51023011062
4688.654254930579
3997.3103581703645
4013.821334487978
45860.82719770791
4035.9476978437283
65911.70361231713
76267.55131091575
2657.2241054286865
5796.688385753053
14137.375870197482
8632.112574734116
6329.992113136204
5826.789096875803
6174.177372451919
5143.987992712492
9293.152317837603
8159.536100347596
6397.309796565547
63511.70539567681
35409.00534400317
17394.018026678008
61026.18247484408
42891.687117690475
61436.709606392884
5876.2240389423205
8866.780901677997
6336.403576728951
4671.958281438285
6405.0168685562485
40127.70392109382
7832.632260169402
4874.122968997764
7550.703705853711
5271.958226237433
5288.654193110084
5240.66862555431
6335.445533455429
3417.536310672056
8681.858889231782
85343.59376654484
30711.344627971048
4634.773332201486
6920.581231665503
9225.84845858667
5781.308353488869
14091.49665631914
7846.303891034189
6363.7201758795445
2610.0573294046935
17316.63414936711
8056.86567893906
15413.847031384934
6039.822284519055
49336.38399323909
2624.144656990172
5136.882502132608
7277.527061264298
17481.26393386445
2376.8510502391264
21531.37083298393
6271.5209962865165
5840.66855428475
5737.921178383903
6624.988547472751
2619.265958487238
56117.14452433132
15328.789690170384
6975.795860982741
4652.72469608934
7390.36849550214
3841.1814282129103
2882.5146974052545
6910.440167538087
3413.821432137987
61626.182134213384
15238.388451437246
5449.834114091176
7239.822077380983
6333.520937483192
5821.036191373658
3127.0010544743295
5335.543344714661
10535.294056529827
6095.176221025395
72643.76681848789
7658.351678823222
5988.439942373768
5644.053776781209
14909.599457376835
6429.627748949336
6039.259697709867
6030.135220745054
31494.8946721764
5192.699079456586
62226.18188340524
7530.02146491048
33661.79108906885
11218.565550311887
2623.7541035291856
4573.690644087376
7294.6491916554
2665.6103974308166
43491.68670263628
6342.724049966958
33076.21501292548
12996.757788092174
5683.856416636368
6950.871950211862
11134.202748948517
5879.501652283104
1017.5476637585483
73843.76587868661
4757.169194227246
6230.276716495201
6354.126877481324
5123.4269490732095
7274.855791934414
3796.0654738655558
79267.54918569038
6760.307398355985
6335.226364388332
1209.4225789483714
6651.899001987925
7323.794078386113
5557.3701566287655
16127.355341483108
7567.780892962558
6359.225904144102
7230.135014164712
66511.70349322371
82986.13189645867
3898.8168632848465
8218.565990807605
14918.00647481452
1061.2346083024738
2609.4347421286175
6204.742004178625
7318.104920765455
2941.1344706075974
53487.73670484376
6343.987801073804
10533.770273826925
5749.834008819663
2614.6311914610133
5811.762296943358
6992.103093501295
5481.50777494881
6417.535646997504
4709.90078943778
6683.677265664047
5914.647412623652
4592.6991744688185
4229.38440238678
7598.769452736563
22594.43540794782
3968.4242888489193
4897.766528222422
75643.76507679801
6330.665416810746
54663.31162720656
4597.2299496718015
1101.3644252450165
11384.802612436448
6376.71519395719
9608.895301530874
11085.763406791006
5806.884491364408
6941.65884504024
3490.0208068923066
5935.396473217105
6326.945305925962
4328.508217564688
3438.7109567545876
17862.487567786367
5435.4308140878475
6845.642775128078
2657.537641190159
4040.6686822646243
6937.502678008476
5746.981325503355
7883.677155719596
43427.36285508283
10196.387914886507
6929.99203192808
10813.53803069991
17979.494285190605
29425.17584130359
7513.263675707286
5754.126950293871
31040.77451433313
7841.852931515174
4357.370303174309
16681.67627665443
6593.23778088567
7264.444186755296
3546.0174518015915
4867.218389549475
5584.839138834723
5723.732560264401
75667.55161620093
6081.26903440303
6675.28140578296
6363.699061675087
4011.5953057741835
75043.76518205332
4242.697116086683
6296.649662675861
3992.699222842481
6577.106911438977
69214.8638480609
3077.382187057897
9050.267634626762
3981.7706218844437
4893.119533339209
6384.477689438638
6981.770143741925
8156.307617762952
1073.996503596894
6931.98296157204
3874.484878813992
36974.03468655248
9596.387930441482
6503.953365284216
3397.3105058109795
6337.502755637249
4621.036341992307
2605.537895015257
3117.4685834912757
4609.411239352191
67791.0540236218
2613.9652715528314
2891.406281604732
7923.794023922053
111249.85368630194
5433.317613412269
12080.376808206453
5521.468144842898
7451.935239515683
6659.750573883562
7455.809594249783
6641.717876586596
7546.274848379128
3446.7144772765328
1213.7378493208366
4230.135306604993
9186.946111744022
84186.1314229023
4239.822360101054
5560.653915592625
12202.16297953364
6341.65892448334
3817.0207974578534
3178.3122365697986
6674.855867236237
111849.85328523716
1067.9893254256426
4403.560044778525
13156.5121547686
3863.73180213151
3639.536529823232
57384.549809029384
8266.781056438165
5396.762243705411
9956.307261752327
2253.534375597622
6032.471688563791
4863.301198916614
5763.699146366921
8372.29049772697
6454.594541423204
8243.991354472158
2151.2463536980968
2652.178427853737
7501.268038593467
4150.136814089747
3629.5395345313927
4505.054562045986
5441.4274512454695
2783.744844779844
6347.94164281362
2406.241750446185
7541.880264882564
62826.18178907544
25016.316344085863
2154.5916151402553
10423.788408014545
18377.077827063986
8932.11818291432
1765.7417571186752
14975.308210800058
32461.791852105154
7299.292249099912
6133.580998466454
8096.649402193614
5432.560022278831
6870.206989484478
60672.03915163559
48826.8076795875
74443.76546424856
9258.35058044622
5811.594846075514
11180.472645608852
62911.70578045504
5205.017087346283
7437.882032138246
4937.749194655511
27842.17788726837
5424.476173988919
5699.91580299672
5749.176067588966
1460.8259019550105
6877.265789372077
7278.12799209824
6700.015521656122
5593.367501754208
2834.7733876746815
7271.202541678976
52254.75194637859
9952.022391786444
34261.7909955659
3222.445812563962
5226.789141294289
11818.565532930597
6720.14196400523
68763.8087394152
3488.654411700108
