5
5
5
315
4
7
902
5
643
543
337
8
728
4
5
6
340
570
329
8
6
640
813
662
670
559
5
670
300
4
373
643
462
4
300
8
4
281
333
646
319
685
809
603
606
829
284
543
710
639
281
613
370
5
663
711
0
550
5
684
274
660
518
819
302
2
348
535
821
740
307
510
671
5
1
734
669
296
324
304
595
896
553
599
668
2
0
321
301
0
673
895
662
608
375
6
7
327
642
560
536
331
298
4
321
6
715
7
1
550
297
727
717
360
558
606
7
4
374
339
273
6
857
523
541
649
812
536
3
2
657
272
539
849
8
612
542
290
392
333
771
374
317
559
527
291
283
660
5
768
6
551
670
261
298
613
812
2
797
332
745
667
733
3
312
8
7
920
0
2
679
345
823
333
545
659
658
848
286
794
541
264
274
656
669
641
614
677
323
303
305
5
494
542
777
596
377
450
618
2
592
553
2
293
486
673
1045
676
650
341
351
2
799
718
552
658
651
550
315
565
475
624
493
334
885
1049
5
318
678
610
663
5
521
726
668
303
672
2
930
574
278
262
736
730
636
722
359
598
708
354
711
607
661
737
969
274
910
625
979
663
516
915
613
852
2
898
272
581
774
647
699
338
799
788
8
806
3
5
620
581
665
10
260
580
0
653
416
754
336
523
4
512
612
593
10
850
1
676
539
673
332
730
919
680
893
448
272
658
765
796
375
637
771
677
5
641
274
657
657
636
7
614
718
614
618
466
444
646
661
479
625
262
305
337
561
911
342
535
912
327
720
895
303
628
586
819
609
326
589
732
664
701
309
273
713
956
840
339
915
788
537
261
335
684
432
583
422
406
795
710
431
833
925
302
353
725
853
434
373
667
457
277
6
697
294
315
547
275
978
322
457
237
361
900
706
356
809
9
10
5
711
248
790
918
675
642
247
510
696
782
728
537
843
759
680
3
649
726
921
385
458
5
946
929
271
775
466
2
734
803
815
3
872
869
593
738
299
757
608
864
642
646
916
945
259
339
261
396
680
910
433
671
729
3
654
871
361
17
538
337
920
708
721
733
343
731
369
416
414
849
235
570
829
1
1
3
911
911
689
4
852
962
803
465
780
828
676
849
596
916
727
595
919
679
942
1
1
895
904
6
