541
506
515
0
1
1
550
4
354
376
372
520
2
2
312
2
3
3
4
373
391
3
1
3
1
4
5
327
356
5
337
4
0
507
316
903
4
349
314
2
0
299
347
2
326
348
5
317
809
3
373
1
378
314
308
521
349
287
327
317
316
2
1
540
322
354
5
375
3
2
301
338
319
314
4
529
292
319
350
295
1
349
315
347
414
339
317
331
2
543
804
1
348
5
338
348
334
334
337
347
349
3
513
332
334
355
318
302
373
346
356
375
538
5
314
379
318
350
2
319
290
326
336
392
289
335
510
2
320
352
311
374
783
339
2
0
327
308
350
351
286
900
299
335
351
340
305
904
542
384
