646
712
773
723
719
611
653
604
603
710
726
718
611
603
650
645
645
604
654
656
647
777
712
658
613
701
651
667
882
906
722
655
713
613
605
716
772
673
653
655
614
799
657
672
646
611
647
654
599
743
1237
741
656
660
664
671
1238
658
599
604
901
702
721
612
660
609
611
758
959
660
768
652
944
654
601
905
614
901
597
606
724
666
603
960
877
766
606
724
713
605
613
726
658
649
793
652
751
654
657
598
652
562
714
607
606
720
812
681
961
600
641
671
765
608
725
770
614
646
804
906
886
653
932
849
556
730
669
900
935
651
773
559
852
560
667
610
617
711
873
856
610
776
844
568
649
777
802
803
650
723
876
757
737
893
809
828
795
879
767
775
826
766
521
904
727
813
1077
642
851
815
668
717
828
725
670
775
575
670
612
965
912
561
824
975
952
611
608
727
657
852
683
699
877
563
807
601
899
706
971
653
946
672
1090
518
1092
769
732
779
834
748
644
798
910
1099
874
767
838
621
839
847
717
894
732
780
945
857
783
642
896
773
853
896
857
1072
1084
730
648
852
896
970
610
655
978
1240
693
641
615
603
874
898
