0.8102078183876819
0.28771178544115766
1.4767508178640079
-1.0027420723514877
0.43761143228332167
-0.17267411747029066
0.27064319625552746
-1.2775752093998325
1.800727726438168
-0.5719460655265565
-0.17496429286862633
-0.654693511985693
-0.3488709506668927
-0.18986564114539298
-0.3066282304090191
1.7971829900599974
-0.5449352252179768
0.17157567729753828
-0.2562132047086333
-0.4717496647098214
0.12394999066692013
-0.20587824504117894
-0.18580797267894242
-1.100466983789186
0.8718622163030783
0.4747384400892046
0.7597339690121216
1.9542770338417472
0.3017299067703493
0.29413093939020823
0.12839887576201278
0.9522136675931581
0.10574409438422816
-1.2880034855995055
0.47046334108085847
1.2665918618594452
0.9522167083790486
0.09957270473182582
0.9956817490516574
-1.0072135969043927
0.14180036900848025
-0.7363768572881172
0.192378729523051
0.8990981074130818
0.135784162999898
0.6058909570205333
-1.5356615913492038
-0.8047357913842618
-1.159359244626276
0.8597650641573933
0.40819407405678515
0.6497579103210568
-0.1563584481108144
-0.5015115231364514
-0.23623353250580179
0.45314142706870764
1.2616225222788193
0.23025077458037138
-1.7096334415443026
-0.3362013893179557
-1.0119604186130369
-0.28098257516949426
-1.0611142459136353
-0.4856197925460958
0.2083210542260342
-0.08689792150498156
-0.7598162637296084
0.056937729631009806
0.036194264106241804
-1.0626661005378697
-0.002200492245514621
0.5885816593551664
-0.7327990071168846
0.23352257510348204
0.1916142920153498
0.682826825229203
0.15645067400441054
0.05548716606419969
0.048595617523826795
0.7555315435765627
