561
540
514
560
539
540
516
541
542
542
539
2
541
509
319
508
539
1
2
513
560
1
529
2
549
516
515
547
559
550
512
541
519
568
563
565
543
3
534
540
542
530
1
558
1
540
349
554
320
1
553
369
322
2
3
1
544
528
1
310
6
0
542
552
6
546
539
556
3
567
529
372
336
329
3
2
319
528
511
334
3
5
353
3
543
559
289
548
537
6
1
503
557
509
519
553
2
318
519
537
1
304
4
542
334
493
5
518
518
553
1
3
2
320
370
374
0
333
547
4
511
288
3
1
2
515
4
1
542
0
342
3
559
347
315
517
4
569
569
517
338
6
371
1
1
310
3
513
572
4
516
557
308
543
351
0
465
323
558
2
583
545
1
506
387
573
571
1
335
336
541
8
549
504
316
614
308
409
574
564
548
3
2
706
1
6
670
577
3
8
337
340
512
304
6
508
2
523
330
0
3
516
0
3
307
352
664
570
6
658
1
2
337
354
287
346
499
321
317
307
672
1
333
5
302
335
348
2
289
4
522
0
558
524
285
317
321
0
619
551
538
501
303
505
4
1
2
5
339
2
4
332
374
521
0
502
704
543
4
1
5
505
519
578
361
290
1
29
549
2
316
489
7
522
315
315
513
511
343
1
2
510
309
514
499
550
567
4
350
331
338
509
31
345
501
490
38
0
510
3
1
369
0
610
521
0
547
538
7
4
2
3
761
28
515
2
536
0
3
286
0
1
491
312
531
500
36
317
3
284
1
1
354
322
765
1
764
286
0
499
3
32
546
26
25
32
308
377
4
33
566
625
2
504
571
492
336
2
11
24
0
29
6
36
581
2
303
318
1
555
1
43
290
550
817
14
509
323
567
356
33
4
0
508
31
564
43
558
3
532
372
3
0
541
26
313
340
573
306
506
7
38
375
536
3
312
37
2
563
534
496
34
303
4
2
7
535
324
4
7
2
2
320
13
578
30
549
543
669
7
7
288
576
324
12
513
0
31
323
528
1
30
2
39
4
35
291
288
533
288
322
382
4
1
760
321
555
510
309
515
675
26
33
634
573
527
290
522
551
283
303
47
34
38
0
7
352
29
501
347
544
509
318
333
521
1
41
496
0
3
291
29
27
15
312
4
517
330
295
630
717
5
488
671
39
24
304
383
2
7
4
4
679
340
22
40
520
43
610
11
20
586
305
317
505
41
301
530
280
520
513
497
13
39
378
2
9
27
1
30
4
510
364
332
4
7
561
0
2
310
8
20
40
592
1
334
4
363
552
502
15
2
36
462
40
7
555
45
9
548
1
326
13
32
6
5
338
1
319
563
288
339
304
577
368
515
531
332
527
569
588
13
25
459
16
16
51
317
337
290
45
384
2
290
320
35
585
762
514
3
507
17
3
14
515
506
330
4
309
541
2
23
3
487
1
329
666
0
613
33
9
294
511
35
309
15
496
505
317
288
324
294
815
7
355
3
43
287
330
21
729
318
284
707
494
544
2
551
301
310
288
8
287
7
0
653
27
1
42
459
34
729
494
0
9
3
28
326
609
51
313
5
495
383
0
536
353
576
28
527
0
24
329
47
376
537
500
14
5
455
5
339
1
309
358
587
301
42
520
382
24
2
304
36
48
6
340
730
36
1
6
6
336
9
325
34
531
37
33
4
564
29
465
678
587
30
5
657
19
661
20
3
7
308
6
463
371
53
0
319
562
12
343
357
19
0
1
32
12
317
510
301
405
508
517
0
21
55
327
557
23
46
300
25
2
327
552
282
22
556
0
7
288
613
32
43
1
633
9
5
34
304
721
366
44
11
2
354
2
319
295
457
1
373
498
3
523
3
575
37
293
526
529
6
341
35
20
665
1
59
32
3
631
42
3
4
356
349
34
306
1
10
369
294
288
579
34
28
348
1
752
288
1
19
2
539
540
315
55
20
577
54
26
537
14
8
31
44
10
635
5
685
2
324
3
47
330
5
285
17
522
46
347
12
8
4
5
386
329
617
616
287
333
43
504
358
76
782
2
289
299
345
364
4
16
629
840
2
677
313
2
770
539
9
586
562
2
38
0
497
350
385
13
1
31
9
361
11
1
533
4
381
335
379
728
313
19
329
456
360
18
351
615
18
1
6
302
389
705
5
934
12
663
778
390
503
282
308
52
5
26
39
291
10
59
786
8
40
359
8
7
573
11
650
302
561
6
40
75
21
389
36
23
0
1
4
541
612
10
519
4
546
45
342
348
33
59
16
280
11
39
775
10
46
8
672
902
1
306
709
67
341
785
562
407
406
32
8
717
22
5
35
42
45
330
5
4
0
76
304
365
314
62
299
284
317
28
289
512
33
506
302
41
617
367
0
47
315
495
35
634
505
26
584
349
3
1
374
346
0
25
56
8
314
905
488
507
27
709
308
823
338
48
10
20
663
67
0
86
492
611
378
821
8
17
6
518
315
504
51
732
40
5
622
2
605
21
532
570
345
13
46
1
346
857
727
361
3
9
465
281
48
0
707
299
460
819
781
54
379
664
2
7
6
315
15
62
774
316
313
302
2
318
720
823
44
11
618
905
56
8
3
40
1
25
322
663
51
3
491
312
486
19
549
503
643
280
318
710
516
489
736
525
767
388
76
30
18
26
539
354
41
560
27
1
716
23
4
342
667
459
4
49
0
7
306
3
7
303
236
15
4
814
286
1
39
25
2
642
1088
553
550
52
703
539
53
67
21
3
46
48
991
238
33
931
61
44
68
80
287
4
717
303
743
46
71
45
773
6
990
584
520
565
817
910
280
621
290
26
31
34
706
300
3
17
31
3
543
44
607
312
371
775
386
365
53
704
368
580
18
11
514
12
63
41
8
387
335
41
54
727
509
1087
0
767
49
763
387
342
316
10
947
787
303
262
756
411
716
7
38
5
320
16
664
301
389
331
411
3
42
4
56
21
729
72
12
38
602
315
310
292
347
525
18
11
30
291
261
351
12
81
559
581
384
376
31
6
3
658
600
303
47
520
619
544
351
788
305
55
344
10
603
4
64
77
698
321
2
907
733
360
901
61
1
330
818
663
464
60
366
67
362
236
532
761
751
348
6
370
546
943
48
313
75
54
811
21
669
786
779
1
640
388
490
16
53
45
58
564
700
511
5
606
773
37
437
770
51
353
50
901
82
562
527
90
495
681
625
365
301
314
12
50
0
50
314
715
722
2
12
258
237
2
22
54
405
729
356
57
696
468
6
237
907
291
288
333
604
63
9
774
295
331
774
22
571
576
813
395
6
8
714
86
819
314
617
1
764
23
760
24
560
530
368
727
45
752
300
84
628
625
313
305
720
76
559
550
20
0
37
783
10
516
920
692
56
853
38
552
9
379
526
16
572
88
581
689
86
912
557
553
850
32
58
929
651
22
91
32
329
53
677
323
6
760
39
726
287
923
320
311
579
685
1
325
12
948
332
535
4
821
86
478
305
64
635
328
908
571
503
466
534
2
692
39
13
604
686
711
48
856
650
944
816
707
676
29
46
771
729
179
51
47
421
682
683
238
52
16
852
333
852
7
301
39
643
755
52
313
666
8
922
720
377
800
32
656
660
370
585
620
3
469
7
503
641
491
13
691
770
701
6
8
796
337
731
25
739
369
333
3
568
603
287
146
25
37
380
367
822
731
68
89
1
389
67
337
29
12
624
558
445
87
623
781
304
36
14
347
318
447
572
925
321
316
0
5
626
469
312
495
3
642
534
888
503
772
76
685
33
903
1
449
475
82
28
660
815
2
279
383
6
574
370
8
272
57
698
672
61
908
313
264
726
240
631
282
918
23
725
374
54
554
296
670
8
9
649
341
40
569
46
340
909
68
76
635
9
9
848
692
337
87
17
699
632
877
538
822
85
775
578
43
372
455
4
761
257
15
460
651
555
0
791
596
820
11
18
0
559
260
637
343
558
300
721
359
299
348
290
33
457
332
595
55
669
75
689
0
70
334
350
493
1
12
344
826
281
259
744
60
307
6
846
49
286
710
265
90
500
36
304
769
787
782
690
38
91
284
60
42
673
545
849
925
782
544
720
911
512
65
55
16
720
700
900
283
757
621
40
579
887
11
571
2
59
519
284
910
936
0
315
885
769
67
72
691
613
262
420
816
723
320
317
41
798
1
69
334
719
86
286
333
287
579
287
782
89
20
905
368
2
49
318
301
9
58
611
513
550
316
626
468
764
561
338
540
1
470
405
546
783
92
669
93
375
980
5
602
791
402
903
317
577
100
301
722
647
25
789
728
55
807
784
673
371
17
31
14
351
822
814
622
8
646
389
61
683
798
281
738
549
631
583
27
705
239
298
530
787
270
461
44
373
248
610
93
399
441
355
572
581
584
769
714
314
834
51
238
178
825
736
344
58
27
771
340
65
48
838
2
289
46
942
346
256
85
638
0
90
924
9
616
286
870
26
690
35
695
0
586
227
161
359
316
924
47
334
649
846
24
8
757
388
661
776
559
312
490
488
260
247
604
854
777
622
335
3
926
624
795
420
275
223
672
320
417
42
951
374
7
474
179
303
856
846
1
481
327
324
348
301
54
714
710
916
9
610
637
3
22
715
471
9
223
737
800
43
729
377
177
876
179
748
677
943
258
899
770
335
675
601
926
92
2
340
334
271
84
203
50
788
472
196
100
373
237
236
544
27
247
15
49
70
304
726
704
948
132
46
29
824
23
2
8
649
63
203
814
331
306
654
476
263
72
146
934
290
3
733
595
768
967
40
389
26
831
88
275
772
925
705
991
81
203
785
411
776
17
1
388
836
246
930
73
347
261
182
854
47
68
74
86
936
840
835
687
274
72
850
4
310
336
502
404
775
63
726
796
686
0
167
346
2
2
352
368
476
873
580
436
813
54
611
251
353
62
336
17
823
663
83
933
639
280
4
49
966
9
933
196
686
312
635
945
239
577
63
712
1253
731
78
855
315
596
32
845
56
22
622
735
223
1
20
218
160
694
314
262
66
61
60
710
493
826
660
132
167
70
33
57
53
55
48
2
391
710
72
185
80
228
717
735
5
334
560
679
960
275
647
93
12
47
275
372
708
196
19
175
354
506
3
869
28
93
48
66
7
273
717
216
259
788
865
588
355
688
20
55
733
27
671
697
778
812
19
240
769
908
213
365
40
34
185
704
71
194
264
790
697
62
690
20
53
1
47
168
3
890
195
53
274
662
782
669
931
665
387
582
83
260
28
438
215
54
860
8
293
259
11
63
878
278
251
815
1250
59
178
34
837
708
258
598
724
239
47
186
236
27
137
237
236
943
557
349
195
81
291
270
490
590
809
976
848
913
337
513
749
225
534
350
78
733
665
395
333
781
216
273
276
974
732
371
69
259
871
202
79
62
63
877
196
170
423
672
14
949
316
183
391
825
893
197
26
832
613
45
1
56
929
838
176
235
34
63
433
326
48
3
269
41
901
737
48
235
860
21
477
413
195
492
27
271
69
196
224
263
223
925
674
92
33
707
46
307
1
80
328
91
224
387
213
258
2
162
55
55
225
693
696
880
273
41
344
235
313
531
772
585
258
12
611
215
448
215
260
234
286
53
64
432
217
577
55
335
26
205
64
39
338
721
227
334
3
832
249
246
869
367
386
197
217
771
168
476
421
274
256
757
81
403
546
112
178
910
350
810
333
596
476
812
259
949
250
213
161
554
717
0
218
80
784
11
234
70
792
179
216
348
276
283
183
212
225
282
223
54
528
430
39
665
195
753
152
700
57
208
146
273
568
71
187
216
45
262
227
239
119
800
1
291
229
384
886
14
39
197
216
260
523
124
273
937
247
247
422
247
21
238
280
786
675
203
57
218
815
421
239
851
53
184
146
748
273
41
271
247
193
73
13
162
82
212
0
261
177
32
938
705
723
223
64
159
92
40
217
72
947
635
973
183
204
214
49
857
270
205
1023
30
73
197
820
467
364
274
798
237
236
21
195
919
146
582
237
90
718
22
697
275
337
99
69
560
187
337
1242
506
177
431
67
18
162
235
71
81
391
46
151
39
33
23
943
14
249
238
71
25
958
197
170
89
812
59
216
667
63
259
25
727
83
57
1203
738
81
391
337
573
1043
70
74
205
387
45
79
214
222
963
623
32
49
58
279
802
186
125
272
26
31
62
22
241
305
490
171
185
17
64
55
765
829
344
203
56
251
249
54
834
669
35
196
67
161
736
839
80
339
161
834
236
222
833
686
162
4
239
17
624
178
72
892
20
98
22
89
240
86
169
8
838
385
43
92
62
238
390
214
81
63
146
99
1041
384
99
724
734
194
274
73
240
665
696
176
81
197
214
1251
59
765
162
37
76
81
773
258
27
767
89
96
205
145
226
25
805
46
233
668
5
82
815
102
161
434
608
403
348
52
235
233
1029
435
31
246
201
789
920
26
132
50
203
82
897
18
43
272
77
79
49
90
940
604
86
886
754
1
38
97
76
78
100
217
371
272
270
107
9
63
23
48
65
178
169
882
38
330
41
19
63
414
835
137
34
237
793
688
42
19
193
465
562
61
218
761
739
266
320
111
4
248
64
71
184
41
35
831
695
287
20
5
956
1
71
28
63
79
898
27
119
158
740
201
16
207
103
76
849
78
207
933
47
555
801
47
263
194
114
124
91
44
971
28
235
151
168
7
336
68
72
233
177
49
70
1039
253
36
31
820
154
292
34
103
7
6
57
294
91
724
785
62
38
239
71
43
234
51
175
36
274
234
152
55
958
915
38
193
18
113
62
44
916
201
55
684
168
60
101
36
954
56
70
51
44
194
19
70
82
392
956
101
102
62
