4464.676725609458
5837.141230038249
8865.253097100956
11786.835698248917
5693.627689874575
3893.439185211874
4472.865988779007
17341.3691866155
13156.249406051467
4900.2839177811575
8634.362820404838
5783.312785294392
3905.7130066386458
4720.6770826582115
4254.091684980182
6057.236330004882
3414.1036125070923
2686.966600588233
6968.493921924125
2606.7738411371624
3903.5886307608885
2601.21786530399
8513.779406643895
7207.348594783433
6293.149890071955
6996.800936522931
2031.4229110059377
4988.18437701065
2571.500343125907
5357.171006272673
5551.016019436457
2586.3982978043473
5737.0688626476685
6305.591103856214
5207.445517105999
17414.711144148223
12378.002971317926
5838.5376750217865
3892.3336644959504
5195.452228819136
5674.437017518429
5350.636042420381
5801.279098186275
7609.406530647341
3530.1356184632577
3537.178792894425
6747.896231259872
5721.322754373556
5803.402683292302
5830.998999937838
6748.311384836082
6024.184618122404
5583.432191843692
2566.532620637522
7187.79487558809
9763.423759214063
2045.2235034001098
4709.065876905099
3154.0613530926253
4409.898698938118
7130.087697185484
5779.1345245138355
4724.174182509191
5202.644957144768
6991.817073556332
2576.632765768713
5569.250302797743
7008.290276643929
4688.460508950892
5746.163827101079
5826.929068980253
5250.247121599426
5206.75151395122
7066.613877187503
5216.33288056019
7291.257719814917
2822.7651913451364
3369.3270421082652
2568.713174536364
3665.2107057314274
4983.642793769966
2025.106661138193
3935.3246109414063
7873.246392568633
3501.521680879799
4476.836925998305
7518.214850220732
2571.1729988551697
3656.3267397265386
7033.777895001709
6169.249946172212
5728.583104848173
4891.219023989592
2546.7453994722514
1888.6383448438876
7230.348531215748
5340.842874528769
3784.3337219999194
2699.294619794476
3419.4785053507053
3907.8750606799053
2004.0239578959029
4824.184869665423
5673.136162197099
7461.181406335923
4480.732580286773
14844.368271291058
6042.396917736503
4894.797203811471
4239.486409622319
6278.209967801452
5082.79380610083
6047.318877353384
13127.473956821
3660.5406313259828
5796.591052353615
5367.808102303391
4239.872721906441
6298.683679604164
5196.26634997071
5740.053097174403
2595.0899247025923
8471.887274426488
3380.630476409951
4767.235920885524
2322.6654394291304
4507.00472452975
3912.1721773683907
4303.621496844761
3376.1335870666267
5827.761110238067
3142.9892107473343
1894.8435434721982
6624.184536100801
7124.210721397051
4645.394066971646
3132.6517615345947
7010.887760331293
9062.115829997396
2059.900194182023
5195.178681416175
4312.901204535848
4234.499478674033
3339.3179523229715
4919.768084980757
8209.406317143661
3993.6237937729084
4923.842990821518
6807.679448958195
20499.16907923694
3395.3136344439445
5801.812337377768
14032.926465393199
5807.905817108278
6112.186674562961
8483.925734736471
3385.0534861589667
3316.737360954743
5148.330640018551
5204.688216756802
2052.010827437697
3352.295209820651
4388.184625914366
5510.005978391005
2687.2613054669728
6682.15848820037
4669.628573335969
7475.307774742979
3837.989098443194
11539.781658930642
5204.519775548802
2100.316151037312
5790.927069374317
5780.362267384719
2157.540675844392
7076.993091816289
5814.852813138412
15626.000095813388
2702.003802227786
7110.653886259611
7774.908537332332
4317.865336953888
3415.841989439369
4988.489986413748
8473.246172998075
4430.052754710434
5215.176443083125
5805.864497307941
2086.9669100972387
45718.34832223199
5062.348566651095
1288.6386157904124
4715.219886367
6010.963031766226
5772.090308326213
5201.676383022715
5681.262860885979
7282.158205094468
2018.635116408096
4754.884787631955
6378.935248526549
5777.084208833819
4984.455290850236
3106.063752689535
4473.007172087447
5772.527551274743
2450.9657166858588
7088.787453320473
5210.819995155927
3357.1246963922363
5724.46169370154
6378.421595821898
5745.201570320368
1998.8138865338492
6572.178837522434
4932.339561259553
5441.17277263189
5117.928646422099
3410.027431142212
5119.556517809966
2065.2555122582407
2643.63232448515
6032.045320230472
1306.9964368012083
7098.364571145456
4469.267498905921
6178.546163768843
2563.821379660855
3541.133735827215
4954.5168674090155
1882.9320002172935
5254.590745993619
6618.499766929875
8454.97833266907
3070.1787369096164
1262.0251897963624
2409.1420266065243
7874.289374107121
20749.216574476588
20299.080376609436
4661.2842084922895
3162.761419160724
3734.318063883441
1452.0109526165893
5750.312560448775
2043.7107210507033
3302.477531636705
1443.7108418370374
5201.626889614013
5974.03151216544
4462.348725396967
2057.4334586796517
1296.9408170039721
8043.673120463037
3500.519525437529
6047.005802633966
5563.925617801191
6403.402578191823
5636.390527304037
6147.116821718007
17587.122722831213
4984.762933583913
5253.793950363795
2605.2889843102266
7085.093377045877
3403.0707310101448
6324.4615441174565
5128.583214526779
9050.205065849615
3436.710420073108
1290.3640924978795
5683.029832979927
3393.480212119539
5198.456380316521
6401.473840727575
5676.433811588907
5295.209401463839
3911.365851306724
5207.83141295999
4332.33965111011
1293.7139265463575
2606.8772832875893
3209.410047121189
4069.9557133485573
2814.0703843646293
1296.708715012172
1288.363082683224
6386.9039549108375
4596.54208936039
12101.61167391674
5898.523314923186
4369.251162214095
2664.4482404166874
7476.433500289795
13495.356176330153
5819.995566181151
16901.864997050907
8462.924881434099
5192.278893174373
3188.1847444742584
6482.930458810171
5618.537249398344
3378.6298362354323
3387.202328110634
7113.743493022508
9073.24604916582
4346.119841458656
1303.92802208046
7654.662101060212
12107.128252524108
5194.772683941934
20503.30419222568
6770.80246716288
4574.562477194373
1427.1674062920488
7386.974719714617
2663.1202653011746
6698.442716060941
5496.318100968518
1912.2726210649066
3545.080919487269
32071.55855102699
5486.13012158261
1282.932280537025
8309.510965812115
4549.24787804885
6694.791616617687
21418.549793950024
5437.2698573022
7080.939879890724
4980.94140017583
6572.261005982829
7715.42250490083
7785.515570330626
4818.500306015534
3795.734818842264
4921.7903873894375
5104.7114134200665
8385.515481779994
4307.886871681601
7113.269547320117
3157.6912521785957
3031.1451275430436
41231.91325316204
3344.645642070783
5841.827241162027
4516.207813852096
41027.457029080615
11775.440265284611
5634.402143733255
7076.648713509473
2659.900170703435
5101.712437645203
5188.347993625239
4991.148832007091
7113.567701123498
5211.913718477985
5202.881610586386
3939.317922696625
5192.543816544659
1233.6778748713616
5788.080347839485
7629.618106895645
7119.20662826945
2666.4241907314918
2987.387119698628
2988.6265852512815
51020.15804458454
5488.7905890603215
1927.2812063651777
7102.448434611624
7451.445865782557
23491.202302763446
2663.9242239580044
5198.664962589188
7086.359827013213
6190.376935741928
4225.923550947033
2669.5101725199506
5195.969048569157
