3884.484697826008
72169.0169611333
63008.8527876174
76940.29230112802
81160.62167261746
3933.642944289602
68198.69512946077
54700.757550171096
62408.860158181924
60369.873755931294
42387.280155191314
80560.62852812464
38603.65557895458
3333.645349815773
64208.84166981969
55300.75329836238
70969.03030132806
108906.80603704983
65817.75743476783
82960.60164727777
2845.96486697412
83560.59674696592
41787.28463305803
60969.867595936936
55900.75072932954
54100.76296963978
20344.705228720555
61808.867133346066
60592.01365925073
39803.64548031277
64617.771019409076
20268.704232273627
42987.275542173185
26453.26175919652
3112.24266279805
3979.4104288628123
5733.638535774012
70369.03542148734
2840.1009904715565
52900.774699712354
4495.7191224874305
25853.265022624935
73369.0068295443
41187.28847175191
67595.87931928413
5607.041182109467
5035.948584466078
3752.2514378340998
2609.026295364504
4936.240267192764
5626.088783266913
2355.086948622755
4502.721095601162
4559.9950277453245
3639.7432594375678
35125.817559238065
46378.4083196008
46505.76824957671
39203.65079804561
2013.7668851058033
4471.7827900222155
3293.874227274605
4467.858842387202
97129.80802017335
3843.3133347061384
2553.8225196216977
2621.600108248874
6273.934868497961
12466.43192873989
41040.912271122965
2515.683706510359
13743.182361115098
1993.4715672319257
4453.4827653879165
29462.57168772975
13066.430097866232
35585.93327396258
63608.846259410544
79960.6346658965
6211.959140954547
8352.101512932444
7312.4450907511855
3074.317730396146
3350.414228724013
2576.8199864759263
3954.939762653598
52300.77967646237
19668.706153810304
4546.366632968533
4209.982590280131
1843.3997293515283
54634.11563366742
15533.73085301445
45905.77393770712
80756.72206656754
1860.173386315254
45778.41241006279
4473.937468441528
3286.0511002048843
31126.78250443052
3881.982684481574
13666.428629570664
36185.929285033446
4931.88363208471
4506.0814647551715
99826.90939055264
1846.107820545501
4441.655858164702
51700.783304551434
67598.69889465199
1884.06208247589
4186.910326785429
2460.17292251757
4483.318269179744
53500.76891221654
59392.020000736135
81356.71722104673
3221.599649727206
51034.14005489413
5050.7529797665875
24653.27035998937
27053.258815593657
8971.515810174693
2610.184576306273
30676.49057086655
92929.85328417113
69395.86439351615
3296.3189602560938
3286.393097353159
28622.112190051972
15543.17683225513
2623.9490111171995
40979.89314908195
8130.740570741294
3106.9931818132113
5002.066769411214
3172.557304247531
2733.648347563646
5064.902326466243
3759.7541553963633
2448.843227987971
79556.7305887934
73940.32596344883
4549.598146416511
68195.87361024042
3851.4727266887153
3597.1375566104357
54375.49374890678
7121.8941062702515
2450.818446190528
6649.067309848778
37627.256800442985
3895.719986697457
3031.2773639228944
11545.002398093622
108306.81240709145
2547.859874376719
6930.424387600906
2446.107394889176
2640.858927183817
18522.788892206085
6881.975444382951
2590.3857699752552
1400.1694199786255
10945.003881129032
7530.7412101941545
29222.108616219906
19744.70729962213
3294.7879272202113
9320.851460446198
5102.719771563967
32476.480788905603
3285.913031469949
61569.86187530022
2601.2788739013554
975.1188617474979
2462.2537072186856
20955.121752740924
23301.556408451295
43521.58673168956
23325.236237165478
21967.84804150953
8749.036871684762
5130.746183954167
4467.2522082474825
2637.122490193513
52027.144758217335
3176.8194577244303
1328.941384820705
39274.49789806564
52627.13998449139
3902.7231387054726
4846.1191864258635
2599.866555709891
8029.06987162817
2508.743161890441
1248.6850230841221
2588.0359020588935
55234.11242516123
19567.85666435971
5228.553693852051
1850.8188826620121
9092.137125086916
6261.924464104384
5084.482233395231
36941.9601811243
5537.989819309319
4702.392872843719
2904.1664199059765
4896.023225848254
76340.29924956925
8797.444132596556
9003.906000905507
30062.570237635126
20126.25223409008
75740.30695176513
9947.132591080865
4651.4149175840985
3210.1840828931304
5039.339415698245
3289.306074184967
3302.7260498626574
5723.780255771973
3223.948710544141
36341.963237345415
2454.6265001557063
9368.346313808715
8911.70069400587
96529.8145692869
3873.9397721841765
24963.121086263047
66417.75238292433
80156.726799556
8727.01607455156
31876.483896094167
37027.26195582306
3297.3398741764204
54427.12908243324
5081.978652622408
3603.583194059278
2578.375064683591
2559.7025398630585
4451.470980728784
1905.7650678517846
4997.948875742062
13993.41825629315
52575.511091301894
5607.907067429057
5251.780289512384
16133.729348571587
4482.90513599577
1284.062575229982
3898.3826446112685
3931.322710545137
5986.907233213175
8371.516494751446
4476.819909655627
17152.97440360922
8130.42298822342
2012.7754246728973
8948.438491176545
2202.1472133266657
98329.7992076342
107706.81765856038
22701.55844364226
3863.939036841032
4455.591211100749
11866.433544900581
6026.603593532238
34525.82176893316
19979.174619242527
5283.836275784355
7918.642892148503
51634.13689437817
2550.998167452366
46978.40434691317
4623.109536043071
2695.190828574102
5643.08497388625
6634.171513667406
3883.320577374477
31062.626640491388
15522.798514585356
6205.598441140273
2185.192267788878
59992.016405369584
10547.131666309328
5287.96110064898
27410.36265649454
17752.973525225665
13393.419805360334
11979.610883587753
25563.118280762526
52369.68507065041
4447.214875298833
4411.607837767871
12370.759695295425
5054.199697946015
108641.99575665889
6302.71644445116
9968.345722865917
9282.56586345855
3839.299224249747
38227.25188411816
3295.620114181079
1968.261274096318
5206.764061055927
22594.99129623962
87472.85191995098
6498.469872779558
3905.7217509601473
42921.59081757075
3212.380473622854
14933.732613346068
3611.552998290354
8149.037891086637
8087.05243389491
4570.271772323342
5034.6803210767
4461.983172458515
3209.0256957111633
73969.00511598344
22567.846993140425
54034.11960001211
52061.6380286588
4474.390485949494
27653.25671426611
1606.0111244935686
7372.12766520407
4209.790559517776
7157.917272467237
28662.524234671633
1967.9264482820413
96826.93208794249
713.1812963734119
8720.852537098399
4283.442138434952
3237.122261876072
6496.901166025847
6278.658918583971
33076.478337510795
10547.964572424238
5047.21420122195
2517.744582756671
4475.648996402855
10345.005342963947
857.8388963377295
44787.2659938243
2095.1910985124373
89423.3313339469
5041.314096713929
1243.4001642631035
6290.754920130684
31276.487287627046
4450.917749821465
6586.906981419315
18967.858637245175
7757.371623128234
10957.419319106539
41074.48936273318
3275.9744582223175
3193.9405941799673
4091.1113427596897
2484.0617381271704
4902.32172351321
1008.9020900146572
11448.30029286795
5782.54756387183
8957.914626458432
3199.8659640896185
5717.209490347738
4553.056301120012
6263.983573134034
6320.85802454664
3856.8335497526455
18993.572090487334
3333.166128291033
5939.870850185395
30679.41727456342
7472.1927011123835
1968.8304915177719
1926.040344813945
4737.742840362722
3901.446414496053
6260.784435376254
6982.545989206369
634.1242079824697
4464.903791969276
78760.64317754873
7482.568504995717
5794.623267726919
12854.117783447917
1246.1082847845228
37541.9592571942
6712.445743678365
7916.994976122253
5139.185634631927
1241.1418928750275
5070.880501737526
6416.564510752225
4070.801553184697
5581.7973987486175
4928.385878744879
5016.079254429859
3822.501893351803
3275.95777033466
5446.11883933383
648.6854400726254
70598.68298538474
4449.5532274681855
1260.1738809817866
2432.036497108337
6444.977094333125
3975.239424706138
5043.08820203514
31624.94502667664
10862.621172970543
8426.600961880715
6975.423767443609
9905.772343500506
7099.938404012242
6261.484524680445
4687.961546241323
3674.3157764397
4564.684015906317
5690.756444200385
5475.857456925372
21957.08804663158
88072.84554273516
4445.611814424492
1439.30071561459
2981.0145704373435
41003.63952680128
20901.566621207832
3379.411251781857
4414.528521988926
1240.4016610783935
2885.7740908381
6330.743830961693
869.2969447590407
2000.1692458935743
9303.31845946164
3032.0362626405513
34843.40465765323
89872.83704195
68091.92682725437
23194.988575282772
69998.68401175192
7768.793933659869
2036.4354755884037
5474.080245368176
8686.180424899265
1325.2182806980595
3631.2744480760193
19210.80511657359
28062.526644047186
1928.9409567197483
5660.721888486
3154.0970409913048
6975.660883609386
6864.90114918284
1993.9995827739217
5180.512634975131
4909.471048345079
6643.057878473122
5538.147458064735
638.513886061325
6369.892392443611
4560.089936610312
3810.052488988796
4179.564841342899
39874.49464536604
18033.33964090684
4786.909235604352
9245.229676233563
2901.3716174302826
14433.155264248595
1250.819369442421
3331.3238753938094
3178.37456435849
5609.4993314433805
9927.01421243612
2520.94307321296
9539.660275220807
2477.6966110232065
1989.7816747414738
6275.605013712754
53775.49817081538
17433.340896183614
6254.298815215419
7113.819088169432
8558.444030754807
5124.910621270922
7520.855558516461
643.3249853900027
2023.6005801473664
9916.325403749614
3077.6960327220722
4544.192531813554
7848.30823521093
14266.42802218999
1367.9267397831243
5368.425533728457
1241.7194708078928
7034.5918544858305
4231.2717771290345
1321.0525931692957
8122.413432458089
6128.464729822288
4994.209298192193
659.1293672976263
14593.417199739895
5542.141165655435
4506.481407093748
4450.753686260046
650.8196936874984
10226.124247321271
86272.86614573622
2675.974853906071
9283.022736545068
2092.4663179585423
19314.291219523824
6052.548048563275
5498.699196520363
13143.184045422815
14880.245834288009
2606.231454156286
5235.042876473846
5300.7464575987315
33384.747619427275
1457.8386839184411
44797.039094899934
18817.141593541328
1238.5135964398353
36785.9264424223
12691.066486736303
5450.319634898835
6352.503105160001
5617.295567350188
9744.249486173032
17406.75506995255
5775.596240220607
4544.185483598934
32694.586361161586
5664.901952745155
12672.534317407182
2596.241468196398
3395.1932632736243
6276.117445153555
2745.2542024856266
3907.3918476345375
14191.205421629391
23925.23455020918
17653.86319473461
1937.0401336989764
5313.903583722272
47476.59157587641
3867.861109024903
46276.595315963
1552.594881796224
990.2075745612675
4109.393058191826
5601.301740299132
6500.47395983025
2975.446485042585
6266.41596919053
7417.292589580457
8552.829216787975
20944.70436950504
4354.095870645791
2301.3718788496335
33294.5842931722
4193.442338759847
45387.26556798672
95929.82195853506
5747.894230004253
5052.363543894391
4857.081918908763
1017.6693415097162
2135.618483102528
15435.104623954448
5075.717473257477
8120.853989531735
1921.0524630676466
3334.9179248236555
3641.19180106614
4641.30101213627
4271.225452140214
7793.512137566835
3223.422367614851
90023.32930400668
3067.0594616573403
7023.108031350648
5117.129582459578
3862.5722865202183
65691.93120961814
6974.363737303681
985.8318801117022
2029.725040139726
1283.418281187384
4613.615343459961
1575.118719016924
8455.902260125651
32224.943343838822
6950.614006285468
7833.597409773017
1499.3450054653283
6001.956348336697
3816.341059059142
1067.1566820554594
59140.98803855655
6013.9817484434925
16585.597810369378
914.8552883903016
1954.1700309517444
2211.011161201703
1782.3464408682028
3411.8848558629984
8548.125132393205
8683.023817310168
5056.428528133389
1961.4531934797371
4574.701203511181
4691.1111866213005
1359.3837373107299
4151.352254130772
67491.92736156179
1112.2133033762984
3814.6895195571524
4340.5466987454165
6878.658467919145
6870.8791099205
3809.350118381842
76129.24328125044
5906.369830420297
5786.902193275091
75529.24490478628
1086.9472914724531
2528.9408357513894
3870.88364167704
646.1086042011029
6267.493199390543
637.3767536804156
39840.9212264939
5256.6341552634285
5779.944517035799
1333.4491259308086
7069.647106864775
9590.503842683542
3845.613595572066
