0.115534520462059
0.047864150061547706
-0.062045400624175386
-0.07692763755195049
-0.0530662453871577
-0.036418172163516595
0.08257344016923798
0.03925055550589464
0.027271865731751763
0.04414824793653432
0.05499755463101812
0.05273580432436786
0.05767689921742772
-0.031511684231694745
-0.044010429790065045
0.03856109969157556
0.03194805227838587
-0.053288747906190016
-0.045058078714434464
0.03035966206856924
0.055484112637580144
-0.048070869338551946
-0.050510957562038085
0.04027794966468461
-0.076915795099867
-0.011925041644687856
0.03463814822712731
-0.03385577370545133
0.052726777251483774
-0.02623898677255773
-0.028512907924273197
-0.047749633067959596
-0.08874502058924606
-0.018632046093395013
0.02863672577481493
0.024187514945479847
-0.019569989169034813
-0.023574341769485186
-0.022379709734359078
0.09776914917457702
-5.954284688444539E-4
-0.03319486403223644
-0.03255602348425351
0.021667415477025383
-0.03818553589368517
0.053738701502687565
0.03734373801229564
-0.05235003854937702
-0.022099013251035693
-0.04439737901583727
-0.019218805812100653
0.05584811709412644
-0.03194363040100683
-0.03709440813265875
-0.0367567965666908
-0.018752190442806967
0.014521846567482467
-0.035232789863671905
0.0241047221328236
-0.012458900514961378
0.02071365980857442
0.006657932371738342
0.028803980691589372
-0.030679187677969816
0.025374549156302318
0.030586413120892424
0.06627429172014937
0.047466248807458575
-0.022851226303405813
0.04133940859019121
0.007885892172548148
0.06771979698985853
0.03983265052980713
0.011250082506228089
0.016062693544949182
-0.029632303113694632
-0.016748235715643715
-0.04682540837746706
0.03753548374356466
0.017731423483216224
0.020261251204327157
0.029778365786760342
0.004845461540280458
0.019400645197385425
-0.046738726200444516
0.014339681950208818
-0.019659232663777844
0.019389250412207404
-0.010419780441383277
0.03625836846432717
-6.835737863668625E-4
0.02262057297382591
0.03569458351017214
0.04477697558140533
0.06134584622439775
-0.015912183995674352
0.019013708651794407
-0.03423596009342367
-0.04908054632995999
-0.024906051632104437
0.01585937061756468
0.014764562172470278
0.02755993220533265
0.02535107078384527
-0.018007169565684104
-0.0037951764122701108
-0.03430919981584703
0.017196266827440507
-0.007576938505857619
-0.01177252847848217
0.007477236133457051
0.021491434233569088
0.023366573052554667
-0.019580327308568728
-0.018955409297004466
3.176517147427526E-4
0.018401498461474576
0.03992204085087692
-0.012126010259170433
-0.0062391367889633445
-0.03127243068260118
0.04896335331522527
-0.028223191348382706
-0.06011624246486549
0.001811338672626481
-0.005363173379786678
0.011023399661664228
-0.005024337109309172
0.02314863438913968
0.028252719799982624
-0.02065362839560478
-0.00868597297238706
-0.007830758806960573
0.008362370079424659
-0.03599267242655926
0.019540667909823683
0.028437630742947428
-0.018675132739532332
-0.01984874330764909
0.048403196442096744
-0.013409771458133738
-0.00721746236554956
-0.010389741368769074
0.03866081462131508
0.026243588441966736
0.023890160911090128
-0.05825105440110089
-0.0031525436814673785
0.0011939042950934655
0.03942851988263632
0.005070257525798954
0.033459873033319036
0.008339638464078442
-0.003016266508708004
0.057092423651795954
0.023242273329372797
-0.027208505135395168
-0.015673382934590422
-0.03326848287087747
0.017379369978797764
-0.02487056921444456
0.020379407102354932
0.006989847877532012
-0.04082447802490899
0.01144675768190773
0.033018884402670624
0.020947567231947118
-0.02100135565803741
-0.004011103839863725
-0.026285240711319543
-0.023172757666021053
0.003729457595789212
-0.013280778660948902
-0.029647946655841653
-0.007874070360858755
0.06064762209151803
-0.01566138379379458
0.01088845570737756
0.005296971964727623
-0.017045167236971435
0.007585639479273937
0.013938636102217763
-0.002453378811686031
0.014289967216272638
0.004767792706973577
0.04118461531038092
-0.0267906307755881
-0.008766971846694994
0.011601838240485413
-9.99419581261663E-4
0.04546557954865105
0.006160834717122681
-0.002049334363544659
0.007922077655888695
0.006601540376679391
0.025448680756621773
-0.012928295021466826
-0.03788934334019517
0.0117562742447308
0.00981959022804249
-0.016260133868840874
-0.0051097767028235215
0.01527459909457737
-0.052417308891429176
-0.030210474594836292
-0.009723766973225596
0.010947527208510019
-0.03035521759330736
-0.007565336305421008
0.02790038925224422
-0.026322898049645955
0.023924836964575896
0.0034024509499255163
0.005517351174255485
0.006106198705153196
0.029807738487480875
0.007017954716705568
-0.013244447769031201
0.02577049192308555
-0.009116126263461154
0.00702198232245389
0.030862757331987116
-0.023823772154647482
0.009667969263073306
0.014806972668649719
0.0027054769265398904
0.03853373597322154
-0.05253937732314684
-0.03444359984935684
-0.004128295482513559
0.0046733289523410325
0.018520264078130007
0.02978441617537285
-0.013700702383984433
-0.04552628928358622
-0.017462722102538228
-0.025812178501938766
-0.01684775351386151
0.019343759582428423
-0.06039770954737842
0.005683575492356686
0.003466808882990227
0.0030610444006202503
0.037164387280040845
-0.006328694416563009
-0.07011464865498068
-0.04856782559465614
-0.007889975096795902
-0.026970225011301887
-0.021614124820540766
-0.01790344405961062
-0.02308971693033967
0.050827825461225246
-0.0030080394980472086
-0.03853513615781559
0.015270741433760976
0.02182857842032874
-0.010630572411232202
-0.012834570929334694
-0.029569897347981693
0.007383628622260401
-0.020010448170806123
0.009252439937530572
0.017769506743715833
0.037710924495317814
-0.01994647434822622
0.016955091265868926
-0.0704496034804416
0.013966247576724551
-0.005104526790501553
0.011562318876686328
-0.0256261907259186
0.0040215172510783045
-0.014571481204249897
-0.04198576209023998
0.009771475576753064
0.021564683699709937
0.04249720232130972
-0.03552603499292051
-0.007569360523413682
-0.004260609525622572
0.04813137784138929
0.03270085133724845
-0.014366886414833904
-0.01267415309443105
-0.01085697154944921
0.035413338328245204
0.0144005299938815
-0.008131277570680969
-0.011841412731758857
0.013096301547887436
0.03603433008261974
-0.018371318013899084
5.768649414609979E-4
0.00954735355533901
0.012854744540993763
0.007285516225633391
-0.001680510228751426
-0.009290742038659613
0.010584381561236181
0.006314688730093024
-0.01752563431614062
-0.011849571692131576
0.009315542883328195
0.005878227925231481
-0.052202344703295385
-0.012047864503790116
0.009962569290755697
0.005400821770095824
0.027278253299478028
0.01670920737582741
0.011080746377396236
-0.017321871547887713
0.03294531883357081
0.01772934037401364
0.00755300873867957
-0.017648153149625045
-0.027621699068873053
0.016272640424639415
0.012924615874848942
-0.01421558081667605
0.003676482794209158
-0.0066666928658902815
-0.011888302360488247
-0.007409551330943473
-0.002122502827401193
0.027798892414596807
-0.019679698237452043
-0.01050383052990281
0.017664072355238748
0.00850478759637488
0.007073501110141469
-0.010156592970515506
0.0017336872612836185
0.003900772856862537
-0.008316007392773187
0.02641100908275889
-0.0032991376325879544
-0.029464238997190063
-0.007795059353652607
-0.0018480657378630975
-0.02759708226763997
0.026304778340504965
-0.006179386211350777
-0.008068271419192698
0.03243638265311119
0.010597919979091767
-8.3858312671118E-4
0.021627430765571807
-0.03955370022065535
-0.031399501410644036
0.02917699994762352
-0.01927163984037695
-0.0417105976174138
-0.008913793433008221
-0.01922995176505483
0.01434552428825804
-0.007731300862571896
-0.014168606669480027
-0.0372040185823017
-0.001557107525378731
-0.03248862780241669
-0.005775830420543977
-0.04631127195003899
0.011679486680140565
-0.005304719700931185
-0.011544430269698331
0.01794955756270232
-0.01811684065166746
0.03952474067464301
-0.026218655099137924
0.012304428562756858
-0.01494852354683903
-0.019909396343722494
0.009324959561736177
-0.028216971212557524
-0.024711260472208202
0.03365922936165922
-0.012859978348656053
0.005932821772625133
0.01258281454043219
0.017318653832772164
0.0039632686464894686
-0.0018194900389189338
-0.015892612874513535
0.009347526678569298
-0.002552810956633992
0.01795951686151329
-0.01848034405649926
-0.03488681655941918
0.01427374788988624
-0.0224511506739431
-0.021991024822559366
0.003961328091614435
0.012458329793152763
0.006165579252879231
0.0036307665641302843
-0.01426547015251453
-0.012757375062069472
0.00113072512237473
-0.013281461675250596
0.014724212873864375
-0.01279471647827108
0.003019634026353493
0.02809498071244079
-0.009589726854686629
-0.018917584478859967
0.023326546463117284
0.009342198414899685
-0.011297843331097545
-0.008722388530779017
0.02003922726440127
-0.012505084908003495
0.006949278478029267
-0.02775945376865264
0.023842148695594062
-0.0099975732630151
0.0015820962468241163
-0.031581066809306176
0.01148944817730303
0.013018130162069765
-0.038551257469800274
0.0183376711796539
-0.018503713761539812
-0.002599347017941781
-0.0035546063148104087
0.013063792329323531
0.04303701254076902
0.0018838032975076703
0.014900784307070775
0.014530836079245525
0.010394688390717163
-0.005963008299166999
-0.009854249425210872
-0.004494351987445825
-0.006596899387102067
2.49206682560316E-4
0.011240777432064253
0.009674816673730269
-0.0038843689126543683
-0.007344637391707338
-0.01430767952514708
-0.01012172602725487
-0.030741988061418726
0.00824425412193074
-0.01465248327605261
-0.005494482692010197
0.022789761498124457
0.01394130577961857
-0.028695587703943825
0.0250543386280227
-0.012291070646392342
-0.0026983206113060146
0.018401919138491277
0.006451695016614129
-0.013228231702072586
0.018651056138253862
0.008651438952886972
0.004362147547709721
-0.02162340718613279
0.0220433184423132
0.018876272242488706
-0.004178635563388664
-0.0038896450969321387
-0.01375291185813343
0.0010094200446079892
0.018698207593344958
6.561461414022709E-4
-0.03455859122578714
-0.02465229263723503
-0.009163343847341363
-0.0015365703782764344
0.017999472599554124
-0.0069452685314375035
-0.020353180888764283
-0.024849045347233305
0.005633574179363098
1.6156317460525114E-4
-0.029081931221134522
-0.012642314334488198
0.05022668740675059
0.0017124318253117375
0.006178359296152415
0.006974199253954994
0.005128036042484203
-0.013694860524206608
0.020346133936453282
-0.013277154700190686
-0.018700952890200573
0.018399761636562584
-0.033583832123237796
0.011716068181971007
-0.02456900471002993
-8.79811376006807E-4
-0.04720470738524088
-0.016909982018138144
0.018872030045344497
0.0058643990319018555
0.00932133094531088
0.006048061124277333
-0.011589990330929192
0.002823742510404461
0.01318167530196519
0.022846264853835334
0.025629071486635607
-0.03523701340724086
0.007850232946539257
0.009782666506937038
0.024347260566304468
-1.4226417916807547E-4
-0.002211167157816753
0.025929970548838478
-0.008390103424930073
0.021355691354344057
-0.020131757825038715
-0.00489415896772031
0.011546547883313501
0.011363886164803369
-0.04155247944790411
0.005101900926630079
-0.002982701900266921
0.003183524759948255
0.008623811095066172
-0.021571860416903926
-0.016666487541879785
0.00829857759247551
-0.02684644706056236
-0.018604225295213963
-0.016846447889588077
0.017360414459435734
-0.0037189848838508734
0.004922392309486624
0.00940520707403181
0.004200788745537864
-0.01618213796213948
-0.010477965512379945
-0.014579532407867229
0.022920832928070047
0.002262301560142265
0.01703013082244557
-0.004451237097564155
0.025373931231232542
-0.01706532229754757
-0.025556206002587303
-0.012578080334409965
0.028951867666507043
0.03265934734597671
0.004579657588295485
0.006144120675826876
-0.004931707287219582
0.01003625274562286
-0.005073697266984055
0.005064585382532036
0.014318313494016304
-0.027833227999400856
-0.015888719414284613
-0.01642179437935904
0.013230643498753246
0.015212048210492761
-0.012341141293986526
0.0027998620382221613
-0.014760960664037545
0.007992321882644822
-0.029385355089156757
-0.0034198660618556622
-0.006878647216115247
0.017218680792105492
0.011010516470890921
-0.01989859601651648
-0.02483497623806927
-0.01659537295679211
-0.003856588283120984
0.0013368673622504434
-0.015650895846261104
0.012172493981503338
0.05359572602354309
-0.014897471317299767
0.01305393927070011
-0.004175801826020158
-0.011313976182726677
0.013717196123321689
0.005000084593021418
-0.004635144642866084
0.011376043259987869
0.020648986901293766
0.006577754340157045
0.0017406857519158684
-0.004577514729773066
0.012225157825803397
-0.004917489116104545
0.023310821140713398
-0.014618233935222975
-0.003513166645054507
-0.00908501701100699
-0.02048453329954198
-8.791468148535343E-4
-0.006417712229333778
0.004363642765102829
-0.0034164755624848967
0.021770847543406507
0.008918358078872595
0.013192090621565775
-0.014803762170428744
0.0017918618340185453
-0.0037013580370626234
-0.05276904503894041
0.01046946773395873
-0.0034930637490486224
-0.01569551572365453
0.01777543851692323
-0.020175275967051737
-0.009307737520925868
0.006324672344364242
-0.025722396894535596
-0.03504814137930031
-0.027071657151778616
0.00763306655898481
-0.007951236590325837
-0.010796718534990623
-0.032128106502967976
-0.027390304495455414
-0.007473649887988465
0.012614096201642774
-0.03863882428817334
0.004075689904655533
0.00853327139990042
0.0025364435494010205
-0.02176027348698827
8.512486340847169E-4
1.3217572580423009E-4
0.02933458079661434
-0.0046594575097112945
0.001742178463059904
-0.00323147564484528
0.013327260465309097
-0.019588542845711474
-0.002132161439114106
0.0016247733279561225
-0.027833406726613597
0.0063803834714813105
0.016577937062122593
-0.025157778086256417
0.007240907432249216
0.002306823230075698
-0.004248717609128401
0.013551043367179294
-0.004299536036110813
-0.0029903773232135503
0.005846099837683184
0.003692868366777993
-8.414914397887655E-4
-7.961655860986071E-4
-0.0033977852462358377
0.010039623420734242
0.031490211744309604
0.030871498677941252
-0.005712578338008137
0.0031426416162303344
6.143577467824563E-4
0.011066246958335054
-0.006491002438457593
0.010884722873958527
-0.005997999410835582
0.01916002522738373
-0.002399487562007475
0.004427646838638237
0.002237648165024406
-0.007074360700916076
0.03176647846084003
0.042846994002738004
0.018256753365266037
0.013853765730839176
-1.9946456050888388E-4
0.002003579062582115
-0.004047267389872087
-0.019934862184968538
-0.055352085013889316
0.013598421610779607
0.020128201705222105
0.002050503104995717
0.016699220847450805
0.014522981214167568
-0.006677936294221515
0.0075118841658540865
0.01191161088304899
-0.005415115680542702
0.013870363609367015
-0.0023853258346199662
0.012426239850967918
-0.009644351405111698
0.004672953795116592
0.0026423598295679954
-0.01676534972478173
-0.017541026330138237
0.03413964290521551
0.008089126800425558
0.004549742703738262
0.005651372664986585
0.01434231652390283
-0.033442081865991014
0.020645899025629993
-0.013468277765463475
-0.009511991054027275
-0.018576965856932148
0.010522017623072278
0.035152501438949366
0.008099088445941507
0.0015125412037251672
-0.002626697674982388
-0.018424701161129806
-0.01897163864157002
0.02245053270170229
-0.008334521315947205
-0.0052547382099026214
0.0153330345303086
0.009239025648173476
0.016227725333856118
-0.01013005018974447
-0.0019398511872709117
-0.00537001010205683
-9.663403819827288E-4
-0.0077296321700623906
0.006341474028980622
0.009843540470855635
0.033465046331709325
0.0027201408111409467
0.007103072440050111
0.004863940345418456
1.749278732284494E-4
0.009034058553320892
0.03014652660041147
0.012412131586238459
0.006238862885538697
-0.010418210273111772
0.021382049894687897
0.021511587458764022
0.003497917032856032
0.010368178048957429
-0.010464967748783888
-0.00794550886565266
-0.003322533736382001
-0.007275337315078646
-0.007347293411655114
-0.011398889901807045
-0.009544091278306886
-0.003971777057901373
-1.6486795754733677E-4
0.024598031993256345
0.0032779396805518476
0.0012024162115997377
-0.007299402386708871
-0.00774598122711493
-0.004682051883442384
-0.02192187239107416
-0.02387239346417196
0.009553148439666467
0.006345362347398817
0.007278286076279695
0.007598708386321495
0.0033571985687072935
-0.004248980613226391
0.004879021781813882
-0.002353130312489892
-0.003249126888473681
0.004428600580188323
-0.009648896017482195
0.02193660721295861
1.5306313073692118E-4
-0.008640487677781422
-2.1353715376802977E-4
-0.016940469155888507
2.7482823466875336E-4
0.008230911453184124
0.010981609591958994
-0.03539893838693126
0.005791428024951747
-0.006038244374912988
-0.014069653832626487
0.012002926636541946
-0.0012306313156754999
0.004749460609462684
-7.845807215464576E-4
-0.0045945266595076185
0.0027985567382624063
-0.0045121746919977845
-0.006020012311947727
0.011971158142759316
-0.0042609117753537075
-0.0017091194418165933
0.014344973003484456
0.0016615764814563027
0.001492471800961804
-5.46259112479265E-4
0.018806942464277613
-0.008581680607277164
-0.0011146923553360696
-0.002178981689153393
0.006738507724525424
0.004542224300285271
-0.017578000990822597
-0.06909832688914581
-0.0038479853010804084
-0.026187635944773625
0.011076546054084892
0.010385629796304226
-0.011421566814185427
0.0029964890202929975
-0.028741094551088125
-0.007269627482879031
-0.027230920261647588
-0.004149646966079466
0.01037362371713144
-0.014180350353432139
-0.0029053899270895843
0.009059365874778251
0.007153676745739291
-0.01398332979806374
-0.003937003882021873
-0.0024562153511397825
0.002155706356776711
-0.010557524520405022
-0.003462339845446703
-0.009053982471734709
0.007043958434146217
-0.025714450679671746
0.06400314412378635
-0.005595631822545284
-0.002776644351019992
0.006673419662573657
0.012354748371193072
0.0073559976835909854
-6.15969151258716E-4
-0.014956582511082004
8.968181051946074E-4
-0.0073274333532365845
-0.009248752044154838
-0.005986891556305351
0.051393126516385335
0.03064182211474791
0.004121488045442343
0.009492271957404942
0.004392535846339482
-0.003915419041275368
0.009647494299283228
0.008580524750059954
-0.01699534821974775
0.02455150338875135
-0.025594941008121114
-0.007479259354263041
-0.004594677898065362
0.018283397766138243
-7.085558536771832E-4
0.02891850625907534
0.002149458666787845
-0.003821335725353929
1.8618854037610416E-4
0.012454716882921784
-9.250831847320025E-4
0.00955245847113984
0.01095368568876401
-0.01108328342456712
-0.007069141773164073
-0.004674105495079274
0.0039870390877488225
-0.023041271903481934
-0.00104093383760241
0.01647453164683914
-0.0011412864636030308
0.005672205941101055
4.919712467466286E-4
-0.001928728722851094
-0.008669552197679339
-0.004766905150317908
0.006959132104897312
-0.007962447744929635
-0.004432066146592591
-0.0037928481731126494
0.007552344336416492
0.020638103111143086
0.014392613096083575
-0.005420511540130678
0.03866590045107352
-0.008043709388665098
-6.710066314212417E-4
0.002876703811116393
0.0036414403430562133
-0.00426046401772975
-0.036055592637184254
-0.0076513740466942716
-0.005409227490348536
-0.02708710727571091
0.006098910279691928
0.006193564946273123
9.207180177339666E-4
0.006225106638433601
-0.024796237112652494
-0.003866771388043256
0.01528350089809038
-0.01626597281397887
0.014579098005643523
0.0016917704034376917
-0.0027927551892358324
-9.345901857388103E-4
0.011884142377186602
-7.785146041066647E-4
8.43953205543457E-4
0.004758646735774374
0.00997789161118627
0.0037599751739944664
-0.016204971619695193
0.030759647890021502
-0.013029057209971821
0.015323010088910157
0.0022735619711978777
0.011292584641887284
0.0017290368844222006
0.004919213959495581
-0.005884729881082274
-0.007995948371985877
0.0101263421146699
-0.02239945247407717
0.00122752991450191
0.007751309653320115
0.01321205586962605
0.012856234657174882
0.008067563957226246
-0.0029255182119869313
-0.02045550698974639
-0.0060982360770152795
0.01004085458827714
0.0010122928433560117
-0.007555540208714264
-0.014564980579283963
0.02078762408212952
-0.010205057006051108
0.009601466124592412
0.006590104125400568
-0.013546603066464463
-0.015709728365357913
-0.007698761540047596
-0.005839785548649533
-0.003015103742823526
-0.02445883872723956
-0.00705258593223299
0.022367422349040215
-4.949910228923309E-4
0.001693039578976927
-0.016586187426441187
0.02843447662957088
0.008370051029848138
0.0015893983006782216
0.011866939363337959
-0.0024617239337214733
-0.0034564149551759584
0.011414449088091768
0.008807386585605904
-1.8038447637514377E-4
-0.004336488125630095
-0.00398151331759609
0.006855104341876129
0.004578464875257435
0.006890547175241874
-0.006460977111802428
-0.007874045754052478
-0.007562434222500309
0.014093593869266145
-0.010321779079647084
0.00994658985745264
-0.006549231465856628
0.005559271803694915
-0.001266469424273559
-0.00656406772237827
-0.004855424975348425
0.029756510147361703
0.013898251245385585
-0.0033380125920899196
-0.007031412673276064
0.009844236691371551
0.002361958357084871
-0.01231673155543403
0.009041492834373948
-0.0012292241024005905
-0.005872831376625459
0.0017755526795960555
-0.012913346929957818
-0.004863062539177225
0.013904157622168716
-0.020707075188801938
-0.0021366417473832836
-0.02096529521920493
0.010342079690356271
-2.2120715424908455E-5
-0.012873238784038302
-0.018094445398765948
-4.087349654459852E-4
-0.014923865731748791
-0.005724135948134598
-0.0013604487644880796
0.004430117729654416
-0.007372591548584788
-0.002205989776293183
-0.008261739038948305
0.0017045623087735117
0.00532505433212092
0.010909124096127222
-0.01350283119333365
-0.0019251778048744994
-0.017894789198054664
-0.007403707805251548
0.009037172567589116
-0.012414011172085694
0.012712803803549333
0.010885124156533896
-0.013937417631859867
0.009426093021533284
0.006805250318607386
-0.005488106049744567
-7.775661301535788E-4
0.0011344601381509107
3.0277753867786556E-4
-0.002777491530447946
-0.01655885455948364
0.008984966856383402
-0.004765434297363266
-0.008273676917704918
5.330455335912624E-4
0.0036810352048014727
-0.08068246552579833
0.005268742024152194
-0.016598715915445844
0.002543003409076633
-0.00107138576115505
0.005695988611785874
-0.002438210633185737
0.007511815844041495
-0.0016991020354169615
-0.0065507978072180065
0.007394535789303519
0.006232927510122384
-0.021655102191783165
-0.029015996856374272
-0.0049568955393050704
0.003607445398805401
0.003649007098962101
0.017132081994812906
-0.0035774018351792014
-0.020477697981358935
0.00568805724412321
-0.001494056026894572
-0.0034042267920199746
0.008074998997964886
0.003720321226177971
-0.011375416523601365
7.403718619232909E-4
0.023627953957966644
-0.002052433996408983
-0.004340777280074369
-0.004244278564033151
0.008427985996254274
-0.028710345116006196
-0.0019647293082955416
0.006233465558574174
0.0011827604658889294
-0.006495215840460074
0.004883469746516174
0.006641598125516789
-0.0019861837215156587
-0.00760480542545184
-0.006375560260345514
0.001012918805114848
0.01238405293034101
0.0012306534815340394
0.006366555109692315
-7.177317734849817E-4
0.005877629548497475
0.007358405470653245
-0.004323720918877785
-0.002010350287120962
-0.046288629017175516
-0.006129343231205967
0.003327667389462084
-0.0012016528079092958
-0.008238606307009705
-0.013540518213511068
-8.670483680119245E-4
0.0022407751306240376
0.013317746190742196
8.958314734422875E-4
-0.0022811270175363777
0.012480925085818622
0.0025754594551589526
0.01740127185553111
-0.01365233422829505
0.006525434794826125
0.00476669504876652
-0.005219578193479362
-8.456101781873361E-4
-0.004310938679351246
0.0031966268192477206
-0.006935098763556889
0.0031918123072660056
-6.09413343288807E-4
-1.601050208491099E-4
0.014512116497729025
-0.004875271419170377
0.0018566118745832266
-0.007897681486161885
0.011205971622707978
-0.007193980142194451
-0.003291951690329426
0.022057107408594942
0.003026590722639709
0.0033648289183199564
0.0031413328875105023
-0.007537648586765241
0.013836215591034083
0.006246416001038934
2.5939356849813525E-4
-6.249925321243807E-4
-7.766563955493383E-4
-0.01045910204184282
-0.0013816435714614679
0.005364344841258326
0.02557027195318968
0.022174528564790085
-0.00798517752117322
-0.005025632410641858
0.006261783865995048
-0.01285104412650482
0.01935261022512158
0.00991458256625842
0.006157176168548499
0.007202376654252288
0.012068485108968966
0.002165788467017753
-0.0017058812260617154
-0.004333736781959708
0.0015252201324336032
0.0036706453828669948
-0.009085311313807493
0.003331182695677969
-0.005030300276879678
-2.4033126066778896E-4
0.004225062847236398
-0.008553711031719565
0.0024678763375072204
-8.722810947021578E-4
6.528675919486304E-4
-0.004155354059268926
-0.003976940378064063
0.013387553281007294
0.0126683969119438
-2.3245210559579813E-4
-8.694103120406443E-5
6.461421983277875E-4
-0.006532565289404697
-0.01872960460298549
4.47459424585697E-4
7.564369782269381E-4
-0.0038391591126445083
-0.01825919378860809
-0.027603025454601127
0.023466303708159126
0.0035302639823525154
-0.004649160237113428
0.01319262064955628
-0.007562568496585713
-4.1098529848506756E-5
-0.004280865023115281
0.00233533719939974
3.090942039604875E-4
0.006301016988210664
0.017224280172703197
0.003573997369429062
-0.007209535019233394
7.487231540464958E-4
-0.039352097766221755
0.001912228730810806
0.004933998038909458
-0.0047947529275293305
-0.0039803079715567576
-0.012813861095574183
-0.0072000695570601965
0.001970113205240883
0.006236441110744096
7.128321062419632E-4
-0.0034977948626350214
-0.01843158827577475
8.237386722509718E-4
0.004499785228079765
-0.005512021726604271
1.640009224866688E-4
0.0032054328157650577
0.0025333831630558763
-0.004619107012644261
0.01940071508240504
0.005351464068006647
-0.003634763954724512
0.013644360527685355
-0.004767781899414529
