755
757
981
802
758
657
716
975
612
781
889
661
813
714
815
786
670
659
847
348
816
864
715
801
679
609
713
709
827
820
660
317
822
854
895
507
857
803
825
862
290
363
663
680
664
610
896
929
848
609
783
356
506
354
385
614
728
332
301
860
326
753
287
732
926
823
843
1141
771
319
369
369
338
828
821
994
317
526
932
924
329
510
853
372
347
824
541
525
965
977
930
672
527
348
320
653
517
523
711
852
657
890
970
302
505
668
315
845
928
389
519
613
507
612
371
911
518
332
313
376
780
303
343
972
892
915
529
336
294
341
758
897
374
863
285
506
710
303
664
945
340
857
346
817
315
515
334
667
614
359
658
967
349
667
320
661
342
295
1133
285
853
350
785
662
900
987
521
991
375
286
736
510
912
841
366
377
1003
355
381
540
341
993
330
352
508
1006
547
291
926
824
294
308
611
929
674
371
358
323
855
319
931
958
385
723
850
673
979
504
353
842
653
968
773
718
1282
511
730
859
923
940
545
555
333
504
387
328
681
287
936
342
540
840
550
361
931
285
811
513
898
318
352
866
355
331
735
652
736
961
956
887
354
382
344
713
313
285
343
327
937
818
551
464
603
563
973
340
660
784
520
733
665
311
778
288
380
330
544
289
919
712
932
812
509
930
974
918
375
539
389
293
943
731
384
319
826
542
709
516
719
825
382
378
301
662
989
775
1322
1312
791
654
357
917
966
373
519
957
309
756
564
392
1211
1204
944
336
306
305
269
341
318
289
959
597
513
1000
509
538
1004
372
331
808
904
370
310
666
343
1025
314
553
787
478
635
332
507
1327
766
416
858
326
865
928
1041
817
660
1290
566
336
330
914
982
810
314
560
286
719
1046
544
518
476
998
659
462
899
1058
304
346
1216
309
844
420
329
335
957
328
284
366
314
545
329
554
904
384
304
302
376
905
387
794
1244
672
822
727
640
844
966
830
207
1060
314
1137
1208
720
610
412
287
997
321
609
328
927
1218
644
656
751
678
324
709
316
386
1056
769
968
516
777
599
415
849
893
716
1234
679
360
1281
1239
561
1002
335
485
567
326
548
286
768
916
995
603
665
846
390
711
714
251
645
1236
941
462
546
843
454
731
969
766
550
295
906
907
755
1134
978
546
434
818
508
1285
569
649
343
353
895
717
1023
1288
209
360
804
1022
1135
307
676
525
998
506
908
1055
604
333
272
933
509
510
535
752
1319
325
772
1283
654
820
299
611
757
756
482
522
390
507
382
547
675
765
599
515
551
418
292
293
1024
1057
419
439
725
1195
291
892
311
847
596
856
1229
1295
285
1318
509
639
997
366
649
600
334
769
542
732
840
963
379
790
486
568
765
412
566
601
484
757
548
289
1215
394
1059
675
336
1150
920
295
312
851
1002
511
1028
539
1298
294
301
285
1171
658
323
1221
767
637
655
768
561
453
304
1087
737
422
838
1170
779
792
990
1054
570
755
484
788
980
1286
850
1001
902
370
572
684
463
896
856
855
636
322
648
438
1068
1036
892
392
483
1329
334
1289
543
537
964
1161
351
598
983
536
253
1222
545
651
754
1000
558
1160
789
1034
903
659
346
331
842
423
504
335
292
925
306
