6649.424957495796
8450.26770805324
5192.103438300326
6630.135104475963
5840.66855428475
45860.82719770791
10851.431698701164
5192.699079456586
7841.852931515174
6109.721881796421
7036.841788017074
7239.822077380983
6925.5471954110435
16634.07695555318
6910.440167538087
6343.987801073804
5211.594975438109
8360.941523762116
11164.212674398315
33061.79143511077
10844.51023011062
54984.551123455945
12829.84738228072
6374.612832568021
4638.710849085082
54317.14552566324
14918.00647481452
6305.054322107255
2366.769845689598
2613.9652715528314
12820.958898114297
64711.704382297656
6931.553306335733
6348.891624298077
6681.268933800972
8759.535983215914
7840.358689950803
5197.310024295631
39361.60640066716
6920.581231665503
10540.06051277889
14489.530058865932
5651.154547965866
2614.6311914610133
3188.361949322588
4609.411239352191
5449.834114091176
14556.842577110614
5781.770345328749
15238.388451437246
7846.303891034189
6350.872033740911
15794.294624639602
4671.958281438285
16227.446424318616
6869.116717668775
7850.26786384835
2659.979511853692
10867.79351070375
8568.898973920841
13161.679865729511
6975.795860982741
10518.059623878156
3817.0207974578534
49336.38399323909
6995.51217427272
8159.536100347596
6030.135220745054
3997.3103581703645
73843.76587868661
76867.55089733818
48226.80809085284
30440.774890376553
11145.925206202723
72643.76681848789
16720.39283125585
33661.79108906885
11134.202748948517
7658.351678823222
3182.516303684047
5988.439942373768
37340.62108543106
2376.8510502391264
10837.593727528947
15307.927655214502
4652.72469608934
21531.37083298393
43491.68670263628
12826.217494528628
6114.831589564629
28198.248308985036
9145.454797491273
39961.60600800544
6363.699061675087
2619.265958487238
3780.1267709411977
5791.712683324657
7550.703705853711
5222.390648147894
84143.59437031437
56184.55021668915
47626.808623488265
6359.225904144102
10534.160432254204
62036.70918620064
4596.6886326884205
4757.169194227246
7840.524546382275
4013.821334487978
6851.935303049397
6837.882119158732
6363.7201758795445
5817.535725296125
6039.822284519055
5811.594846075514
6992.103093501295
7217.590426410524
62636.70868913323
7451.935239515683
5741.880487032979
6635.430620339972
40945.397862164995
4634.773332201486
6720.14196400523
6330.665416810746
8752.022590341105
12831.296244404073
14091.49665631914
27842.17788726837
8901.10781421014
4688.654254930579
5271.958226237433
6642.696880114579
8866.780901677997
4575.796323128122
88575.09710348336
53672.31557405209
3987.3401954239625
7259.750490317113
54663.31162720656
5288.654193110084
8372.29049772697
6397.309796565547
4592.103561440876
7045.11092572314
2643.272050412626
9182.736542739442
8684.32438380911
14156.621215819398
8971.518832934627
4897.766528222422
47714.717652917105
7567.780892962558
5879.501652283104
7390.36849550214
3178.3122365697986
8243.991354472158
38761.60681623842
5217.535852449161
31494.8946721764
13160.078841267692
111249.85368630194
3995.512756562365
2609.4347421286175
5806.884491364408
6366.998509536473
48736.384240103675
20931.37106999261
14526.8056602044
3539.4843205144725
6391.71261084544
14508.929228217383
6342.724049966958
7789.953955908712
7230.135014164712
5335.543344714661
4285.643733578047
6081.26903440303
6095.176221025395
15413.847031384934
6950.871950211862
5154.892688774919
5705.054430538223
8306.945191424438
7278.12799209824
12106.546415486006
6174.177372451919
6039.259697709867
5781.308353488869
4357.370303174309
6973.690309985241
16127.355341483108
46460.82679591087
7264.444186755296
3142.8182335339593
66963.80962718066
9118.348140896951
113049.85257545266
65911.70361231713
6417.535646997504
7605.654471851613
10535.294056529827
2665.6103974308166
5935.396473217105
9273.231915394997
35409.00534400317
6335.226364388332
43427.36285508283
5748.891732269414
6271.5209962865165
3898.8168632848465
38161.60715773263
9790.367976508678
5557.3701566287655
2623.7541035291856
7323.794078386113
7274.855791934414
44166.87730417232
4621.036341992307
6053.9782762108825
110049.85443808093
3981.7706218844437
4141.127576977108
61436.709606392884
5180.178575709395
3397.3105058109795
5821.036191373658
6929.99203192808
42827.36313034846
6135.7083264114235
10533.770273826925
6941.65884504024
6693.113246812914
6204.742004178625
5746.981325503355
14869.848041412055
2891.406281604732
6981.770143741925
8880.916714472216
6389.140441116051
30711.344627971048
6845.642775128078
11380.852802031373
9284.324255101661
11402.21917329229
6683.677265664047
6230.276716495201
4005.0174207262776
33064.634838183105
6354.126877481324
21523.59212504662
5826.789096875803
2657.537641190159
6372.969613362728
6331.983044070415
6429.627748949336
12463.73629370981
12830.703058680323
55584.55064231361
5763.699146366921
5754.126950293871
17862.487567786367
4652.030611243599
3488.654411700108
6659.750573883562
6674.855867236237
76267.55131091575
19716.633585257605
6333.520937483192
4229.38440238678
6954.126781398718
61026.18247484408
14137.375870197482
47026.80911031287
22987.248224332983
9568.72555794085
13482.712418426945
8858.351340918209
8947.108603961145
63236.708232676705
7294.6491916554
34209.00596786395
8932.11818291432
9768.898682153671
8154.634839660631
48826.8076795875
5683.856416636368
44766.87701817395
29425.17584130359
2304.8293744328553
7437.882032138246
4874.122968997764
6064.444348151241
41545.397365973135
7329.542011480554
4592.6991744688185
3874.027823513665
9376.80183271834
4157.169252338857
74443.76546424856
5441.4274512454695
38268.84676954126
84186.1314229023
67563.80922744113
9844.938713045298
9467.167085647408
15328.789690170384
12080.376808206453
5990.422595014535
3992.699222842481
23794.43517760199
4863.301198916614
9050.267634626762
25066.900522000535
9303.257068836027
6346.9812018003995
5304.8290596766155
7362.002044284621
6032.471688563791
9294.41994542157
13240.95964808042
5723.732560264401
40561.605733190154
6664.093101274494
8496.973755267667
8266.781056438165
54063.31193990863
84743.59403404738
9186.946111744022
5876.2240389423205
6336.403576728951
17047.377830837268
5727.21159519294
111849.85328523716
3117.4685834912757
6346.393100682346
5644.053776781209
5136.882502132608
45366.876759463514
42891.687117690475
7318.104920765455
5811.762296943358
5797.309889783771
14909.599457376835
7271.202541678976
25016.316344085863
3557.169315064302
87975.09754562628
61626.182134213384
63511.70539567681
12476.327595249368
7251.023567010018
8353.718235491297
6656.040533348469
5432.560022278831
5557.852585991125
6839.329175854335
17327.35507834311
17940.686512458604
5656.222101145193
6987.339632163911
3409.4114792052173
47114.71812086544
2652.338688240275
17979.494285190605
3438.7109567545876
7530.02146491048
7749.585846219961
14932.53312849514
5123.4269490732095
4227.571334265365
10813.53803069991
11696.861874809807
10212.019396152065
3643.4054437403806
5711.04513270873
9956.307261752327
13156.5121547686
32461.791852105154
64563.811161950885
5566.895305087944
9952.022391786444
9418.565812496987
62911.70578045504
47660.82619062851
25616.316188064753
3504.829279804374
2288.654501005502
4605.017263980799
68163.80891920516
6639.8221686992665
44691.68627296964
6699.851277467753
6338.847417771909
7513.263675707286
54272.315126114074
5424.476173988919
69214.8638480609
22131.37064808577
3841.1814282129103
6326.945305925962
5766.332801393161
2657.2241054286865
7299.292249099912
8476.213566435405
13150.894012800374
8963.033333878886
6405.0168685562485
8218.565990807605
6379.736880297854
35119.946348196536
7196.388307573013
5240.66862555431
5755.086270623406
6503.953365284216
4613.8212001172005
6549.586001822228
7277.527061264298
7501.268038593467
4035.9476978437283
6931.98296157204
89175.09666092403
2605.537895015257
75643.76507679801
1966.8958266899228
7864.444141392962
14897.337978556276
7546.274848379128
20639.238400243124
5396.762243705411
3546.0174518015915
9298.083347925987
5252.0305875023
6884.155053161958
10423.788408014545
4709.90078943778
11453.943654205297
46514.71861860693
17394.018026678008
17481.26393386445
5163.720291083974
53487.73670484376
5914.647412623652
6376.71519395719
11218.565550311887
8980.94624408183
9866.438055328945
15363.678652411078
31612.187534756435
44091.686366926384
8056.86567893906
7745.796005406382
2783.744844779844
55263.31126516144
2941.1344706075974
34261.7909955659
7264.093030086701
6937.502678008476
6035.430735487276
6942.723921218424
5433.317613412269
5749.834008819663
3222.445812563962
4937.749194655511
6593.23778088567
27864.072956054715
5993.237879648836
4011.5953057741835
3796.0654738655558
53454.751642596
4328.508217564688
4867.218389549475
49426.807519105336
9225.84845858667
36974.03468655248
12996.757788092174
4040.6686822646243
82986.13189645867
22325.386330569137
62226.18188340524
5205.017087346283
36140.6216890277
79267.54918569038
81186.13283585149
4573.690644087376
3968.4242888489193
5435.4308140878475
4150.136814089747
6341.65892448334
8946.108603302568
24344.225751931484
5834.77319797735
7541.880264882564
36740.62139681526
5737.921178383903
68763.8087394152
5129.992257193429
5143.987992712492
7836.287519448404
6329.992113136204
5584.839138834723
7883.677155719596
18377.077827063986
4051.6546685706476
7598.769452736563
9258.35058044622
9608.895301530874
5446.32767466383
6468.127527294814
7326.626499324252
1017.5476637585483
6877.265789372077
6059.7506471167435
68196.74366450387
14927.355642310376
56117.14452433132
3874.484878813992
2878.355921658251
10018.565705782616
1061.2346083024738
5723.077227674519
7389.935934574493
7929.54191193854
15469.847913014795
2882.5146974052545
77467.55042340759
8632.112574734116
23587.248152305394
57384.549809029384
14975.308210800058
4893.119533339209
1765.7417571186752
6335.445533455429
75667.55161620093
2266.9766742899956
5521.468144842898
6577.106911438977
3446.7144772765328
3417.536310672056
42966.87782453771
4970.476904219393
7923.794023922053
48136.38467544531
23744.22582295751
3413.821432137987
4239.822360101054
49140.04919640477
9746.969754221807
12243.548528317828
40127.70392109382
2907.5498319520984
3133.5357924175305
20750.253853695667
6870.206989484478
5113.556344095507
54054.75142306646
6510.894434220994
4052.7247683275405
2618.858168436029
3411.5954431870746
3490.0208068923066
66511.70349322371
78667.54951480414
16171.072014799769
67791.0540236218
5481.50777494881
11384.802612436448
14156.902245326617
85343.59376654484
8156.307617762952
5749.176067588966
86543.59351341802
2610.0573294046935
6296.649662675861
10771.233169614421
5699.91580299672
6946.393005885142
75043.76518205332
5853.440852328471
31040.77451433313
6454.594541423204
9596.387930441482
1613.0818848178606
7942.825907788178
7894.649150134172
3989.140811547845
47536.38512965208
2151.2463536980968
2758.693791894949
6359.3492679507335
23194.435277231023
3863.73180213151
8235.742997089095
9285.264906453538
8774.749503960917
6624.988547472751
3077.382187057897
8818.565913221868
5195.512537376038
6760.307398355985
3340.0187070941824
10802.374338082833
8170.6959793598535
13316.055286692366
7496.412292534378
4597.2299496718015
53463.31216859877
3127.0010544743295
8685.265038140187
11818.565532930597
9884.324202345462
19159.957201121146
5159.349389694728
4505.054562045986
3836.7187365230925
7426.472497474182
2343.6118767546022
4230.135306604993
2154.5916151402553
1460.8259019550105
86775.09822606145
2624.144656990172
28964.759515427755
3639.536529823232
12828.267881649892
6392.698867372618
14269.848207286434
95894.3538056147
1540.0187850756006
1213.7378493208366
67596.74395023903
8483.74658373019
3217.020850283219
7455.809594249783
6651.899001987925
60672.03915163559
3009.249584750963
7640.02184186431
17901.563263216143
26138.627767440223
1209.4225789483714
14320.185573275252
25268.07550784269
9342.282350841157
2213.0818611855484
2895.3995588475423
20380.075584907932
5796.688385753053
5636.954066726282
5560.653915592625
65763.81050655775
17443.338916815745
32939.887390844175
56463.31056115863
111438.3697888437
10196.387914886507
6933.160236171845
7722.971458901565
62826.18178907544
1073.996503596894
11085.763406791006
2834.7733876746815
34519.94646369747
2277.4462930352297
7832.632260169402
80543.59636077582
9283.3375044538
3949.8341284911353
12202.16297953364
3435.947723243408
4403.560044778525
6349.833886318518
10737.624231859183
11180.472645608852
6347.94164281362
21394.43569571278
30918.94266021629
12483.616401313728
1101.3644252450165
68391.05388986427
20154.136061670324
16681.67627665443
6718.104973953904
2652.178427853737
6133.580998466454
4997.065665524044
6641.717876586596
22731.370579461236
2246.6537149017263
8046.8925937194945
6189.362086938463
7339.787395407942
17316.63414936711
3371.361996675281
52254.75194637859
4326.981908256481
6337.502755637249
8096.649402193614
34099.433169548516
54384.55157825651
1669.0694255573746
4704.829119550179
54687.73649362411
8676.38951555327
3629.5395345313927
4735.543379565764
3662.03918311597
5245.749332089513
112638.36961628555
11686.017742173077
4609.7896734485
57063.31030267663
33676.21480410251
9293.152317837603
1658.3306376617004
5477.373535109175
5485.643597448795
20794.435818561054
6677.527124941332
8280.91682089612
2452.243574660497
2371.8201697484587
7303.158587688496
58263.31013050151
4339.92725455199
2993.818496961184
1067.9893254256426
8681.858889231782
12486.761009920196
6157.944166286317
2250.6460547253705
3647.1040746805197
72043.76718215118
5218.075231063531
60426.18280146473
38927.70449760785
16985.333221413402
5345.417461291853
39527.704148633726
6997.309782691988
21988.983354167838
56454.750462153075
11120.115452445396
37940.62080841726
7166.017174076161
6355.086194624495
6675.28140578296
1987.4058216244252
1019.9552240762785
6451.198871829484
17405.192507394608
6748.356545139587
3120.6886121456323
12726.424934815883
4830.907393536197
4828.893760774239
6384.477689438638
70414.86318851078
4242.697116086683
5856.803532167583
6700.015521656122
5742.7241191363255
48260.82609710944
3965.3504569850925
72214.8626012516
4783.6266767623965
42745.39682857414
2617.203523044573
5576.8001810496
8791.46800616912
5655.990909552095
43520.14866983693
2406.241750446185
3180.126824118219
15867.690930540759
2520.0821092975007
22594.43540794782
2277.0124612971717
5219.574118619616
57054.750290295946
7569.12129973976
5649.374598863932
5090.866777800036
95294.35411651815
3636.2802978517248
2716.515018788827
6321.958068408418
2387.8481095340444
6320.581334673559
7796.388215965757
71196.74219482935
8450.14796853311
4589.140758846758
4378.624446683804
4795.591595533919
3613.8347064809977
2994.739387094837
81143.59616162081
5226.789141294289
109038.37027402369
2689.0172623471426
5276.224080882495
2253.534375597622
5593.367501754208
5517.781167884393
54087.7365826812
4148.431272264755
14799.284797824068
3308.1120899817324
4427.367132970651
3434.7733670849025
7331.164840240621
7158.134016490811
2140.018757132711
3541.201897119141
11103.920393452832
2311.2102996746694
6873.920751758793
39468.84629838207
2672.515184930098
3912.149300895515
3665.4926182610684
33076.21501292548
5979.880557062907
8483.428757067806
5990.776424212386
7650.057554128213
5772.969708316068
53469.747643533294
2202.0690078672337
69396.74301574728
6491.584889129839
2153.6365792715537
11506.979786874484
53784.551929621666
4363.08024924836
5649.896513021419
45260.82757581647
7124.612702869723
5984.730667348661
3605.7603047128464
1756.8323076968113
9908.157713562365
3697.8345950286794
3763.080265621068
22319.0913940052
3878.8458649115905
5639.524910166026
5149.834065193194
10513.634984822627
5010.812106431416
5535.70838582881
7779.437863246198
37668.847219056064
55254.75092322878
31276.21552090796
20924.574411332553
5730.665472245646
6381.944713130818
12494.997288105831
