0
2
4
1
10
0
0
4
0
3
1
4
1
11
2
1
0
3
9
15
4
2
4
10
3
8
1
2
2
1
11
9
3
0
0
349
11
0
6
2
2
11
1
1
0
2
373
9
18
9
307
12
8
40
11
4
1
4
8
12
353
2
260
17
5
1
5
14
3
1
10
3
2
0
16
3
4
348
0
327
14
504
2
1
2
7
12
37
348
2
2
1
260
337
41
1
1
8
15
260
1
10
320
14
48
321
2
350
3
21
3
6
5
3
3
8
314
537
4
3
6
0
20
2
16
0
1
38
11
10
10
1
336
333
4
3
1
19
5
315
363
2
29
261
7
312
313
3
2
1
5
349
2
0
371
9
5
335
340
4
5
308
29
315
26
3
7
1
10
290
2
259
7
25
19
333
27
3
4
331
3
1
316
9
18
2
13
46
261
4
306
9
510
368
5
29
10
0
21
3
3
26
5
2
320
372
3
7
334
10
0
0
5
7
13
40
6
10
1
2
374
313
293
1
11
0
4
2
13
345
0
11
1
304
5
259
3
7
4
26
323
375
7
39
31
1
2
541
337
305
387
0
7
553
355
289
21
356
355
6
43
316
1
2
389
359
2
338
16
7
4
319
1
8
1
341
4
23
2
32
331
17
37
4
24
3
1
33
0
44
5
332
33
314
0
350
506
1
315
17
7
3
5
317
1
28
0
11
0
4
7
2
503
63
387
5
17
15
360
1
0
49
2
1
373
50
42
8
383
260
54
351
356
357
0
12
2
322
259
295
391
6
62
0
349
316
0
55
350
391
294
0
328
218
504
7
0
1
0
369
375
350
0
505
294
0
1
364
8
318
3
0
5
345
12
0
1
34
42
20
21
1
3
11
17
550
23
346
216
218
9
46
295
365
312
541
61
512
9
312
311
535
6
351
32
288
26
0
43
387
348
333
1
44
1
287
20
0
2
10
38
540
4
62
318
9
370
63
386
334
23
5
4
316
3
2
28
5
218
347
544
319
27
36
23
39
349
12
385
293
311
36
214
5
33
390
1
318
13
5
3
1
333
539
6
43
374
0
23
37
9
351
36
353
1
291
30
35
4
218
233
7
10
2
3
342
66
312
14
526
382
70
234
215
389
300
0
5
378
387
305
43
55
32
1
26
317
8
524
4
52
238
1
374
23
330
47
3
386
332
14
13
54
305
11
1
335
291
4
6
0
10
0
217
25
539
28
11
381
375
9
316
386
55
8
214
1
322
7
353
336
27
25
312
43
351
319
16
26
50
385
0
369
2
0
33
378
286
350
292
323
510
234
347
2
46
71
238
367
49
1
21
261
1
234
3
310
53
30
254
76
76
8
528
53
325
7
1
239
288
4
41
46
260
306
326
21
2
195
274
390
259
64
4
41
320
3
62
3
289
9
3
52
14
236
18
3
508
391
331
332
66
293
236
53
51
6
395
37
4
14
47
5
559
61
40
1
197
47
393
306
291
69
312
53
527
511
315
317
316
341
373
2
311
506
4
311
68
24
4
563
240
501
437
412
286
333
535
12
504
315
507
20
538
389
20
359
7
317
434
