27053.258815593657
37627.256800442985
36185.929285033446
18522.788892206085
39203.65079804561
13743.182361115098
23301.556408451295
32476.480788905603
55300.75329836238
31276.487287627046
52900.774699712354
63008.8527876174
26453.26175919652
36785.9264424223
11545.002398093622
45905.77393770712
8130.740570741294
60969.867595936936
54700.757550171096
5130.746183954167
12466.43192873989
4186.910326785429
73940.32596344883
68198.69512946077
20344.705228720555
79960.6346658965
45778.41241006279
5041.314096713929
6586.906981419315
51700.783304551434
