6
3
3
3
4
4
7
4
3
5
11
8
3
4
7
10
4
11
6
2
3
2
2
6
6
10
2
5
9
2
11
8
5
4
17
8
2
3
3
2
9
2
1
2
5
3
1
9
10
7
10
4
5
2
2
8
5
6
1
11
7
6
10
0
6
2
5
7
3
6
279
4
2
9
1
5
3
1
6
5
12
5
14
5
8
5
0
7
2
12
285
1
2
9
6
10
299
285
7
6
2
7
14
5
8
11
284
5
4
2
7
8
4
1
286
286
3
3
4
57
1
8
299
11
11
298
0
1
10
4
9
12
8
0
3
3
1
288
8
2
11
2
11
1
0
8
2
8
10
10
3
3
3
23
3
6
5
6
4
2
2
2
1
1
2
10
3
12
1
3
61
5
281
3
2
3
1
0
281
44
8
3
9
1
19
19
46
360
1
288
2
3
5
357
2
298
304
1
18
12
1
13
287
305
7
0
3
67
6
48
0
9
362
11
4
3
0
29
44
13
5
0
2
5
1
352
4
21
6
9
295
10
13
5
0
284
41
2
11
4
6
2
0
12
287
6
3
9
1
24
4
13
2
4
3
57
19
9
305
51
10
8
0
22
38
23
0
6
52
49
5
0
12
0
1
67
273
2
374
1
1
3
55
5
12
1
296
0
53
59
9
304
8
2
0
336
5
4
0
2
5
2
5
4
54
6
2
308
286
2
0
3
288
41
298
3
1
55
308
266
43
4
277
289
285
0
1
6
8
6
3
63
7
1
67
301
1
55
266
373
4
284
3
287
2
302
282
12
0
8
377
60
360
339
293
281
20
384
46
305
8
1
273
1
15
6
10
364
332
7
73
53
23
1
13
314
9
1
43
3
45
79
364
1
0
1
2
362
56
302
357
1
51
2
6
354
16
261
0
55
4
57
1
6
289
279
0
2
282
386
47
308
31
1
54
286
2
71
8
360
47
8
66
40
16
26
4
62
4
53
41
46
16
9
0
56
350
1
300
9
386
61
2
0
63
10
45
1
9
23
3
55
5
2
12
41
316
279
0
0
1
6
0
15
43
348
16
48
19
46
344
4
32
263
363
0
0
1
62
40
33
2
316
48
235
310
43
329
385
318
349
42
2
362
3
6
59
11
83
53
316
0
37
61
70
1
21
39
7
20
384
1
279
34
39
40
11
6
10
53
1
34
13
6
74
1
57
1
72
56
338
1
61
12
318
7
367
317
47
38
12
10
8
5
0
6
41
292
369
32
9
71
3
1
9
21
38
2
64
260
4
341
312
20
28
37
34
57
297
351
3
0
7
4
3
0
1
374
16
29
27
338
2
54
42
64
54
298
290
18
21
331
1
238
3
17
283
45
80
331
70
55
0
260
5
295
3
351
0
217
1
26
237
306
49
12
17
31
14
265
