5661.844545004484
5522.9843545722315
5667.751445248261
4884.178321103345
6577.641328748785
5985.784161924184
4301.648214763354
4289.59002788483
6890.269798491457
4426.975252403624
3732.273680239289
6596.578261078634
2271.689396415528
4310.367324046108
4464.1874508332585
6586.497775056807
4298.684907235808
7238.861524362946
2603.725539584267
4530.487492492792
5532.576901424614
4763.651142748291
3173.556381106058
4522.992136003629
4262.888287481293
5562.221248681368
3175.3565700016243
2927.743268399327
6268.401335943343
4228.590468194245
2639.5700646419987
4567.193658150058
4658.194989070261
3697.1115244032926
4575.181874000059
4577.923644343718
7344.464434398281
3710.367345279335
2182.1825589826644
5934.542059483873
2610.3692186702824
5344.887007974958
3199.5482804544395
6986.06490163475
4452.259309433162
1839.9720730427257
1516.9250822109918
4569.858860881882
5428.590424805088
4701.7822049768965
3025.3662637220514
4202.461689860235
4320.413861638149
1597.4917055281821
8846.26445815658
4007.247524044328
7051.183492831536
4571.650745834191
2285.479685554527
3216.4264572418074
4670.103005488133
4709.91672908629
4479.5149059608875
4530.537498899707
3162.6766642797106
2936.3515441361683
6594.481220174081
2734.953399870194
5971.6696328800945
2944.8870599962383
8768.578984173086
1865.9354387323085
4333.02421105252
2721.042542212535
7911.737302887912
4959.181960091568
3967.19367604713
3037.414538649742
3073.266808018146
4862.888274438586
2724.236374466654
4703.815598918424
2573.6153028325703
1868.8993899174823
3143.535624069274
1930.1923083285171
8809.871388190866
4913.913749160573
3966.9835863035214
4277.623372041272
7044.016422301456
2711.978969975037
2900.5605468713625
2344.8870667677124
4471.470060192739
3181.3564630071023
2860.6212753063705
3977.923664353493
4461.266875378868
6068.056602942102
4802.815836128363
1172.4853049463445
8261.769813376519
1758.1841243149497
3067.423844327441
5152.567085840481
1959.1820385880064
2833.014249170635
7871.204149747459
2485.7232163005488
6249.665211192719
2538.0371360472773
2042.042204786604
5780.97138298506
9108.402628822181
3975.1818934751454
1646.866267144492
5138.613808950798
4316.965435417607
4060.6212615989725
1637.8570285697704
2812.8521093401773
1754.4300644835898
4235.198925179432
3416.1551918979826
3972.8768237246504
7397.8160110055305
5397.248483574854
8827.331380994501
2181.957188693986
1635.377601800205
4244.887097410927
3969.8588792448177
1753.995417239113
3182.753997396468
3534.542125221113
3144.36865487477
2689.0574296282757
4691.305052902476
2852.580086868523
1245.3590355775636
1872.1682041487984
2547.204544022916
8253.2688083612
2874.829580514495
8673.838997930638
4237.937934107291
4012.4083789447245
4449.53077963494
1703.3935902179396
2558.5653397763735
5006.6358484360935
3706.509259227685
5576.4309024862805
1966.1285624545237
1755.3750162764059
6329.554493325013
2781.7155528867597
9097.111369284552
3471.7763573205048
1250.333369986346
3738.379919641406
4411.894475967301
3229.3781730501737
3857.910285335826
4314.152852446055
5740.224211624448
4058.1950132811294
2044.164105001782
1301.8821452903492
5083.964880717281
3142.458579888742
1603.964462698655
3499.6889818605355
1305.0916821500896
2754.41735292842
3364.1918300591665
3369.536414811175
9636.52610410773
6021.420415034415
2494.9778846728996
7944.511928375358
1645.0102486131038
3033.265034603692
3728.6902585089097
7386.506037286168
6027.622834689512
1851.6156312366581
3674.3932376983175
3138.3799352721308
3509.194308479258
4173.323120984963
6750.68865833834
1356.0014233323948
3631.813521628878
1324.3686092122518
6337.455076653067
5551.196215468638
6159.1819308542135
2488.883066365265
2229.407307251845
4247.264344824239
5150.8901891875585
1937.0685176568159
3518.979533039913
3507.8502289034077
4175.226362516753
5244.063254390352
2675.2091307590927
2847.886242158278
2365.248486098322
2126.6253306729463
1639.6491151318849
7916.063411559321
6534.542046825085
2642.864229621964
2582.7540228089238
2131.0408573690356
5661.879455614037
2124.8799648098334
5412.134243435933
6134.515920836533
4283.214048947869
2132.042639734694
2340.9475075068885
1716.46747912268
5258.754001432053
1316.1533020059921
1343.5189647344594
1872.0829145507207
3190.568191239003
1629.6246731312317
2768.5900209881815
5003.241950497894
2913.072526139782
1535.377160179165
2153.981010192564
1482.4004198584223
1711.4649196648459
4109.194291085372
3854.6475092376586
3403.720240446651
2649.6652987037623
8117.45570834126
7375.944997752739
2090.7441154232156
1242.2056980003538
5860.621198822096
3372.4950683683437
5837.62952452479
1631.5432732426186
4179.950963683692
1400.3390783878315
5570.886529502741
3499.904472622524
2142.557945627622
2480.1823134026845
3082.859656269861
3005.1873562235032
5096.326649736547
3352.5230632159064
1260.3295999318686
1262.0944719217293
2831.646738383165
5006.343223912182
4988.7996986489225
4273.854891924886
4575.501719925036
2931.520094015714
3504.9441291749745
3200.990303363715
2644.575317049184
3509.9167680352534
3066.9688224247348
2754.113117411282
5422.19326863121
5091.023202103388
5726.576855948117
4100.560513286201
3605.5009118081784
