4
3
2
9
6
10
6
8
8
6
3
10
11
11
2
10
3
7
11
10
4
3
12
9
6
3
4
8
3
7
10
8
7
7
0
5
7
1
9
3
7
11
5
8
3
2
2
4
8
5
1
2
10
9
9
2
8
3
7
4
6
2
11
8
3
6
5
2
12
7
5
10
6
11
5
9
1
6
1
8
4
10
5
5
7
1
2
10
5
6
17
2
6
2
279
3
11
6
7
284
4
287
5
3
0
1
12
3
0
281
22
2
4
304
4
2
13
2
19
2
9
4
4
3
5
2
8
3
3
3
19
2
2
2
299
7
21
0
12
6
55
67
5
2
3
11
23
11
24
3
2
301
285
0
9
52
6
2
51
360
9
1
304
4
5
8
43
9
2
279
3
1
12
3
6
2
23
3
8
298
285
1
13
288
1
281
12
284
0
3
57
2
4
67
4
305
34
5
3
2
352
4
23
287
1
11
3
1
5
277
3
1
285
44
2
4
6
2
12
0
67
23
6
4
305
55
57
59
40
286
289
282
2
288
5
298
308
0
54
1
43
3
4
350
2
4
53
4
1
2
10
59
5
384
43
3
5
308
38
0
8
273
2
360
56
1
286
41
8
40
9
62
62
373
37
63
5
41
357
6
12
40
377
263
0
288
386
6
4
41
9
0
13
3
1
348
72
261
34
2
12
3
26
0
39
296
8
20
1
73
1
289
293
47
3
9
53
48
11
385
41
360
374
10
364
20
260
266
61
43
45
47
314
329
6
0
7
0
61
6
298
2
33
39
316
273
1
54
1
6
344
46
55
354
2
363
332
1
57
4
364
3
53
9
16
282
362
362
316
1
1
6
5
83
34
367
42
5
369
42
