613
723
611
762
710
777
722
710
610
768
780
668
668
612
657
738
610
727
756
736
660
769
774
755
776
892
679
311
750
668
898
682
671
714
782
665
893
668
317
765
722
718
671
664
782
663
752
718
826
658
716
610
729
318
734
893
757
680
775
333
607
773
676
774
721
374
764
316
319
344
690
898
671
767
777
665
825
355
321
607
842
739
818
708
320
775
382
764
670
710
732
728
314
309
670
370
896
720
677
754
724
674
894
827
318
758
331
642
667
897
775
307
779
645
762
503
518
364
700
735
671
663
659
383
796
908
777
673
656
786
337
614
729
731
308
659
380
613
763
665
778
666
767
679
656
652
312
561
729
720
381
353
340
685
727
776
679
667
721
654
666
715
655
742
712
720
317
789
330
653
730
652
702
778
339
666
382
678
310
735
841
728
741
333
736
355
603
657
762
740
897
788
312
300
678
358
680
735
542
779
314
778
644
731
331
309
376
661
663
347
596
605
656
334
351
780
535
648
684
306
781
366
720
919
306
304
707
785
722
739
317
533
881
790
657
727
796
662
701
294
515
321
352
708
664
794
612
743
795
732
723
329
613
709
357
526
384
673
655
509
362
557
779
817
673
527
699
412
771
288
686
772
782
552
321
332
690
299
793
823
733
914
647
611
894
660
669
783
747
568
306
675
913
733
552
338
773
680
613
755
683
553
777
313
605
778
960
742
918
899
788
332
748
931
314
664
913
790
333
785
318
331
695
512
714
336
337
315
673
752
763
504
691
371
276
965
309
669
316
683
514
824
847
358
774
820
674
717
315
676
793
550
766
535
614
536
603
656
614
526
663
320
814
732
530
283
790
722
710
375
597
719
675
703
296
505
611
817
320
773
892
517
784
769
756
771
698
843
839
749
905
612
848
350
506
903
779
730
906
789
313
752
287
838
971
783
541
686
791
788
358
562
516
672
928
325
528
669
737
743
361
758
543
284
669
331
614
726
608
661
734
760
758
904
330
681
601
697
728
931
837
691
773
261
905
920
380
325
721
954
765
780
501
658
883
883
819
353
753
506
334
755
708
310
844
354
955
284
514
319
724
292
695
785
930
795
534
303
535
923
538
284
882
867
288
668
310
311
369
513
348
928
947
956
779
349
658
393
274
561
912
741
720
294
718
554
781
831
871
517
300
565
866
848
706
414
705
723
793
320
319
685
955
696
678
353
724
706
538
762
986
762
652
674
563
545
290
368
688
952
783
547
909
987
901
711
777
540
875
839
835
912
562
692
985
519
715
551
834
865
346
539
909
747
550
323
888
901
966
318
507
340
390
989
902
819
545
290
728
343
703
345
326
970
334
762
920
719
844
498
731
675
611
549
788
688
787
781
282
847
781
514
663
844
915
566
887
925
342
650
900
784
858
714
606
702
276
848
682
744
775
610
972
536
692
536
313
524
559
341
829
763
345
841
927
879
537
916
837
977
865
757
874
950
290
338
984
874
959
670
830
517
841
905
297
334
776
828
328
503
879
714
872
736
879
713
910
358
966
784
890
886
946
662
964
732
314
372
715
348
671
786
867
312
979
283
869
293
763
842
771
927
969
292
777
367
290
929
964
981
394
283
899
287
505
291
828
982
567
655
353
755
730
689
775
554
956
335
723
792
990
836
362
509
731
716
735
695
730
650
972
910
875
898
822
886
371
865
515
761
532
339
912
284
614
513
677
659
895
955
