40676.63022298986
34194.096785115995
45981.55525016474
36206.752236821965
32806.331941439756
34794.096698749614
4612.828617209862
4376.695743766733
4449.9176107143185
7441.809799451691
34354.35409505484
40809.851361173445
51916.962364867686
4779.374876515886
46571.18530297289
12168.181567461035
18776.020201328072
3856.8414908589457
5272.218913765919
5734.300714989215
3573.974530450834
5105.759792013192
5264.61651802753
4981.993574010751
4156.58624868633
4910.334288252183
5733.800584496163
5093.724123767167
6084.774982793128
39913.525660200554
3702.1017790551523
5932.284193133012
5086.612119084292
38113.525904562346
7241.53884205275
40076.630317413204
4305.8240640329695
5551.3472592747585
5272.845558690227
6636.570055903357
34948.556651559455
4672.218930406195
4776.595782545222
5605.362241800425
4951.347286365566
3516.4576952368175
17212.15564266437
10381.566244477797
10185.422714453573
4505.7598100599835
4705.630612594156
52141.34522703055
35837.86986997359
3987.1128972179326
38035.213402305904
7339.497881868463
33406.331886982545
42220.96630981996
5394.423281145136
33754.354165046665
35606.7523359514
79714.97653898496
4379.4627831404805
6035.825201035074
4919.229782781003
4362.935946736099
5639.42188087147
6357.72163373349
4908.434708596576
32206.33203249643
4609.323148869989
52060.797568587644
5723.457924376666
3029.6650182905078
5708.007651463554
4916.316845697731
5290.646801844025
4771.654054925207
6326.326440617897
4501.079393452819
4716.457661306853
4079.00065396843
6316.458426777381
35394.09665412578
7343.463522346039
16612.155679328815
6330.354819201824
4965.708008844433
7257.143534773969
53260.79740744971
5371.654021808987
5677.040612732332
46639.71071367478
4979.462773881318
3237.706007294336
6841.809827485623
5183.679849715886
15516.302753513039
2986.631235456074
2255.428136492293
4198.02979353051
3000.1726030633968
3839.4219501909533
10785.422687578395
2945.052107238394
5400.4789071344085
6570.5095410813265
4808.06507976712
3513.3574622562514
5066.058172360369
5780.216778392334
2925.1981031541873
19376.02016164023
5253.828284386981
5288.211980252205
4379.921084112795
4711.815563451904
4780.6464734367455
4976.695721259644
4953.794281375507
5404.69167289973
5272.230550047834
1832.7875104466953
5230.5172303163135
53941.34506042933
53716.9621233065
3256.23743577896
3406.59656303434
2624.868801850056
4667.209639179099
41691.50309666216
2327.836451831873
7139.56676522542
5783.67984381496
4611.075072927999
6898.4494391981625
4744.555421170248
7974.980748326894
2245.2479695797806
69573.2235673104
2930.084751538616
3401.621305129219
52516.96226787549
6198.409898237252
3500.3723542385846
5418.926608279351
2462.846405221273
4951.410810054145
2443.44392065483
79114.97659445895
1859.7886455691569
25295.074216004785
7723.114754033358
4987.435796945928
28132.022967875113
79921.20797416435
4913.354469602717
7374.980774882643
66848.5948410239
4142.370318199117
4281.303670141928
5345.726757559059
3032.7874917890454
3857.2609314467563
82114.97631087423
31272.990369109153
5802.280501128984
5814.242123330326
5103.290887119594
6198.8041923428145
42431.66206759287
3141.6155656929386
4695.85275616678
4776.696690099324
17812.1556273714
39476.63041740793
61647.648373299424
5747.847692307116
3495.403209322223
3474.8864384518556
3225.1447028697266
3867.4807298251576
2662.7203604267925
2382.6484185036356
3547.7750740226234
3262.720357414161
5662.706387789543
5666.058137806141
3754.1324004468925
2260.81649894094
3532.284314931314
3173.44033795525
3529.7945837118464
5593.770145072582
4602.30817947385
2452.8384225499735
47239.71066463272
25286.377539547782
2368.4826574431227
5661.046703939001
3159.659350283278
81514.97635946852
38237.86962896142
1909.0198840290445
1155.9183225342751
5681.87161259982
5569.281949055777
2799.2817495627623
71373.2233389046
2690.409194624469
3986.9300012437193
5830.517214080569
2651.7937600135124
4587.1128926128895
3431.8602897568862
2865.708530353476
3652.8342066159084
54541.3450248505
61047.64845925044
5718.193336114717
2954.1544246193125
4377.988814534339
3490.6468428786447
4494.102700657945
3275.7422781873147
3469.889512083647
5264.240674181191
4156.070083705608
7204.070757224954
4340.101095147866
4846.198891291469
7151.829583310861
3550.7230268842204
6597.478323898611
2396.6960028715366
5083.716575168046
1665.706250708195
2317.753264036111
4077.676533645064
4493.724140284992
1555.5145370562686
5380.646447434638
5081.019467068313
2847.5372278250393
4603.870384641313
6926.326418059151
5389.91689977529
53734.73750398321
4384.9665529208705
6007.533959522876
4954.374397396268
2740.06173921155
2776.6579328428297
4074.1081156231644
5101.218658066584
3391.74659891256
2023.4877507895214
74898.5165891035
6321.744419279221
3592.0751344900677
2032.024843134357
1558.5339983261558
2369.837501240584
7125.843222281776
2641.6370908299787
2362.7471159174643
5925.973035294717
2932.1641800144816
69248.5946278553
7129.750338000237
1423.48775532117
3787.4016069092404
8027.824309264996
2654.120067325516
4850.656716190427
2041.637099882224
2677.1318317484997
4233.225757758073
21689.97588760101
4313.354490267998
6293.836895692876
2233.914319510624
53116.96218004563
19976.020134688737
1428.4887881788504
6690.510121448642
4703.383796884171
2729.7719418351285
4374.465002105749
42820.96627616448
2609.9398047634622
4768.486304466211
26607.669851163366
2270.5909692292817
36148.556585366394
1631.9881028134635
53860.797387946586
25009.18268588484
2988.1442085527938
2028.4887844147986
73698.51673723407
4201.354805373541
2993.935376558421
3334.7001314900003
2054.1200804237005
4209.076257959773
2350.5829601837663
5375.172136326117
3529.8376189388764
1914.435445446423
4496.076887596053
5587.7550045190765
4580.216802007231
5229.014819329684
3028.7152165326756
1717.753283103155
2237.7168381282636
3182.032346182302
4806.078232479895
939.5128838704943
3013.860533748542
2535.958063936884
3766.8916008074098
5301.1919208672
25886.377504897548
6211.889919406296
1732.8636563067348
2274.335746605134
5804.77543783108
2620.069336508364
3536.3035420449105
4680.542637259469
3305.8851341350783
2844.753438936096
3052.681475571518
3228.4887740540553
2941.7544299891965
41409.85126777291
2359.6833694076704
2418.926723766406
1635.2008322998931
3896.5583193522784
3054.3132606160343
1727.2200084119713
1153.91612754566
1935.9580675880131
1681.6449539549023
3223.487741837076
3846.4148218830132
3008.296812081641
6209.558078302331
6017.851608012526
3036.1628073389234
1820.5662314703075
5807.800684484279
2541.615578207763
6310.991262092257
6057.556600896398
6914.8374636097515
2473.031514801491
3023.091124322655
5395.2093677660805
2136.3746079917146
4829.867080196497
1430.749638848082
2028.1379709942566
1365.5816263151617
1862.846420216705
7886.748387730506
11385.422664353193
3247.7056090747596
3528.3035931767304
6345.6661009705385
6587.582860167722
3896.0769175564233
2719.431215107345
3016.759235861959
4717.258679502186
6313.322890283636
11985.422657156263
5787.112867060281
3511.0772485221187
3060.128326816443
1803.031930820793
2336.926393721252
45371.18548534062
3967.0183580939547
19744.167648721414
2561.137633890849
2235.2008269197445
1435.7333200743053
2294.1784289160296
1686.0013352765095
6398.179578084331
28732.0229184474
2949.908180674931
5370.50956193098
40491.50317974912
4737.107241150697
3058.559434669158
5300.7839818788225
6347.736624404484
46572.339188206584
4769.005534431079
3252.725095563244
5374.557616492169
1452.482264748451
1811.9599247575204
2360.8158256303345
1641.6366821790768
5936.600485634197
2899.1185796840823
3848.132866726922
3073.0314964856275
4316.316865749048
3600.8108769883565
5332.284224268439
2533.1009833573507
3578.9167311750634
5338.556120619726
3530.4310406202458
7163.391801405591
2171.752590936619
5351.914628173687
4972.700874681085
1959.6593553167886
5611.108589781815
3526.73685823699
2822.9856857754844
1071.2273006869646
3078.0725575008278
3600.461839514502
3769.341783075661
2757.1199344634892
2925.674549662211
2284.701090072856
2627.886984645541
2270.747471178318
3137.774645762418
4197.533575793798
4979.921082138741
25609.18265094767
5329.547593458201
6556.692053297545
1657.7394735518476
5229.1909071305
1255.2120130730361
1866.461045064563
2352.9697802579217
7187.582851096443
2031.4424136469681
4365.173965796712
2320.2829334360467
6599.809415726326
2136.0122991979188
2818.17606487126
4195.6757258633925
2826.9860844185228
1708.895657803832
1356.5803147967729
4106.030107974855
3031.4115192530785
5339.281008318902
3311.028647502034
1725.3339626437091
6332.299844479308
4370.955463269017
2833.91431855787
4126.374279786554
4251.001637752774
2313.0668785813727
2737.1288826069745
3026.144444331754
14316.30282045274
5335.221935100359
2325.198120596253
1528.4517275143783
1259.9361877821152
2706.015109538487
5599.686406948782
4062.5361570221817
2858.055931954883
1850.9915651307467
45233.87970594738
2572.459871927597
2679.415371188777
1660.4324793894732
2139.1510860366952
3503.383820799158
7056.644995839285
3693.1707002719318
6588.684422887891
3257.260959976704
2700.5657754810513
2630.070056969908
62847.64820967292
3480.515775245153
1595.4245658740056
4145.0456326235135
66727.55826524159
4914.040875712542
6453.628403746435
1177.492351239837
5825.086952784359
7166.034104848402
2719.8976125809536
47171.18525858129
2352.8322438079094
1637.7168479873135
17904.006955883644
7861.513628878362
2268.174946247612
1993.2346700451983
1806.074643777132
1745.8110255967488
6118.714130356698
2879.7728574317366
3829.299752939294
3570.9382437375825
2647.1410197359
5337.107238857705
1640.3259875628717
1720.3233020543778
4098.226563164196
5629.299716255631
2691.131168595313
28872.99047838654
5707.850221371485
3043.0100268117185
5956.526222580986
2522.6005490187745
3022.7385115609018
2543.1864739122
2006.6549665597743
2713.2202898692312
3779.9337659861835
5714.578972750942
5557.950861206681
2779.380746833646
5534.177843923913
88401.20484147179
31617.603630807476
7440.61638289703
1655.4281489359735
4176.696710347886
3983.6798735386633
5337.781731116874
1670.5016193913336
1740.4290504544704
50335.030022878986
4526.1717845839785
32318.034817477015
6897.723917563444
1981.9490754424237
5683.573850023157
8532.504536189917
5554.076794432885
4095.2269170850554
53335.02985215997
7604.994294252072
5869.705960783503
5716.866743552117
4908.259033861283
4427.964950883406
2371.2644451391698
1614.1978952282952
2190.0570783690832
5290.430074304724
8238.454337248995
38707.45148859327
4484.413264973936
8498.221676385814
2959.941237564533
3609.076274717978
44091.50298155731
6300.5915164577345
3458.59889679656
2027.8869932509656
6752.202997308202
4076.433583265063
66809.38027389752
1727.8364723969664
6488.307420434803
3546.6715301957956
5398.402398268577
2929.837624538068
1750.5829682105643
5855.083220147038
1746.1490424815147
1649.8608861057537
3850.0677289714217
3230.070047375603
2745.583930932981
1691.1100192570639
5692.900108624475
5690.947550118366
1042.0493754381764
4001.4846642067923
2936.9263928920905
1035.200843597339
4923.145632569805
59672.73128228277
1684.701091021761
1800.4790365232266
4207.161584032468
5295.403166415087
1510.275597133858
6598.340927962893
3231.557208336141
6237.809821340844
1581.314642076318
5873.925079284503
4804.691686994129
1332.2276671900984
5196.353464583268
3933.8006295132377
4110.273696900359
1681.8916285441092
1443.2819166562667
4607.570647195585
17698.547625914558
1676.0382109985653
2962.74752581272
5356.327234308957
5336.963044722762
1138.9066982595355
1818.9267314791914
4555.7562251587715
2556.6241723314783
2142.0116229749387
3545.045636554946
3601.3026592220845
5603.9077311364845
6520.054507193534
5302.417654020215
4115.952798955641
4466.058205519708
2146.783401870101
6054.915407295106
6182.25892800697
1745.7268749567534
6483.203862258948
2956.3287603462477
1668.4539524027512
1431.631295402092
2890.646854895965
3559.1927964908714
6605.59182433443
1532.2467140197266
2559.6593515860814
72573.22322694288
1322.6688802133854
73173.22321715836
1038.6098189713018
3822.6801911970297
1148.851646270029
5199.959160358057
1674.455934341194
4074.961313985734
3461.6596211808546
1662.712220855571
2432.7875031476906
2874.335737363328
3776.1385728722234
2247.5372383351687
3608.1234145339654
1724.7854269790464
6055.300777654815
1063.6632262563537
2934.532542676105
2921.781363455453
3272.3123849191484
2133.2033484207127
4811.258641538794
4162.495390093509
1058.7048623228695
1372.8338371402376
4037.8607373904074
3844.803415322963
4122.603224865896
5871.718247829556
4302.952388686499
87951.67801571218
2356.7133198499737
1530.997602258303
2145.116637189187
6450.822122500976
1759.6833773792396
3480.3984974857676
2657.21085298827
3964.5027781287026
8229.82809895137
1690.5896766776482
3549.8832991723816
35441.249937922534
2063.8285516311826
3024.3273905650694
2831.8603074247926
1760.8158299791899
1506.5346698902529
