27053.258815593657
18522.788892206085
3979.4104288628123
37627.256800442985
36185.929285033446
39203.65079804561
32476.480788905603
3294.7879272202113
3759.7541553963633
81160.62167261746
23301.556408451295
13743.182361115098
31276.487287627046
45905.77393770712
42987.275542173185
52900.774699712354
36785.9264424223
26453.26175919652
11545.002398093622
55300.75329836238
2446.107394889176
12466.43192873989
60969.867595936936
29222.108616219906
4702.392872843719
79960.6346658965
4997.948875742062
7757.371623128234
20344.705228720555
67595.87931928413
5050.7529797665875
8130.740570741294
2885.7740908381
2588.0359020588935
1967.9264482820413
4186.910326785429
2095.1910985124373
7768.793933659869
4506.0814647551715
54700.757550171096
4623.109536043071
2621.600108248874
5054.199697946015
8948.438491176545
2981.0145704373435
45778.41241006279
2609.026295364504
5130.746183954167
3032.0362626405513
73940.32596344883
51700.783304551434
38603.65557895458
2448.843227987971
4271.225452140214
6416.564510752225
63008.8527876174
1240.4016610783935
5446.11883933383
8911.70069400587
68198.69512946077
6586.906981419315
2092.4663179585423
3752.2514378340998
5041.314096713929
2695.190828574102
5016.079254429859
9320.851460446198
18033.33964090684
80156.726799556
3223.948710544141
