5007.784302435371
5011.417798073419
4466.810882734274
5121.757301874476
5018.602304177716
4984.3453783549
5013.261932193072
4447.4026610079545
5010.568246614607
6135.756453481394
6186.484291962559
5601.925158654267
4992.4488923830495
4935.865080499911
4935.005378810156
5590.397120984658
5533.782596212669
6336.544277862478
4458.8968974637955
6222.546896678071
4990.428687332194
5131.749094233441
2559.368804370191
5026.414815548598
6326.690249708434
4983.449732796941
6193.828328502662
4555.470730392682
4410.406954375662
4986.572619028012
3345.2356303857027
6221.0446784980195
5528.9928216991175
5584.3157763260715
5721.698416932981
4435.923127553899
5726.735838631653
5731.689222660794
2547.3846212445355
4991.451940561
5021.140019081221
4373.771242589893
3151.2671945188135
5837.731254764989
4984.2414570853
5586.35350989782
4459.9426100511355
5216.046220355738
6128.943405797156
5237.7670733762025
5017.451818615973
5694.055022879312
4453.453299659158
4391.476593436287
3193.99586134338
3936.725959052062
3186.6636655152347
5156.981561027754
5586.531225755921
6135.064615019265
4427.3601274865805
5020.806299511818
5593.875313873617
4986.383701262606
4930.135917421799
4900.2260218910715
3926.8778712463813
4531.8043435717
3887.6360224486875
4929.045313790585
6415.958339303171
4902.423989650729
5237.264219805261
3890.7930771921206
5022.642695475939
4411.47939054287
3776.9010284976407
5686.203008992059
4996.019204103299
4985.036561288198
5009.639491148066
3056.348816361016
3159.354135457619
3767.984158119855
2745.2536383308498
4310.4203780972575
3883.7486796578005
4988.2526898232645
3888.2098182501763
3897.2389259104416
4437.526236508503
5606.75460241082
3802.054788106551
3887.078645451439
4246.708535748851
4988.413738259575
5025.770276218142
3121.7566920838813
4565.414554809347
3189.0931251420207
2539.1237436983483
3117.7328055579587
3326.910865641289
4240.198531426026
3337.407244710435
5625.883029604805
5237.526471878087
4300.933832990321
3044.350612971686
3786.63628632626
5617.4133951190515
6439.785218923303
3823.853774545996
4976.861812632584
5583.597779588659
5619.01324087908
5615.39821514153
5579.931738411656
4439.954544419266
5615.996222355307
5590.020323469208
3224.653696439096
5616.999732227095
3894.8237773318956
4415.527063253514
4330.18634940157
3770.814944707645
4419.042734411142
5534.964076056014
5161.313261687975
4141.333150941699
5647.340767397154
5611.944974218199
4906.471811205558
4016.129122657742
3395.6715492071667
4439.3115706200115
3321.8752229327033
4258.739647066292
4985.521200967057
3063.951688108488
5621.092013207225
3882.7380026972464
5238.035308718012
4992.882429415461
3229.8690280817705
3884.449963773127
4933.838657674334
3892.7089783104884
6325.94916224015
4979.427491728221
4450.997160350758
4493.515434886283
3734.9880668034402
5588.382882567612
4438.41639299805
5016.033802205033
5024.060069038461
4413.322918262293
6284.551090180906
