6594.481220174081
7375.944997752739
5985.784161924184
5524.363051108568
5667.751445248261
4575.181874000059
7397.8160110055305
4298.684907235808
7238.861524362946
4426.975252403624
3856.886076398624
4280.582257846078
6897.323380380078
4592.009907193855
5522.9843545722315
7051.183492831536
4577.923644343718
6900.658490479168
5998.19655358979
4163.775981758803
4452.259309433162
6124.532119099225
4608.446466948614
5858.194950776871
3181.3564630071023
4658.194989070261
4567.193658150058
3975.1818934751454
3977.923664353493
5934.542059483873
4763.651142748291
4449.53077963494
4547.859929963939
4571.650745834191
4554.417319810754
4277.623372041272
7949.949595497399
5860.621198822096
6890.269798491457
4275.3098215388245
5049.665249077951
1637.8570285697704
2711.978969975037
3969.8588792448177
5661.844545004484
3173.556381106058
7344.464434398281
4269.2843736979
4461.266875378868
5428.590424805088
5538.794067200249
4333.02421105252
5740.224211624448
2812.8521093401773
1937.0685176568159
1923.1350915523296
2610.3692186702824
4454.647477962184
4273.854891924886
5344.887007974958
8846.26445815658
4569.858860881882
3175.3565700016243
2302.572324689891
1919.1347882789664
3037.414538649742
2936.3515441361683
2586.1136227723973
4289.59002788483
1305.0916821500896
7058.006284030592
4010.900481262895
7916.063411559321
4590.452296809922
4301.648214763354
4202.461689860235
1330.916264094805
5532.576901424614
4471.470060192739
2052.8363080166714
4916.965413385049
2721.042542212535
5152.567085840481
2045.8968420677177
5397.248483574854
6162.676570136098
4703.815598918424
4530.487492492792
5750.043003635811
1300.1013548152362
2724.236374466654
4913.913749160573
1959.1820385880064
2285.479685554527
6586.497775056807
5550.6886807069095
3159.181992992392
2485.7232163005488
5154.890288818122
4802.815836128363
3188.3512740785577
8827.331380994501
5715.969531669498
4007.247524044328
1603.964462698655
4337.685337613936
5738.3484243405255
6268.401335943343
3518.1618565919375
1966.1285624545237
2927.743268399327
4702.5722656252165
6577.641328748785
2271.689396415528
3162.6766642797106
6596.578261078634
3860.70348335422
6986.06490163475
8261.769813376519
7386.506037286168
3142.458579888742
4862.888274438586
4100.560513286201
4837.549618387143
1758.1841243149497
1930.1923083285171
4283.214048947869
8809.871388190866
3710.367345279335
1639.064471301147
1325.9005607173792
5089.125646360091
2734.953399870194
2809.040036815652
4699.688939377106
9097.111369284552
1868.8993899174823
3033.265034603692
4118.627645580435
2488.883066365265
3190.568191239003
4966.10253742603
3352.5230632159064
4394.5844670428005
5175.5017078857245
8795.961143211982
7044.016422301456
5150.8901891875585
4262.888287481293
4670.103005488133
4019.568874734794
2494.9778846728996
6750.68865833834
2168.5900223200388
5255.726533226802
4168.379327325368
3498.6024022056854
4479.5149059608875
4709.91672908629
4884.178321103345
1646.866267144492
2603.725539584267
6111.0729403688865
3732.273680239289
2950.8554659515644
1755.3750162764059
2047.6396262936312
1172.4853049463445
5399.733057056132
1597.4917055281821
4058.1950132811294
6068.056602942102
4924.61223692629
4342.563731809092
5399.5224706292265
4701.7822049768965
2182.1825589826644
4959.181960091568
2477.1850503903297
1756.7710128159708
4159.790367689367
4444.461389390159
7944.511928375358
2354.430043704723
4314.948389772877
3967.19367604713
5857.3739860029555
4060.6212615989725
3509.194308479258
2944.8870599962383
1639.6491151318849
1848.034202508203
2852.580086868523
4314.152852446055
3673.8549249864686
4235.198925179432
2131.0408573690356
1865.9354387323085
4467.480186889776
3246.278051636022
2558.5653397763735
3534.542125221113
4837.937926864725
3485.04730202804
5006.6358484360935
6159.1819308542135
4109.194291085372
4175.226362516753
6249.665211192719
5814.42268606203
4338.794133692669
6329.554493325013
3354.417344831037
4316.965435417607
4118.979515904484
3854.3046472410606
4457.451930207856
4020.8173764106523
3182.753997396468
3843.5536634818886
3504.9441291749745
1629.6246731312317
1920.0695021360223
5031.399413457658
4002.979072503515
5726.576855948117
4660.621236778804
8768.578984173086
2533.4162675013094
4464.1874508332585
7911.737302887912
1870.3649368805545
6335.370641792913
2802.892440986958
2181.957188693986
3473.297846699452
4842.520027589938
4839.219585623073
5412.134243435933
1315.939774286269
3029.2585142635307
2209.499579792372
4425.835355202134
3067.423844327441
3242.864214656578
5752.763704530216
2620.882625531141
6742.458500234614
3068.8993647384236
6264.187419127215
1706.861803750122
4465.426379795431
5822.459807241691
1704.660771373705
6465.112137374719
6470.1029649767725
4405.201373178987
2931.520094015714
6337.455076653067
5550.042777070755
3303.5369763950907
5205.300582847684
3025.3662637220514
3465.112200301906
5780.97138298506
3216.4264572418074
3494.435856342499
4490.734760219345
2850.97881608607
6134.515920836533
3171.784550858391
5562.221248681368
3972.8768237246504
4182.814430966994
2345.604083737294
3499.904472622524
4138.201228426279
5516.960325449429
5339.121362222472
1753.995417239113
2142.557945627622
4704.660693521497
5138.613808950798
2900.5605468713625
4869.284363251945
3416.1551918979826
5837.62952452479
6107.978248387246
4255.75282336702
2472.0828977431947
3082.859656269861
4244.887097410927
1635.377601800205
5638.318013801294
2497.9187176629052
6021.420415034415
5569.213562817451
3518.627664318216
3415.1203760310714
1295.4906674035228
3174.6657564221864
5291.320081000515
4491.186857694054
5421.108859651761
6472.501273520793
4283.793380640595
1394.7425499160108
2860.6212753063705
3135.445104605599
3507.8502289034077
2642.864229621964
3697.1115244032926
4310.367324046108
5091.023202103388
3854.6475092376586
1944.5248603215102
1872.1682041487984
3738.379919641406
4818.866787506431
2124.8799648098334
5341.308932338784
1250.333369986346
4411.894475967301
2044.164105001782
5754.417290141446
5207.252420776005
1754.4300644835898
6350.042995618857
4689.402039804654
5003.241950497894
4237.937934107291
4280.753594573953
3443.021953235404
3506.861756851251
4835.198919218734
1703.3935902179396
4276.754514396245
3762.3099160623306
4530.537498899707
3302.8457511059737
2502.5674228641737
4157.853759755328
3605.8525867565727
5374.687906824511
5083.964880717281
3073.266808018146
2639.5700646419987
7871.204149747459
5422.19326863121
2675.2091307590927
1759.60939024621
5286.239899484823
4012.4083789447245
1839.9720730427257
3966.9835863035214
3412.8521090805757
2538.0371360472773
5343.474928649635
5551.196215468638
2029.3962728327872
2250.5197637073265
8744.074502865864
2042.042204786604
6367.675630702494
6437.629518642538
2721.173795005961
5067.625095490108
5244.063254390352
4489.125654664532
6544.8869814230475
4691.305052902476
1871.819541137243
2833.014249170635
5641.219013250629
9636.52610410773
4436.697443137489
3253.1462642590272
3518.979533039913
5433.111272619345
1986.1136456804838
4575.501719925036
4173.323120984963
6766.1024991995155
4391.110462510184
4247.264344824239
2795.874976242833
1516.9250822109918
2296.6788751758954
3874.8358660318754
1399.6498758177422
3857.910285335826
1914.6112370218584
2913.072526139782
5064.187440874783
1356.0014233323948
3799.64981213017
3005.1873562235032
5576.4309024862805
3471.7763573205048
1716.46747912268
2547.204544022916
1299.7769699012906
4101.782237385276
8253.2688083612
1978.2139070185945
1649.3520762568292
3972.385869391082
2909.1943224198785
1408.2233135289275
6492.760575527336
4473.365178883915
1918.3346817603262
5741.669996194804
1851.6156312366581
1313.617866124085
4823.092458368095
2904.9441347888533
2649.6652987037623
2689.0574296282757
4320.413861638149
3509.9167680352534
2251.8711991715854
1251.6414594196074
3369.536414811175
4561.792549468206
9043.461255014707
5098.010808344776
2140.7560121284923
3706.509259227685
2460.252371030941
2754.41735292842
6580.851677693304
4925.369591694523
5632.0012024061
3728.6902585089097
3674.3932376983175
4988.7996986489225
1538.6416050228106
1654.1526246370142
5088.409215066171
5622.883118303433
4106.861740364722
5874.109007261903
5570.886529502741
5418.866782867718
3143.535624069274
4580.624617623752
5140.224237223898
9130.882095714533
5566.102531735585
8221.354942936257
1245.3590355775636
3798.3259684021978
2644.575317049184
5090.845999206979
3539.8577041195954
8673.838997930638
5719.557503033343
3504.660723559593
3763.4508118086956
3631.813521628878
4030.2404604310063
1391.012561147154
4357.116566554577
3713.9137757574654
1324.3686092122518
4795.621119366621
5061.322959825475
5661.879455614037
4410.25199274025
4522.992136003629
2304.6607538754897
5889.4020353445
3386.0650263709863
1276.6745701511882
1260.3295999318686
1242.2056980003538
2621.1716060280146
3499.6889818605355
1343.5189647344594
2255.7265914783484
5265.112170538435
2899.9044787922667
3372.4950683683437
1748.5821889530935
3162.2213285695084
4179.950963683692
1535.377160179165
4145.5184282816
3980.624642547358
5041.2190166782
3414.0128621328963
1872.0829145507207
3229.3781730501737
2847.886242158278
1635.4165000061048
1415.196236910395
2229.407307251845
1262.0944719217293
7141.477926024293
5094.6138991231255
5532.633214355835
3791.7202006877483
3364.1918300591665
2781.7155528867597
3605.5009118081784
3200.9327924860295
3210.166112000294
5224.297691273717
5716.52404724593
5038.318017480084
6472.36140484365
5420.00561907564
9108.402628822181
5462.888266729831
2272.501353955635
4487.876237117475
2906.8617724022947
2566.1025689075313
3200.990303363715
2532.1119616929664
5724.9597826026875
4244.136074190423
5817.120450198356
2573.6153028325703
2533.0281643514377
1400.7464714934551
2535.5427743372747
4432.495524752394
3910.1553522830973
8209.871396740466
4136.379066300955
5092.822617310044
3138.3799352721308
3403.720240446651
3859.1395384101224
3322.2835252012956
5627.8705808934965
2757.8685508765057
5092.111290161089
2792.276435088892
8748.145088483527
7050.9078493984525
4817.824980662342
3571.8142280994975
5885.59392513681
4984.75685962328
4757.898984372873
5525.170149800089
5790.135609690112
4228.590468194245
4605.378045949452
3799.6291816624775
4372.20193682158
5971.6696328800945
5121.829020028918
1636.6276898553494
3510.937505101455
6351.795909122781
3066.9688224247348
5095.149734339706
1711.4649196648459
5750.8901774775595
2394.310152563911
1713.1107903685654
5345.518415498668
2045.508586325822
1761.5397164095175
2134.792756299172
1631.5432732426186
1935.7648545872696
2344.8870667677124
3865.4264077236985
5633.14781348612
2244.7578535003495
2271.3651621734048
1520.7462832840058
1254.997500632565
6052.554067739305
6027.622834689512
5625.065587232074
3070.3649123013947
5118.386784264253
6364.585104019189
6055.752787137104
4168.315022159552
5636.5117375066475
1400.3390783878315
6234.387464258598
1222.7082469550346
2365.248486098322
6000.78105849513
2831.646738383165
2090.7441154232156
2480.1823134026845
3184.1469124486994
5636.604717323663
2200.3348098746374
6534.542046825085
2376.8835301452414
5805.750878002521
2248.914848934238
5287.494254149663
4828.590449043925
2518.334677266272
2354.190812973105
5800.030753531967
4147.284811181632
5029.637567101821
5431.055538424988
9388.243001511253
4097.711780543557
2340.9475075068885
5220.420013681444
1301.8821452903492
5472.079451085726
4248.860145557634
4247.767026232911
1533.1825588290853
3653.0011175531604
3362.753927281398
5749.014236856783
5720.704277814431
3225.8459348232996
2134.9784719488935
1445.896867155727
6006.458816870598
5086.404556717367
1916.4177420347019
2754.113117411282
4147.405099046261
7379.288358515168
5351.501401393674
5092.082026927767
4117.438664608391
2874.829580514495
6354.890271656229
3352.567125418758
2277.794768942619
1625.4895845325343
5371.7156950093295
1553.5304320046178
6128.767454543448
2123.9414590993188
6129.113556182924
3152.996207071141
2636.519408096944
2082.400414638681
3091.2839961210097
4392.871240178776
6026.969025134587
4575.295552861134
5613.239338931731
2459.856972985821
2582.7540228089238
5422.485834861246
4951.739766606638
10513.364231152542
3919.7454425295714
4356.550816184107
1707.6653549482555
3933.506133057843
2132.042639734694
2076.124719938073
5449.988894258191
2816.5871140783047
6602.0431112199885
5756.384244633487
4095.522173395178
2177.429713306018
5881.7943354459585
2768.5900209881815
5426.205108244395
5901.900750230531
4564.066336402382
6524.0734547481325
5099.655495486608
6475.025509594155
5722.933464591544
5452.230031167205
5214.2383767405745
2396.1486741756207
5631.399411085977
2147.983206791983
2118.1120743385727
5655.3875247557235
3337.545857714553
8376.55677794139
4346.665219576711
5421.228065011273
1942.4585904436128
5480.308234345225
4433.147828539841
4825.36110870153
1316.1533020059921
2769.536436744508
6004.861921347651
5887.473855340582
4826.433588876317
4962.221287470346
5226.07374781892
1920.7952724435374
5721.829012326028
5006.343223912182
6035.198870492493
3494.3118830691146
6538.025551030449
5710.7488591133915
2254.7828719111685
3022.4384859275483
1877.1850683505968
1644.5534067204255
2126.6253306729463
1946.3742278782927
6617.567690166105
5265.508960716643
6912.005721619471
3366.983597037442
2251.8473186871583
5258.754001432053
2526.0191078762896
3144.36865487477
1571.1849268635556
5898.333712089665
1247.260241905307
3663.464170048187
5843.636907103523
4109.713801342336
12055.351520952965
1705.5712445145873
5532.040576688316
6054.131541399235
6115.917501564071
2153.981010192564
3889.125668517976
2135.9785927683756
4023.7162174630867
5353.7284848937525
6701.413630916615
4297.111502313243
6229.409038234636
5260.4407508220265
2686.852863327516
8505.05486192691
4844.136051789667
5883.695728238558
4574.396449483209
4258.504706013913
3578.443590585347
4349.741487945635
5752.427603080065
1563.1303235022046
3969.0882701728497
3795.7126233306926
4399.7792241617535
5961.45452017242
3195.1415969491077
1641.408345904768
1005.4390365750382
3086.7977710214063
5083.548266396188
3495.450276228624
5380.487303655249
1617.507027359205
5207.05429192193
1438.9762072416647
5423.733930121697
3507.1467746658464
5272.501306536525
2755.8312874809585
6573.060999262391
5072.141504663869
5980.701915809943
1650.6616709235013
5888.5342745216485
2392.1767932011635
2918.1618713191165
1216.8991245492539
5714.122427333608
1910.0539691075564
1911.2489290359858
1572.416293472002
5548.346275551638
5090.734752658753
3721.9198955840575
3199.5482804544395
6414.422684706015
5816.143742136806
1398.7150660626019
3336.5476023044434
2698.455324443409
4558.354191925583
2910.0488996813506
1925.6265872013742
4615.088944466594
5402.048769630664
1321.026267130975
2792.119473854593
4824.301034355718
5985.719636085177
6676.03816076466
2643.562821196324
5627.886326229875
5549.088571096588
1906.548496939087
4483.887312166207
2701.3589387729744
3185.034875928722
5482.104043635269
3757.051982446914
3647.5331026520826
2546.700772741923
2163.943225217881
4248.50079785101
1442.438512318798
4675.0422260091145
1482.4004198584223
5237.859946271537
5368.68973258403
2876.3730623254987
1119.0349539955384
1328.4511706462988
1393.169245666747
3192.245625568641
2890.9747038700125
4603.700684439522
5038.918849083128
5637.726529896408
3380.1616307854797
6216.519916465483
9912.577197663437
5727.148763192936
1243.9309160445216
15801.679749845322
5753.7952657427295
2174.054212569917
5712.202403060102
1645.0102486131038
4149.151871238106
5378.213101327621
2756.7859170180704
5814.23837093754
1631.4042524060499
2491.9702308405235
5958.7096747620435
1855.1537342911047
3120.66876126026
5543.929845302865
5699.320852532226
5096.326649736547
9426.983481622126
9852.272096482728
4119.107467835834
5215.986620161651
1153.9954445921455
1159.6094171609138
1405.6376729433491
5994.204156301528
4673.828704202087
4268.056674536882
1481.530152498615
1731.2284203767322
2464.9766571482983
2646.278065049266
9068.05651198086
4042.6518446127216
1039.0644939385152
994.3994412520397
4573.418257873325
1035.416509403071
1917.3149425535537
1904.3784010863255
3453.2746360315236
8117.45570834126
2675.0391300395786
2520.795267849603
1217.7581049956361
6600.146838105646
4607.247518939098
4463.355601308217
2438.173075130051
4487.45820562528
3762.2213257172325
1284.767577373551
4134.542120349018
5966.800393711297
2098.433819846229
1529.1500758498548
995.3991283563857
2581.3564886790023
3370.570643535707
1968.7979854795242
6700.3471397818685
4598.782746452156
1320.0695223782757
1601.7713665830213
2513.040420378289
6065.070479676668
3800.9327879306734
4406.018233101701
1270.7814094813796
5426.481957087347
2573.343071084733
5370.210361231296
5036.604720583159
2435.5726781265776
5088.053215043243
3183.1943371767084
2244.553405467359
3975.0271045548643
3159.5221765934143
6467.6505085977715
2437.2045603004417
1637.6298552621179
5452.899796191498
3155.231973789346
7858.791663404022
5681.224303986248
4897.821060362957
6301.160861983641
3697.774266385766
4726.00294060013
4522.20172658051
5621.328456450748
6350.8901694317365
1828.9343723542888
4452.316048818995
6632.015253640888
4855.752807761161
3455.465383826332
