5
4
5
8
7
5
315
329
6
5
643
6
813
662
728
902
559
543
670
570
4
640
821
281
4
4
340
670
373
5
319
643
462
333
550
5
606
5
603
510
300
550
0
6
809
646
296
7
374
553
7
819
1
370
8
6
685
3
639
829
734
374
5
284
5
7
0
711
8
274
560
679
543
297
0
360
673
895
307
671
300
668
337
710
660
740
281
2
684
333
3
302
8
327
6
345
348
6
5
324
301
661
321
662
669
4
2
595
304
599
523
606
4
298
717
375
715
331
377
351
536
518
857
3
823
273
657
612
339
317
7
2
8
669
660
642
812
521
535
356
278
613
896
551
290
658
272
0
592
261
2
812
392
649
558
768
527
727
608
298
797
663
541
2
552
2
613
505
656
321
733
559
5
8
3
6
771
283
305
323
2
1
291
849
745
677
539
737
475
341
596
672
264
542
373
614
650
670
5
2
493
618
794
2
806
3
542
333
1
7
274
359
730
574
849
4
274
624
653
848
661
1
553
3
667
673
1045
711
332
658
2
274
494
815
2
262
334
718
777
318
581
516
651
0
852
610
680
607
885
1049
416
726
303
659
536
636
550
799
2
647
676
930
545
849
668
5
910
354
678
3
625
657
315
641
699
708
10
920
915
293
979
722
486
969
1
614
535
303
796
336
4
450
614
665
361
434
510
565
663
620
589
496
788
852
581
840
580
3
9
448
303
625
272
278
893
673
523
774
730
646
4
512
912
799
4
718
832
406
898
754
260
677
539
299
312
641
338
335
728
10
598
895
3
658
852
286
586
6
663
375
353
593
315
701
272
637
444
720
636
684
5
5
593
915
788
765
956
275
736
850
676
537
326
667
342
612
327
835
262
431
541
457
664
771
713
613
466
819
609
628
396
414
416
697
261
583
900
657
369
795
978
247
479
432
237
466
925
853
458
10
261
790
3
945
759
339
337
6
322
829
843
385
5
733
561
725
919
907
711
457
710
608
537
946
337
271
683
294
782
332
929
864
302
649
690
872
721
235
921
726
833
422
671
248
895
706
803
809
361
676
729
553
5
680
5
652
547
339
259
595
738
642
911
675
734
1
920
916
343
642
942
1
305
680
910
918
708
260
625
17
727
646
333
689
869
732
757
654
696
911
4
871
4
1
277
359
570
309
775
731
350
809
273
618
895
547
274
911
803
538
962
465
919
618
596
828
916
904
679
910
675
433
897
780
331
301
259
822
697
637
