-6.738264988013701
5.850294615245896
3.273143435834835
-3.34503931324376
2.9419420473114677
3.5214968427429527
-2.94149590253779
4.650590029556789
-4.1241430953175175
2.626584358051002
2.9047539724881997
3.554297072083035
-2.9098693532022684
21.515329137669294
-20.337955481016216
2.8416304542722055
-1.8575464680300415
11.916089948184135
-10.792613972426366
-2.5956998681811907
-9.8655735049651
12.376702168144693
14.013612505147805
1.6064868971642599
12.544267888884367
13.927221877480726
-10.999762379643236
-1.709509537738717
1.0052787127925806
-5.247250580525905
-3.0360768726916025
13.116560122783929
-3.260708924834793
-0.9926620909016602
5.506725324820608
2.833305052215195
-9.116920132584367
1.4520813493244793
7.904790952508414
9.141463794889896
1.1532471791612966
-11.296818510212782
-11.275598440878724
4.060942550164577
-0.9075609671186018
-0.7451809873544242
-5.02564319195453
-1.2554730299719419
3.0133112588144995
6.436475137469549
9.27242072701028
-12.382717884659854
-7.553735886597001
1.142495119371618
9.010754247123984
-6.342756002703141
4.074196097630269
5.818809628014881
4.687260185433159
-5.561290620129645
-3.638560689051942
4.7920215675449676
-5.138596618740014
-4.993440465811798
1.1596384105075113
-9.678243862858649
-0.5426126846526327
-6.949294746373095
0.8452563367386834
-3.5733610599774908
3.8620721520529133
-2.7803763774077876
-5.280499743894655
-0.5675548500531438
3.3396061591278463
7.069559585978705
-3.687837190801063
5.581623075553455
-4.416737921647394
2.430145006165459
0.32458733634247855
-6.759022061088239
-7.351807950416979
-9.131556438424056
3.952560033658256
-2.510063122950813
3.876777321962543
0.8411370307477776
4.85587065489906
-0.9286535654938203
-4.0326224259690555
1.2893187065400589
0.9527944349129203
2.1371233033985333
0.5380131325363774
0.38747482078827056
2.4253833465144043
-7.314428091842249
0.9228139428160236
4.001831862453225
0.6599273482968833
-5.95786165016612
-3.930346646647176
-0.9170858826856386
2.8749518983224336
3.913374213533276
1.615255477839721
-4.015989488258976
7.5343940003213525
-4.099155193532574
-1.3199919487120464
1.2426548517771823
-8.922230181784036
-1.1974960056775183
-0.5565921592688826
-1.7331941418108343
3.579833081418958
2.153593330023964
0.6986677655720426
3.708247435487412
-5.91179436041096
-1.8237116794899066
0.397345768176732
1.8324831445573935
-5.712790899478086
-3.759734872470362
-0.7362291328538064
-1.1079009249974086
3.7613629705641727
0.9829879071521086
0.42448949972826494
3.6580573703435313
-0.8681695665294242
4.175163396284841
-1.003370197375822
-3.013438700854911
2.957451404028905
-4.419151709890674
-4.5173991409429
0.4921455384971389
8.891988972844715
-5.473084493995715
4.726775399595896
1.132608417962525
-0.5750547563364025
-5.263219607816235
-4.465375560108034
2.335034601468063
-0.9651796065011053
-4.4753299397529425
-0.21258824313315022
0.9601556612952568
-6.115055307034392
3.033904933796473
3.6628004691370304
-3.6678027145392558
1.3724892984924526
4.753407080365826
2.6310375903822876
-3.334637276317832
-2.4755026014395547
-0.9371563832476447
-2.251397944766834
0.6649368398549087
3.336085573863595
-3.259264446938752
-4.264732690425261
3.6431759020738332
2.3010082114750805
0.9413962840843547
-2.254231103233706
-5.8583536364787845
-1.0198982396279221
2.960014448477223
-3.579414374056017
2.4993884967934266
0.8016865100379355
-0.99292319507427
-6.211761982592175
-0.3004655979321156
-1.848694911288035
-2.6487338425073363
4.880372299429576
0.317471436608962
-1.737515518609651
0.17031745753323713
-2.924033631790728
1.8880788265027277
-0.5689695263177484
0.8086974573075426
-0.43763518187391526
0.9236715564149535
3.0765317194519692
0.1668473392274849
1.3676410117528643
0.7937003305318846
0.3314898106482575
-0.5655663093042155
5.05262754397811
2.2931925280666046
1.7165372458428818
-0.6250411476650463
-0.38634779109631423
0.737366687853841
2.310009453353852
-0.3263459563538762
-0.773658094447785
-4.53102747910346
1.9608498278674493
-3.37245113172677
0.5847782269696016
0.5830031132854216
-1.8096027133701436
-1.1430929257331406
-0.3777083476686098
-0.5663182203668881
3.194686711486394
-0.8369912926443746
-4.797754870259471
3.5446060825869634
0.5017186564590177
-1.427304827250076
0.516318204304486
1.1312771024400001
-0.612769482858633
-0.8304553899959597
-1.8859584533261056
2.5042119906467644
-0.16615507211763886
1.1991116491133096
-3.5599108708775002
-1.467445371116572
2.0547697287975204
-0.07126079559910872
0.5271925200546596
-1.787400188171313
-0.2299459670329427
0.7948610330048331
-0.488405167066123
-0.20204604709881738
0.5899371419583291
-1.7122151664302043
1.6848869918692562
-1.5048130465593401
0.1621545597684236
3.1235183184409205
0.3111541670665299
1.8817078294752294
1.5159610427912404
1.6911045469980317
6.086158383067708
2.93404113669764
-0.8988375060079815
-2.0490129971802933
2.8009729018225142
-2.667847768840793
-5.543275163903188
-2.2428873685680033
0.8857613222200152
0.9206712892869678
0.9679379892985944
-0.2722740326269115
0.5144037567204292
0.518283459759085
-0.6818023423868128
-0.12334199833677363
-1.5841684808496872
0.16752899999919413
-2.1965705016009496
-1.8440445175237443
-1.9857047904532834
-0.7107455750425439
-2.5920434176794465
1.6630552988662668
0.384207288794888
0.33612468155417474
-1.2794409304995737
0.6609476027746357
0.22735518271943914
0.11641584025629823
1.0736622639477449
0.5032449054502484
1.1787087426835035
1.9641634439586768
-1.6832198542329662
0.017314526750852523
0.07473140307863564
0.13195763167742952
0.5886428437509189
0.19182549624464254
0.5312048687913873
1.2563591697536207
4.11012009008402
0.8266943083095558
-0.5865267818819464
0.8392058340833127
0.10987735266620983
2.7346984987003613
-0.18409408835871377
-3.3854031947103227
