0.07872176136215038
0.0921448051870308
-0.09506176270662321
0.0798207934410293
-0.09388507935168157
0.05596710235742142
-0.05674137358133386
0.05174081560869627
0.05212825313260206
0.1068559060763406
-0.04685756239995535
-0.05218142756303516
0.04573727874412961
0.07340618834854606
0.05247429888469452
-0.03135406572615049
-0.09078123904176963
-0.10009760068580821
0.06998977692999822
0.06248539181257632
-0.0515545408714579
0.05183346457404936
-0.049363266352236264
0.08231058979990473
-0.05834671209745203
0.07136447914573414
-0.034097840396483385
-0.07869886322654301
0.06056472957955145
-0.03661277954388145
-0.03475717337512853
0.04400024329180289
0.04327462935682368
0.04831138805512485
-0.07230834489733642
0.05863922742542933
0.08486388567760171
-0.06624555204998153
-0.047782565309755505
0.08570653524034122
0.04230353864788957
0.048562065566775246
0.09244450729837553
-0.05660865990425498
-0.060226563835886246
0.04060695820614192
-0.036870370033866603
0.042887660509396026
0.04570726298021943
0.028649357994861357
0.050279847949155826
0.03839112688531526
-0.049584531212635494
-0.06495170932288374
-0.0435226363027037
0.08612708248472557
-0.07199281037229019
0.03261181802423826
-0.05270309481533263
-0.03618418858473795
-0.07218135486235092
-0.03519976976018676
0.031020620441157436
0.08051857345672103
0.05244334223755582
0.04549209290840326
0.023141709697546347
0.05922310312126641
-0.030904070743399365
-0.03925917698339209
-0.03891995468258165
0.037868376209894736
0.04347178533849865
0.04674454848228163
-0.031816659082264956
0.03342008355042049
0.03130334479765498
-0.03238543955188749
-0.09273535061247623
-0.019261682305104798
-0.06532272494876958
0.041731923553118555
0.03937977590806066
0.06220151163967712
-0.02691448538252433
0.02948003837077238
0.062242849080967694
0.07129574646553817
-0.05461737533705066
-0.05964494322157457
-0.031935490673113666
-0.03222775426471963
-0.09082040019987328
0.032518154184447395
-0.026239514321457894
0.04788763102811429
-0.10211520180466996
-0.05537213121914162
-0.04347805459593488
-0.036458128190119184
-0.04974816595143786
0.021630882779448093
-0.046901730764532835
0.03768243704286732
0.03503954712812611
0.0806841985529785
-0.04535150095430243
0.04740261741105005
-0.024143609421341257
-0.04495470337846519
0.12459195329666578
-0.034226631235951946
-0.02937415260308616
-0.02221634787098571
0.02234675961202361
0.029517795971754524
-0.04372506216114228
0.03623156249279025
0.026279323188166906
-0.044087099771667186
0.01984208306314477
0.01703336481267686
-0.040795611688520354
-0.04790664112500424
0.04250735086382517
-0.014895953890888628
-0.029682209123571092
0.10128699205906037
0.048715709605209344
-0.03071668902414583
0.025997423357382757
0.018156518433409423
0.01746130109912452
0.055646800482597694
-0.07140595592395602
0.021551058201778054
0.039875976605285746
-0.034090994740408706
-0.03810693362138312
-0.03331627422377499
0.0471047677992563
-0.08837884442602265
-0.035777835489876085
-0.021529342124972654
-0.03134157335234223
-0.03719729788268764
-0.024096944872745094
-0.027883799077266524
-0.025718867597607362
0.028490522614559578
0.04837622927178479
-0.05465446353542755
0.05131009368720663
0.055868475415354155
-0.022786009106191867
-0.046199036589829545
0.03363484724139199
0.0566557183978699
0.04698071383200387
0.03530503145229905
-0.03155421491025638
-0.03795019090035625
-0.017640147659883334
-0.02248204445492063
0.07790327396012911
0.044038727794913114
0.027519005202109387
-0.024139476709405003
0.02269771934314207
-0.03656613775054887
0.08500208147103387
0.02897086878339542
-0.023439164505782685
-0.01275581962395159
-0.07740814151972636
-0.06454223922646657
-0.05718946587788299
-0.06035510952979135
0.07808943854164216
0.016739533309834922
-0.037170122798023834
0.0237270535560414
0.014388337388094712
0.011795509016368184
-0.03976261808693274
-0.02437461782116638
0.05312402709328573
-0.03238487771218653
0.027211833212050413
0.02740651238927454
0.0458197696037843
-0.027776985943501788
0.021513562285258594
-0.034642223043635095
0.06410288575755692
0.011415202797588323
-0.03830037387002592
0.04464524248790699
-0.024206398673541882
-0.054155177394271295
-0.017806145397368002
0.018596542322270013
-0.02432827022881257
-0.014848378496464247
-0.0769831249545521
-0.024041732170031988
-0.031426892408893584
-0.0219264825890172
0.0876528794730228
-0.026945486483849035
-0.06492852042756261
-0.03283456188782082
-0.060728483363152785
0.022404750886131596
0.03439191230614476
0.014079924802397397
0.015062407707898082
-0.010552362160477608
0.01723049299039332
0.028047430594055397
-0.0429984634718009
-0.04665968575377845
0.03135734515755294
0.014746729326975096
0.07443104274349967
0.006977833718648182
0.049017532709996585
0.037680917317092666
0.07613906689906032
0.01441840849292406
0.034758368820970935
-0.04638138933364153
-0.03766097408746935
0.03303198975656836
-0.027040976062535374
0.03541128776387575
0.01684217879928951
-0.02504054960975749
-0.0408153966715535
-0.09136753903697274
0.03368747136960749
0.06778559479261774
-0.016123346265324492
-0.02085284772075371
0.0172808136353008
-0.042067319143347146
-0.02875203608540324
-0.018119000388939436
-0.06431274131245851
-0.030227281638616006
0.025286265863537372
0.059260659499157396
-0.04900479330595633
-0.03141280965297127
0.012185405532315547
-0.04222544089673231
-0.02313951585448288
-0.02252128659363337
0.023394754325987678
0.053225151287299356
-0.010306953129411473
0.03034920145527086
-0.02076681487219119
-0.02548628963179864
0.008406136841785294
-0.014810203771332731
0.03938774608011454
0.013572714281898508
-0.02377791668794378
-0.039917606475600415
-0.02292311976265152
0.014469332448519
-0.019344820005884267
-0.01720719952692834
-0.016058549462830828
-0.08009390292705333
0.011822441428158064
0.04566211290633438
0.022145502429383516
0.020600269602004263
-0.013182797800204826
0.08356788471613975
-0.03198450668852484
-0.015122695811481821
-0.005845046130333365
-0.022205308033923177
-0.026230318608369708
-0.008145789746104923
0.0064081400677451095
-0.014190866987134952
-0.06462251146330143
0.02911138739663364
0.054242641401788846
0.09355825222586388
0.008374084428187902
-0.06340499870079608
-0.019146863488119305
0.028025945894347808
-0.02585216840803895
0.02062091195078033
0.019425068966954145
-0.014055544732748677
0.03934216174300672
-0.0076135343870074226
0.05658471440115301
0.021587377279152078
-0.03278522081335444
0.06535305649457628
0.017532773214533757
0.019592234191088926
0.011608692322942657
-0.02614319236936755
-0.04302970238591516
-0.022233325241135558
0.020243705337859807
-0.030960110891364235
0.017802567211329993
0.024060930569969982
-0.004256603318970986
0.023411055081160034
-0.012851354130734932
0.06426149470608897
-0.014996622032253227
-0.03743675660008543
0.027103476160568175
-0.02424497004670376
-0.03869206796366992
0.016013902907558764
-0.028635684612131937
-0.004412154831986009
0.027025257420052202
0.011641069173059983
-0.012774243066395958
0.014248444440061165
-0.014029241227872372
0.020942088857381372
0.031229269514209995
-0.016501615947002883
-0.029376549584518314
0.04695731358110399
-0.05797165270636992
-0.043886311140719135
0.03577766183659292
-0.02248880512022359
-0.0070373339989430825
0.014126766502154685
0.01714957311795424
0.03842448937744322
0.04129073057598505
-0.02811021242154364
0.016055408071769153
0.020424653661617154
0.023643635532846773
-0.01797814770259882
-0.012339516253829652
0.14572111470069182
-0.026996348563206613
0.004273533000756604
0.02044419478713248
-0.04579472448006724
0.008008331532993174
-0.022245843961572583
0.01873806964208823
0.008937173753952641
-0.01593128964438383
-0.022597282151321497
0.08627362313911588
0.04267097010675479
0.023426128831152956
-0.035430039244147095
-0.02015737403396016
-0.010243977034825439
-0.040252976111893976
-0.027648412412749384
-0.042078483232679424
-0.012940878796113728
-0.02487070238349326
0.0057045146526115914
0.016168458981773257
-0.01869891995372697
0.00885753573307917
-0.029684605058723827
-0.019534088574641485
-0.018279430760153197
-0.02669918847981921
-0.023653575034500093
0.014089708258627652
0.015028037413888638
0.008387121104893714
0.008249226512670254
-0.04442476214540518
0.010631331755243384
-0.02591066404853789
0.0773800934056502
-0.018872985235159664
-0.027878505516701606
-0.01586654266074518
0.05113378566468233
0.020358583941164462
0.04075208763694969
0.027428397604910067
-0.05594144570822368
-0.030946411191597186
-0.008720173775902246
-0.02089377471026729
-0.01950024478727287
0.01673034590809041
0.07006188884908127
0.08026427544920199
0.02541346643066079
0.02376693247348867
-0.01125346758868719
0.08374939535481034
0.014136701420032892
0.07289376614024148
-0.03735731785364501
0.06426689679171295
0.028074846548334136
-0.15144531331654398
-0.004967203198796541
0.00829469161621361
-0.009744631621852429
-0.017547255082262212
0.06426475762826314
-0.03609558065073605
0.007729472709515706
0.025559170123367173
-0.035779479885736036
0.0773544136643866
-0.010320906871383732
0.010859741856315414
0.012614489501013315
0.10424045536836851
0.06317613458945992
0.005504414103085101
0.01647722022622594
0.12224965798290112
-0.013157781126098094
0.045386573458703415
-0.01616871249536844
0.07902402211695807
-0.008141282746431064
-0.02959836493637668
0.014777294713646204
0.008346020130852436
0.04000116815706106
-0.04921799884005761
-0.011988262625597957
0.06867357995737942
0.027937700782565352
-0.03632693356894741
-0.031212464611145112
-0.007098561186038058
0.02241025897874896
-0.031006209641811767
0.051564510259069544
0.053770058206461656
-0.003713102697497523
0.0154967319079971
0.028269631174895466
0.0652290014870952
0.005904887340708343
-0.0011911279516100392
-0.03206344247217425
-0.01752753260462763
-0.004321046152176997
0.05114334894005846
-0.010748445214803958
-0.007620021183766743
0.034752028640858766
-0.05779690843123014
-0.03185036183868665
0.019627577436436377
0.0178537974521572
-0.025860562684655853
0.024361735154868402
-0.03715114665493764
0.006462711746493017
-0.02708703185185882
0.04264264638100482
0.0046681521756738314
-0.01764921177143017
0.04233497635388863
-0.04169497787186268
0.02525026149730422
0.03873150345893655
0.005498931444168576
0.016080082278801713
0.03374675474957358
0.028138981066002065
-0.027841224125531677
-0.012938277948595476
0.03362655828787857
-0.01026471423585973
0.0031200645562022996
-0.009865292198207221
0.0032829111648821634
0.021412291459524162
0.008547456988955537
-0.013072805696602295
