17697.422576722776
25601.8636570317
19508.204124857824
22324.675176744262
20593.583047238673
21241.365215404974
6759.507528495437
27073.442043862426
7069.034596053074
13889.111528065025
38871.955027959244
24022.50033306607
18448.335598234808
33000.389585821475
14582.388556728767
16094.254507247531
14540.692303611131
37344.08670977897
13639.921210016842
7669.034315768566
17446.134420472798
23054.41395687285
13710.026737608543
16581.911834572296
12295.38227819786
11174.348553357877
40912.36468767261
17181.911594917085
9499.124879292673
15632.395284125982
10495.486564480903
11166.341457588389
17359.536387970198
19606.667878872857
6020.981515891347
46085.37653678596
20802.744878260535
52457.93954821478
12691.827513528115
32425.086730064435
27165.91863538262
26663.770678818797
40071.95300238567
3515.007484268089
20806.66666390213
9702.103089465989
3481.366114767955
14493.870600110444
8133.095961663172
6204.625762880693
52499.88265027631
23092.19787485816
22785.20998094858
8432.497296552066
13373.178446788055
27263.769414556573
7359.507317239036
13673.83924478116
3526.033205827053
10253.32840435235
7674.962885419578
45340.92684950524
33025.08589699997
8122.709701697312
13190.50646157981
5667.484286504614
28350.754921374
3878.664727275389
15510.001714234608
3317.961659886023
4577.627084561041
59202.13112433937
9855.607209799768
10897.463464232178
12589.08574622424
46685.37583232849
13808.7133703565
7310.568764404811
13048.45645264992
3261.0151133844256
3941.1964984077745
15233.296309290545
31895.9763267395
4776.55142344079
5234.743495403187
17982.147871544013
50517.89144763347
11875.304159720816
4566.870811123987
10380.011797818686
9135.672197764472
17362.326699509053
14390.505587297042
7269.878210278232
11768.443139090241
13755.844484093548
7394.561089117964
17204.455663749417
17962.32636365211
5287.807729755912
16860.02945593604
6804.625615999422
5431.95868633037
8456.949586690705
12645.117769392878
3574.410194170419
3873.270944773686
11481.555784134649
7481.68822569597
6003.927793024542
4732.448677121156
3352.9157512400716
3273.271096160241
3281.321297938658
13021.596677048477
3544.048872605716
8167.448822361093
4134.174036127087
10711.156599104466
6895.793637120415
4550.190639905444
5142.418286934378
32495.97551923423
8632.150815427392
8220.318474625687
4212.8214567739005
12550.8081064775
53099.882504080466
3479.9967887975163
4736.515023008994
3612.821669022387
9615.472289765145
5109.7216400694015
6189.080897800671
3197.257013670563
6696.322356536125
4295.378453291965
16604.45640688992
13185.469303198865
21841.364172498226
22454.41428780208
11311.156433841314
14430.41399896534
4769.707609581538
5304.391640646659
3132.7935281246946
13035.466167647211
2978.948515478985
6317.11021745401
3116.838351608005
4853.2579043831765
3625.3090884099165
11304.336357637378
4789.649992070816
6620.981446549135
63582.851717905934
35737.06476920737
3950.1908941141774
3865.0696466918967
3328.978268786165
14125.815922764783
2170.635710026931
4724.892078667234
17543.288099240992
17523.559941768366
13740.304749099252
59105.478636538006
12473.64735666964
8366.072973370303
5340.434417947009
11448.14153417908
6054.1723907043115
61423.230708661715
18212.417322120462
3260.531096991491
3374.1302197438654
2219.0754907491787
10297.463865452784
10111.156884646483
14127.628899300757
25001.86483362986
9811.68389546192
44740.927857422634
3640.9394876184742
39471.95400404571
15012.557651231147
9672.640205016336
6573.418603321351
2209.537233356543
13806.435771055683
3288.342141253652
5423.020524483448
7187.847174835655
3960.088460321689
12035.67022560182
2527.8812683185674
9439.37903449852
2993.449326948393
3956.313755912004
7061.638986847732
11851.137454479827
17858.933472944256
7251.646247506694
29801.89222812067
5150.190505079815
33600.38867392669
7253.112356960926
10512.234357563277
3309.721965995983
5030.672061729849
4921.127241339967
3435.877968287167
3513.9262424085255
2166.12437766978
3802.3836536037365
15426.632452343534
5021.98602623824
3569.7078212881274
3972.0971572354665
2497.8979356531117
14021.44769521035
7011.772949623337
18148.69867540292
18908.20507243132
7696.4940712924545
3788.7713110742866
7088.008438927314
2439.7488131470673
27750.75540212489
50099.883948055816
1915.377438443721
7952.424970314757
5022.498042975831
3312.072524024568
20552.675589566865
4555.41918265825
9011.478222936375
15030.399137375709
6486.640322441105
2568.897974355723
6587.540131378268
7690.229739795541
4462.842164642709
6957.583855475711
7189.475245514384
46540.9253362472
8188.730142952696
5514.848554410499
38417.686222301454
68121.97040426795
15364.166956185281
2203.8868194840857
615.2645675474357
4125.294904631645
15030.413520503644
6053.631554095
5934.173609944699
2732.273629102429
4229.786958609648
2714.1585328176625
8608.249986857909
8268.529765147034
5745.561365541774
3802.9080376975353
6898.119749866695
1950.597634514196
10844.354734908427
26583.586083110655
11904.336096129384
10347.933597504161
248.70141189300367
4647.264205045138
20265.1138877513
3145.463028951268
6048.063949240833
69921.96866879048
70521.96811358965
16099.706853685095
60223.23192978851
63707.954431393904
