317
318
328
295
339
319
333
324
335
308
316
316
332
330
340
313
344
290
320
289
312
328
352
324
312
57
322
340
339
321
323
317
333
329
19
369
371
316
321
315
320
320
291
339
21
287
38
21
319
34
309
306
312
304
338
313
39
326
307
335
18
308
24
334
319
334
341
350
308
323
331
53
286
335
47
318
58
306
17
294
289
317
342
377
312
319
303
312
329
375
295
347
324
354
348
76
309
350
344
40
36
56
285
306
42
339
347
43
336
313
357
291
326
313
380
336
355
354
31
327
305
319
22
328
353
325
29
379
370
373
354
28
356
374
287
315
24
22
292
47
285
333
334
346
346
358
312
316
25
376
285
333
332
35
373
285
327
304
15
36
316
48
44
315
372
292
322
323
17
378
39
292
312
309
64
329
288
338
286
330
309
304
337
40
338
328
41
313
311
293
57
309
313
286
330
388
294
69
59
342
358
311
335
30
314
360
379
23
331
514
359
290
49
330
367
325
376
70
291
317
320
359
353
62
51
354
56
303
321
24
261
333
19
305
333
288
302
49
62
366
552
546
314
367
45
332
324
290
329
381
30
364
78
372
547
351
379
70
49
386
25
328
76
329
561
336
69
376
360
544
314
517
50
343
336
37
363
377
47
59
316
66
35
48
273
291
292
14
348
375
34
43
20
360
308
38
314
290
293
287
363
322
309
351
347
16
67
373
321
530
302
298
67
319
40
348
291
317
300
369
290
315
350
33
56
305
351
65
8
368
371
303
289
331
276
291
304
260
304
336
55
63
549
32
54
329
363
287
412
332
338
378
7
341
365
292
92
412
290
284
34
302
342
288
288
14
339
357
516
73
323
25
302
55
327
365
299
22
315
68
19
370
383
59
322
313
25
320
56
308
265
26
414
294
318
493
344
10
79
358
64
340
41
293
383
538
79
374
509
382
293
265
259
349
296
284
303
81
356
286
521
387
372
311
303
273
550
525
528
26
319
32
36
360
306
516
294
301
490
384
290
549
511
288
306
305
16
44
373
327
310
28
36
518
510
562
330
50
347
68
345
304
351
369
51
346
284
261
393
558
355
392
362
384
491
8
288
384
359
530
338
341
306
538
535
306
362
341
540
518
285
7
340
319
376
6
51
34
417
285
382
30
538
382
358
294
368
289
365
33
8
512
308
416
287
71
310
324
331
39
376
53
382
507
370
294
388
341
297
385
303
304
384
352
416
40
507
320
389
339
357
307
550
63
510
24
381
262
515
43
54
377
358
287
46
396
336
544
547
342
16
292
335
311
534
337
330
41
50
87
20
559
27
536
332
386
340
393
328
310
300
9
363
558
364
263
553
520
358
535
625
560
64
540
47
516
62
23
509
8
371
310
294
39
34
304
54
277
46
26
414
513
371
362
57
71
48
509
46
11
512
394
7
46
27
38
59
323
92
53
386
549
418
4
415
274
271
569
48
32
511
33
388
549
492
280
353
60
524
415
526
510
364
20
546
350
370
329
371
350
513
12
48
572
348
303
543
413
517
278
499
380
325
72
346
324
336
40
30
395
518
528
551
49
82
516
559
73
541
12
14
7
512
271
54
665
519
69
63
390
23
519
510
4
568
352
299
362
53
464
350
517
259
393
21
391
300
666
424
22
336
530
529
301
28
417
91
560
301
26
5
285
353
535
494
71
523
355
363
387
574
35
262
7
533
533
620
22
70
394
567
505
277
560
576
393
413
524
29
514
536
29
56
452
510
71
14
275
300
75
