0.1677896110044133
-0.2588648557545702
0.2883236892638045
-0.15006083226430597
-0.09693262656330225
-0.09887863427082882
0.16759937319523974
0.1991938255410356
0.24114376555255893
-0.20090107956641443
0.11356498598711685
0.11876539423383553
-0.1817017864120775
-0.19373443469503918
-0.09199125550942215
-0.06373237046360228
-0.11877189703026603
-0.14849136310906516
0.09686541530458913
-0.18402310399305505
0.06808796092170613
-0.11240076627016922
0.13898912467708188
0.06284336012717169
-0.16224011287101459
0.12842072349737282
0.0624936859984421
0.15117998679541
0.04513591730966497
-0.13679379476264947
-0.12462225321391865
0.056825829339265735
-0.09656737073654566
-0.05355309237842873
-0.04480008144715451
-0.09727399702777052
0.05075782132803163
-0.09073200006874822
-0.08803967403658541
0.08071134638929016
0.06507667906028186
0.08452070527126594
0.040841825956889406
0.0838357916632604
0.09072760359991634
0.04556777674440475
0.0741172522036843
-0.05668827405040059
0.0876002797096376
0.07935546130784817
-0.06959046667196694
0.06584158641298682
0.05863987739339809
0.0989864013219588
-0.13118880462092394
0.08478700288880589
0.10468547441338505
0.06330276369181077
0.05124346769295468
-0.04630722914918776
0.10578722988663876
0.09192852184251983
0.07056713070621468
0.08796482227917642
-0.10352158612450921
-0.06372546632856059
-0.028831976550148214
-0.05835027969597089
-0.09660610077235197
0.038659304919415896
0.06415557189335158
0.11009284223679669
-0.07731218385561155
0.025357110385718258
0.0858519255433544
0.10399895213757117
0.13340301259785203
-0.08197545197800563
-0.07442474598696062
0.13410913236028899
-0.05979185051998512
0.07254237777353902
0.04089479622502491
-0.025130026374027635
-0.07430547472100704
-0.09294924030067159
-0.08008254656249963
0.08246000555738033
-0.03800669906743335
0.07217528228105252
-0.06659535514269868
0.032766713706386015
0.030749088393965732
0.05256695185561902
0.08148427804241695
0.09008912779356638
-0.018829168692924145
0.03545886271488436
0.07100268281015838
-0.03186799330780524
0.05501486906702448
-0.048881642638801695
0.05273227086302662
-0.022033910488324496
-0.0727544128932253
-0.05659729199279548
-0.11861535415793265
-0.07902619758095585
0.055649368268424496
-0.04213473121579716
-0.032558516901798035
-0.026030197338995496
-0.0976069506915168
-0.033255976838809896
-0.09272399526700277
0.08546547226428573
-0.029833032886837793
-0.04903377995739803
0.07193795349171785
0.030782503197436133
-0.0676381934044283
0.086940509179006
-0.09628283476443411
-0.021179106813391305
0.06621316675689833
0.05355354050459101
0.037329620221076366
0.025695700600109016
-0.06135083123336988
0.07696195771325882
0.0421761026874393
0.02858438343648523
-0.02539642862577223
0.06476655691488861
-0.03829503101970617
0.03678944346235441
-0.038319266046786905
0.028549961091212574
0.07601197705215332
0.03730843895829036
0.05079369806238759
-0.04063249880108678
-0.07218627724909515
0.05993461189056467
-0.02725604356860546
0.012366338477626096
0.028506263931320188
0.07084773976186104
0.023810153314164608
0.016444201811533717
0.014667224259511905
-0.015190397010468065
-0.026420565754695455
0.027214813571575156
-0.050196396230981176
0.05068833162498749
0.04194609035636759
0.06465729059652908
0.07049300736166539
-0.05280599550897801
0.013902082659950365
0.15886388097944676
-0.03804698493416148
-0.03899502204348832
0.0282435757295774
-0.041861985405863535
-0.033146889372731074
0.06488276492790473
-0.029818411709231826
0.025866511947856625
-0.02707799493945037
0.03979358967550975
-0.04813768566513929
0.05063668648277975
0.02177367715245353
0.02786641300527257
-0.037333168377516796
0.09079295630905121
-0.02278641696215634
0.07259758972165571
-0.01800597655280158
0.010159822466172327
0.04276193885965911
0.015897982685085188
0.020386127796192276
0.010249733465373115
0.058439966727646626
0.016394174135056477
0.04767001806104419
-0.0641171746853419
0.017633342610660397
0.08039691761668047
0.027075880909470638
-0.0023828999122121755
-0.027652114749099586
-0.002420688641085704
0.03770935257290723
0.02961392402334679
-0.011826283819834542
0.031681399486310304
-0.04756630791498654
-0.01573955279175787
0.03913971530118834
-0.11810386549244521
0.0217080031214796
0.026857708794183265
0.036190207201023776
-0.019877976995440735
0.08370679783197688
0.015300997026177333
-0.04014412772843783
-0.03493429123534893
-0.05857588696995078
0.059110056440329455
-0.024706736729031543
0.019259198038314943
-0.03657124623027009
0.05008400349028428
-0.042295898597999926
-0.03372021827074556
-0.036734666372813474
0.013266554782663201
-0.046402374938001416
-0.033424933563433845
0.018375970453606786
-0.03666734862720957
0.020842231505324233
0.03671014323925344
0.01341859234713672
0.10337507622694342
0.01824945759195238
0.08489228874516076
0.013332546216979994
-0.07642682343948261
-0.08076234792990052
0.03789269056390079
0.024423011840014934
-0.010621424778236887
-0.01329109377162427
0.03335137967036495
-0.07009508272380419
0.038412786663077916
0.012592800572968096
-0.01737277896410747
-0.05189773953887971
0.059399399747274664
0.018964840776011738
-0.029286564746657265
0.019860093688137806
0.052689098171012805
-0.046045831505407024
-0.021721706816169476
-0.017728377290062186
0.0398504012167507
0.008177909388500975
-0.030650586303270323
-0.043237864304850715
-0.05046972051699291
0.014919752028445645
0.02538349226071249
0.04342583023295139
0.13465301236080732
-0.05124194536531643
0.02483418317466749
0.012708813480443087
-0.023592307862790842
0.057154653428394604
-0.06163370249596934
0.046529341539639946
0.03280606319599409
0.03130515388221732
0.04909226466504253
-0.02120856664293795
0.015866189046048744
-0.027385920637576097
0.02749607877483216
0.023013003538309006
0.00873137288549689
-0.015293471476280726
0.06860266065034444
-0.014012611634417166
-0.03264840388735875
-0.010218831726841938
-0.04906586593844211
-0.04548097120709827
0.013143088696891961
-0.04303187649383858
0.040839707733270454
0.05335456357757383
0.03230159201397362
-0.01889364486242645
-0.017557713854768463
-0.040506219806351704
0.019830226299109334
-0.016759666576204993
-0.05886816263135419
0.0372079002053131
0.0011950747413712085
-0.008297116921123006
-0.019559630280347334
0.05708233189740694
0.03222457184159311
0.07113127311537587
0.014739158755385597
0.017029612079318617
-0.023367226272172362
-0.024490771717453643
0.06146669255864337
0.03535835115316919
-0.04239156112014717
-0.04837886247744385
0.024848516933389186
-0.0784478781103352
-0.04840325971582475
0.008596446176452721
-0.006581591613950539
0.00982160471968238
-0.008660031200540754
0.028759097489161414
0.024112182753224642
0.020700915075065794
-0.028088795620306767
-0.045030459749665276
0.02006013744983483
-0.012766611736396889
0.01695491739349245
0.01564860134793709
-0.04252729137387091
0.06557983673704171
0.009277790187740083
-0.011551528721390964
-0.011495320853972436
-0.008750860708311405
0.02996511771182096
-0.03882751642945435
0.02754969389841999
0.029933044797109957
0.0194623258573538
0.01595952814461924
-0.04315959631571326
0.03599945125953567
0.01697174386760592
0.06158562122941147
-0.014969169846453868
0.007454151385214229
-0.026204423635705593
-0.015246185556308531
0.01970726375568188
0.0214865813906873
0.011349824837647703
-0.0015114985233840431
0.03321495556185054
0.03758343570546737
-0.030955172777101844
0.015886945309123126
0.048094976720494315
-0.01522745073715917
0.0023698338598798995
0.059119831344872545
-0.10188263127195457
-0.01680481550509114
0.027784186228376213
-0.0048142948661076875
-0.04013349527490032
-0.028921209056826117
-0.028293934023729483
-0.010742390980735685
0.12031142356972442
-0.05415263800706577
-0.04088863078454736
0.00963788634443986
0.05939993724416092
-0.0318186667551548
0.0741790395143876
0.02983018153252931
0.018829087556567897
-0.02065955510435125
0.01695842136891205
-0.009801275641145177
0.030158219809367805
-0.0943168342022569
-0.04052837558814041
0.010825991213736166
-0.06591219885588685
-0.030006647431982867
-0.04890280125763553
0.06604914957096135
0.04197177020012818
-0.025874354396662254
-0.03571120795623198
0.002039077561593239
0.01716205156449248
-0.0232617063407974
-0.012582417520539195
-0.027638110529152816
0.014683679243026639
0.029387235566088004
0.01147302427761073
-0.0176789383821884
0.02491524462412824
0.0380078454239265
0.004644027917289452
-0.010370180500088937
0.015401776757399151
0.02928854531814577
-0.017134531158264483
0.013935838912034279
-0.032668346709069665
0.10517090664824175
0.027910796989516817
-0.026134013975658784
-0.013991864709828564
-0.008753440908158454
0.01673960744085633
-0.011335257892157911
0.01659290572118487
0.02419093232408969
-0.030279433422611073
0.003786006255470889
-0.10972288281358344
0.01593270166927877
-0.03562368789998509
-0.02632995360857156
-0.03310686168860405
-0.03092226230667729
0.14278666074290183
0.028250310939027756
0.010699759857786787
0.03635232147304564
-0.019655666420532465
-0.016513947700981395
0.01893104795659657
0.021632492668531608
0.07344376681325111
0.036833767588295395
0.029726634157761632
-0.0358759610537005
0.03615206100848101
-0.028324259286541552
-0.03734825454793484
0.015613206383379914
-0.004024666679207163
-0.008817831887209358
-0.01853417215707594
0.01634249611569326
0.01568024161564885
0.015281834293848186
-0.009076353792020606
0.002866871296589545
0.049440574221792634
-0.017712503341699586
-0.014597745551973159
-0.025565142521823358
0.003466267244943783
-0.045396769932241066
-0.060335015592740744
0.011888264070192209
0.028667503416537045
-0.01271555719265879
-0.020699374534577708
0.012313028810824298
0.008226539345223223
-0.023116903819122223
-0.014644885864012122
0.01908467202658337
-0.01924968190433923
-0.022457790687109437
-0.01689170613173907
-0.01576231730309865
-0.004949276822978134
0.020145441108910218
-0.005553405635572797
0.02859476745218799
0.08870097764873508
-0.00813995374123198
0.01024137723750628
-0.019042043656121128
0.05345992873889931
0.013681994052203383
0.006500898986301591
-0.019150135345909956
-0.0610872738899499
0.035093550579617834
-0.03140831458916134
0.04245934231642482
-0.031845033616357515
0.012664610026873479
-0.021142233913082384
0.03546527807321073
0.017458723522503695
-0.008753160116790979
0.010797363425843047
-0.14558465047137395
-0.004131886485282524
-0.06631994214582572
-0.032534039881953566
-0.0060292312522713465
0.013989974298212988
-0.041972522174201686
-0.007301562586039452
0.006543962099620395
0.01956340963794798
-0.03241881437948052
0.010733603825722448
-0.04460368502819603
-0.01695824220823066
-0.05609804277199937
-0.006222663460291003
-0.0643429006868857
-0.02518775565385958
-0.03615483329138691
-0.026580816829531683
-0.035804882666197364
-0.008289333838634678
0.009951441802290925
0.05657068099259305
-0.014417380987367558
-0.02070874136285322
0.023802190392420673
0.022299798110645266
0.01106546872063378
-0.0042510030963426315
0.07170955494633925
0.012821595770627537
-0.026959639397947384
-0.012701808232755168
-0.025993578432094225
-0.007734057598389407
0.013274025931550058
0.012404525046189207
0.024145182603547193
0.015109626186541254
0.0029835220968837347
-9.552527239180307E-4
0.01074601360675211
0.024045339308807947
0.015486421073700381
0.0367249732992649
-0.015913191812018362
0.0018796537557587043
-0.007550284994721051
-0.004628708238596111
0.027590322511496554
-0.016052185431102282
-0.014681876211049502
0.00987106110427324
0.011053143442059156
-0.028958220009223493
0.05242772116584062
-0.007084366260122805
-0.029709155723148604
-0.040968572730988036
-0.03469557349156042
9.96096068781211E-4
0.012086936784923997
0.02842900507202808
-0.0053903757852317834
0.015069585011752684
-0.020779938609508636
-0.0066948659144163165
0.010705674752864896
0.015027584702955218
-0.016697379541227502
0.016098664259662398
-0.03139829428779824
0.04189896061403667
0.05132808012522119
-0.02278895737644014
-0.024258162162833913
0.008749662019405314
-0.04177176338819815
0.0470371974939897
0.014329743113642532
-0.05068234289636241
0.016460605407778554
0.03675455940118709
-0.006828535247015611
-0.0784325522740518
0.05286829105256425
0.061874157444844105
0.019725551792268346
0.005626567764559746
-0.021603039198036862
0.023252688907144894
0.09074342313685466
0.04913740478684288
0.027145113512108212
0.0011689555128177624
0.007548506855751447
0.008014970687055695
-0.03976517858210005
0.07321692259649595
-0.03463572693631056
-0.02129234453318587
-0.08064401056795178
-0.007777990691321344
-0.03740266221710997
-0.026575507998917253
-0.002160378536104157
-0.05306281322661247
-0.019292543452800494
0.009046849065040559
-7.887566257268993E-4
-0.0036927434657964106
-0.01345812485900037
0.01016817510871313
0.010586138044804572
-0.014001037384850512
0.02365601286687165
-0.12362480086721023
0.016024526673488252
-0.060135035205026915
0.02130488268315972
0.001903623885670208
-0.03651668395361732
-6.899734946284093E-4
-0.01751683823889071
0.047712071291298924
0.019159119335811433
9.803912664534111E-4
0.005391663665485362
-0.042583309012906766
-0.08090756930337095
0.041986997905540224
-0.002116901234678117
-0.03516908515866254
0.013105917406168179
-0.045780775652816956
0.06049092350717608
0.005820336920359091
-0.011314141360309225
0.02433843571377352
0.009330195972120415
-0.09197975615897466
0.026162991748533145
-0.03754014497522832
0.019217390941484395
0.014619137762956357
-0.013022227013489873
-0.026435546975025925
-0.00350487133503197
0.00440083621774318
0.010669511184280061
0.032181496889704744
0.0056485485089475766
0.008438201368519763
-0.007042945861545694
0.017221550068866942
-0.004263276651946091
-0.012816609564737933
0.002508608740643497
0.022686434930677638
0.016837654988244726
-0.029849757497772023
0.02138283083110314
-0.002295155574323552
0.023780749624286595
-0.01527981068399753
0.008886914266309349
-0.04504715564875578
-0.026532006108824457
-0.019994883293089336
0.005432979785753748
8.566697111367559E-4
0.004052011266253056
0.015127941338000448
0.028274660907125614
-0.009513688485932169
0.03550161325017706
-0.010121758716156186
-0.023017489529853087
0.007004921942508862
-0.02749772205270369
-0.021922934037462847
0.031659457482604056
-0.020584419186002033
-0.01648127992072848
0.024589258133168746
0.004711882725313221
-0.03929217725545335
-0.0292929806032607
0.020516666953268217
-0.011402968321994845
-0.013023496033550378
0.014502124108048018
-0.013165797651544913
0.025926493094967196
0.045719012298715105
-0.018552497654156445
0.01094586523941096
-0.011293513674251784
-0.0038479424315052547
-0.01623376071543489
-0.007083419096917124
0.050953754807564026
-0.016889358249755567
0.013938875732306273
0.03182286766608066
0.04110428048125952
0.025888413746316338
0.028669338409403746
-0.03174018964610324
-0.019224355867879784
0.02824104868017537
0.0026690211001721355
-0.011275213701643284
-0.005593528317342839
-0.003769766976211075
0.023779339731761526
0.012871970750447027
-0.006606038836747892
-0.008900962165716578
0.1278167585206559
0.02443440857975889
-0.021855717174091446
-0.005721265553437074
-0.011649488761592016
0.09459601323425595
-0.008824744869970348
0.03292701942772383
-0.002029861537796881
0.002198783620400863
-0.04347893798419579
-0.02632430348631297
0.01386695162426556
-0.02312108200064766
-0.007025096643012174
-0.006714024427994733
0.015334554336005305
0.0027549657647688887
0.019229093895984876
0.010490441013424522
0.013056957680286444
0.01400137297060582
0.014405451461693594
0.004266283634786658
-0.0228551264382275
-0.023716440004640276
0.003975699574852642
0.04004988774044381
0.013272347111901828
-0.016439787733105445
-0.015342540544953438
0.018282129753091347
-0.004689644442380374
-0.019092165417126928
-7.785353605107978E-4
-0.0607259325183421
9.584082565807266E-4
0.00699110492195239
0.015969577427165604
-0.016613882452455115
0.05224752260917101
-0.011113524696942243
0.026488338933114808
0.004219494026966354
-0.049604191270582056
0.009585704359597113
-0.05094366493532511
0.030372527498224073
0.039630591047458856
-6.250901068437345E-4
0.016756713744188044
-0.033609348037515856
-0.011810066920376883
0.06285718380872098
0.004436461851234802
-0.02180991558388338
-0.03164346751227399
0.005081305856107846
-0.010186390343495574
0.00671716242915822
0.014731432582344824
-0.0017637204383032983
-0.01400192781133153
-0.034804826826409264
-0.013063678790274908
0.02369455485190061
0.028914581933050555
0.06130034468535805
-0.015610169194132202
0.011654118622733385
-0.0595413027174522
0.0480116859650586
-0.006944536448899646
0.01608535354204475
0.006208954499795888
-0.005749088317311035
-0.004277767064259358
-0.05180733586765089
0.018178816312535418
0.017967694316638073
0.016978590910737827
-0.022570423929690442
0.0317651717700748
-0.03877016189111904
-0.028076031660607702
-0.02484633388756833
0.014068422966663543
-0.007852925824956907
0.04239092953142545
0.009207292991700896
0.020112589975555026
-4.458569790034059E-4
0.009817423003926157
-0.028569845240060468
0.010094385649521918
0.028541104746405956
0.047602066028572865
-0.012021465247871736
0.01107443135710873
-2.930447592048956E-5
0.02681364404470685
-0.001512049808292821
-0.01358493577210753
0.008761161294801402
0.03288294823359109
-0.016657505811595766
-0.022009015549523156
-0.03171764391371024
0.00920796869895118
0.023591950329103526
0.013112780825032751
0.010967245031037486
-0.01217105714247411
-0.0029025200724827043
-0.029389647767356867
0.017502464239470918
0.03335290728094601
-0.036922065791469894
0.012103326250879242
-0.0013698746693314666
0.015663106493255734
0.015634866068053827
0.004582968006078981
0.009241628630008446
0.005048937876047921
0.05059579754221018
0.0048882456212711
-0.010859575792952351
-0.00552644558207196
-0.008683421124211497
0.007846427438774815
-0.007225343796875004
0.008607022479218126
-0.0061876585685443535
0.03637241667861694
0.010947390843743578
-0.00886644571955743
0.021986862058567425
0.02491571181752316
0.03928211871129401
0.06821576780904363
0.012135549468073294
-0.07341137612167997
-3.494770222711349E-4
-0.028995880953634534
-0.003923865524255414
-0.0521124905519494
-0.008759049127053982
0.015182517097945077
-0.03255893646314649
0.012968727735044663
0.009791409833451125
0.02068322513939867
-0.023950197760285053
0.01838664302204548
0.04166712156307176
0.005946604625712894
-0.035913635374278635
0.0018289184346733146
0.0344951102783815
-0.011069809361817534
-0.03479011188176711
-0.00492218661514557
-0.016630132184785575
0.02185476164046639
0.016924654744905482
-0.00476467646724535
-0.029025244213147214
0.014389690778930398
0.003309922818461715
-0.011173713508121925
0.028526370818580882
0.06424518674783317
0.04222349235864845
-0.0018810712229526128
0.02370805591554589
0.014120070041766221
-0.017258379618386947
0.014358310897770845
0.013795726519257145
0.018524485162544763
-6.227046713083784E-4
-0.01653190285330977
-0.02162885722719395
-0.03717436931494924
0.01883749527626842
-0.0012040345181593324
0.02200300668336486
0.014839780080923093
-0.015466614642119745
7.018953706750802E-4
-0.012460083077665733
-0.014399396844571947
0.016219601380011283
-0.024576847258530855
0.024580319006834273
-0.019216394136392763
0.02469765106429091
-0.004722735964571329
-0.0086654354214871
0.011659935995415678
0.035917270364272856
0.03036352153103181
0.01749130826738552
0.03538764216068096
0.010781846970239305
-0.015752039496677223
0.011657162565100665
0.007568302034329042
-0.017382471188448483
0.004728824350544596
0.019151929643737815
0.0856438738257415
-0.04090388324892935
-0.012523166805342961
0.03417205240444915
-0.021329769924515154
-0.019155503598425078
0.007735674062451211
0.018496705889596576
-0.011554004192501967
-0.01925909337025145
0.00536633904193198
0.006768171565450558
0.015379708735981474
0.016296756852820306
-0.014697146194174032
-0.00413561166716078
-0.005716269267609201
-0.005245017800492879
0.01678443395073936
-0.0011746690287381962
0.024809290359040486
-0.01970585672209697
-0.010504095033657804
0.028937866595875994
0.007206926451906033
0.01125579112351024
0.004343865098113527
-0.005985211041613037
-0.046945848956624465
-0.031892451401371015
0.00632802576095007
0.013523833759640167
0.003322869098265825
-7.657382119289217E-5
-0.04378547468245008
-0.004700238591957664
-0.013697555277494533
3.8756646339077925E-4
0.0015937747016001437
0.03000873255206795
-0.012729742707518267
0.010623785651766495
0.023466958446154228
-0.008012386008266896
-0.010352530966235046
-0.0020166079593285646
0.006872451423668884
0.026819908653236215
-0.010802098186155233
-0.018179746231743774
0.01820949863958044
-0.0010205912722287124
-0.023429734725683014
-0.024193600892845172
0.0014307850341378108
-0.018612801259016737
0.020703480272257054
0.004989841039146459
-0.024842634931219687
-0.0060027146070506425
-0.017971202149291387
0.01077220079228345
0.005256396442847276
0.004343086987163435
-0.012258405424537525
-0.007264285872266127
0.029705907320521956
-0.007048219588466393
0.0042207555384499535
0.034930427524081285
0.00523713192954032
-0.046281234176534874
-0.002936749630008789
0.0032403474445805666
0.011347388414294042
0.008202821003473078
0.01323464462149528
0.01576325609992792
-0.00620356878236459
-0.013299526069342895
-0.019571194977247776
-0.006183867426045975
0.009304572850738553
-0.005591889355081927
0.0391875743215073
0.022231140576233082
-0.014675986615087162
0.007899974728373558
0.019711514683438593
0.01334160816026895
-0.012899410598969572
0.048279141968633095
-0.013170682550471057
-0.04490960254870542
0.006928922639291309
0.013388718554498257
0.006410479347625672
0.01783347356967271
0.005585267813559188
0.024413816670250284
-0.007945888362127472
0.011424333577384895
-0.005901094719851714
-0.007786765485103232
-0.008387531045158048
-0.00804300420720414
-0.005980567480708478
-0.01939240884235285
-0.010638981448355378
-0.013915478723252
6.92578186666889E-4
0.018873213711681117
-0.003028328847650383
0.020874658117429695
-0.01262574055547043
8.262032335881936E-4
0.0027457330205682504
-0.018381413209590216
-0.015382684631945915
0.0019043705526787297
8.245184149129551E-4
-0.005205678898633461
-0.006310848778465852
0.08344708734038932
-0.0032888512350283073
-0.037281095028350204
0.008581451602206792
1.924683166368315E-4
0.010434401120026277
0.0014525396211726995
-0.0130638699374175
-0.046622116269068
0.036520093704907206
-0.0033234915109888854
-0.008680022124716226
0.025179253489360634
0.014243774957556144
-0.022852774906180238
-0.002031030995868559
0.01761320131628458
0.01443783495818196
-0.01958757581238661
0.009441949339575104
0.00842673039862167
0.004598970463901305
-0.0014474507830135935
0.011599811386108392
0.002689969053345043
0.031125368085417805
-0.0022031852551748017
-0.013457359136801192
0.027181489060382577
0.021058760479692414
-0.018130585407805287
-0.004925479943779883
0.0073350945568991565
-0.015584633327071
-0.021678012114901567
-0.0058368994805667
-0.012507922305078373
-0.01867225663247998
-0.021574040599613518
0.007554076995873392
-0.01703700823639271
0.013754191098572021
0.007327192275968379
0.007467929422415285
-0.016369402333908836
-0.008473346129043179
-0.006466999679611625
0.012319439079876378
-0.001612125014556383
0.011275010614763275
-0.003561176097160581
-0.007276035460221367
-0.00708279636750817
0.02122812244633161
-0.012475539534921335
0.00886762929872436
-0.02751539458857921
0.010816925397737452
0.01125338985284865
0.0037726805339362815
0.0018490970432511922
0.008111266213947399
-0.0036159646580329417
-0.003500822831817585
-0.005215115584209701
-0.01046330093415053
-0.006525932209570185
0.0021836346972734194
0.01237612970848195
0.00148745833368712
0.0246111364505574
-0.0024592217137699474
0.035660851975987916
0.009047959764108604
-0.03462896018064893
0.03513315767585894
4.710186887639978E-5
-0.02884524058167913
0.026052790072740983
0.003134132668199644
-0.005729330646324141
0.009699370359494754
-0.03585059369257877
-0.01514368574451937
-0.008582090857389825
-0.022109268148744206
0.002526678996791669
-0.023303189598424732
0.010782281357317177
-0.05941733311072446
-0.06602218928662701
0.010775007648937553
0.033510835253083605
0.010684850745290537
0.014079676340024154
-0.01408754787704192
0.013228696252190492
-0.02730069256655322
0.007732860282837797
0.0049475159437390535
-0.004190721565833735
0.077712994697124
-0.004188889281983917
-0.05204540334988363
0.0034513963104918616
0.007994839644132877
-0.007035607000746909
-0.005806366550838525
0.029944885195235423
0.01710615445394903
0.027676630298011824
-0.008684358474369217
-0.029704910191228923
0.01614737475557179
0.0021126842881584247
-0.045578658956361484
-0.012896134828501696
0.023775306331511606
-3.6944764038850683E-4
-6.432975198059482E-4
0.005669927493971502
0.018014806624865327
-8.894074908685882E-4
0.010012936389546166
0.008690813856784003
-0.0037432399227607816
-0.005873547775839503
0.01536244132059154
-0.0011322825166380616
0.042714889022515974
0.008961990137486815
-0.003911530300611733
0.04707920940865103
0.024616457799415747
0.0226582210948506
0.007730847414473031
-0.012710251820942969
-0.038179974988438295
-0.009733831351895579
-0.029514289938877555
0.02552233948565884
-9.096970419248232E-4
-0.005987981548380493
-0.010305761302262134
0.008182643815553578
-0.0059713706115829945
-0.002433267348058281
-0.06663279193947119
0.006038899442314082
0.05727584516924076
0.011860716301590028
0.021868144664067314
-0.04792994781522118
-0.004199598211616921
-0.028659350498248266
-0.010421896872738746
-0.010322060135095413
0.01962366130308587
-0.0017658582863330058
-0.015572280139718835
0.010942298933825739
0.004484855088964952
0.015105613722251722
-0.01175088066213558
0.00858389199054591
0.015371249829184587
0.003716368998400145
0.007850906039991787
-0.014623787992635365
0.011740328671289239
0.008589086639709202
0.008312275678101883
-0.00208704759221102
0.0013172159286422218
0.02248994569102363
-0.0337807979807354
-0.010593863120976543
0.011711404919547468
-0.0277202861673186
-0.012592200154876903
0.005176248485889599
-0.01761679599578523
-0.059797617324035164
0.009814424981286223
-0.018598685413098646
0.0017168590254246863
0.012729294827581337
0.004510121856174555
0.006669055169238167
-0.014652003457289309
8.016752434470007E-4
-0.02153500512029986
-0.018438252171027462
-0.01838193299533543
0.00362770571702196
0.009742683803457433
0.009924981117649358
0.0337861162652925
0.011891993436547591
-0.010410603364619195
0.0017952174825035683
0.017382983362809155
0.060672671159848056
-0.004119254545954372
-0.007842795889229153
-0.0033833992015832293
-0.013583505970320289
0.015234582186850016
-0.011626320700403028
-0.009995350659354384
-0.009698970507197075
0.01170718784622199
-0.004955673652367871
-0.028120614370602558
-0.001020037976774603
-0.01220872560070267
-0.007289735297740381
0.005903610812780132
-0.0015884241679459514
0.005009027416445227
0.01186675916331314
0.023986478320279732
-0.0028831461003448783
0.004096940284567918
-0.01857774162133663
0.01033591227300974
-0.015329275664272057
-0.009152131590849745
0.012054759256950869
-0.005795668601907589
-0.016748603040463786
0.013348772334849143
-0.005097894774794793
0.004125202010017
0.013491225251381758
0.012272603729213218
0.0033820825550870343
-0.02086840142294759
0.00910250458798929
-0.01676878188448683
0.016357758558972868
0.02721661550723536
0.0065847446682193835
0.00630111619008895
0.005821312107501136
-0.005902684657917007
0.004792083822565046
-0.013627693257077989
-0.008271795084615223
-0.007997764080408695
-0.006462323973179779
-0.01150304178388196
0.03686903875713382
0.0016203442477212946
-0.019168993764169456
0.014227799757725696
-0.0607183030791293
0.009100106890245492
0.009991681243528717
-1.4626920710551671E-4
0.02488510045961896
0.024024034768107813
-0.025923180087853645
-0.0075199077107553376
-0.009251034696560774
-0.01751736288924677
-0.00703437634432307
0.01905169111562726
-0.0018610630032620812
0.01180788015945257
-0.0015810620965577235
-0.027627494585138582
-0.0029128436210000123
0.011670294625163303
-0.010557368175535979
0.016907785129384068
0.008968797856158813
0.014085217444661163
0.00483189612855748
0.035766094603627
-0.0014411488280367752
-0.007612350454153756
-0.012436440130085893
-0.004956738490491849
-0.0027254381161799447
0.009894756958157214
0.007155491678108072
-0.01100667143213984
0.008127353937370145
-0.006392741321622438
0.012154023227357435
0.007046674835229612
-0.01773943556868725
0.013020043817209535
-0.0010253746085501355
-0.007806586177179789
-0.023972555923729332
-0.005802464861759307
0.01655108158541762
-0.020431450650558042
9.468399633730303E-4
0.011198776413818933
-0.019365916252125002
-0.007867861229055893
-0.003950477970647749
-0.014549379853862973
0.013689219295387828
-0.03943004022916214
0.010501236067705855
0.0182368949879237
-0.0037783597006469044
0.014100543655401681
0.00277336571602401
-0.01955375972664888
-0.002846063953652948
0.00579719194673892
-0.016541970516131696
0.008787915417959018
-0.04212296532567524
0.003991984811897653
-0.012160869268882572
-0.006622685883021456
-0.0014095849428410448
-0.019287231679693644
-0.024451481570859007
5.574111210630611E-4
-0.04898356862986955
0.0016068760422661601
0.016370375475923696
-0.007159113144259309
-0.012215128433663035
0.0067150373167568
-0.0051580026314192685
0.0018957181978550468
0.01848119479442612
5.7872443733090654E-5
0.028456552964967106
0.0045434048942257325
0.007978450964282006
-9.39931429500593E-4
-0.007720539780457821
0.02322979902632861
-0.002192132023651988
0.026284920613014604
0.012006285954667727
-0.005541673301815376
-0.015898656314426485
0.016422645440155974
1.604849170920989E-4
0.011865268873901776
0.004127632640594756
-0.002812536393847784
0.00911640250810294
0.013788231489152602
0.006225909866448573
-0.006856520506741467
0.03597722688819077
0.007912134613154802
-0.006210460462893633
0.037852660481076744
0.0019019361507055957
-0.008005035150621639
0.008508627509947658
0.006804153739468783
-0.00611435642885779
-0.004324070220651847
-0.008168464116627566
-0.0037487940690769223
0.029866890848094726
-0.005060690271480539
0.030604574712920895
0.026086368780383132
-0.00977400689017132
0.019515077096610278
-4.818802517532323E-5
-0.008977674225267433
-0.014860111909964217
-0.011843290165225019
-0.03769077752803054
0.0028871266695275326
-0.023500485429360913
4.5280587098697446E-4
0.0016962225738104929
-0.004678356471822239
-4.539256985383037E-4
0.0018511155789417797
0.012401870801033521
-0.025414283736809453
-0.003413099057378048
0.0018241337262034515
-0.03095196766662903
-0.0063567817887641275
-0.027767697408149827
-0.002416532500546882
-0.00271019923937851
0.00506917761804468
-2.390580454412026E-4
-0.0027482746145544813
0.0021567719114058445
-0.018658705200394213
-0.005664875122088854
-0.009972761972030073
0.012939453684897989
0.007366341830335181
-0.0033419629118977205
0.004080489130238179
0.006464789210294574
0.00998119677138631
0.008928151518498514
0.01055940276030419
-0.007255993775654578
-0.007318801441843657
0.02341044090243467
-5.915768166044478E-4
0.011434169722376328
0.010185205262627582
0.002054699831290568
0.00393467262948948
-0.008151236927853968
0.001384394401493332
0.012323664894906404
0.012946040442543497
0.0103202290952553
0.00796886069808799
0.0028900849078573195
-0.0061666929864707285
-0.0077791433136893675
-0.006207996481097814
0.012857316218629438
-0.0024853538318813915
0.006193453763090722
-0.008218550258259849
-0.004765837041744869
-0.001102444116156039
-0.008792634567702328
-0.009044747176948987
-0.017487132645711542
0.026745788322053744
-0.0011644038539132204
0.002152384107544382
-0.0026098844880560906
0.0021773565183387427
-0.009468450999194336
0.015153228874044857
0.009541919769813736
0.016048930855747608
0.005934418017783342
0.0037192847997890304
0.0022031031613045753
-7.025295597530856E-4
0.017961131504325344
-1.1107716226281762E-4
0.005619968172380553
0.006511664590755552
0.007589394894657845
-0.0023332562675723637
0.0024847156672141114
-0.04505024312715076
-0.004630676064831935
0.008903328676038828
-0.0033657914739857004
-0.0019560253909841436
0.0010296982173529827
0.0052153119882054335
-0.019238105256419124
0.00436854163936073
-0.010494900113092556
0.01259986272467826
0.013776778447225937
-0.01442873973968801
-0.0056609896410218215
-0.03233031165325743
-0.013735216245973776
0.013600686658656155
-0.004281505316403432
0.020976769939873338
0.007355622494020173
0.004166511270455156
0.017461599346071614
0.0034611713189341797
-0.0043730814742020145
0.013572988339517957
-0.011884346570104662
0.006211540818362947
-0.019601732109299552
-0.00420944082290245
0.011975861044181791
0.002817125745646663
5.377262240380961E-4
-0.0016526191328325125
0.0016582918171023674
0.01578872158169111
-0.012698926711928371
-0.007437814017427723
0.019011400934955677
4.738833126622454E-4
-0.0019690990079317084
-0.0040009257272405
0.05555366140571447
-0.005658529397422682
-0.010372957467177125
0.012527836978295504
-0.006898562964952034
-9.062686249979905E-5
0.010091401117525578
0.013568249412450608
-0.00950640861163458
0.013752082937076597
3.8929265558345825E-4
0.011038852884278106
-0.018201866281021238
0.004444051040198417
0.0075349188545584455
-0.00224514084543623
-0.03608662636421853
0.0030874438240950444
0.0029311091291709694
6.317339568656085E-4
0.04764877305092303
0.01786860293808905
-0.00903430311503687
0.0052742095343111285
-0.019155596150765123
2.1097561517531082E-5
-0.002051898921064893
0.004192069015622999
0.005018408047199993
0.007287964825907583
-0.022090998420359224
0.004107314788867473
0.012919848601029701
0.015824839294180406
0.005367116934311936
-0.0013071848433527941
0.004131868147882702
-0.010258431218565317
0.008312437471523422
0.005282174211913838
0.0016402128211326407
-6.478549512771796E-4
0.008118060070181617
-0.022520417148685874
-0.002029466497929595
-0.010069935198545333
0.0035716472546770016
0.015044700745798712
0.0049067843894695555
-0.031122837612284446
-7.057801991752649E-4
-0.020248189890201128
-0.01530409400097321
-0.015311615250146408
0.007408826201591219
-0.006345332675885259
-0.00869861280555357
0.014349272193017583
-0.022505421040585893
-0.003018227561545032
0.008079509827073046
0.005968052586169933
0.013920631735893977
0.007596307519661095
-0.004626505390669628
-0.004400183397691718
0.007399654491197999
0.013532406107279927
0.034722490060506345
0.009894932654230037
-0.007532849316831331
-0.010051082629389758
0.011495872852357486
0.014411829029512635
0.010363655799778276
0.015553241720230043
0.003334404516193495
0.002545393390551268
0.007629663721826742
-0.011286756669002886
-0.0025881800084295117
-0.004133513377223661
-0.007504745371597598
-0.00823346893988995
-0.011393730724011633
8.727431756310922E-4
0.006497781953432026
-0.03331493156704918
0.0049458469233329755
-0.009730981649335507
0.020580178773927406
-0.005896647341753804
5.668386563074504E-4
-0.0023176139957853206
-0.008066051556655726
0.013251192319599998
0.004935039802857009
0.0076230141082303795
-0.015014287188354854
0.003246402903858627
0.003339433097012492
-0.036597719442605606
-2.997662593131686E-4
-0.01070171133478113
0.007533931381464214
-5.590248388240389E-4
-0.012934324085770634
-0.01718507306543421
0.0032532031292135987
-0.006516623058805914
-0.013296982508905094
-0.003515712075639346
-0.0020546714667945567
0.007577815064259129
-0.025478895258053164
0.0026017577546397124
0.0076292795141854695
-0.006955592646859681
0.010315027099170976
-0.020537191851109037
-0.03800004515442227
7.254640417671707E-4
0.004643710753561792
-0.003128748318548034
0.019886704863941423
0.0020518748748965814
0.014215553701262675
0.022515955957997158
0.010320743606676232
0.00792489566752687
0.006725834257467477
0.01770093017382605
0.006333196360180708
-0.011420528987706244
-0.01069397350814482
-0.017438479094134623
-0.00112983047469659
0.0030077105037328673
-0.004351356080677876
0.005952468242731929
0.00477891943393402
-0.005656607702877792
0.002465098613783707
0.006390064253327662
-0.011855585332784899
0.004086748421590807
0.008044813433111947
-0.0044396907852354865
0.0123597951899524
0.003133392885584193
-0.034697970410696076
-0.006920183739861682
-0.004004575453993687
0.0049214689018223885
-0.00563888948956913
0.006488804714416824
0.024052719333774192
-0.02022142784218224
3.03553893448619E-4
0.00884037470219401
0.0034216106917517087
0.01339629433496615
-0.009945682370381206
-0.00833633502561297
0.011538483576504856
-0.0584858949481965
0.007231889140027526
2.629798738227503E-4
-1.0553415070020219E-4
-0.01889439768378814
-0.03522578423893943
-0.005229394589455926
0.005833510894274114
0.002646528848031179
-0.00528113845336403
-0.002095997289272177
-0.008175460341015612
-0.007176427417356441
-0.006054848029654279
0.008996073658497564
-0.0067415561985623654
-0.0404526758824515
-0.007969267916451686
-0.020314133532620984
0.006769939262709675
0.0019149871866756519
0.015713764590092393
0.02205858760663864
0.01003547702082751
-0.0016920076774929052
0.004475772792813274
0.0030161655182273923
0.013028473827896537
-0.006831940729667165
0.002978722056926371
0.001375973686835031
-0.007863875828040517
0.004446412617588995
0.005577735440322742
0.0016826862965099176
0.01729206383424326
-0.004324621033374295
0.035783950558342374
-0.030006932199441984
-0.03878417273428984
0.0074731301943458135
-0.004140606963492419
0.0021147207396383823
-0.003923426726731593
2.384729856001529E-6
0.007084776080817245
0.004373809236830205
0.015135334895449467
0.011094029280653584
-0.006277168067476519
-0.007752016889203561
0.017590191768494502
-0.006746214303853784
-0.01282996708176571
0.007828475744055726
0.006747151195379478
-0.034842543326295564
0.006860278480056053
0.01697204626385522
0.013542911065340928
-0.022494943235962336
-0.01508403323003581
0.0036856898167235736
-0.007644315896461284
0.009893787794197438
0.003729102373168829
0.002128607677967541
0.015631239320626007
-0.014082190733095348
-6.139307482257043E-4
0.0164542345902362
0.004535452771526241
0.009786310073501078
-0.022541149828118175
-0.016287480547439028
0.005435490138556975
0.002117939951207265
0.011171019480863196
-0.006907961172838658
0.006065445619934983
0.0043591643546816395
-0.022829848422333373
0.013347960836472987
-0.03849028803297024
0.007164508844273667
-8.848559694772404E-4
-0.013902462799080357
-2.4713134940807294E-4
0.0023751789433352406
-0.018315729347591615
-0.0052170694581826094
0.0031424291621540645
0.0035550621733594573
-3.976142492439557E-4
0.0076227045308121565
0.003231265186665242
-0.013935993241829439
0.010857742348884147
-0.012536000034260327
-0.02985244110331983
3.5499799131159164E-4
0.0013850935809054828
-0.010741426475761451
0.013343254995735203
-0.004462862463899224
0.008873266706193657
0.0040826238336781045
0.004137483080617205
-0.0047313267900435056
-0.002595395669861857
-0.004072850562698932
0.01669919771279091
0.010012098042974154
0.0016864017683993452
-0.010067678278337776
0.013580826958525572
-0.003323418144564901
0.008988497438610087
0.00903483632988287
-0.009342249399800854
0.003308391643066626
0.004686413681370966
-0.009045652714612983
-3.177243283370435E-5
0.0017029815694443637
0.003808647307098768
0.04480666414225102
-0.009146214235880828
0.0044725146676450655
-0.006163295956441101
0.0037438661087303557
0.0035424445042647468
-0.003907901767760094
-0.007816769986005577
0.02469406069448447
-0.0038341519981244412
8.421145636669503E-4
0.006601446012312333
-0.007572757390074741
-0.01207894426386605
-0.001894740389245343
-0.005380469383762593
-0.006840638508428307
-0.005792795106946416
-0.029825342519244073
-0.005383958356805422
-0.006105410920573468
0.0038741342590023096
-0.043259955905240656
0.008418986054442114
-0.01516837628251535
-0.011233937939303976
-0.004569353359060988
7.420944253370762E-4
0.0502748149084331
-0.01962937317487422
0.010980773824393187
-0.015709390079021408
7.559577738801486E-4
-0.0024325525382395286
0.012303462187737348
-0.036253780759615654
3.2187934594206044E-4
-0.023971842135885685
-0.0071628510670448415
4.1956157881300904E-5
0.0020309840428108868
0.004691765002285973
0.007313456024953602
-0.005414805207665371
0.01456380032305146
-0.0073656114458549365
0.017857189871638656
-0.00440445897645502
-8.47777470527777E-4
0.00500870320198727
-0.006840491995758123
0.0019461754622443162
-0.009778518439430157
5.043933496477035E-4
-0.007718770359894951
-0.002695239525604768
0.010818629115137021
0.011829268812810802
0.006821580724328091
-0.00932684592128489
0.0034947085504358003
0.00857233653129597
0.007029363973935078
0.05683305028429088
0.007048693119310624
-0.004232497660302558
-0.006031410443518683
0.004921929893334138
0.0058715125952531625
-0.019843527714428332
-0.023926389584928126
-0.0010527609419146557
-0.004935694552739537
0.005873507774110832
0.002876199124419145
0.026997901967169197
-0.007350582290350785
0.016515881062025697
0.015177289014342616
0.0065637443962399105
0.016688838040398106
-0.0034997785707009442
0.002215828318094354
0.006462618367784111
-0.007956824304517272
0.008422821311817609
-0.010498119734305287
-0.0011950698671829175
9.04355200297664E-4
0.01769602674805686
0.008693824867127917
-0.03451254973801296
0.0028872596332933896
0.011795681310403762
-0.02558924642299803
0.0033168316977719298
0.00844918387288421
-0.009935151624859343
0.032744670980671756
-0.00604780478400749
0.0025701506232279916
0.005163316719611612
-0.0012794291658453152
0.005634411381631287
0.010881253163974283
0.014422993004546136
-0.009395971212912415
-0.007144967764522635
-0.004940725446668721
-0.007914515800893949
-7.338872281371315E-4
-0.0026200537962122704
-0.005413021949698645
0.002669957865930001
0.0025257948716444047
-0.007135775251136955
0.0042884979351837434
-0.01436676995717679
-0.012548678989723632
0.0029012824157258676
-0.004956539709969167
0.011859787901124838
0.004146568290927098
0.002948618301495258
-0.0064342255926349325
-0.01127851165871803
-0.01858806977515964
0.001822579435800507
-0.006163798905807499
-0.006202802937649892
-0.0062130452923365885
0.0083256385495107
-0.007086956850436703
0.016166082326878238
-0.0016789319670743215
-0.0031869227575113527
-0.0071446870524109534
-0.004996689468225087
0.008237348017378661
0.0043621029755964115
-0.004456043877849419
-0.017942379660954973
-0.014411140954716514
-0.02517470223065875
-0.002130754928009289
-0.014695556202194293
-0.004938842921341514
-7.819527390669861E-4
-0.002501026170137192
0.006849324616287208
5.625473793955664E-4
0.0024433847637903372
-0.006107895424456224
-0.013698299935624483
-0.012873111725132953
0.0013939077660265592
0.0023791550294348
-0.01237571191572
0.024666496928357467
-0.012434012096758583
-0.005157394691298655
0.03758590261233704
0.0067949241747294565
-0.01257015110764178
-0.004356157543939403
0.00319462197618363
0.007342054701615032
-0.008734110773678245
0.0029856857919434644
-0.0013966420629557639
0.002493977745707149
0.004169431423314365
0.00325814971125449
0.009193814240849169
7.290756568903572E-4
-0.017035947031610703
0.005189507828212842
-0.007183647683614804
-0.0032319328099805387
-0.04628166553410454
-0.009819711814949818
0.006578424940770564
3.228978173444823E-4
-0.007797762392341278
0.009281414428687238
0.026956254731991234
-0.004324456172636846
-0.004622612669264227
-0.034535652126917595
0.006608242014582358
-7.058372382929303E-4
8.847066264861084E-6
0.007186806979848669
-0.011186940848437738
-0.0061594933559713455
0.002394702213262023
-0.0057611380749079235
-0.005502657187844101
-0.003061134320848687
0.006532690729926648
-0.003178457895855573
0.002039587558105243
-0.005858654285306911
-0.002580171196596535
0.010293277209338824
0.04075231992826072
0.002159068879676349
0.01921390288819781
-0.013987691915822949
0.0047443679171095664
0.010317749727366139
-0.009526902473521108
6.583212768862727E-4
-0.014271750391226447
-0.005651145086458218
-0.0011707538030715945
-0.014390952787151787
-0.004217006424554928
-0.01153444271843159
-0.0015951119681551996
-0.021994246240573345
-0.00995033316237891
-0.00956229946803994
0.009426421072230247
-0.004360305898314843
-0.0071564334920066865
0.01709891138446976
0.018044177444269633
-0.00435827389297813
-0.008669618499189787
0.038340300627396455
0.004538880757306553
-0.0048382573119981915
0.012270060136217186
1.577273743533309E-5
0.005312266767527216
0.007344365238023753
-0.013850209258236741
0.00100238971162138
0.009010953991983168
0.007812163052615665
-0.004197247301114975
-0.004890251224887342
0.005547873346419755
0.012562676727672384
0.008451194928607218
0.011857392724831885
3.42776816433812E-5
-0.0015307464693330494
0.0022909474721498875
0.006269312608109216
0.0029576476977013354
0.0016311638713584493
-0.0030345640747122516
0.003812441641564357
0.0013110419341983662
0.007532962233541742
-0.009788825681079718
-0.002727075176234628
-0.005780745194214778
-0.0027791577640811976
0.003695098415080599
0.003980659667607322
-0.0028074865680582793
-0.004289448004887183
-0.01362368422918905
0.026444869501779156
0.010438443629271934
-0.01361687344424645
-0.0070412565089198725
-0.004039075817596513
0.012682158872958534
0.007213842458277188
0.009365154638184358
-0.003234036422462498
0.001183922388302251
-0.005494934832966382
-0.0053779918921244355
0.007287751204377283
-0.009535511277827107
-0.0069203517264519255
-7.684255172697962E-4
0.0021345311163323386
-8.872460594523576E-4
-9.363879287651376E-4
0.01334133861595133
-0.009858067522093956
0.007147983645017133
0.019078451731356267
0.0022361363684628064
0.0058709222447021646
-0.005293361889915047
-7.214155707440737E-4
0.005344473564951084
-0.001195096471174854
-0.01683557369871966
0.006744131645605898
0.010861396961968103
0.005078283235382131
-0.005752125198467878
-0.006586588503176397
0.010513329737420397
0.012842047454692833
0.01001816778282681
-0.0038978470208531992
-0.008631686603675456
-0.014469528902952047
3.263138923549071E-4
0.02046561198635715
0.002722300984611679
-0.0028682521122964178
-1.540695561069122E-4
0.002012552051565445
0.005320127831942575
-4.782966016018406E-4
-0.00154439774263504
8.321065043457251E-4
-0.004425816779428513
0.047376790788156584
0.0017062203188527528
0.00233330188507293
0.01803740617077818
-0.004216732213910363
-0.0017728293868229618
0.005399448968519116
-0.005071095855274945
0.002351949217271479
8.242685712517007E-4
-0.00809576204259497
0.003975350687588554
-0.01277883222913698
0.004863254280410491
0.004941723426201319
0.00416546680918762
-0.001072072462144321
0.003809232748044555
-0.0040126425609690155
-4.288374090333054E-4
-0.004694052813669429
-0.0019746375313071905
-0.011975597331962464
0.008261979405796375
-0.004967647172549101
-0.0029001371933759334
0.0034118052696025776
-0.005574932625836297
0.004652597101502459
-0.004612091561767274
-0.007348002044855618
0.001256091238512759
-0.029870665293911178
0.013178008506813652
-0.006446319092194469
0.0014120736551762713
-0.0037391736634055563
-0.005479835836520693
-0.005774068440148551
0.0023506477446726035
-0.003801335019996245
-8.655062048322244E-4
0.013990519924177072
0.004787110391339374
0.0015806858224770742
-0.006311881809912609
-0.01586915538551966
-0.00400380239191545
-0.0011891600770026875
-0.00326570308449574
-0.003200553816198495
-4.511992294530543E-4
-0.0018877333889898073
-0.003842731620349172
-0.01885289214059857
-0.0115268969311521
0.003314606118941666
-0.02686194320188841
-0.003338215382301598
-0.005825964000895342
-0.008602363784223587
-0.004777187858614777
-0.007393507949713337
0.0018498733729537357
-0.005806652764287946
0.0032784744314936173
0.004483875356014179
-0.05803279942939208
0.00950022138919192
0.005326269160530568
-0.007807813967817506
-0.019185153610902665
-0.009301308550661197
0.008717578749431078
-0.028038824391726447
0.014445206917692775
-0.021182320742587534
-0.009014680094425517
-0.005942722238687668
0.0011880779257136516
0.0030621066538451
-0.007677411411580103
-0.005855653776110521
-0.0029062993211226933
0.020365719738942578
0.02600290512993146
-0.02398840198381049
-0.012503615313183026
0.004872747190129036
0.01078090508360076
-0.0026346911127985016
0.0017681959793672528
6.390169554878868E-4
0.013544416452643482
0.001000303423684683
-0.0038183917882618494
0.038132095586202897
-0.003669034384303961
0.003395133253053663
9.358792598839261E-4
-0.0023000447667006984
0.04741650347035042
-0.008486855511534252
-0.003196590406449323
0.002332099736421046
0.0010410576429245176
0.010082411019762538
0.00269329924424437
-0.004601974171682589
-0.003992390594429121
-6.51933553453702E-4
-0.004978420623776269
-0.008855497663016338
0.013555731368163217
-0.010486135146503256
0.006767783816837847
-0.00897255759817506
-0.004472647854136737
-0.002329078394298017
9.820129575747452E-4
-0.008727832410469438
0.0026030647795980376
0.00608125893233684
-0.0074654083908153625
0.0014410069979064323
0.005851949011505233
-0.002397370496627917
-0.014573936795310896
0.0014667151772711567
-0.0033599577785412807
-0.001009624201614598
-0.00654434427542187
-0.0034641266575130276
-0.015541617889898655
-0.015761640462360716
-0.006852741464547552
-0.004607570862847422
-0.016007083331689907
0.03355737752227538
-0.010020016029424546
-0.0066464200139353035
-0.011010071936595015
-0.0029702365328136645
0.0018182188234977452
0.0017474978093640929
-0.00440189861186171
-0.005429990175841546
0.0054440595656612455
0.004588147195728249
-0.007320675830167742
0.010852273854975728
-0.0018377746181049038
0.0025046901347983803
-0.00869899278186623
0.01476135603263348
-0.0050503519614803665
-0.0020067930545731123
0.0026354710728050553
-0.011791279693573405
-0.0054379538473899505
-0.0023996228780637954
-0.0019911835195030583
-6.34648619167208E-4
-0.002931933538617542
-0.0063550756619574576
0.006858592569753177
0.003359855811792726
0.006395944046290289
0.010374693247201874
0.02946548502066074
-0.00633035375471448
-0.004667530716912457
-0.007143817255694189
-0.0016863164906847933
-0.0029589224936592165
-0.009130779671542695
-0.006645371989229018
0.010550238419714975
-0.004523587804188616
1.9880118435255234E-4
0.031018492785716088
-0.0029876816122649777
0.00321328937594307
0.00507709172984231
-0.0057308930552735955
0.004780034528490185
-0.007654559681409667
0.009776130498995879
0.0035600921808634275
-0.0027657953552006043
0.05296844414228346
-8.161028467194909E-5
-0.004351871481484255
0.004936163944074773
-0.003290338620005872
-0.0392986591210658
0.0042730476640172954
0.004592009000441355
-0.003237683161055195
-0.023138374236942705
-0.00782170007144679
-0.0035350404851954716
0.009078114432462921
0.005717636935401423
-0.00581547802218413
-0.01124648666103764
-0.007098452133899688
0.006123297467112394
-0.003271494245072375
0.03675153963815297
-0.025749529483566316
-0.015354270244030351
0.007548510225793108
0.009247651920868486
-0.004491697970564016
0.0047483093331072415
0.024512824976788295
-0.00939377898252035
-0.004977791030606703
0.0033690299579006997
-0.002941344492041869
-0.00325645882577443
1.361561352726727E-4
0.014641467326890582
-0.015515730329415075
0.01834294196221724
0.0030244660045599804
-0.0030351963356186804
-0.0073378197112398715
-0.004583061605073997
0.0029729891627968603
-0.01309800932656565
-0.0040833399939506545
0.0018287912185912067
-0.0016892864352722854
-0.004915624432763413
-0.001398549111953463
0.003935986166158348
-0.008025741593451832
-0.022623901350130225
7.454699660508458E-5
-0.007885678272118304
-0.004698416502527844
0.003121171185746588
0.014124537208232552
-0.005102194734866906
0.003024245273915867
0.008786362414334194
-0.0027544852829759006
0.006572474330757051
0.01167283112982383
0.006629610067628144
-0.007654724613433072
-0.0016288710351246682
0.005305072770794425
0.0040583706433619865
0.009764778165051717
-0.0035656925222404823
-0.002919994067507255
-0.004720545904942353
-6.118054183352112E-4
-0.015457921397697258
-0.006300626027739586
0.015973839329196764
-0.018863134848218895
5.871021534648988E-4
-0.007956616454144196
0.009022050500657743
-0.0025054616089964592
-0.010928274239429553
-0.006765574815235591
-0.0014501814307145676
-0.004987721950638897
-0.003277006183815842
-0.025721116883208554
-0.009231391938461321
-0.004424311855634955
1.4507190025528826E-6
-0.008139650172040509
-0.0020246227665437094
-0.023652366937484365
0.0031907286431522523
3.685775981372926E-4
-0.0097540418154099
0.006559016069577595
6.377560304865115E-4
0.004874380886742159
-0.004985471760271196
-0.003793886748700292
0.0045797917426859645
0.008816600357843195
-0.004323483767599408
0.004036899463245185
-0.010947726329002264
0.00341927207463067
0.0026787597599465043
0.00361940466030391
-0.01083071908283051
0.004073841719989874
0.01941617866163881
-0.004772228845081234
0.016821640307836918
0.0019788243430587196
-0.010592067261900779
-0.003112360370338569
0.005888138976911975
-0.0016577781230723493
-0.0019423145223778802
-0.0049770387721800305
0.006258218983520276
-0.013685884248935043
-0.0063426008264895134
0.004375947715411336
-0.004397568787707155
0.002951580360768169
0.0019009958616423408
0.00348460344287468
0.020623741446183064
-0.04319526411471639
-0.03547523799202111
7.429356451921589E-4
0.0017014466153140318
0.0010410588695863989
-0.0021953811704345507
0.010724672438431086
-0.008566710393416737
0.001288898585738976
0.004521192597334994
-0.0630618631303726
0.0035447552729241318
-0.002577240677109104
0.0030294993613616122
-0.011761463946327504
-0.003421963162836769
-0.008620312868076945
3.0720313232929317E-4
0.014775330453509188
-0.006503642090085586
-0.006111579032766564
0.013038883203494252
0.004111582806328089
-0.06007129567512059
-0.010863161627238
-0.003758533141099413
0.014432040948562205
-0.0032971763973603683
-0.010458166428838941
-0.019157814890919226
0.008540393486217669
0.007173119690962159
-5.106948097142031E-4
-0.023576627093643554
-0.0025630643607082696
-0.002272851191141674
0.009580269625056455
0.003155436369419772
0.0036756805603717405
-0.0024443242364198367
0.03667578426783544
-0.0027369272655988707
0.0015993577432304549
-0.004246062382619534
0.009889645292373982
-0.0066129036084063945
-7.120586224690366E-4
0.0035586529330776475
-0.011666911089906551
0.0021077343960694797
0.0011156971065387114
-0.0063020109754191155
-0.003358105897695589
0.003454045997225111
-0.002632359615580048
-0.007012966833211618
-0.005282068233683711
0.03398616272880349
-0.006304980133038968
0.004117992236317934
0.011552492278707475
-0.015445471156824512
-0.00606884127770612
-0.009619262198455162
-0.01147320686473722
-0.003734231919736914
0.005956324800474698
0.07106210073759227
-0.012262698960145771
0.005500357911491109
-0.0111134704293962
0.013324248049154714
-0.013982574627489018
-0.004331850578684994
0.009854298190692326
0.006010160487367003
-0.0030425449553011263
-0.004274809100310534
-0.007750967517319099
0.01283161716696155
-0.0074657481391826545
0.022730342500472504
-0.0036493071821354184
-0.009024779617449363
0.0020407264866752336
0.007177769103411202
0.0032168272662772127
0.0016839208838226026
0.002086479973708503
0.011554199013322606
-0.0018304711477583515
-4.5390438537747834E-4
-0.001002030383253995
0.009330172444056428
-0.002566204924566802
-0.18839161838717766
0.005523149603245861
0.007356299973460678
-0.0041423578353884495
0.003755308522133375
-0.005871909538414881
0.008263056220919813
0.005205135642472961
9.531670190405651E-4
-0.005902856970144187
0.09382898503962703
0.002462336487329037
0.012387874758264325
-0.004855967426267653
-0.00305821227771172
-0.003443487968645775
-0.009032501525792908
0.00973143432246512
-0.0025985210779633982
-0.005543119328178825
3.727507517095305E-5
-2.155329604652722E-4
0.011927071823648595
0.005008813197658596
-0.009582167644284106
-0.0019751802331981617
0.004823981053908918
-0.003919412195515042
0.0019175151778263973
-0.001824317139285645
-0.1751083755862869
-0.0020668289022123614
-0.005826494371007849
0.005157486289753203
2.93350919881079E-4
-0.006625037449194739
-0.004228351332446813
0.00399876335306545
0.004430032176532195
5.272159171681799E-4
0.006749848151951385
-0.01800065985125638
-0.008565261025955116
2.1937300319885256E-4
0.0021287248804323145
0.018240739834920746
-0.0023219906300532547
-0.005645839994416344
-6.241087895409039E-4
-0.00187846415187066
-0.08269854538973649
-0.0047352059005217806
-0.0020944935584764146
0.005685941157409485
-0.002991396613108031
3.1403142275252644E-4
-0.01899772377037533
-0.005832923840887396
-0.007157525445450351
0.0027345343551514805
1.5433743092143666E-4
0.004029191810281482
-0.010090204062737439
0.012253545593892582
-0.014557875172976529
-0.010615442783117058
-0.006832402987954639
0.00583554480895064
-0.0019834004458976332
0.014742988998960531
-0.0016571563311566398
0.0216977330749029
-0.0056317291598982884
-0.0010477825632192997
0.014785157893436103
-0.01582247209267266
0.005195265857248832
0.004898533627118818
0.0051551186790238
-0.02680473879571344
-0.006846146187658215
-0.004402444283697053
-0.005474186764891533
-0.002476642982707247
-0.1755654101383589
-9.55816276207357E-4
-0.0019009691399992298
-0.039248822462373115
-0.018532713707265478
-0.004808065836551844
-0.0028333988002654876
-0.0017161358690470406
-0.0025391014751840104
0.004795391796314836
0.0417450809220033
-0.001053240313466471
0.1568289342565153
-0.01599055343831334
-0.003959665638913628
0.010976827205609779
-0.003263820505137517
-0.005935953078343148
0.004570046285161719
0.0044539975513183
0.03448905440751223
-0.0022237109162367196
-0.001282539308334602
0.007163565272557432
-0.004107665794560556
0.005494851363097348
0.0034613912815883037
0.00623366972419037
-4.311145466146855E-4
0.020212695247576816
4.140011315873929E-4
-0.0033914253618342037
0.002228349091583176
0.0020855446779773665
0.0035170625514920725
-0.003886321404537846
0.023701694041934732
9.010164373223067E-4
-0.025986662695999883
-0.031699903971401655
-0.004556300276633216
0.004605790604892363
-2.427945734987509E-4
-0.0059198870748333535
1.545742187937067E-4
0.002157885216810618
5.568370440784529E-4
0.004521075060530075
0.027436783157801417
-0.016341233606791804
1.1049420253887452E-4
0.025067397984290037
-0.0026415378982288656
-0.007907161179625706
0.003478361767955999
-0.011588610662774085
0.0029575025232682923
-0.007800411209117992
0.0024453798305821175
0.0028213674919537308
0.009677709142423978
-0.0017956513951326084
0.0016967338354442762
-0.004497326082273257
0.0011868229479607818
0.015720758633184197
-0.001548582368022825
0.008117505806783023
-0.00937151959788821
-0.12743109083699955
-0.0029742224282200743
-0.008400096976045133
-0.0016547913771946497
0.0014435200547184284
0.10595477556149117
0.005974008265487111
0.0029356651946190484
-0.006256480556546161
-0.0015258863859257028
0.001953755173106557
-0.003934107763535906
-0.005418159308667517
0.013275595218512987
-0.0025734738474296874
-0.002899706357353579
0.0017990552269323663
-0.010463612888822095
-0.012161828907136287
5.97516923546368E-4
-0.002657125109860644
0.009208342213069156
0.00392033908500339
0.014750381415806708
-0.0023974757776940407
0.006997878809104448
-0.003663312795330181
-0.002264596502136726
-0.007658413775509385
-0.0073436563900644986
-0.007933411485415412
-0.004985814757979822
-0.0033021007390411136
-0.0026601452631354635
-0.002558714013017446
-0.0031677315566451883
0.004193585164205455
-0.00525394906041088
-0.155805895594109
0.006061899477261547
-0.003979108157637273
-0.008270304507837365
3.2787321285831974E-4
-7.967633991698257E-4
-0.0033634493755407805
-0.004608134416471068
0.1319497813064512
-2.4892549655213274E-4
0.0027401945864816454
0.0072774030167668865
0.035268341695853404
0.0030228998288574327
2.470826590226202E-4
0.010022060759145726
0.004157807593630721
-0.0025869816971598254
-0.01823282546387217
-0.01424843631822243
-0.020529938018281495
-0.005811064445087767
0.0056467674694339835
0.004716190095947383
0.00393632090640788
-0.018720847588247883
-0.122318183788894
-0.005693906011302927
0.002937978004586671
0.0026048124724030795
-0.13274007310294245
-0.0067047969974288295
1.363450971946963E-4
0.011863251181619813
-0.013151668034121565
0.0015844406805970966
0.008461185133852812
-0.0025795954559602596
-0.0026649694989147035
0.10815843575673706
4.776124529953813E-4
0.001919718653583335
0.003820965966726097
0.004720897800031653
0.016635272328209265
-0.008561645255221855
-0.10217691213479829
0.0032467821260196068
0.0017742907090947649
0.0036816866436543486
-0.003214504902366939
-0.002842013218056393
0.1251375743493658
0.003987567866026377
0.005495597636782532
-0.004079908091421126
0.024083464712985492
-7.482584722077313E-4
0.0018160793491349952
0.010469288529805948
0.003014808116784248
0.0015930868407738243
0.0024809051765018863
0.0028514698431268463
-0.011405259710387049
0.004342574044809074
-0.007473057439305699
-0.0035834078628754684
0.002140623953458795
0.004131842338707322
0.10947231887469192
-0.0071930204407677665
-2.2996793219320357E-4
0.020243954222388134
0.002327469686469142
-0.11044391210616065
-0.009107553557331937
-0.0017673002552747175
0.00334366315672767
0.09395222105798935
-0.002366277295647168
-0.004958434956723824
1.1453756056289286E-4
0.11596400434957312
-0.07888461784967055
-0.002582356196742118
-0.012910629378565198
0.0046649976283705315
-1.1319562086273913E-4
0.005807556930742988
0.11420482794858784
-7.925335100412829E-4
0.004271021184041783
0.0028597358215154277
-0.0023107096000216333
-0.09820127980593178
-0.011703287157006612
-0.0034976333139214223
0.01042424132141985
-0.0024191029081948594
-0.0023940117450510436
-0.004562863886477325
0.002861174418796528
0.005411759394278029
-0.0010527312977115808
0.0012345145171916577
0.0015792449732845043
-0.0061623141565891005
-0.005287302507655298
-0.10979485994416807
-0.005259831944990623
-0.008219739200199831
-0.09866764744380459
0.0019740113252675355
0.003380885572615542
-0.10679104706608125
-0.006246429372715984
-0.0013991970817692643
0.007610041185418793
0.0021476736939735545
7.142800365021211E-4
0.09811248703712909
0.004004140621863422
-0.0027917339325601686
0.014084164828262991
-0.009131857099949663
-0.0016101239877892805
0.013608872588084055
-0.010858300944714683
-0.00460608048341781
0.001005095633974907
-0.0032628338533594262
0.0013135969125473428
0.018581871371487164
0.002619993889685806
-0.0017746807810419569
0.030775726967576807
0.006693861212641459
-0.02778889284081021
-0.003006969284330475
-0.003974686704120859
0.0023459568887216533
-0.11306706700742039
-0.0016227948270538194
0.07294841616516368
0.0030260369257277984
-0.11561267740604828
-0.00745974666636424
0.0048211888054572405
-0.015516299360929457
-0.008006851471840883
0.014505511013482148
-0.008118138555008616
0.0014299848383569486
0.0027490369371906487
-0.0022856704134331285
-0.11786559273724832
0.007996944233382278
0.0045420357173375754
-8.953861878695443E-4
-0.007403292224045992
-0.0048323651991343175
-0.0022603417834211716
-0.018265133874111987
0.005386587291700698
0.11522221597149616
9.037210807216626E-4
0.0988755496135505
-6.90802725846554E-4
-1.1431021982412618E-4
-0.01231551387938223
0.10402819029841935
0.005143394905002353
-0.0022573815987740366
-0.0021633310821937025
-0.004503484331189843
0.09637765309340769
0.09845857583633606
-0.015364253334087145
-8.214199722766447E-5
-0.09107567166008743
-0.01708836119434983
0.0040781234089501996
0.03157535775353854
-0.0012915489678847988
-0.001077255691738872
0.0019189155961171903
-0.028513842588093218
-0.002718902804796443
-0.0057736637806810225
-0.004927262319106317
2.447235157570942E-4
-0.0015767754575832925
-0.012832922262408245
-3.391723715972142E-4
0.0013956322943769243
-0.0038746110240584523
-4.214699885985616E-5
0.009787069928242543
0.11730605284491617
-0.0016243784911872646
-0.0029613768974598685
-8.870516435853422E-4
-0.0072404478598552015
-0.10236902837762714
-0.0023341603246839677
-0.0038480104998325827
0.07610872045427954
-0.10322848548460514
0.013592564880417423
-0.004581218199437249
-0.10416789766312949
-0.008088931816766091
0.002852616842701953
0.0032383895959066946
-0.0028745148065989884
0.012319275724578941
0.007003284485590822
0.08396072103154206
0.001439312992975056
-0.013702995205998715
0.003138013919344582
-0.031340717555011124
0.1151966826163499
-0.10536365799624407
-0.09419118921193785
0.00610842867200291
-0.08549003720070374
0.09966050202762554
0.015553568375665846
0.002410222665890386
-0.003986564151224618
-0.0034350263711837694
-0.007113800655353994
0.0031118042825993035
-0.002849428200144357
0.07998424240979361
-0.003266018585616773
-0.01585024676142987
-0.0038737931443716695
-0.09048457556991861
0.006516322313430524
-0.00823782265813394
0.001751446369996219
-0.008687632105073801
-0.0017001267451203254
0.006100505608678843
0.013636926111564291
0.0015099933719445746
7.331518727361005E-4
0.0015430697680438102
0.06281144636634611
0.09504159767507582
-0.00514735511768991
-0.08334573459529733
-4.8398964162634666E-4
7.52670735300773E-4
-0.09271612159244833
0.08907996493136282
-2.0974982897683047E-4
0.08367729301185632
-0.006584339737542435
-0.06243121993065894
0.013982688684190153
8.994287124231332E-4
0.0039165676309925014
0.018944482197250926
0.012113236866695916
-0.06891037380067248
0.007241055577533294
-0.06990059139836158
-0.07821881759063687
-0.001983749421798214
-0.007283764745198162
0.0018257807438011723
0.003976231726606884
0.08463355337782417
0.06750738546655878
0.006519050572451142
0.0029669150687823376
-0.012885390310379524
0.10095550067151185
-0.09329063488094061
0.0023632509999094863
0.008218434078495962
-0.00154630231716704
0.001785232098338653
0.0080865984328946
-0.006203430918252155
-0.08188640108399745
0.004626341946716797
-0.07708082190074625
-0.001387216040162627
0.08710220283424565
0.009648442646838031
0.012312712201037208
-0.005029192947196713
0.004798559941462227
0.004796677510687841
-0.08721165103225247
0.0015390027305187287
0.0019868350161110315
-0.009464634149027639
0.006960673272306157
-0.004956190436544103
-0.0030372438189076537
-0.005560886420228987
-0.09536020310856816
0.08200870085086981
-0.006988176505809469
-0.0720010264989093
-0.0015279363245930826
0.08219685692067792
1.6507673633377328E-4
0.07171597570464013
0.1073198562017019
0.024407384679447006
-0.09351213605329489
-0.005039994482777662
-0.006041196453688978
0.07660472222498407
-0.06926242453284628
-0.07448990700322196
-0.07384210888349314
-0.004361748081144001
0.00187290632227046
0.005910480585144345
0.003942183132790566
0.002528751017898254
-8.991125266553684E-4
0.006782848467365152
1.6979264824739637E-4
-0.06445578029546532
0.0021464109729967943
-0.07148520937886241
-0.09861686792462121
-0.0014049618230945653
-0.07869753280641374
-0.07381548528408248
-0.001979868414571518
0.0018993903744117318
-0.08928567543253464
0.0018831906083399735
-0.08278470263263596
-5.057896166690388E-5
-0.09540608129013325
0.02409485557073991
0.06806189705379452
0.0675987854133138
0.0782620060620358
0.00875812963744543
0.004462191446485003
0.0035705377348605096
-0.062368820762787755
-0.005315511408211565
-0.08041633346584694
0.0013169541045628594
-3.844777880457954E-4
0.006373078442492404
0.007349331798173446
0.007210008065034637
-4.922196533726653E-4
0.0016493088692951373
0.0643493936680944
0.08115023320724127
-0.0656287606826117
0.07618881954046643
-0.07500327573015042
-0.022337002634381452
0.00960875571479229
0.07761977700945627
7.571338688146363E-4
-0.052629441407084664
-0.06272086062489607
0.001593977010426017
0.006003587155973791
-0.06749886746660107
4.279504578943447E-4
-0.014219030715821899
0.06465273408647201
-0.0685853163442488
-0.02777753235328033
-0.0033719011373549226
-0.015779011614723597
0.0011786359955624872
7.467678415842602E-4
0.00909769676049754
-0.0035602622124266394
-0.09124064629850938
0.0010583587245847979
-0.06223460557751014
0.0029276927006145204
0.07655073475906046
-0.06910236873011343
0.007954322689574092
-0.0038634635617614452
0.0010279510900288987
0.004379279437023595
0.07130411955369188
-0.08819540698053235
0.061603663890101606
0.00714923624408321
-0.0012888824107713849
-0.08048328930358291
-0.07657230459118897
0.0655844992519054
-1.1722207521824377E-4
-0.0013824680182879555
9.093629652099749E-4
0.0019827871462842874
0.0026762092885080843
0.0044833920371984
0.058573501327280966
-0.07923126592854719
0.0014110256364429149
0.006474252427310441
0.0031400303357810664
-0.006913504923700139
-0.005100224293818463
-0.06763241781454479
-0.005818082003412246
0.013497721096700417
0.0052860148932191466
0.06597521145194188
0.03050550555549773
-0.07184471123467978
0.008945129298817914
-0.001882218262010789
0.005017672613777642
-0.0028521191452427694
-0.03373853336770753
-0.0022709554449915795
-0.00405484554287163
-0.04871843802130885
0.05629905556970552
0.02279168720773699
-0.002222000398699558
0.013662539527505652
-0.007765495884387011
0.005819931068662576
0.0015758010948437647
8.14802210663823E-4
0.0064290713941765245
0.006781392920811462
6.432332979626593E-4
-0.06403214598626411
0.056514080318020965
0.002640617653747322
0.0015858933490085617
-0.003575385658039195
0.07246493080164094
-0.05749610398037719
-0.003740070837187827
0.08507219232296206
-0.013107508891019458
-0.016143931378262425
0.003143253282726284
0.002713458749325654
-0.06130194270513518
-0.002514461549685554
0.0015512700392645007
-0.00437376283777539
0.0027260726421799975
1.3569718282299651E-4
0.07013220326805202
0.054968384198776914
0.007028029629171359
-0.011221630778600025
0.047053562120680216
0.08958467965214527
-0.07412175908403204
0.0014699632324101585
0.0024176302344551125
-0.04996340214427865
-0.04570036813078978
-0.0034480010302736248
-0.007602790624029069
-0.027965101815836755
0.06794129452058323
0.004901846719022752
0.021091241920988896
0.003112003891113436
-0.00804283512448826
-0.04093706066009769
0.026282308207601305
0.054722154432836914
0.06974468194150711
-0.07512180910811377
0.055084248717148315
-0.005599639674023549
-0.0600337055014229
0.005808323704562771
0.004919907074557947
0.003992537891280183
0.0010032870454789883
-0.06919925050530851
-0.06292386028235898
0.006140832723258548
0.0014816081833128871
-0.04121003825472287
-0.0016585628911938428
-0.006576980064451212
-0.003461772866450013
0.053900230087303456
0.008610291143393532
-0.006298987762153525
0.005233945103307579
0.0033616794656286747
-0.028064031040429472
0.004935612732559104
-0.002103452687372972
5.620437732820019E-4
-0.05889374871093889
0.04934447577953774
-0.01265779729023068
0.07161960766482887
-0.06256336176442454
0.0010241762785067028
0.006249812617930112
-0.0011403405886468234
-0.01996495456457223
-3.7465307989330705E-4
0.00295858096330558
0.05971648106873423
-0.0643810534160447
0.05972560197555248
-0.00456105314550151
3.095051069106141E-4
-0.061487455006262896
-4.517739259767933E-4
-0.052209161817007285
-0.05804882803355774
-0.04479271420625826
-0.0073220427947529474
-6.6118701923827E-4
-1.2190537364137681E-5
-0.050294177044052174
-0.016314971770930352
-0.013377851450873448
-0.011016268192448603
0.03698105872851741
-0.0025916723000475534
0.023541919083306263
0.05456939336320782
0.07386817836119303
0.06146536388518094
0.0013663291828901435
-0.048806159614335036
0.05265683487788288
0.0021620761762054866
0.005489132473649597
0.0030548629362325257
0.013502701523895728
0.005283240963309845
0.0044028500513232285
0.04512008270200544
0.0017961529232732516
-0.053630647897897954
0.0513262870401062
-0.002032829466987644
0.0013638857497331788
0.001929314335140541
-0.0523164432579462
-0.0010520619412938035
0.013177036885596342
-0.044325978674402314
-0.0055758491267753185
0.05467422687086555
-0.0026883192241849325
0.04578502080501239
-0.1047065769910625
0.0038298490166987892
0.0028428366923937166
-0.04924938786811822
-0.053163138794771116
-0.04555665496296062
0.005207780010366789
0.006805339415065357
0.05182516794398341
-0.010502419243550746
-0.009832265389077598
0.0019745751615985047
0.023192990549761972
-0.0050499791718616035
-0.06125476261720671
6.595459896680719E-4
-0.009269920836582925
0.003040115589674392
0.004904796403444278
1.0773749548640726E-4
-0.057009051447214146
-0.004932947672446528
-0.004916877822415685
0.04403709841658833
-0.0016635809870943772
-0.0076760957097640106
0.05177605554046232
-0.06112102903622382
-0.06557348228974573
-0.0019377270291833554
0.020290859166622384
0.01726455803206849
-0.028834890440788793
0.002773360475203105
-0.03949311974357736
0.0330651411989432
0.0020917451151777544
-0.04392444824394738
-0.0355689031626981
-0.06458107559944486
0.0431156833455724
0.0023260352099089697
0.04147812154850123
-0.051411330115515366
-0.004816634773699548
0.05200122768975941
0.0027040529573968027
-0.008710453409372624
0.03416181538014699
-0.006249302324572798
-0.02300391503507812
-0.008489674437168812
0.010319332353685068
-0.055457654286113205
-0.0025276009844536758
0.026135678340163705
0.056857098831428095
-0.0055122150302483125
0.059337082133494756
-9.23768612880263E-4
0.04582982554537659
0.0021439329058264376
-0.04063430879761969
-0.035569779281989754
-0.030041888759755813
-0.04680341002404595
-0.009154009920719276
-0.04684769451787515
-0.005464828128766206
0.02001304686750393
0.00593579890542967
9.561451739412419E-4
-0.0014066546078217773
0.002141919783496012
-2.4377163232017538E-4
4.723081669243877E-5
-0.028195332082085058
0.006991087621126077
0.0025266519182078648
-0.04873218410340564
0.043360427473780085
-0.002440508103642358
0.003007163185154184
-0.0648252568691226
-0.006983150870117404
0.018208732769553582
-0.011811054503444142
0.04949504103535723
-0.012454117642201869
-0.03773971486072737
0.0013546849557696252
0.0021171953424880697
0.048285789142267325
-0.002075319366311013
0.04196500698091475
-0.042294451667144496
-0.040229186584371496
-0.04926793973750106
0.0016787959070136632
0.03603404206980069
0.0046503772146493354
-0.0013588895083366497
0.04206144411185126
-0.015161660974558398
0.037914023119890755
-0.007198588203595104
0.0027477809098815846
-2.3715725209910905E-4
0.04327636226820666
-0.025159583360548316
0.0032604390542792417
-0.04241341773340564
-0.04655099995807334
-0.003136228206429058
0.0021304923019925
-0.00556342913180812
0.04872545728399523
-0.03518027118614351
-0.06710795093058572
0.025583457711577866
-0.032736070008477614
4.985558408997955E-4
-0.0604832529636674
-0.005604916199829908
0.001993011735451102
0.04425766539045773
-0.022658377119438067
0.011024882182944654
-0.0011847039103085625
0.052139051945380835
0.0022082672695121013
-0.002445395971968988
0.04489376888088968
0.03120476159957056
-0.003504487728491145
0.027429575402605814
0.025337297333935475
0.050969916955476195
-0.04625331325771382
-0.045503975791523245
0.01030045254002862
-0.0022999243897744836
0.037667875129341395
-0.0011678381584599204
0.005498940787243734
0.0024483315349339285
0.019657545582218234
0.016325022534613157
0.016844049630104378
-0.0039647252216679744
-0.024109026400249214
0.04034927498839812
-0.03889325596444381
-0.007074565680630991
0.005081868407635241
-0.041318603170044606
-0.029344981669924358
-0.04284816193602132
0.04285641748975007
0.034718367896242316
-0.001989816742884659
-0.043182833599967316
0.02478581265878813
0.006765137497836298
0.019280994209905596
-0.0054473509554371765
-0.025774114105715118
-0.025524960386029315
0.04929887892385018
-0.0038054924277424657
-6.860420181201023E-4
0.03898736938059605
0.045007956258409046
-0.04444476685250971
-0.02000799988982286
-0.04220182578021713
0.0017851830781933082
0.040738339138149414
0.055080807632333556
9.398703255859504E-4
-0.0022461833722423378
-0.0026079388494909452
4.0001196147386204E-4
-0.031226784610944438
-0.0076142677249933476
-0.041332616582484084
0.03806076040620498
-0.032522150268818426
0.02657982429763091
-0.04138529874917715
0.042767289877754085
0.03493600714130662
0.004399017233012079
0.004630656885621077
-0.03770150354870527
0.04093090268004281
0.003267515243672304
-0.03365215547678286
-0.004533822213472524
0.03723097992854561
-0.0456047969694587
0.01297784610456425
-0.01795147178678046
-0.0010979567770132107
0.0022454469277260383
-0.05307018293612611
0.029681048270788758
0.01004396186653145
5.68852780720835E-4
0.034809297446149134
-0.017876227556857454
-0.004483195923915187
-0.023914857333923203
-0.03542435845726918
0.021208204152541474
0.004516044367534596
0.03909746178464235
0.033036614800229624
9.395589012565282E-4
-0.03266595986111063
0.030303152556751426
0.04403811459373788
-0.04822315041569251
-0.03485494347191092
-0.0361257173486716
0.02646429613962165
-0.023000298051859745
0.01401201486655919
0.04122776707154377
-0.02430708741212175
-4.223835101405055E-4
-0.04273838478264898
0.0014820087719551213
0.02875964719581702
-0.007101577330252922
-0.054995398208397155
0.025517149594811567
0.0028503601693193586
-0.008322985752113491
0.023657750696348387
0.04548749350833563
0.038916532090259436
-0.0025709322948383527
-0.029075927666258147
-0.030563238507190536
-0.0156154336536459
-0.03538523683251443
0.031836201823825634
-0.06084534841300855
-0.039144373915080945
0.008882610679986306
-0.001112819383742516
-0.016726420989823153
0.04338410163240707
-0.002380604340817247
0.039914766003790896
0.03389529869301418
-0.0047303066118461025
-0.022560502812738525
6.63375408802029E-4
-0.03208506563681331
0.019733422794387112
-0.015496873180804928
-0.04066694431335175
-0.044809113203075394
0.02646743333326725
0.03341660877389571
0.03094451461573288
-0.005611743903180597
0.03981172117665062
0.016798982723216456
-0.00495753441657341
0.0011211759148985819
0.016951369578984948
-0.03708831339628097
-0.001218323809231185
-0.0030292598320673567
-0.029431909546879007
0.03640431624750004
0.04013065117478511
0.053295022859046734
0.023311990194553798
-0.029712560674663904
-0.032288434517335526
0.03560377650566184
-0.031236053069027728
-0.03674187313116443
0.026507206184832793
-0.0025569035440476747
5.41546934622194E-4
-5.384004593484766E-4
0.04017865219998854
0.02727660986987398
0.003831096269346262
-0.04328991001068338
0.0023825623132072886
-0.010512963769382508
-0.02615987409216098
0.0015281535518910914
0.03325550249647398
0.03346553614936075
-0.03667936852427909
-0.024518771983381753
8.864360354082232E-4
0.045678816476668126
0.0034436066473903714
0.03695736859279618
0.03398355744928138
-0.012354192057010584
0.03172747123190811
0.03100359338263752
0.023722811278182133
-0.003847905818715662
0.005096363834436649
0.007699235885972837
0.002600990903882287
0.025612846710186567
6.497276008815792E-4
-0.025430572400565423
-0.0025964314543039887
-0.005654997257639241
0.020014000629975198
-0.03191831799007108
-0.0014447662961011845
-0.0024021443296307413
0.039148346345047526
-0.013760769382936603
0.028048079623975316
0.004767615898894099
-0.0011580081089906141
0.023645927706186898
-0.02036679141510637
-0.036310439258103774
-0.028845337295304693
0.012306941614871086
0.021311026742459275
-0.03930128248284686
0.010814130575646074
0.023109739978725834
0.032905688345550396
-0.036543840166590014
-0.024239458315357378
-0.03406804109622118
0.030260559814545174
-0.005207351149430479
0.0020555956002474337
0.045671519341289483
0.007675134714975304
0.036603099825405466
0.026299715654599924
-0.012488507403512565
0.013108701654485284
0.017124169367522982
7.506019604624557E-4
0.029670206717532115
-0.03199566546680208
-0.00776047242756442
-0.014466471484827026
-0.04304930961970372
0.03085261868108876
-0.018254796144467397
4.442819812739047E-4
0.027266904735788428
0.03337989409797962
0.004290869864994303
-0.029784725384485327
-0.037079917257643154
-0.022345429178334993
-0.011100635493886322
0.02102296045932263
-0.0377202191051319
0.02592570826147456
0.02342623268472326
-0.052169138725387865
-0.036146361502323185
-0.033469580080758565
0.017475984089132406
0.007324926223874114
0.034611196465548534
-0.037353026401888284
-0.02245959629761104
-0.03876260773544302
0.028420453154890352
-0.002528424304699363
-0.04493285011303503
-0.011635669448239516
0.021846041510317906
0.006780834290553114
-0.028809883711851985
-0.006502872952016364
-0.02635615460042543
-0.01954861837515028
0.02892409820698551
-0.03537309174826262
-0.04681727319044194
-0.03507684702184526
-0.02388549643990397
0.026339448412969525
-0.001176311447210947
0.004752784149842206
-5.008203095077828E-4
8.681105905827067E-4
-0.023524300287595057
0.0179553957972568
-0.0301141831399006
6.847632148314608E-4
0.03636894226078507
-0.026791823524042028
0.02249206412816309
0.00380776814569917
-0.03240698014046243
-0.009820150714044554
0.0018755997145339185
-0.024996774555032367
-0.00820288704116232
-0.013462745797482214
-0.03308980756892768
0.02165759799489377
0.034329708449353305
-0.0033777670800631495
0.024301070915086175
-0.0012729082135159722
0.020969319735558975
0.037146013121598966
-0.002110124390072243
0.024319156980320646
-0.03465272991610103
0.002538407889480703
0.003986150203253288
0.012016162177534314
-0.027423292499985197
-0.026649155811450508
-0.02941994166346647
0.02111965099881086
-0.00991493083695467
0.008407984200652367
-0.018170897257881666
-0.0012817124144371157
-0.015206828912504279
-0.023824016036311704
-0.019151054265701774
0.03520359480332784
-0.012708603625161687
0.0021141197635293047
0.006188627277503693
0.031440799519832065
0.0013042049157466434
0.02376549013538637
-0.009503935019618518
2.7349787927584103E-4
0.035001228165047485
-0.03081992268326619
-0.02308368411682438
0.0019034365694722334
-0.002612816338299441
0.013304228974691478
0.03794104966820599
0.00216887927582875
9.209418660910899E-4
0.011559799490696056
0.021127253771469328
0.017078076124331525
0.026051501432331148
-0.028029598335846253
-0.02091872471253286
0.021493460691358306
0.01612180153990854
-0.027970540383898464
0.02439905505498221
0.034540012469331915
0.001982940077017633
0.024468802500464463
