0.0019713039312400467
0.001652471872606103
0.0013352182739156692
0.001448237099827761
0.0015034701430475888
0.0014907455866045862
0.0012518073616059845
0.0011534203671699746
0.0014381340748897136
0.0011873339165715724
0.0011876680559806153
0.0013935559947054416
0.0013587023148249793
0.0012130813698414651
0.0013724929350057344
0.001262974199684576
0.0013635397612198235
0.0010311181105285801
0.0012346047090902033
0.0011013132454087084
9.926965354075618E-4
0.0012771652796161233
0.0013322759862366982
9.094866993273463E-4
0.0014455524828513276
0.001158015656821235
0.00104273953025548
0.0012164040712279536
0.0010306351974406864
0.0010013489260483122
8.253656039105896E-4
0.0011443661772558295
0.0011986804538247923
0.002499162558460451
-0.0010617644223022778
6.230349325526389E-4
7.274047931285991E-4
7.725755328461893E-4
0.0023668399427614227
7.35046011230265E-4
8.850983741690336E-4
7.135515857042519E-4
6.538715609878986E-4
0.007606698165887016
-0.008378570636084859
7.117801280521677E-4
8.516438398508302E-4
8.306447722426283E-4
7.635610767099552E-4
9.076926255944656E-4
0.002339180595823904
7.057567122703415E-4
8.367858817782384E-4
7.195681260011936E-4
7.387132576759807E-4
0.0010427802742148822
8.051674902450562E-4
7.555840383568472E-4
0.006464148550777062
5.391128869000419E-4
0.0021502134916737197
0.006196008171053307
7.148553883226026E-4
7.399004164398293E-4
8.71091562221195E-4
6.239791462044804E-4
9.303049054948373E-4
6.540765420504733E-4
-6.646448694648119E-4
0.0011451381915033435
0.0017840121412729085
-0.0044741034579861335
9.104159122186984E-4
-0.005246306943314693
7.113076612856706E-4
-0.0010293055639037667
7.784771588154767E-4
0.0036583400622988895
6.286119535296685E-4
4.7014656005212854E-4
8.578174143491121E-4
0.00231904995066334
4.617208723350014E-4
0.0034549259268820886
-0.001237606834107781
0.004337733950399859
0.001213248018933431
7.133913946335443E-4
-7.871959283940742E-4
9.634044179086919E-4
5.489960563344557E-4
-0.007164888471071846
0.0011371266319997635
5.699367825849306E-4
-5.650865868714805E-4
-7.224285215815581E-4
4.8750037147081903E-4
0.0022593452781613696
4.559042321730485E-4
0.00363371230740287
-0.004020516785307269
-8.356512287154748E-4
8.17112527568131E-4
0.0019461020512198844
4.20349454326034E-4
0.00208822556744443
5.618102731778277E-4
3.87378441704001E-4
5.437104370050598E-4
-5.121481768756605E-4
-6.313290741131849E-4
0.005759119698837579
-7.96565674993152E-4
8.474112508651953E-4
-4.543885906124966E-4
-0.00340604419518729
9.571147731761817E-4
9.395221253717818E-4
0.0030127052263803863
5.795550457440351E-4
-9.75932883804355E-4
9.754198432419154E-4
4.585677197219082E-4
9.318872952776774E-4
-0.0010343613441452441
3.7385401063989523E-4
-0.0039302538823634894
0.006372232364014355
6.543057014314152E-4
5.70950358876678E-4
0.003998224976965857
-6.234215340844225E-4
6.051383282542848E-4
4.516202182276682E-4
-0.0066516755571407295
5.478183595868511E-4
8.801738021259651E-4
-0.0031265271557530134
8.229408258407923E-4
-7.548431183361584E-4
0.0017696948780866063
0.001476568360286478
5.320509206576518E-4
7.803731685597204E-4
0.004327083265766061
0.0010369381896787025
6.94770339936454E-4
0.0015475556373932802
6.913862719352177E-4
8.901460127014604E-4
0.0030790456334090876
0.005991949968804283
-0.0010409385673941305
0.004054260055955962
0.0012168648665376446
9.644337053509456E-4
5.875816976257399E-4
6.295410519446617E-4
9.434426585624919E-4
-0.0043234979591188945
7.830227399346243E-4
-7.960358882548058E-4
6.585120256536577E-4
4.1566722537406006E-4
0.002399049013151196
9.010828880616242E-4
-6.090675502584238E-4
0.005593074866251255
3.8664487778819934E-4
-7.104109353969467E-4
3.9386459765080223E-4
5.270562659189913E-4
-5.125610280925439E-4
6.639447853552491E-4
5.780039842441291E-4
4.5835798070679296E-4
-0.0012352242937629268
-0.001420687562016105
-6.791457539861898E-4
-0.0027838851430843714
-0.0038705924179252356
-0.009342942010077274
0.005056893335494622
0.002016245120107879
3.536899180275653E-4
0.0013043506135441759
-0.005240449766924148
4.6854793056745993E-4
0.002893524615299177
0.005189693001207202
0.0013835692325856537
0.0014019435351208104
-0.0032759487219083437
-0.0014914890290224315
4.997683891916301E-4
-7.493792503167282E-4
-0.004132089093690717
5.229533219629521E-4
0.002165631995946831
-4.832725153838902E-4
7.5078293956572E-4
6.385937313936701E-4
4.65592440795575E-4
0.001780007414272778
4.755063855011212E-4
0.00132789932458349
9.089825653270857E-4
4.736697950077632E-4
2.8661838707802814E-4
0.0010414737010008333
-3.284154983925138E-4
-0.0038989397824133183
6.278939533206544E-4
3.824810007708884E-4
0.007164536252236281
0.0026002208691295672
0.0020180899337990774
0.0011789435275727704
-7.72830095284961E-4
3.911944096831259E-4
2.589299487741867E-4
2.2109187595574455E-4
3.346039594061254E-4
3.8593363919717526E-4
0.001328152363213143
-4.161546095477043E-4
0.001320180591270065
-0.0012650316153315245
0.0031015625690552894
4.827474541506532E-4
-8.440407413431423E-4
-8.428924173923073E-4
-0.003750116485529259
-0.004323241742797669
-0.0016841394629620139
6.830969826868022E-4
4.4028701493367234E-4
4.0614283281087963E-4
-0.003574863372280527
-5.641442558215063E-4
-0.001270188442687287
7.550702085477964E-4
-9.78891143611925E-4
5.958290126790546E-4
-6.864860335519727E-4
4.752516362806619E-4
-0.004781313707384723
-4.4801895882001335E-4
3.203594807414726E-4
-0.001682725117359746
9.453671187577366E-4
-0.00654384173167147
5.369814679903188E-4
3.6852446277213627E-4
7.488572117099578E-4
3.3333282160433815E-4
-8.751202141651548E-4
-0.0017320872961081387
4.0226750335783625E-4
-6.805638425602007E-4
-5.921925133161238E-4
-2.611005484315644E-4
0.0017307674784744081
-0.004159409961701793
-0.003869432805139227
0.003768051396610969
0.0013469503784027928
2.611673343644285E-4
0.0011255251079223785
0.005134856706644123
-6.062624742330883E-4
-0.0010958796832291025
2.683468764997551E-4
0.0029435289781143312
-9.17369302951413E-4
-8.077675376695336E-4
-7.329183245331853E-4
8.940304635174476E-4
0.003092268065311977
7.360493939433238E-4
0.001911307811419109
-8.714080243602052E-4
-3.182252611426357E-4
0.0016990563406882003
-6.324999084644534E-4
0.0036881710711475085
9.059746124116066E-4
8.67670128072419E-4
-0.008901568507032385
0.0014710955612784265
2.722148983820225E-4
-2.0212069591078995E-4
-0.0031055628491796147
-0.003040175759444135
5.437903921521587E-4
0.003265540197015495
-0.002502555890886192
0.00630232750221925
9.483598739124673E-4
5.035879085301887E-4
-8.275315475341342E-4
9.13414998289878E-4
-3.487138902395031E-4
-0.0022725319122534012
0.0012836393990410988
6.678726615065609E-4
-0.0035618066776448463
-0.0010951860095865724
-0.0031663250333471044
0.004703330326547253
-3.651813733642522E-4
0.0014890378018259684
-7.634690259741876E-4
-0.002748880968515019
-0.0032044463826249887
0.001310754076368112
-7.084336410638997E-4
5.779805466333577E-4
0.001640649412823978
-0.003938015139310443
-8.017788399504925E-4
0.0010780835672296115
0.0012715702133364736
0.0030369147285278794
0.00122763143575634
-4.91060391971545E-4
-6.525600084011752E-4
-5.762071952054925E-4
6.569680359198081E-4
8.104017211004188E-4
0.0012632619056788448
-3.2206345183383644E-4
0.0020585891310316894
0.0016868197227133152
0.0017223662223791872
-0.006644251285921488
5.415535176641279E-4
-0.003206089510657312
0.001685683469539652
6.851733046771167E-4
-0.003128707380450281
0.0013280422904250653
0.0018602989793031456
-6.597499253007255E-4
-6.452849264581404E-4
-7.339962272102491E-4
0.0015931894138493494
0.0018903803433631668
0.002104659971598655
-0.002087415514075997
3.9382104565286174E-4
6.285943230034315E-4
0.0014819209482980894
0.0024923025473729526
-6.326730491733784E-4
-7.176244369138707E-4
-0.0023274315027068545
-7.30982814375123E-4
-4.871172182904318E-4
-9.762394035692162E-4
0.004431016787031881
-5.450237058407986E-4
0.002134319406500262
0.0019320913811932008
0.004367709097562018
4.14448593591404E-4
0.001119782791212503
-7.006691944973152E-4
-0.0028378311818399683
-0.0011670042760193568
0.0031282084269974165
-4.1675285046032233E-4
-0.0015174993491443441
0.0025284006495625002
-9.257156686313592E-4
1.8352273287140246E-4
0.0011363281659268868
-0.0025134885915281675
-0.0019764850351963307
0.0029055437252537967
0.0011157306022835946
-5.240236180228892E-4
6.054452214977932E-4
8.254357270507828E-4
-0.001562874904613948
0.003648931972447647
-9.452126838027494E-4
0.0011808611886371864
0.0014619132957528643
0.0015836961874450047
0.004009353995420473
4.0016766562430415E-4
-9.911884478134773E-4
3.3573680838402964E-4
0.001696970114547439
-0.003632564800194067
-2.0146376325594855E-4
0.004539309763765642
-5.823483785738352E-4
0.001212704374978036
0.0011699560607354841
3.061762091146237E-4
-0.001862220150714239
0.002123211295245199
5.591156959980105E-4
-5.797807067360378E-4
0.0010658071921483857
-5.235205100285184E-4
2.2442227861776368E-4
3.6708528047539097E-4
0.0018824146298980619
-4.392325066968386E-4
0.0026223834900322464
-1.896964367092563E-4
7.376723246539951E-4
-0.0014926157252973954
-0.0019721137882620587
4.2538631697462974E-4
-0.005509929370846661
4.930818158494578E-4
0.0040393823973136405
0.0011777669143757563
-5.187116842294003E-4
0.0011200883511167771
3.4896904933572667E-4
0.0015857524792747904
0.004920926508480069
8.410949454050481E-4
6.80688161696339E-4
-5.124915100763021E-4
0.001191941190016764
-8.347488234936463E-4
0.0056459531419036065
0.0013187280538801277
0.0021112931271974576
4.916157420945295E-4
4.310123000630194E-4
-2.8384735025296877E-4
-8.546137618618547E-4
5.546643797123427E-4
-9.01077840440218E-4
2.3834599941985254E-4
0.0035869025148939984
-8.054067372935458E-4
0.008380273485938922
-2.7648931418051037E-4
-0.0026160590875800947
-0.003022937998304384
-0.0040291436702138755
0.0016313077236803448
0.003669702105784635
-4.834863204459383E-4
-5.619990558598137E-4
-0.0020916725228314983
9.472318558272726E-4
0.001035224803713025
-3.285349863431254E-4
0.004207562400412959
-0.0066875119020627675
-7.10675437990015E-4
-5.278598406573429E-4
0.0011958163277725402
2.8590987246850363E-4
-0.002287039955021174
4.678294359158401E-4
0.0022772340301228365
5.551230247313952E-4
-3.7946302332597003E-4
-3.790016632998547E-4
0.0012220665386488013
5.185669762925515E-4
5.889508686570106E-4
-6.653042894274588E-4
0.0013771425771448372
-3.515497390887887E-4
-0.003921131749478943
0.007889768299878527
0.0010283019856984863
-8.448630039450402E-4
0.002062798275167963
0.0014723653785766325
5.622192908535719E-4
-7.563736114413647E-4
0.001231182174452991
-4.3347013802658277E-4
-5.006776325558776E-4
-0.0012927166384413982
-0.0010643505230704447
0.0012919353698684479
8.049521999294608E-4
9.506808100134162E-4
9.452204320513363E-4
-5.648291689318535E-4
-0.002423509848877274
-3.490433899421986E-4
-7.408191790267458E-4
-5.552649928919871E-4
-7.610793431440631E-4
-6.297136185180724E-4
0.0010347898852980284
1.136383931659513E-4
-0.0021871461533385034
0.0026710938950561874
7.184846664896145E-4
0.0025348683438840636
9.743240722178076E-4
0.0026803908313755916
-0.0018388845662865802
4.6473044048017307E-4
-5.850444432732665E-4
-6.118422056870169E-4
-0.001955843141010658
0.0022356551647520293
4.534527339089804E-4
-8.82307611895397E-4
-0.004187930688806786
0.0010084468661887395
0.0011705153497633986
4.845656463943838E-4
-7.316518546389349E-4
5.143866921149798E-4
-4.729993156334512E-4
9.090922558652377E-4
-0.0016224682197547163
0.0037966538137049863
-1.7342060568478128E-4
0.0011965201347033166
9.90879096675163E-4
2.598935738981641E-4
0.003927287533791273
-7.453367408433272E-4
2.734302519238259E-4
2.1331021531431472E-4
-5.056490014998749E-4
0.002289185880579446
-0.0032305901109226103
-5.549643399572923E-4
7.980127526404651E-4
2.3241400017354424E-4
-9.189298104103008E-4
0.0032369907879599862
5.71537907244801E-4
-0.0012810021922028281
0.0033541725859927893
0.001713345720303916
-5.657049697655669E-4
0.0011252147100960987
2.503461344663588E-4
1.4256324499563986E-4
-0.001662874178855639
-0.0014278527717955813
-6.709466417549416E-4
-6.85969429070881E-4
6.742113614529577E-4
0.002844821761101862
1.7664708063439672E-4
0.0010616418200517482
0.0029541533007270927
0.006574821917835211
5.390085809682001E-4
6.840576870953917E-4
8.561210459381931E-4
-0.0010703301618576098
6.441798301329687E-4
1.886669058008206E-4
-0.0030368984026360618
-2.8236284342194836E-4
0.004721872822292711
-4.838722109451799E-4
0.0011599645851667602
-5.631673428923409E-4
6.341294084246385E-4
-5.642680627216495E-4
-0.0013442772488503464
-4.496928986582417E-4
1.4895364728439563E-4
0.0017177678522697797
0.0016324913442618421
0.0011031333735561026
-9.987807529387195E-4
9.150024500931902E-4
-4.6492916394645504E-4
8.31517245673146E-4
-1.9812716169004637E-4
4.357131446473303E-4
-7.637550220449881E-4
-0.0014512305416201248
0.003113897466824188
-0.0018051323444449262
-3.3281342746873066E-4
-0.0010322491961714153
-6.259528870980039E-4
8.926949344321398E-4
-6.718739752323322E-4
9.003434041301844E-4
4.3001725161039115E-4
6.793599435355978E-4
4.974813827340474E-4
0.001653002238233237
-4.7304919704671414E-4
7.487293390083673E-4
2.035844154326706E-4
0.002164124914112924
-0.0032323172643168815
8.402796645398508E-4
4.5984661052192547E-4
0.0022781851394247264
0.0015980194116233652
0.00217136422348899
-0.0040039919287424
0.004814505331493201
0.0014569956423121596
0.003516495729697252
-0.0014827844051602513
-0.001676597605562359
0.0021022130227592284
0.0016737150996661173
-4.908949732876955E-4
0.0011936541676779312
9.19984727341079E-4
-5.44485387931291E-4
-3.5127607912201816E-4
-4.977844933964805E-4
1.3977600758424853E-4
-5.236211258382126E-4
0.00699051276027466
2.031452441612061E-4
0.00460760816575356
9.890451773514773E-4
-0.0019960544274482458
8.154933659874624E-4
3.5146084597533953E-4
-1.7501753014734873E-4
-0.0012118553895259269
0.0022546251898952277
8.597589539694695E-5
-0.0012050550257396249
-2.831860312986197E-4
9.80788322424427E-4
3.2955712042295635E-4
7.315559085138426E-4
0.0011153287602390946
0.0012825221911370098
3.8290425254108954E-4
5.836834567450672E-4
9.70891907804346E-4
-0.003626164520293452
2.6574382805849117E-4
-4.164572617509468E-4
0.0033212536235809197
-7.117397657833775E-4
-2.9565763520513524E-4
-4.1424919720619945E-4
5.873982670632017E-4
7.086863557058848E-4
-3.81975802473901E-4
4.944399917918349E-4
3.597254615904135E-4
-3.246251527857903E-4
-5.864455230293738E-4
7.831592165969505E-4
-0.0026511935617939994
0.0052989667130139235
-0.001288028009556705
2.4814021838447586E-4
7.850951109055116E-4
9.792318049872926E-4
-4.7251821021314675E-4
0.0021571898835082036
2.90228757648888E-4
-0.001315090538702729
0.003192917226404809
7.212284146147491E-4
3.8012432167940205E-4
7.993714849326617E-4
-0.002739016224691642
-5.830354804939343E-4
-0.0052678397845519215
0.001410986573894509
7.55842730818012E-4
-0.0026208252186497895
9.056816441950132E-4
0.0013498686559828422
-4.3085507708352116E-4
2.462464637230802E-4
-3.7140699176849547E-4
4.23744495166436E-4
9.026093379201048E-4
-3.5858614854711063E-4
-8.033385648866759E-4
3.2097439680197167E-4
0.0020819841882396785
0.0010132088635798815
6.692527080449708E-4
0.0010532362027727783
-1.4958216387051332E-4
8.491818317447168E-4
0.001028225814885413
-2.847401824753812E-4
-0.005435416845897167
-4.809737478473441E-4
0.001221893461280423
3.6376913263496216E-4
3.587804993223739E-4
-7.857148821018415E-4
7.027617630029943E-4
5.370937841782914E-4
-0.0026528807349281095
-1.9576661356352285E-4
0.002432373763946845
0.0010163134319166557
-0.0015528558346533392
-4.5837672454624633E-4
4.746135250251238E-4
0.0029851839462648718
-0.0031006311393877036
9.976818442346293E-4
-1.8750794869148478E-4
1.571670017452899E-4
-3.836885701583629E-4
0.0011431185983346959
-8.799898639710865E-4
6.086449885544179E-4
-5.517850039955838E-4
-1.629512203532078E-4
0.0011252999882071075
-0.0029439148572860726
-0.0027288349799991026
-2.1518968485597625E-4
-5.129689631495201E-4
-0.00391963452553961
1.0521232633550289E-4
0.0017043885609515372
-0.0022025067778551947
0.0012968323629359794
6.461803957333836E-4
0.0023141754656396036
0.0018392831401121644
0.0024102619635955466
0.002419432882008913
3.994209043724888E-4
0.0015448144431113972
-2.281640847304215E-4
0.003382939691952562
-3.7008224583935244E-4
9.73576534658987E-4
0.0011696678401505718
0.0014917772368526975
3.255998861901484E-4
7.016046176349437E-4
-3.289907220857946E-4
-0.0056494198278458875
0.0015469569311641126
-2.2460746609902134E-4
3.060212611701929E-4
0.0027729430030830125
-4.7621052319629637E-4
-8.4046173728205E-4
5.195197747299631E-4
-9.503861794921472E-4
0.001396462986384635
2.673588545785295E-4
8.679164721978571E-4
3.2227278144586306E-4
-6.0248664373475E-4
0.0011176128066850894
0.00801955828598382
9.146637805295596E-4
5.483047254231018E-4
-2.546463474502427E-4
3.4913192701689535E-4
0.002916651687442645
0.0016902790549995505
-3.7063338047899487E-4
0.002622574695122765
3.4668631966881016E-4
3.5239909024340534E-4
0.008040428858813271
-2.541974534834171E-4
-0.001122394880616874
9.029595522273735E-4
5.552174935077535E-4
-0.0015660853624319918
5.827605805388562E-4
6.453777846903117E-4
3.1191419729805923E-4
6.769861742958159E-4
0.0033990263653227524
3.419082692619964E-4
-9.908467795472242E-4
0.0013406043670010452
-7.400981247873105E-4
0.00414624399748431
-0.004982519668764804
0.00246345211596326
4.721258927284892E-4
0.0019427645423724352
-0.001710343528577001
-0.0013421638354984486
-0.0025545258380872625
8.651672705173267E-4
6.776391400001148E-4
5.08563377830582E-4
-2.931979607989316E-4
6.996132990177414E-4
-3.007893085174138E-4
3.485882783327975E-4
6.220744627353727E-4
0.00418697588885985
0.0033769871351383447
-0.005029889876734916
-0.001084941139880972
-0.0025390070927050644
0.002368329315847463
-0.0016754138445560828
0.0025042585806014307
-1.9553479766298978E-4
3.490814338890469E-4
0.002139798726858388
-9.867804582320923E-4
0.004143734761554793
-0.0017022565541129375
-5.078619130663853E-4
-8.324566265854663E-4
-0.0029886513468408205
-0.0014884480606646283
0.001742202224681865
5.956055597943228E-4
-0.004595391701667713
3.862269048446659E-4
5.958951261968978E-4
0.006691627713017448
-2.6633086497074824E-4
-2.818786944973813E-4
0.002595343356366207
-9.482916292262451E-4
5.893097330995276E-4
9.567716599137082E-4
9.894085603496426E-4
-0.003421827549220291
4.4830498945759237E-4
7.942421424671181E-4
0.0013471068673200411
0.0012233121764772556
-0.0028101051658289394
0.0014116398659812085
7.655554074717021E-4
1.7374608964959597E-4
3.755698984998141E-4
0.0019038052040284469
7.68167440071414E-4
0.001998786199871861
7.352622138694355E-4
6.492205594454489E-4
-2.3663008197944883E-4
4.975042695219437E-4
-5.025220919255141E-4
-0.0021306862340379736
-0.0034510443013208675
-2.7489177207133794E-4
-9.44047576166535E-4
-2.9460704089881424E-4
4.1403833247861434E-4
0.0018604850013621008
8.017847557809421E-4
-5.765514167690728E-4
3.0711592106226303E-4
0.0013000063866339718
8.410550653941578E-4
-1.0897194170435581E-4
0.0010458266198629614
0.0011167904004581956
0.0013863883575867839
0.0022146839980385557
5.499904963182566E-4
5.397853483616858E-4
-1.7971709943330038E-4
-0.0023245905570931456
4.940684702372371E-4
7.597389108587835E-4
0.0015822238372657654
9.540914851396275E-4
0.0016311413358140155
9.83089431696739E-4
-0.001542676328192783
-0.002809292017759811
-0.0018063872365604878
8.922242141661235E-4
-3.418315150696723E-4
6.169724058691423E-4
0.0017335654728528038
0.0012283294437700723
-6.711045601415372E-4
-0.0019383885527793476
0.0027970352717323027
7.440871728880348E-4
-5.254209279397348E-4
0.0024454168429234382
-2.959994648836146E-4
-0.004443299523787853
8.283605293840863E-4
-2.7022756992759513E-4
6.429041663883097E-4
-0.002242271390894685
4.1100893894512405E-4
1.1558112503864956E-4
0.0022145154972413226
-4.984919138796462E-4
2.8882646410441424E-4
-0.006353731879551501
-4.520671126921252E-4
4.742195424320876E-4
-3.559577613565297E-4
0.0010666956087033077
3.4592910848022293E-4
-0.001157404319260141
-0.002385337311570357
0.006196667235815848
-0.0018386163325083118
-3.6359176563515203E-4
0.001513479031790029
0.0014041895979944271
-1.955953286291423E-4
-2.89638763842283E-4
-6.218211557661749E-4
0.003108802014057932
7.081277442125183E-4
-0.005388167161139761
-3.227831369141426E-4
4.767254801396461E-4
8.301989827103507E-4
-0.0018041840835982077
2.2437834504974904E-4
-3.7085081591348666E-4
9.624271721472636E-4
-5.706233937919289E-4
3.4872666178269906E-4
0.001105426911252139
8.00624073875098E-4
2.986483424253054E-4
3.8512641729582025E-4
0.0014722743481337336
5.598753648956679E-4
0.0023200500012614932
2.9351431625709135E-4
0.001253099324078349
0.001681099632793669
-0.003093331022302722
0.0010840665699821238
5.273865922546585E-4
5.788856771103705E-4
0.0017027870186524293
3.459650653747587E-4
4.962631113386335E-4
-0.0010308140528434012
7.164061328808398E-4
3.898173836168823E-4
-0.00275635031502953
-0.003954861608650526
5.945732595222889E-4
-0.0011223642397792826
4.2978032287940723E-4
0.001308019848814947
0.0015459001283804636
-0.002200277643018816
-0.00282236842462495
-0.0028680417998230017
3.641000955412208E-4
-3.616000721405973E-4
-4.284949924475863E-4
0.0012557380422462089
3.0056072274002935E-4
2.9130189253957333E-4
0.0031814338542017805
0.0013706789201390704
3.0622968735439626E-4
-5.252601849767846E-4
-5.952459734191044E-4
-0.0013778159630324018
6.276369222093273E-4
-0.002119081212959936
-0.0013567618153135829
0.0010299623410817155
0.0011280933328637194
2.583326337079564E-4
2.485997408826715E-4
-6.28146089835587E-4
-0.0015391349672939352
0.01190397988291723
-0.001296369443044122
-6.167124534621655E-4
-0.0022502075784832038
-0.002468561792655905
9.937452073318718E-4
0.0027156490022302786
0.003930018966721607
-5.170278726606524E-4
-2.956272418593774E-4
9.538673739515113E-4
-1.8280194723248485E-4
-4.0860009208548356E-4
6.41065506812738E-4
-0.002414564285186217
0.0027396854151683424
-0.001743118679730887
7.825169476695981E-4
-3.533670730884428E-4
3.069710319109926E-4
8.006236126791596E-4
2.3376688221641003E-4
7.148606729511447E-4
5.400940800646726E-5
0.0016691737614374484
2.512510481740136E-4
0.0018889901324295264
-0.0011393079093128125
1.5984022719077318E-4
1.1135939440657439E-4
9.31819605310694E-4
-0.0027389247112388575
0.0023684726919410157
0.001076276303241543
-3.1140524948730007E-4
-3.8287221272001205E-4
-6.348034851420608E-4
-2.7446095542603405E-4
0.004394149462873812
2.3106202981417292E-4
0.005578573318039671
-0.0015982926361964478
0.002025651426651953
-7.39828421763033E-4
-1.3298951614423095E-4
-6.114697772580312E-4
6.842391305424592E-4
0.003056415807739057
-5.704528582257269E-4
-5.420905520531608E-4
8.765817960600943E-4
2.4177587071551863E-4
6.199699589509567E-4
0.0011416173919652644
-4.055075993245766E-4
-2.440522502367743E-4
8.323991996736039E-4
2.3992077417310284E-4
2.8807736405708664E-4
-0.0017149223964675745
-0.00461902878713588
2.532639528124603E-4
-0.00154950835404876
8.94727452050731E-4
1.7863437132492968E-4
-5.969565891518295E-4
1.0367523950564122E-4
-0.0011230822196874489
0.0020159757478518422
0.006872703580437585
3.277316067443831E-4
0.00201808869993966
0.0012364443976785502
-3.212655330931195E-4
0.0010669687608013201
0.0017761074808178808
-1.221166217272371E-4
-0.004872026907829541
-0.002193525765235291
0.0010538689371139183
-6.0017273525892E-4
-0.0023415753083499964
-0.0011186312066099105
-0.0014742418863610879
-0.0010943022539531267
1.5123446087898895E-4
0.0014464039218106868
0.0011816934863466781
-2.1856326184428913E-4
-4.8082887287467714E-4
0.0012047268413121937
1.3100962980972018E-4
-3.502869199823191E-4
0.0023160313789724407
-0.002232680796573961
5.260423400485774E-4
0.0018358796243251579
0.002274119184085429
0.0010623071530675545
0.003427738929091214
-0.004594744368576247
0.0012292774554773477
0.0010324467959190453
0.0032469985261091012
-0.001353842405738447
0.0016085928068766324
-3.217619601835433E-4
0.004010276274598901
2.3848050104645523E-4
2.293516020929852E-4
-8.94700026168109E-4
0.0013474280789192723
7.427716224977012E-4
-1.909279024237624E-4
-0.004791683650961862
-7.203397789592233E-4
6.208587206209379E-4
-2.011167943344257E-4
5.472049149237567E-4
-3.4948425704894534E-4
-1.360457346145184E-4
4.863916362064115E-4
-4.65543990189382E-4
-2.5203690860816003E-4
0.001119296506267373
0.00482393492403758
-3.578927039617715E-4
0.001121182416694343
2.2688474083543497E-4
1.7377189188929923E-4
-0.004001250348728733
-0.0012123280090416627
-0.0019374494389940218
8.760493747083921E-5
4.45667440570921E-4
5.020584231045375E-4
2.521430619537347E-4
-0.002169317226996382
4.246228247771668E-4
-0.001384510354352129
-3.3438891819197224E-4
-3.4805934306763394E-4
-9.345714164250807E-4
-0.002729030298491964
-3.8802419892580974E-4
0.0015578221296055
0.002309897365380471
-0.0014989324707534628
-7.340765221763162E-4
0.001387112791009793
-0.0014520031480897793
-0.0023938270984376884
-2.8393893483711935E-4
6.73661121658764E-4
2.0859025740124575E-4
0.0013159240991993996
-7.247544451193594E-4
-2.7705122382020087E-4
-3.199587927518799E-4
-7.614495817783505E-4
5.338553679189969E-4
0.005763572697727035
2.880710465557235E-4
-0.004452630406041182
3.0303078764314225E-4
-5.756655845665917E-4
0.0011821880424884434
-5.045623180587661E-4
-3.292816410069208E-4
-5.247081935498307E-4
-2.1454279684847693E-4
-2.437702852786635E-4
1.3211546079488595E-4
-4.3925321980206855E-4
0.0016929118876758751
0.0016074157204329345
5.977817292694204E-4
-0.0021120423945026343
-4.768653845457966E-4
-0.0010617767233760814
4.043097208715798E-4
-4.0983257403270196E-4
0.001755512125138353
-0.0015275334453941254
2.3016699546569576E-4
-2.4993408215939956E-4
0.0016492469096734237
-7.413894655767625E-4
-0.0029084232244156803
-4.48827122663074E-4
-4.5198136956769807E-4
2.3339960404331452E-4
0.0021622707215426737
7.88450868168552E-4
2.4356624927282568E-4
6.35567227813636E-4
5.815203337492157E-4
0.0011148432147273723
2.0218251131881376E-4
-0.0011616172555285631
0.0010536834846749585
-0.003377303650532623
0.0025872111939814965
-9.527792095117694E-4
-0.0013087252838225568
3.114956908978876E-4
0.0012046568445788983
-0.0012300182643503455
2.2717117661757614E-4
-0.0017875666956115065
-2.5284073916877496E-4
4.083328925700312E-4
-2.7574533747777303E-4
0.0010342852379517167
8.748354075937641E-4
-9.002262186673154E-4
-0.0021229585856763745
-0.0012050103408973857
-0.0022987172442184307
0.001169210068514612
-1.1986751012206443E-4
-3.9416999382498025E-4
0.0013296241865964023
1.5889592804442228E-4
3.3185600993296797E-4
2.462304400405813E-4
-0.0012827881153963023
0.0010751231491464717
-0.001020914336184208
9.230836935063093E-4
2.2281250964100628E-4
0.0011803349000081796
8.900870886491696E-5
-3.047934347951071E-4
1.391416235487347E-4
-0.00324659075075919
3.834258839811076E-4
-2.739166046712925E-4
-0.0010552412926401963
-5.565539656088922E-4
-2.259588721910253E-4
0.002480130174420535
2.5119354862284597E-4
3.528314371211488E-4
-0.0016758281350432755
-1.7482573701795904E-4
-0.0015599610288548442
-0.0015379891642079207
8.681295674004682E-4
0.0031232235268219733
-1.9423890860573306E-4
-5.06848093664342E-4
-4.472717363989667E-4
-0.0025171756741745937
0.003166031334871261
4.502930155452758E-4
0.005685790645994665
7.524425886785144E-4
-2.0865293024586475E-4
-0.0012846955968824428
-7.420626317009148E-4
-0.0030211630509263216
0.0010251308953281653
3.950832028203609E-4
6.311538478755958E-4
0.002431295691091073
-2.4156275084563866E-4
-1.9353514646921007E-4
-8.93741093740457E-5
0.0013526654703628499
0.0013073600379732572
-2.125102536584819E-4
-1.7191774747027472E-4
2.8997552806458223E-4
-0.0021745534804346084
6.561000862884869E-4
-0.002871082249256458
0.0012141504240493913
-7.489540930855192E-4
0.0039015919794289033
0.0014165175353226883
0.0021674866370024314
8.433280477315123E-4
2.307100014388821E-4
0.0011414442209009882
3.693388122140704E-4
-8.726482313792988E-4
0.003301818653390088
-0.001819062020110237
-3.0221163858016887E-4
0.0015830758195778318
-0.0018063920128541285
0.0013323350761726678
-0.0010067181147016763
9.549606855781234E-4
9.699287423645281E-4
6.105693240334598E-4
-0.0020439469466826295
5.415881502533263E-4
2.0124169595056845E-4
0.00372683706896474
-1.8667326161528227E-4
5.26365414209725E-4
-9.958290791186267E-4
-5.290562805811246E-4
-1.0241889348273121E-4
0.003716268211801539
0.0014611987106032782
9.436130603317478E-5
2.7005916745261244E-4
6.297928979926417E-4
-9.343592798742108E-4
-0.0011919236296879586
0.0038178249828370587
-2.941563630260218E-4
9.910495506862305E-4
8.202595586864678E-4
-0.0015685840703304834
-6.971024504333417E-4
6.790463685326386E-4
-3.557301306716672E-4
3.4432769263524507E-4
6.704385625760796E-4
0.0011703667132221273
-0.002506380348531077
0.0011531671828238763
6.314176797673733E-4
0.0019624597977165757
0.004096501249475676
-8.322961278165574E-4
0.008993533013822996
-0.004205668559733718
-0.0027897242192342
2.1986437340677656E-4
1.9125097967637378E-4
4.5267723894766516E-4
5.301159891442663E-4
-2.1851664015866605E-4
-2.1226867749821396E-4
-0.01055676542838386
-0.0016284830949237273
-2.3493050750970448E-4
2.994325763284017E-4
4.910122571700325E-4
2.3380620760839687E-4
2.8481063397039255E-4
-4.142292613460507E-4
-0.0010426660941983967
0.0010558839743529998
-4.069755658919708E-4
-2.3555568585945333E-4
-0.00234359209801722
0.003180650018049791
-0.009110405278449396
5.6695441009001336E-5
-1.6691229215596014E-4
-0.001038813897678819
9.74006972015702E-4
-2.237612586201076E-4
-1.75173033041515E-4
5.28059531762811E-4
0.009018260494079134
3.961625600459095E-4
-2.3400629234011117E-4
-3.6526182381251297E-4
-0.0012153768633619121
4.916082068382558E-4
0.0028519004291289677
-5.035988959526234E-4
-3.528709426710416E-4
-8.728001617795896E-4
-3.221943033560201E-4
5.868098746959474E-4
-9.481988117524525E-4
0.0019081213570245968
-0.0016638404332235482
-5.551124502141094E-4
0.0024070444854952214
-0.002121747187440922
-0.002899877816586622
0.0012552605613677709
-0.003321007746702289
0.0018360950913289722
7.923756732001153E-4
4.0675622519750537E-4
-3.547334407381245E-4
0.002967319465128028
0.00120440170921982
0.005372102899852174
2.4293057470650386E-4
-2.8031147550168687E-5
-0.002873107370260071
3.495397547355267E-4
-0.0014406590779620677
0.0026918375528311
-2.44742553065673E-4
-9.346737415464706E-4
3.84998126056986E-4
-2.783747821062909E-4
0.0016155535801520824
-0.0017487602998438412
8.808690279242003E-4
-0.002128677996024381
0.0038080840157042324
0.002720860173581027
-3.5197872354606114E-4
-3.2651012411410784E-4
-3.384346810669213E-4
-0.0015575389596562768
0.0013185924477482696
0.0017903129523206436
6.225522237072423E-4
5.747406493450089E-4
2.0107079433970122E-4
0.001167940483145469
-1.5549750246420167E-4
0.003467388366058275
-0.0023031441938434452
4.8261245133698427E-4
2.95895539186999E-4
-0.002971443458332007
-0.0010341976622222538
8.232128758901845E-4
5.475240272609101E-4
-7.457557077475507E-4
-0.001525890613018997
0.007791682582064991
-9.967790010253772E-4
0.002780329250633066
0.0021045790652070434
0.0014208991853980925
1.9917993853087195E-4
-0.00122850347401481
1.001406245065614E-4
-5.12463417419737E-4
7.038452975501287E-4
-9.28647034451483E-4
-0.003246200322643753
-0.002630493339645314
-5.756118093451962E-4
-3.0424619218816175E-4
-7.801181484707737E-4
1.2903626673109418E-4
4.003200401326285E-4
0.0016904328327654598
5.453547907370668E-4
2.599517024329231E-4
2.430094915145833E-4
-2.5969236984459994E-4
1.4637405194691298E-4
8.35405475379594E-4
-0.0021298186196587825
6.926724054201367E-4
-0.007360759114317662
-2.669593343010714E-4
6.366113741700068E-4
3.927073790112181E-4
-1.819735493243002E-4
9.305645012892211E-4
-2.333827677724056E-4
9.81798407542876E-4
5.062096628373901E-5
0.0073197311968012
0.0019792423237702827
-4.124135246848498E-4
3.6712386404600284E-4
-4.378220474842366E-4
-1.332834788808575E-4
7.582780710549243E-4
0.004054385167104039
-6.608390167522625E-4
8.77513952253168E-4
0.0011698315170378237
-3.1584606125569556E-4
0.001287137329740889
2.6674590015428155E-4
0.0016795322513015614
0.0029099501211425505
-0.002157507049718657
0.007687724668170391
-0.007485527557807732
2.2582332370045364E-4
4.414031480544424E-4
0.00223069267313231
-1.1204717468110592E-4
-0.0012383746236842704
3.5106626407014734E-4
0.002277449140353408
1.660604191517971E-4
5.102187040014595E-4
0.002817467754025689
0.002794139366141869
-2.4464941200271693E-4
-1.979623948530613E-4
0.0010104195520193146
-0.001156841791593768
0.0013433494937750883
3.738347818845574E-4
0.0022303902818283827
0.0014508564949800753
0.0016904745408470867
-5.609616670194013E-4
9.391894294928257E-4
0.007369554408576083
1.719380282344747E-4
2.998579978250969E-4
-0.0037528897369747565
8.704082605238957E-4
6.005472205083714E-4
5.9930111376402286E-5
-0.003297396967620945
8.686805121854435E-4
0.0011364886158544626
1.553934074865371E-4
1.8178864980252895E-4
-0.0014813841681364033
-0.0011110823464259196
-6.381967394188666E-4
3.8110847815469255E-4
-0.001938382713264799
4.6643121238477416E-4
8.559866507137758E-4
-2.4857321076862904E-4
3.640526598101985E-4
-0.0010698536303392241
0.007499030333095034
-2.2968550341001374E-4
-9.147020565690463E-4
0.0012814203085793926
0.0013423086102492155
-1.4399200552789603E-4
5.413482778415333E-4
-0.0031134577894382748
-1.1769734123557592E-4
-0.0027364481390736743
-6.591016317931867E-4
-9.744272646092538E-4
0.0016805693278020796
0.0012281036873082922
-1.3715300014917098E-4
-4.673076079143117E-4
5.343857592339211E-4
-0.003512300874810168
4.921912292367763E-4
0.0011323286630909883
-1.791656018164137E-4
0.006642038421357083
0.0017972803687855343
-9.9326233423426E-4
2.2881939217156313E-4
-9.233354069089032E-4
3.4996894897281855E-4
-0.0010483291921531887
0.0069515194587790345
-9.115868928188246E-4
8.675702202632273E-4
-3.209925101689349E-4
-0.0016934618461379178
2.9055464897337493E-4
0.004582257132177589
-0.004728240718168251
-2.2358125136671378E-4
-2.3381030112619894E-4
0.007450251005040772
0.0018129350478890516
0.0019331473495078184
-8.406625834266945E-4
0.0017977451204228495
-0.0018474410249771436
-4.16599717901781E-4
-0.0034319569471577796
-0.002741169911016711
-0.0024234346130997107
2.473927216705078E-4
-7.844164962481753E-4
-2.3430033402678757E-4
0.001672167805746864
3.310302592940446E-4
0.0037322652354678364
1.5426900937452572E-4
0.0034126513027505404
-1.8869233046682035E-4
-1.6162940680271043E-4
4.4550930958354247E-4
0.004026675238247992
7.272170736932689E-4
0.001949802717005208
2.702033493656823E-4
4.183248585032812E-4
-2.0855023177888794E-4
-3.5818241267266397E-4
-0.0011377417742678847
1.1359417680795383E-4
-5.583500993332536E-4
2.9650941128770466E-4
4.662235093720417E-4
-5.93798688502917E-4
-0.0024752175441585785
-5.720596602829841E-4
3.552021519711284E-4
-2.0049124900537924E-4
-0.0027364840894397694
-1.916377059486218E-4
4.2553922862153507E-4
1.5458458584058647E-4
-0.0016855058234926173
6.128983956493597E-5
4.2135430762468157E-4
-1.9432010844918756E-4
1.4930785399639625E-4
2.163654765832697E-5
8.101719409002546E-4
0.002036254799019309
-0.0016759088900961626
-0.002031955009274656
0.0014168877400080905
1.996049215855395E-4
6.143780868526505E-4
2.87038220309496E-4
0.003607553396729316
4.3131537963584873E-4
3.1077272713763E-4
2.4504186299727633E-4
-1.2723466186589683E-5
0.004843745211851645
8.926965892209237E-4
-4.4664542089359257E-4
7.107029531207774E-4
-3.417341899422287E-5
2.6240787356274047E-4
-1.596200825741076E-4
-5.25418403570682E-4
0.0018719801612610658
-0.001266584063132121
0.0032170522747873957
4.046975029385977E-4
-0.003999817431092623
-0.0014288770475480795
1.6085873245019958E-4
1.2824522000535584E-4
-0.004922634124807089
2.715317259287343E-4
7.675328445767421E-4
3.872835337716308E-4
-2.416051506241465E-4
0.0050336232907549966
0.002239869984050375
2.811028921440466E-4
0.0022435615380660607
4.6863636525045404E-4
-0.005709157072218542
3.279010895738042E-4
0.002883446322377731
-1.0469048759023536E-4
-0.006162193511707699
0.0012529557607750836
2.6808040983945206E-4
0.0019212870598578186
-1.7532022597506336E-4
-0.0022965238968380105
1.4714257108356396E-4
2.6931335333426807E-4
4.321139842908467E-4
-0.005905359601794603
-7.249967510759835E-5
-1.0342899793988462E-4
-2.1961800422770186E-4
0.0059634343941283915
-7.348284752498267E-4
-2.7828310933892045E-4
0.0010313528776114721
2.3309343627842837E-4
-0.001175554745763051
-0.0020829738877506773
5.168632171312237E-4
0.005989630163214955
0.006106989417684477
-7.855538620299352E-5
-6.259193520005289E-4
-0.002054009303804691
-0.003879838838619098
2.601052754978526E-4
1.9356920249029717E-4
7.140541253075094E-4
0.0019256208528368559
-0.006406045442914927
0.00491219003163385
-0.0023689231703642004
0.004357405231199466
5.54140826358399E-5
-1.319146459510438E-4
0.0037003281154661177
-1.8890923407200916E-4
-0.005681422459988035
1.7257396648586348E-4
-5.960362184376269E-4
0.005491950208928442
-5.303640142161307E-4
-6.515986879858515E-4
-2.3713243642753949E-4
8.019410506998743E-4
6.829883329955653E-4
-0.001798179774746396
-0.005457414952991088
0.0020246799200478874
-0.0014573297560134676
0.0016342813213589477
-3.449020785005664E-5
2.78603601384205E-4
0.0013231762030699664
0.0013109027935063649
0.005091877650691335
0.0025918482296817245
6.588774216046497E-4
0.0010142577797834856
-1.1012161834532638E-4
1.4507064725711343E-4
-0.0016204101099327939
-1.9673236658437725E-4
-7.928296371075372E-4
0.0011850353875107406
3.3032392595471675E-4
-3.791542978782191E-4
4.0602929963530043E-4
0.005944753147496301
-4.834481529288612E-4
0.0011276886464181154
-4.968469447154012E-4
-6.215466458555743E-4
0.0014057102370186212
0.001690107355166955
-9.428495963293852E-5
6.648405591991509E-4
0.001345577903711793
-1.6287236527579935E-4
-2.9007259641982043E-4
0.005542682355217908
-1.9319511474713994E-4
7.11350856621123E-4
-2.2096219509374598E-4
0.001516236335802755
4.936633518260365E-4
-3.716491855460435E-4
-0.0017658193185610999
-3.5091886363652935E-4
7.210877065982657E-4
0.005616763654732183
-1.135577592526813E-4
-0.0029130432382194244
-0.002453461894982024
-2.959862034027965E-4
-0.0051290871372578085
3.9414750274152654E-4
-0.0010271928972282755
1.9294074601600912E-4
-2.6696725921398785E-4
0.00177583420969167
7.020470839956695E-5
-8.193669914357808E-4
-0.0012040331850351144
-0.0013252021851731146
-0.002245677185205933
0.0020265452240982957
0.0014524676660469596
0.0013199569214566778
2.786254986109337E-4
2.1377628954275893E-4
-0.0026756478911613745
0.005846073844794922
-0.0023246279593452956
8.832625377244136E-4
-3.08727978949972E-4
1.117178454305362E-4
-2.2601063621904835E-4
2.7860872662778443E-4
-1.4807537970121321E-4
0.0043421781671382515
-3.246886094671001E-4
8.832498788023552E-5
5.1516196404517764E-5
7.392198374884096E-4
0.001084835855084864
0.0056501881907227
-0.0015758532606856323
-0.001466219775721095
-0.00502981797348496
-0.0016133588393897587
2.710075020810287E-4
-0.005642844781771274
0.0011428736454836628
-0.0032349127326218715
-0.0012921022301552894
0.0011453947420998552
-4.912318640884584E-4
0.00502506341482966
6.183743054280515E-4
-3.175216970583848E-4
1.5068425021812635E-4
-0.0020557268417283896
-9.146764679127196E-4
4.113091715727131E-4
-4.184736700027583E-5
0.0017916117879403228
-6.364621360080829E-4
0.003881101485254772
-9.957116186381752E-4
-2.0232090113268093E-4
0.002761709677492069
4.669729806666727E-4
-0.0032127481719922786
-0.003265978568243083
8.56554281606444E-4
-0.0013407875181437896
-0.001746109339694175
-1.0060463934043913E-4
0.0011967459558084384
7.548586615140754E-5
1.776257004722599E-4
1.3223988501508317E-4
0.0013647326375727429
9.560569303302897E-4
0.001829786855004591
7.479560967635049E-4
-0.0026470539812818595
-0.0023710741720264932
-0.004870134460264233
1.7380088991291595E-4
-0.004737951665348669
-4.1976744035103003E-4
-0.003332269248812583
-0.005173914166912711
-0.0025084147646026065
-1.49285426875299E-4
0.003918418656115337
-5.827072487933613E-4
-4.6818197300295763E-4
-2.1807684099696848E-4
-0.0027411226834944723
-0.0011217873107342996
3.412515926105281E-4
1.3781195191092652E-4
0.001414591091564838
-8.571441050117176E-4
0.001111390793197158
-7.163647828823564E-4
-3.720026899599928E-4
0.0023519379659867204
1.9881119307876846E-4
-0.0023256077077358226
0.0015824711489408525
0.0023655961472142254
-5.848920656508249E-4
8.810332162512172E-4
0.002628844678353311
-7.715789108441194E-4
0.002100237199043637
1.072776102296377E-4
-1.7932211405542368E-4
7.204683753488647E-4
9.839734126421979E-5
2.452729211036574E-4
0.005349260653222655
8.761314612689509E-4
-0.005104550131185884
0.0012481309497058932
-0.004208580575222451
-0.004747569039175645
0.0019676088633954333
3.3262571400809356E-4
-0.004717098255720556
-3.6981958528293666E-4
-6.692069800555304E-4
-7.097792747471256E-5
-3.608734956466324E-4
5.141664027861665E-4
-0.0026958345776199283
-0.001512091655414265
-1.4393112840059796E-4
0.004942226994651221
-8.269598429002853E-4
0.004725764738440813
6.531309330671581E-4
0.0013983268562202883
-0.005168440246942679
0.0020614540135745975
0.0027731609812860765
-4.173893054338399E-4
9.99671436638557E-4
-1.6739598920489004E-4
0.005025240436872584
2.1782578030257586E-4
1.9647689423555188E-4
-9.94699828354789E-4
0.0022416447412101723
-5.820630156924727E-4
0.0025489194564604395
-7.800029782110821E-4
-0.0012816347594071561
-4.1739776726512645E-4
9.343151501113129E-4
1.630707025743774E-4
-3.820783377500356E-4
5.488249898138567E-4
0.0027629641746332906
-5.888363476225647E-4
-9.165951607207125E-5
-1.0828190744843196E-4
-0.0013392297781503319
0.0016575990910325717
3.721701552835434E-4
-3.8798646707229804E-4
5.794531749558181E-4
0.0019728333258052454
-0.0011282772947813749
0.005075310294838844
0.004531754498426306
3.060023416174724E-4
-0.004458247471754653
0.0013149054651057349
-2.987541444594155E-4
5.971670153894019E-4
-2.391975869112016E-4
-1.6650081283037273E-4
-5.925197392469329E-4
-0.001956077009631882
-0.001692982302240679
0.0013721843235158335
-7.123702888513987E-4
3.2900324513263546E-4
1.0477029552062457E-4
-0.001461121184883673
-8.295313883556623E-4
9.977880002458965E-4
0.002473669396157104
0.0017909591861452715
0.001493388979852411
0.006489543824266263
3.885226066979321E-4
-0.001033759305107479
1.8675237837289507E-4
-2.545594530916692E-4
1.75382189026887E-4
-1.1246316199220253E-4
1.9941663673095366E-4
-0.004217055701395258
0.0046704372137937105
0.004723927766901583
6.226282982717548E-4
8.13861839054112E-4
-5.486851678725094E-4
-0.003287494037479619
3.587673167896965E-4
-0.0024174464752014777
-0.0011234507590511254
-5.042588570375701E-4
8.302778251257824E-4
0.0035237879996678546
0.0011378534576914209
3.824395487827627E-4
5.546247628237024E-4
-1.7562773759335014E-4
8.338122097027436E-4
8.672952077710585E-4
0.002700059790803537
-0.004490416176714677
1.7820558171192116E-4
1.1587247068822135E-4
-0.0028000788073364816
-1.7256032287467498E-4
-0.0015643837668222135
-6.875499322111271E-4
-0.0022483779699954804
2.602222487135429E-4
0.0018127403387606458
-1.480754686238705E-4
-4.5828589776724494E-4
-0.0013838935958699612
6.216285869895275E-4
-0.0018255389251369471
0.0027210427981589572
-1.7594338327832509E-4
-5.157877743090489E-4
0.0010445295420676223
-1.105421469819428E-4
0.00226105213180333
7.499843173234936E-4
-7.331566722674078E-5
-1.8720524019493091E-4
0.004384463369801164
-0.004089751829589847
-0.0010280477094866153
-7.228540331900079E-4
9.619960473939916E-4
-0.004354819531586408
-6.443433052682916E-4
0.001521044996947122
-0.003561489648999812
8.716542538788752E-4
-0.003853584382979472
0.0038758339058046123
-0.001049872044371879
5.842415544242026E-4
-1.1926673747230751E-4
-0.0018384357667873385
-6.0970304292484657E-5
8.835897674291413E-4
2.9360213276872105E-4
-1.4690964323956494E-4
5.047650878360996E-4
-0.0017359381116623827
8.474977306144498E-4
-7.515264873718179E-4
-0.004052405228264532
5.472450178865534E-4
-0.002548951549918175
1.1527768512328593E-4
-1.25733000884306E-4
1.4763151591611E-4
-0.0011797438632124002
-3.134104330596294E-4
0.0020565239551555282
0.00211988005496983
7.927147189932209E-4
-0.00466789608538218
-2.4004411449750978E-5
-0.0023288059848669018
-0.0013406893629298983
-3.9531059910851254E-4
0.0010128290366275086
0.00879421130727957
4.381697344982347E-5
-0.004120551504135006
0.004247801285366644
-6.412324751528218E-4
-8.752452525420909E-4
-0.004099814487679213
1.0621970777554177E-4
8.305995081873863E-4
-3.662918762151389E-4
-0.0025742953144252635
0.0017646203330818314
-2.536480912081708E-4
0.0032727514754224106
9.768655045495679E-4
-2.1550271318512533E-4
7.138759113741793E-5
-0.0024416392252291897
0.0017891327271556822
-1.6952968681237246E-4
5.786192703669207E-4
-0.0041149640624179055
0.004023863202348938
-6.879918404120798E-4
2.1661399390936613E-4
-0.003563105154265136
0.00360834723869276
3.248881954734742E-5
9.991993828127336E-4
7.148953825437623E-4
8.175478854562481E-4
-6.479526237510184E-4
-1.0848751555834116E-4
-3.5720794738164374E-4
0.002520283109142362
0.004114469999816322
0.003740147662716803
0.0034340615117547674
1.4067081287773539E-4
0.0020828897007183393
-0.0039924804599541916
1.8428696778038044E-4
0.001469601234003348
0.0032536955576177302
6.90834028027841E-4
-6.427511884166253E-5
-0.003109674465331179
-0.003702682734787901
9.790860399224507E-4
0.0010222084116032458
1.2960439757375242E-4
-0.003944190929853896
-5.195775534404402E-4
-0.0013679182761222979
-6.623652237885531E-4
0.0018842163197185205
-0.0014724065510747244
-0.0010683164343492564
4.4733555675056333E-4
0.004283110712941436
-0.0035380061053102703
0.0014830204353707378
-0.001228319664861963
-6.041535193059871E-5
-0.004061070949192056
2.7214527609601655E-4
-6.187672122913933E-4
-3.504225445777074E-4
1.5909902252973082E-4
0.0012967960228869532
0.0037297632673725426
1.0862389155298528E-4
3.3423554036850396E-4
-0.004467006394746062
-0.0024590664087622747
2.045109335894042E-4
0.003411410618707254
-4.8510243055336494E-4
-2.604763807822491E-4
-0.0038456741831419928
0.0043909044678638
0.0036908255418535013
-9.991620888922732E-4
-9.136285513256894E-4
-1.734353522567902E-4
-0.0036047869290832192
-3.4195459097089315E-4
-1.8125912081915508E-5
0.0011808190768468026
6.659186604471279E-4
9.525339471808687E-5
-7.151056115732266E-4
0.004166879998821581
-0.0013929190840345064
3.048256559565429E-4
-0.0034366470771895288
-3.093686776382823E-4
8.272387838229886E-4
2.228936054283185E-4
-6.526436399840833E-4
-0.004077167190882555
2.109079738232823E-4
7.635541861575475E-4
0.003931532443538634
-1.7418827647580837E-4
-9.379197365890419E-4
7.564016728534824E-4
-1.2376141184585861E-4
1.4002761672382398E-4
-3.666333633853071E-4
-0.004085898919066835
-1.566850065105348E-4
-0.0033398649334232143
7.729820675606904E-4
0.001344234093081013
-2.852483930315565E-4
0.0013756805369006418
-6.727009891982207E-4
-0.004216272178389307
7.160519393529217E-5
0.0033740394313921196
0.001319057916132558
0.001867347047582796
5.421821088666659E-5
3.806217651109192E-4
-0.0021731136401138117
9.002845468120181E-5
0.00164414324475202
4.6364427723490217E-4
2.533674717155265E-4
-0.0012992006033180521
2.3700281342912976E-4
1.1091831727245352E-4
-0.001312969301913536
0.003868582683019933
4.6980003485245163E-4
-6.342173216676981E-5
-1.967615343367679E-4
3.144938146303445E-4
3.498323647046841E-4
-3.6576904857041175E-4
-0.003901499114284565
2.3885428980993908E-4
0.003766211016244317
0.0019469306280625513
-0.0020290994743657545
-0.0025085316017735993
-2.126067395236455E-4
0.0036775558660973448
0.0022790669738675623
0.0033966638601772136
1.3275766904353574E-4
-0.003180804947904907
0.0037674567416439513
0.003738235042976092
-0.003126129578752998
1.907766356220641E-4
-4.348684259093101E-4
-4.1735974188165E-4
7.135963533611149E-4
8.865005796703272E-4
-0.0031714985562777145
8.436754993975511E-5
-8.208569322279478E-4
-0.0032341707539010993
5.814283509393534E-4
-9.539021471039288E-4
0.004032674006715465
1.1884198087257463E-4
-1.9325319645635195E-4
9.195120053557128E-4
-1.798195753363948E-4
0.0012991635518432812
5.075052158831568E-4
-0.003328395590705864
-0.0034350338919895756
6.231159481354917E-5
-0.003238256318958882
0.002272125398371063
4.91042203496863E-4
0.0013581637452240191
3.7692641416981756E-4
-0.0033214447248670915
-3.8234222166845066E-4
0.0026027038956041282
0.0019150880286432663
-0.003062567708462842
8.7866961011527E-5
-9.955302224856515E-4
-1.475035093571679E-4
0.0010104443952347769
0.0019688568951986415
-0.0030440212101594147
6.95861372057493E-4
-3.7018093247156536E-4
0.002818650047791325
0.0011216851195366693
-0.0015025268607445096
-0.0035979083550929597
0.0012588016761013252
1.9405487759193853E-4
3.1836673494904557E-4
6.953205320707676E-4
-9.26504946471113E-5
5.152636478173427E-4
9.968585198976373E-4
-0.002962250790289678
0.003329725831270603
-0.002715240730905491
-2.3511733945903493E-4
1.0318563980715434E-4
7.760249275152774E-4
-4.748017087224524E-4
0.003250512208885738
0.0010346538376224533
5.501261433213113E-4
-7.3944337203036E-4
0.003328230944837308
1.2485596624577318E-5
-9.670380365042583E-4
-7.531377897113188E-5
0.0035289541983876084
-3.6393678187301927E-4
-0.0021671820238719436
9.314589544857593E-4
-0.0027567029271811853
-7.900996912526898E-4
-0.001464753676062962
7.728842988088366E-4
-1.2632811433175572E-4
0.003103630751827497
-0.0013002867983593674
6.455505703160414E-5
0.0011797698820933923
-0.0010130442490779497
-6.57687036948629E-4
0.0028097340634137117
-1.0392091897207488E-4
0.0013809246068113943
-8.867583102869624E-4
7.374199119945888E-5
-5.093851821148605E-4
0.001744192374357944
-0.0031842671680713604
6.372322623499434E-4
-0.0028788032586912486
-5.211031811793993E-4
-0.0023199475762930464
4.2811169763558126E-4
0.004668488872468832
-0.00307950458873185
0.0030224334495911084
-0.003197423408381645
-0.001499670734566333
0.003279815337057591
-9.365844123110228E-5
-0.003296613712639051
2.902854499188686E-4
1.0803122907530317E-4
0.003176190794867895
3.1800960393274123E-4
-0.0031600726136811557
-0.0031207876418021686
-1.878115492446983E-4
-0.003024485054597144
-0.0029357777371088844
-0.0010908981180652996
4.726647250270051E-4
0.001413987055252958
-0.00317891894261032
0.0030561061064661756
1.5822603833834362E-4
4.958437801200244E-4
-0.0030752374468036685
-0.0028849730960615874
9.602856349462934E-4
0.0030924781434468977
-0.0011696384581311216
-0.003120908247452605
-0.0014744541996226043
1.2861239445995608E-4
8.791209092942268E-5
0.0029871030595237376
0.002200517521088079
-6.78963183014886E-4
-0.0025537966624049157
-0.003328615108689173
8.504368034554382E-4
0.0013506466988709466
-5.542117872724013E-5
0.0021324555191674093
-0.0031478377529478396
-0.002835944789753423
-0.0030613329665587813
-0.003052388299829217
0.003508030863254954
-0.0011930603421116085
6.371820465213897E-4
-0.003087712428981397
-9.89692142188253E-5
1.8428455365041284E-4
5.692100717337051E-4
-0.003247575943625584
2.676911305415717E-4
-2.952248811407356E-5
0.002042765505829097
-0.0031017191230083116
0.0013735495923677859
-0.002905707855287434
0.0026919613093906
7.510747479122587E-4
0.0013724617708369598
-1.9767981654075567E-4
1.2022028807067132E-4
4.578629645678488E-4
0.0030719262156408043
4.8022888069599706E-5
5.294329624685444E-4
-0.003336410129014225
-0.0020490478161983125
1.0718163767867026E-4
-5.436969086494145E-4
-0.002752955394846823
-0.002713107216820376
-0.0010670500306197614
-0.0029839729844355766
-0.001139750372468376
1.1835544472283543E-5
1.5585862385703592E-4
-5.665092612989773E-4
-0.002983746784859449
-1.5507433679303695E-4
-1.3426278032679454E-4
9.130607946967687E-4
-0.0029358386881105556
-9.154253049742857E-4
-0.0027005153660706127
-0.002341329287523806
-4.541073019732741E-5
-4.432528306703359E-4
-0.002227719578270073
0.002737918120372896
0.0032715868678225343
2.0055016798966002E-4
-1.895069996386426E-4
-0.0017506870649638237
-0.002886508786274129
0.003421260321522825
-0.002943415801343598
-0.0010317343452544523
0.001079277653422044
-9.996225368992828E-5
2.099899634715678E-4
0.002888341529235218
0.003047729251195073
0.002158682961172322
0.0022944462415661815
-0.002900410934393417
1.1118716634460749E-4
-3.157961706574808E-4
-0.002714088527293982
-1.2036052206204314E-4
0.0013895109154149568
0.0013932365458396046
-0.002834255483746618
-6.267328386435792E-4
0.0026915445901898433
-0.002858875172504957
0.0028872038723231803
0.0025381273369830975
-0.002567668684601452
-0.001748835019398977
-0.0016075133526008208
-0.0013490202689213577
-4.688830709151333E-4
-1.6580854631165472E-4
-4.803339969622624E-4
1.91210342030623E-4
3.4505583275314317E-4
0.0028241237998046288
0.0024283888868847628
-0.0022208717000006947
-0.00259323659781421
3.3454229585274476E-4
-0.00263270308384904
-0.0014515953955578722
0.0027487594591309103
-0.002656953242378993
-0.0025698301083109543
-0.0029413676017273306
-0.002792380424846422
-0.002805624405047912
-0.002801118845017184
2.3098265842726022E-4
-0.0028004685040175447
-2.1028737603216634E-4
-1.7137960937588703E-4
-1.246421546919916E-4
4.1562857916482523E-4
-0.001468922010539876
0.0032204034176551476
0.0010734229658142236
0.0010692820433725215
-0.0018683058437796377
5.511055172618312E-4
0.002884479336069044
0.0013729705586867254
0.0013958010488053193
9.670492541651833E-5
-8.678928590036958E-5
-0.0011530333184369588
0.0036068840936325855
-5.277861781366478E-5
0.00263665608979541
0.0024625917137196737
-0.0027716705997641966
0.0031359834468911085
1.531826124402892E-4
-0.002750121212674052
0.002503486609243312
1.166907804523098E-4
0.001595934125534275
-7.566934822950617E-5
0.002104213965845504
-4.030623856258335E-5
-0.002920352699233494
7.89830209701518E-4
-0.0016890394329116681
-0.0029833702159850787
7.288495594216782E-5
0.0028231867784330083
0.0012973710516882924
-0.0030549859227928695
5.064477949861485E-5
0.00299063219995637
-0.001820639574290043
0.002806815469469354
-0.0022953653365852724
3.111917726534874E-4
-4.7648284705655133E-4
-3.1064263549087257E-4
7.981816659191105E-4
-3.951876540546401E-4
-0.0012156371128686544
2.0241519761645952E-4
-9.404451662622999E-4
-2.7327873351785557E-4
6.808570317574686E-4
0.0027059086840365105
-5.22823744907458E-4
0.0023177586511720395
0.0021256025078917303
-9.348782944405716E-5
-0.002635429645275753
-5.3786137656776247E-5
-3.498069881557535E-4
5.889669524954165E-4
-0.0026626953497280973
0.00285750593431729
0.002611362964360788
-0.0023802240466414683
-2.8079393466401496E-4
-0.0016850082215224339
4.189350636010985E-4
-0.0028151949543024795
1.8281218188091526E-5
-0.0021758296381821354
-0.002751736328783221
0.0020764692337731433
-0.003256816837473526
-3.3459681477460926E-4
-0.0026207535748530015
-0.0020575568577756846
0.0024165507512325718
1.0601016825746013E-4
-0.00249548957986146
-3.822211656411975E-4
-0.002726331842871951
5.345145523760788E-4
0.002703186484317888
-0.0025258938576303664
-0.0026075012764679556
-4.3481376936492305E-4
5.174310187694256E-4
-0.002601113370550057
-0.002845847187290634
0.0029047977696296063
0.001405788633975887
-0.002593833108859883
0.0025520841762046863
0.0010887112644528607
0.0026911497979988253
6.122589320261011E-4
0.0027339437086873926
7.0893557263433E-4
-0.0024656143498689317
0.00298208884491752
0.0018704336124989456
-3.2874434519363904E-4
-0.002578369207121164
-0.0026304821517947534
6.338416291036117E-5
-0.0011283983684651575
-0.002498913056758984
1.316547055361663E-4
-0.0019428650926512604
-3.043506967781543E-4
-3.0873362894684957E-4
-0.002768180711856048
4.134827686145608E-4
4.0944755000789807E-4
0.0026003341842984425
-6.231605849117704E-4
-0.002545424528080488
0.002200436563000948
9.478032530564324E-4
-0.0025299637612553874
-1.678805833314139E-4
-0.0021805765836664004
-0.002160436866482754
-0.002578564968573558
6.671674051146189E-4
-9.305582989010997E-4
-5.363514447730078E-4
0.0025958631180061425
-6.0020605779248024E-5
0.0028856276300608477
-0.0024704316093423066
-1.9971241244123573E-4
-1.813244682053194E-4
4.159044988020608E-4
-0.003044173486694355
-0.0024076280626248604
1.8259355126511729E-4
0.001243483458731828
6.138870781606522E-4
-9.983243583428973E-4
3.640394317452168E-4
-6.564018436599494E-4
1.8770868295336248E-4
0.0027812102422213915
6.806349502539856E-4
4.6549230448353205E-4
-0.002514834752575435
8.508182424542117E-4
0.0018443417069439853
-9.033338786535013E-4
0.0026888608878310473
0.0025643197828420835
5.347637050071292E-4
0.002521031019453665
7.039346304600826E-4
-0.0022344180625000726
1.6980566614437675E-4
3.52373498270144E-4
-0.0022704575919091923
1.2957146998577522E-4
-0.0010124320829919718
-0.002570265246741627
-0.002437976956904234
-0.0024900369898373815
8.726758863549988E-4
-8.51385745675149E-4
-0.002449377804509192
-0.0027433713966571035
0.002348195390535429
8.469768961707141E-5
-1.4564681353757325E-4
0.0018350297138020717
-8.130973652391199E-4
-0.002526209344307212
-0.002115002909195793
5.518596917828053E-4
8.145551198177245E-4
0.0018115252980964605
-1.747622681114443E-4
8.839452057441834E-4
-0.0024133809671835864
0.0016737856280122487
0.0011979345099429432
-0.0025858977646398334
8.638207569900039E-4
-2.3189194027628432E-4
-0.0025025932829140325
0.0028288988990990385
-1.813572660469021E-4
-6.571307405274253E-5
4.93390745763979E-4
0.0028656691235923173
0.001095245087124281
-0.0038246433756215967
-0.002486783632988059
-1.0806745121782388E-4
-0.0023923516385404514
1.702412710312699E-5
0.0023383973482157794
0.0024487401420689855
0.0019216244791774688
-0.0024330027183018742
0.0010094583957370078
1.6739507443979548E-4
-0.0023675110955432847
-0.0024266670253240007
-0.002421663120896204
0.0023511069571923644
-4.89446322829779E-5
-0.0023689486408362955
0.002635670118453641
0.0032934995031468272
-3.4679878411894448E-6
0.002467115943643386
1.8795991424765945E-4
0.0013106382688899483
0.002415735402392862
-0.002341639510192129
-3.539948725869923E-4
2.977019954506712E-4
-6.127039120730985E-4
0.0014615682183078222
-7.122313868994359E-4
0.0015835206645816815
-0.0029311859793406106
-3.928278963112795E-4
2.6483658844452164E-4
0.0014783461756583429
0.002032757833478998
-0.002408455875298626
-6.755235560943805E-4
-0.0019153964440368457
-0.0013157977301574027
-0.0026880515359379515
-1.50735988854741E-4
-7.236822992865283E-4
0.0023747683150624633
0.0013446312254130363
-0.0022957126377685516
-8.360575402222658E-4
-0.002352158919535982
0.002254952651330083
7.932943643882931E-4
0.0023020602962409275
-5.99447593392666E-4
4.757235903686054E-4
-0.0023077451701253022
7.322922839915715E-4
0.0021535083560503053
5.720083771486975E-4
3.8373041400338896E-4
-2.6409460160773854E-4
-3.3364728365280736E-4
0.002859326096121273
-0.0023440323144329526
-0.00232553187028219
-0.002350842376486568
-2.5631033944637063E-4
-0.00221084077476528
-0.0024179731551269915
-0.0011436395113944655
-6.040073549852423E-4
0.0011858268280688234
-3.626093502052741E-4
-0.0022584776843957897
0.0020522130769127828
-0.0022320739365564715
-0.002165696402867618
-0.0013530987597798595
0.001595494918518499
0.0021878945603651823
-0.0022891641510813863
-1.5429268263914033E-4
0.0022512054582674167
-0.0024122645146472375
0.002713554767058055
-0.002286230370981391
-5.05062606063798E-4
0.002331591582946996
-7.699743055714958E-4
-0.0020853488639039704
-3.926413971468052E-4
0.0021403447783411105
2.0579680992347772E-5
0.002594818062686629
8.853022596555803E-5
3.5819441649950583E-4
-0.002271142334335373
-7.410061486734912E-4
0.002131367470191549
3.8161283281981857E-4
1.1067284606051412E-4
0.0024026273793782606
-0.0027133516226968152
0.0017278642200140568
-0.0025788674488037865
-0.002392787932132598
-7.652750534711496E-4
-8.094859448121499E-5
0.002456011242963662
-3.1591923744493796E-4
-0.0015113781306843284
6.289242272863659E-4
8.471740967913688E-5
-0.001187794334359116
-0.002301905412474911
-0.001956817749169865
5.002039621254757E-4
-4.6822059857344936E-4
-6.238296194584383E-4
0.0022622199269220987
-5.33119700276204E-4
-0.002189279673111777
-0.0022174855924909642
-1.810267662863334E-4
-0.002165889687846667
-3.143103655302197E-5
-0.0017926382331681868
-1.547101529808614E-4
-2.7641042212192535E-4
0.002175332160371626
1.433081338518559E-4
0.0025256195139718007
-0.002172756421434679
-0.002119058248107664
6.11040710015612E-4
-0.0017582391860695237
-6.499686814968304E-4
-0.002213010569207517
-0.001406184894851994
0.0019979876044426328
-0.0020927635314191844
-4.1746590352770914E-4
0.002116174589360634
-0.0020762915168491976
0.0023938918757471866
-0.002194791658109764
0.002144216406171173
-3.8379191716698523E-4
-1.0416396148834666E-4
-8.160356087621774E-4
0.0017203426480253328
-0.002180740961817003
0.0021243862235468865
0.0020292397508191893
0.002632922551744463
-3.0754792939753254E-4
5.754059772480544E-4
-0.00233697227731993
-0.002152378972057518
-0.0014565828733239183
0.001942418830844794
0.0020708759716836613
0.0010879538018825415
0.002318619593839805
1.6195646221972828E-4
-2.5874539949788237E-4
0.0020026434589054047
-0.002076147355978921
-0.002128889030278565
-1.465410777306503E-4
-4.61654267908493E-4
-0.0013913272526957263
4.5021380915597257E-5
-0.0013630831730288562
-0.0022404601905305554
-4.3668357435860413E-4
-7.063836043505665E-4
5.473825945969782E-4
0.0017738860361850724
-1.4831267275788152E-4
2.7998205041801044E-4
-4.3227228039884383E-4
-0.0020559949627071594
6.09798606042276E-4
0.002107907029869048
-1.4157165082336038E-4
4.3118072618743525E-4
-0.002095697722068312
2.57641004789203E-4
-3.107343605376934E-4
-3.014134979102762E-4
-0.0014996930904248764
-6.569149548337128E-4
-0.0015266768770685955
-0.0019049761499083074
-1.4399448179468893E-4
-0.002132072705347729
-0.0021447747380827233
0.0020106243234618596
0.001750462668201859
0.002238879967857891
-0.0020436889280978877
-7.306134470285543E-4
-0.001784703848682042
0.0020760115850744186
4.14912799602398E-5
-0.001061819577145604
-5.384649363133725E-5
4.147222641835933E-4
-0.001910577235502156
-0.0025329655078064313
0.0011216681036335387
-9.797974688583947E-4
-0.0020190227788388243
-0.0020539820112310033
-0.001927973446756821
-0.0019701452633383216
-2.6510285078693214E-4
0.002015934919640815
-5.176543473873015E-4
-6.978331521135441E-4
0.0012412289697016263
0.0020871492956526013
0.0017621140524652274
-8.152670018935042E-4
-0.002499734199816843
-0.0023804563870263827
4.453687544502984E-4
-0.0011461216252839192
-1.9498924764876975E-5
0.0017945372982874465
-0.0015262184129160147
-0.0019414088954725736
-0.002047013209397056
-0.0019013772626588123
-0.0020309123982202477
1.3566701608496118E-4
-0.0017341695851249331
-0.0014942779549331129
0.0021809870090304818
-0.0017936246354284837
-0.001958212151426745
5.509615828535862E-4
0.0017349243516243983
-4.5467062140665536E-4
0.0020331680527189092
-0.0024373250069486692
-0.001986476514047758
-0.0018311231765744413
7.15186345371408E-5
0.0018377768296624956
-3.138077121641114E-5
0.0021341330221639103
-3.685750480297889E-4
4.5470540913742816E-4
6.934676237450578E-4
-6.161788415162918E-4
0.0021495833393202646
-0.0016655062522979598
-0.0018875538764242653
-0.0020463475042988774
-0.0019497412607763613
-0.0026940216898566783
-0.001957804332228794
-2.12035694051162E-4
-7.514145066084992E-4
0.0017017503207306145
0.0022351216825925845
-0.0021828640848910647
-0.0019404643733961617
-0.0016018263903097955
1.6644425357698888E-4
-0.0015133469763533953
-0.0019900163714396024
0.0021406065392822415
-0.0018057345822601284
-0.0019147694093179226
-0.0018296101897797186
0.002046589709502796
-0.0019206387830120136
-0.0012616261745741861
1.3052068694008605E-4
0.0019335478729130184
-0.0019225090710518456
-0.0018572756789974798
0.001911111025552232
-2.9454721094808586E-4
-6.378447017328812E-4
-0.0025656224484446612
0.0016675630760809134
-0.001613520106409677
-0.0017332508474854074
9.983116916056692E-4
6.0235166126102636E-5
-0.0012461784523737762
-0.001785180088319182
-1.2850181917702338E-4
3.955633901159438E-4
0.0016414387366930742
-0.0018644485743406262
5.692868171329758E-4
-1.5426458863787972E-4
9.564974397301933E-4
0.0022894933192848833
-0.0018632951302225518
-0.0017900317129273657
7.075046190227966E-4
-0.0015919542950180712
0.001949039784081515
-0.001690826458444586
0.0021064080136957196
1.0444546058197669E-4
1.1951879581181112E-4
-0.0017998616358045896
-0.0020759059997281816
5.977889855247507E-4
-0.0017926606968025347
-0.0015589936661943662
-5.711385174755812E-4
-4.645989156468858E-4
9.68856886291301E-4
-0.0017513994618626513
2.1115129921125484E-4
8.555623361348693E-4
2.581277955429107E-4
1.5857155730017816E-4
-0.0017852935574418157
-0.0018297065015526201
2.4660575231598983E-4
0.002278997237284325
-0.0018210882204252614
-0.0017476136056166847
0.001687229521677436
0.002228878116596097
5.552538143103776E-4
-0.0016937840484303275
-0.0019673497860002156
-2.495146612115273E-4
0.001828558780087858
-1.2598404193698965E-4
-8.054255046505946E-4
-5.353200769791715E-4
0.0019293403992972431
-0.0012985119018119422
-0.0011952671002656392
-7.335204403315172E-4
-8.670790888598462E-5
0.0019090502284893024
0.001613380310549729
0.002798640843583598
7.608689428018945E-4
0.0017434035755977025
-0.0018150779614824974
0.0018470366476487222
-6.023809488500248E-6
-0.002011346592767922
-0.001545595981601888
6.195685774680082E-5
5.348951294305818E-4
-0.0018509560927006871
-8.514800754819635E-4
0.001775786705330799
0.0017869519815972468
0.0016070016273437239
-0.0017463379525118553
-0.0018951053402021354
-0.0015889171687116007
0.0017492149986114021
-0.0017036335332710408
0.0014786608320010578
-0.0017434535502626994
5.890650671609337E-4
-0.002162086836690366
-0.001845536937956764
-0.0017687943476346732
0.0016472985332853898
-0.0013412977421757846
6.508174040479904E-5
-0.002271624037554756
-0.0015556172972349673
-4.23996111599275E-4
0.00196635593536574
0.0018369627176799284
-0.0015299629363441192
-0.001970583824735706
-6.271334733211774E-4
0.0017539792351859433
5.100560644632873E-4
-2.3449118856615716E-4
-7.503595964438327E-5
-6.252808533391585E-4
1.837191268143749E-4
0.0018896065475673721
-0.0022160576275815345
-4.6512524037242513E-4
-3.212847419508105E-4
0.0018272121030623698
4.0339957030065336E-4
9.540028531602673E-4
-2.3588231255689416E-4
-0.001709853151533989
-0.0024011671566149923
-0.0016953615311647852
-0.001661199945102487
0.0018567560989168977
-0.0018439162445166991
-0.0015908460630032996
-0.0012207092776551586
0.001642189259564436
-0.001767818773034841
-0.0017364831598670576
0.0018499115352915356
-3.478446488078384E-4
-0.0017275910517417425
0.001496956713385199
-0.00167498087012223
1.587073453081337E-4
6.661680764585497E-5
4.625294018858633E-4
4.560138919185356E-4
-0.001992304451728424
7.881022288558585E-4
0.0017757456270316545
-0.0017755700504967996
0.0018101852678790828
0.0016764784384596997
-0.0017503629697867094
0.0016106578516417425
0.0016247492233102928
-0.0016782509513068118
0.0014121550378304287
-6.531936600650019E-4
-0.001654513121193103
4.3706740412391903E-4
-1.222094847818343E-4
0.0010495596121987366
0.0016532533177182295
-0.0017171207453486224
0.001658690425678635
-0.0016108131692481125
0.0012433009899357258
-0.0015518580063533642
-1.5514447377565517E-4
-0.0012163511496180435
-0.0017483071274929042
0.0016984713084666027
-0.001194810888371462
-0.0016357974478822602
-3.401510631052002E-5
0.0018282821352986057
-0.001809932610433976
1.0707071618777089E-4
-0.0014872751436684063
-0.0014539258141820365
-0.0017049748048570267
-0.0020655152578618564
6.046965776654786E-5
-0.0015158436863245792
3.2367723005876633E-4
0.0014261713786452082
-0.0019487748202613611
4.744716935090775E-4
0.0016086211063917365
-9.285050070298665E-5
-0.0016296509821524365
0.0015904491676164802
3.914275502337423E-4
-0.0016127924638774701
-0.0014075273715933958
-0.0018070995673734594
8.440973313042576E-4
3.3635955365445805E-4
-0.001343547035865854
0.001413202933771168
-0.0015999053473858204
3.849385845675568E-4
-3.6421731357133623E-4
0.0016392766822519043
0.0012505702392933986
2.3356433488195728E-4
-0.001716417730705454
0.0011037998590561285
-0.0015461365588718228
5.990165590838481E-4
-2.3825422335897035E-5
-3.0948497338570186E-4
-0.0016234529283550574
0.0011936312180979467
-0.0012542069187749273
-0.0015907991171986758
-0.0018380136482583865
-0.0016959166082506653
0.0014228487611678393
-0.0016250835630521282
-2.7441967371758734E-4
2.7511502595626246E-4
9.8412186722376E-4
-0.001325364764074055
-0.0015958641674526923
0.001355779559767928
0.001598736447961657
-3.936434264058403E-4
7.625875511017123E-4
-0.0015246074706490636
0.0010622113647507402
9.496769175607578E-4
-0.0017317949365820613
0.0016485561607764805
-0.0015945351120734905
-7.10367851231598E-4
-0.0015633927694366527
0.0015703304110012296
-0.0013213600584572529
-0.001574839673236952
-4.092188621155779E-4
4.1070978931604643E-4
-0.001399319266673736
1.1276437785434779E-4
-0.0015470642599549722
0.0016833561216157249
-0.0011386219901428753
0.0015446808894740915
-0.0013770302189683235
-0.0015999764633903536
-0.0015745091094872534
2.263000941261117E-4
-1.3804108989026376E-4
5.85402285622768E-4
-0.0015604230399919475
-9.35774649875981E-4
-0.0014247772649851997
0.0015381705073952698
3.1989063571000767E-4
-0.0014930871681673263
0.0012213183456315365
0.0015360413429296588
-7.427027489925572E-4
-0.0015288348840047637
-0.0016334306136842687
-0.00150221607154527
-0.0013989102174713434
-4.396214380643038E-4
-0.001527075254103132
0.0018217283934660329
-0.0015547437912944526
0.001628942861078019
-0.001550478115114949
0.0015158684329176395
0.0016637016763516933
-1.2462058540851944E-4
-0.0014720450352943039
-0.0016037272562320647
0.0015467000278168185
0.001529114260922786
0.0019221429217364428
-0.0015446534788591663
0.001598034438015439
-0.0015834553355182374
0.0015014629986037007
0.001496912451681514
-0.0012320332694981207
9.663071697707486E-4
0.0020246808691830056
-1.4738178760286225E-4
0.0013946908943835712
0.001533424046216833
-7.843906795791532E-4
7.432386479497689E-4
-4.117638421658002E-4
0.0014874293081345972
0.0012172108305551755
0.0015110715990065745
2.45663858142174E-4
0.001696758973339167
-0.0013580509928122408
-5.605022164716486E-4
-5.762521065313606E-4
-0.0014820096139486314
-5.242935588524441E-4
-0.0017667659654337997
-0.001396347562760841
0.0014894265697644555
-0.0013799541230380965
-0.0013459246440091976
0.0013996625036768896
-0.0015149565934063766
5.02550240629082E-4
1.1419050101551865E-5
0.001692949664218425
-0.00139843572497073
-7.384838464824155E-4
-0.0014431068977373734
-2.2769329802418223E-5
-0.0010338642612487932
-8.371045947599566E-5
-5.242267217795446E-4
-1.0997357746987734E-4
2.988499542443336E-4
6.612624278135028E-5
-0.0014683116007405171
0.0014771071204847763
-0.0014440830279328425
-0.0013230499490305327
-8.822916475750297E-4
0.001708932471546316
-0.0015272885145396734
-0.0014726285126688873
-0.0010626171151859585
-2.3286798656026403E-4
-0.0013907577828043795
-0.0015929848697084313
0.001409158669580908
-0.0015083666495390472
0.0017836531086559836
-0.0013937060264508667
-0.0014390503726933472
0.0015115042040483241
-0.0014434930369682498
-0.001318501172377285
-0.001231392666248717
0.0014534515420688637
-0.001070029195031725
0.0014995333394839422
8.129609798361425E-5
-9.079466566558947E-4
-0.0015105097854521657
-0.0012504826725656384
-0.0013905968738266658
0.0015505168413078652
0.0015581074181234566
0.0014323310188465456
-0.0013454393997188283
-0.0016573911819850536
-0.0011328394292237926
0.0013081942727079267
0.0015896380246969832
0.0014405972965492277
0.0013804669808315686
0.001384457418564041
3.95141813488915E-5
0.001426309186251025
-0.0015227627306449243
-0.0013843810430826282
0.0015244528086041727
0.0014497635620737944
0.0013777238164963837
9.027453636202233E-4
0.0022725468365043613
-0.0013782318025922001
-0.0010627335905777737
0.0013739499378151484
2.564249089508626E-5
0.0012195414282302262
0.0014075584142124193
-0.001303535353912108
-0.001502127638112134
3.784555240168749E-4
0.0011737549236034638
0.0015802722824495834
0.0015046149123822653
0.001965353826721229
-0.0014447471582281159
-0.001539636893894136
0.001420010339254434
-0.001096548254141114
0.0013897878188534477
-9.530349218099903E-5
0.0012350158065362862
-0.0013736868051271276
-0.001350649801884505
6.468157292744866E-4
-2.583883848852213E-4
0.001874562831712388
-7.985250486894034E-5
-0.0016055520586371374
0.0014061932412237515
2.883688098395244E-4
0.0020977357963600646
1.7974031537499777E-4
0.0018813036529116002
3.698820918202074E-4
-1.2590887045331418E-4
-9.537694673806279E-4
-0.001407108559634441
-1.0832175676811308E-4
-7.670973748121371E-4
-0.001361712499870098
-0.0014174542943042401
-6.534178817198898E-4
7.092711263570429E-5
-1.261098393540417E-4
0.001293539982854876
0.0014010251655631198
-0.001372697591164115
-0.0011723635659269037
4.4776559389783036E-4
-0.0012313497220174106
7.107142006804647E-4
-0.001412324890469539
0.0011709343670817756
3.4274175318203885E-4
-3.1116670622747763E-4
0.0013791630203435754
-0.0013396196585740254
-9.748512876291345E-4
-0.0014552490410205193
-4.670525535112733E-5
-0.0012520860502150744
0.0017430292293666688
-0.0013966638105317182
1.0498926433549426E-4
-8.893448504328745E-4
0.0017258858309332195
0.0015470744395661793
-0.0013600792066475612
-0.0015244409166130907
-2.1465272706758966E-4
-7.709131581474024E-4
-7.626242486408392E-4
-0.0014310865918479199
0.0014130823386230586
0.00135774832554589
0.0013923850288662188
-0.0014386739126454127
-0.0013463591352629307
0.001358926307073875
-0.0016312774016282573
-0.00126402745259352
-2.0295404523089277E-4
6.499675456565862E-4
-0.0012391502083419173
7.352469666175024E-5
0.0014798979663029944
1.129066362746728E-4
-9.053773234659903E-5
0.0013429864073178524
0.0013274018443383418
-0.0012370902769048614
-0.0013280761366517254
-0.001324728166914848
-0.0012761586026041505
-3.224506530918891E-4
-0.001348290658633548
-0.0015510673188483773
0.0016361163456363717
0.0011092974147517442
-0.00132780133508991
0.0013989969881039355
-9.724380064125417E-4
-6.459187825489512E-5
-0.0011846539046463402
0.0013158246743479602
-6.539943139430138E-4
-3.173229251775588E-4
9.811847145341965E-4
-0.0012997791577520257
-0.0013175246191557142
0.0013415904465874592
-0.0011565843470171095
-5.548235357390515E-4
-0.001165879270054303
-0.0012661205109792892
-5.287988040272968E-5
0.001383593585560675
-0.0013206038306840073
-0.0013799933012401517
0.001347799795243679
7.012531350694215E-4
-0.0013879784319396728
0.0012847780354644832
-0.0012219131205680257
-0.0013128197921424907
0.0013152920185608527
-0.0012788075361061997
0.00124613798810924
0.001068099649366514
-0.0012808288693821092
4.148681839715433E-4
-6.422606896726499E-4
-0.00133870279940071
0.0014972808350661659
0.0011092333975902071
-5.478168901110999E-5
0.0013401983862968245
3.3425519770684194E-4
0.0013365409228101618
0.0011739703596929918
0.0012651627004631977
-0.0011795948465772052
-0.0011963204736119362
-5.361161633104016E-5
0.0014633050725125763
0.0013075881739050509
-0.001367819353969273
-0.0011555754556347602
-0.0013960315487666804
-9.84639816341525E-4
0.0011482412669756908
-0.0012595266577253145
5.117923341442333E-4
4.0497755734027045E-4
2.353197366370145E-4
0.0013151421495562836
-0.001433195241628903
9.439240489368483E-4
5.953445995264657E-4
-7.86186877223153E-4
0.0013450513874763616
-4.170851298960929E-5
4.888271221988832E-4
-0.0014184388191919644
-1.548814534126373E-4
-0.001271739240237428
1.5345803978004295E-4
7.259246479716987E-4
-1.1869924843577108E-4
-0.0010036131174700142
-0.001459349079861259
0.0012965733419692226
4.562677193510118E-4
-0.0011955088184418543
0.001301991538807654
0.0012646446127953124
0.0011128015937568578
-1.6783199836455887E-4
-6.333712408780828E-4
-0.0013779260878999636
-0.0011461602835450481
-0.0012157731220494964
0.0011823541560898143
5.446932624309242E-4
-0.0013927141418185371
0.001541758149092445
-0.0012166397614642097
-6.162438740617908E-4
-0.0012212172366131775
0.0015215903915283629
3.30917364704062E-4
0.0010928169032989974
-7.133253768025036E-4
1.6023061641394075E-4
-0.0012795868802920158
0.0011708682943045428
0.0013578154314727517
0.0012872895747859426
0.0014947130040971963
0.0011774217998322847
4.443941437433902E-5
-0.0012583750241500935
-9.910384241987168E-4
0.0017789031564722647
-0.001345801819845696
-0.001323378622720355
-0.0018731638351408126
0.0012823476052166547
0.0015193313519451198
-2.257331350926676E-5
-0.0011785988953927258
-0.0012085175453245907
-1.589376075770927E-4
-0.0013664932111318612
4.7749992030353866E-4
-0.0012901767501360408
0.0011082260286558315
0.0011690103140360015
0.0012813895043225873
-5.228521534143362E-4
-0.0011478355296035143
-2.9057781101159244E-4
1.3665572257859753E-4
0.0012089318637368027
-0.0010229578385572992
4.514802017290448E-4
-0.0012831106792808363
-0.0012209744491124106
0.0012239820220702473
-0.0011473238472305613
-0.0012591521103755827
0.001236319816507401
-0.001442363848182025
-9.021614823083708E-4
0.0012494884921881585
-0.0011442288735611197
0.0013904166884279668
0.0012106725148697203
-0.001344918915672961
0.0012767622479514225
-0.0012962531887676044
-0.0012142016490567216
-1.2423503391621575E-4
0.0012434201565722017
-0.0011953375734936576
2.4877565101582576E-5
-0.001145410848057981
0.0010189882101165268
-3.4226393227774815E-4
-0.0011986498558697353
-0.0012263033246236036
-0.0010648935066762965
-0.0013150221884428047
-1.3260727580385175E-5
5.100632174845063E-4
-0.0011925468223179959
0.00107609122079796
-0.001932599752895398
4.781872099180769E-4
0.0013431561756543108
-2.7458468349992005E-4
0.0011885963367579166
-0.0013384315601477808
-9.015547744916507E-4
-0.0011883789163810062
0.0012387637485541338
-2.2464198647729512E-4
2.9561321809276235E-4
-0.0012601837270876134
-3.778226868400633E-5
0.0012036975357092822
7.379747508613711E-4
2.168641853286324E-4
5.243995089208096E-4
-7.132822997858866E-5
-0.001119624873444398
0.0012030986400455822
-0.001047890055420953
-0.0011558430974151301
-1.785758594227308E-4
0.0011264486405498516
-0.0011775967781281916
-0.001166473200871082
0.0011997603069563707
-0.0011626929086735209
0.0013161615669008001
-9.931924342573895E-4
-0.0011453279970165644
-8.512391235921772E-5
-0.0012424864934118488
0.0011826022433538367
0.0011807866182643584
0.0011715574801677011
-0.001312057636719231
1.6011503932999088E-4
0.0011723623123127294
-0.0013141167462481713
-0.001165293921875952
9.724605907251506E-4
-0.0016295192078263666
0.0012009596225265307
0.0010579126934268995
-4.048615544001477E-4
-4.604155510401391E-4
-0.001226015912359984
-5.639874054682887E-4
0.0011115805001079384
-3.3387655113013544E-4
-0.001158590035556917
-0.0010757166746850008
0.0010863980736764175
0.001110236446706054
0.0012724190261769127
-0.0011298808627433403
-6.786274120028483E-5
-1.9237092935220772E-4
0.0013517904395367057
0.0011846843178601337
-0.0011514827758487714
3.9868880022494947E-4
0.001149105095882269
-3.5146755928057476E-4
1.186509923943526E-4
0.0010417775998870769
-0.0011656757028586007
-0.0011431202170559057
-0.0010294045074985656
0.0010684684802103152
0.0011627680828032762
0.0010182134619684557
-3.2434203127521823E-4
-0.0012733884422771904
-0.0011276776463156608
1.0914051657050001E-4
-0.001082136675545699
-0.0010151920347761302
-0.0011597216414911996
-0.0010752278335564977
-3.833684664291479E-4
-0.0011597883903777591
-0.0011951446122289778
5.2657179439572245E-5
-9.418030176220414E-4
4.531054500518714E-4
0.0011049489824416184
-9.207645266186968E-4
-0.0014249221598127062
0.0011312437908602105
-8.100558690530364E-4
0.0011008358147605172
-6.432381355049284E-4
2.8349943995497316E-4
0.0011045864460275836
-7.551885215179746E-4
0.001156180332691161
-0.0010839594487041418
6.790481333114433E-4
0.0010815515489787835
9.99824064768641E-4
-9.088092387271642E-4
0.0011315819297528008
0.0011770350247802205
-0.0017560222787210986
-3.746200774722768E-4
0.001100645814678696
-0.0012264109367818316
0.0011256199114782538
-0.001091498127180733
-0.0011379634415995096
-8.889931936779457E-4
4.3335814096309055E-4
-0.0010875882433129581
0.0011045870892699963
0.0011199769209642835
-0.0010702958919750368
-8.397350902649046E-4
8.191684082138827E-5
-0.001164044797845776
-0.001072364634727092
-0.0011092076207768276
-2.361642408843403E-5
-0.0011674008332505522
-0.0011404307372393954
0.001100299628381412
-5.206821022033351E-4
1.9504782212321519E-4
-0.0012077613887093548
-0.0010622445330099894
-0.0010997996350829255
0.0011700792209322533
-0.001063549901232127
-3.992534509877383E-4
0.0010860836092451203
-0.0011552021759785316
-0.0011628979282600912
-0.0010953646236240026
3.757913564829719E-4
0.0011504139656419198
-6.301124983926125E-4
-0.0012325074540737986
-0.0010958580019598792
0.0011967269053134544
0.001090661976913106
-1.7088191201879486E-4
-1.6597143389424112E-4
-4.812271586167846E-4
-9.942384863626474E-4
-2.9419741981436334E-7
-0.0011187967904838154
0.001099634870548089
0.001052262761934714
0.0012004242678344667
-9.500520568581296E-4
-0.0010449344934747888
0.001465684773462395
-1.3512341424721407E-4
0.0010436718069509767
8.450837749808403E-4
-0.001207601452205108
-0.0010506973091692904
3.5134659753961625E-4
-0.0011379566815202782
-9.691030583661995E-5
-0.001122564902090575
-0.0010320881343359603
-0.0011958476418438395
-0.0011955941662549813
-0.001067667173483479
-6.300347289607921E-4
0.0011156721539438228
0.0010725702373163976
-2.606350188802353E-4
-6.69965034019242E-5
-3.232931319906637E-4
0.0012172978920348683
-0.0011870745646886801
1.9061017525370526E-4
0.001015269469603181
-0.0010589886728360458
-3.008298924216851E-4
-0.0011588032536962566
-8.008062999444985E-4
0.0010197455453073321
0.0010723707946475043
0.001085618450055156
0.0010312174056575129
-8.907642983095414E-4
-0.001034931191113754
-9.959750267843506E-4
-0.0011785507099314062
-9.671224525896066E-4
0.0010521310910737603
0.0010683652941541966
-1.35285721204242E-5
-0.0013902105803318273
0.0012283387084205822
1.621900419003384E-5
-0.0010526476143923097
-4.557860486922529E-4
-0.0017085412235448515
-0.00102653577940161
-0.0013624646471649413
-0.00256824096901722
0.001154391737094761
0.0010287702973393472
-0.0010853199589012815
-9.876652439666151E-4
8.790024555567679E-4
-0.0010082901247915484
5.910709883637296E-4
-2.805016699467724E-4
-0.0012043989014957595
2.865523092435863E-4
0.001214669257518016
4.502576110349924E-4
0.0010566367986962367
-9.725691949783004E-4
-0.0010243136753324863
-8.795697070812962E-4
-0.001056389958712172
0.001052165609438932
-8.206993732460628E-4
-4.4024290516645875E-4
-8.634872484571998E-4
-0.0010254845333410028
0.001126563619011136
0.0012110495813170703
-0.0010340152036636139
0.0010345775651146051
6.008060064365333E-4
0.001027072360565317
-0.0010312762149229564
0.0010543560564167946
-9.120230757474984E-4
0.001182840311697695
4.023230165858717E-4
-9.182527071392145E-4
0.001134922881475548
-0.0011146370488929788
-1.572743408891556E-4
9.692523906008029E-4
0.0010571776507748007
1.1661236829450523E-4
2.0889940466354605E-4
-0.0011057087371694563
9.475627488175222E-4
5.751357170578862E-4
-9.287595534750826E-4
-0.0011170662779366191
4.73450075926218E-4
-0.0010198423727917406
-0.001015030321132597
-0.001056290653494971
0.0010698747754488355
-0.0012696115769514642
-0.0010025085923554165
4.7605350437006155E-4
-9.186069120284447E-4
-9.659677306271941E-4
0.001174520740097764
0.0012206909646623018
9.929063348955458E-4
-0.0010242729170333008
8.747442163220451E-4
-9.726380230781933E-4
-0.0010297278387964273
5.779814855110754E-4
0.0010610348979605245
2.3480675172052624E-4
4.6967915696127446E-4
-9.968112479228721E-4
-0.0011054291336451447
-9.74155713664296E-4
-9.651708842643993E-4
7.89496040563186E-4
2.3773773559845654E-4
0.0011393149920828122
0.0010109524986637792
-8.326900673023813E-4
-0.0012362117570079074
-8.643377332939107E-4
-9.162120460117811E-4
-7.25449384158258E-4
0.0010594097338010985
0.0010108138506797345
9.148228661288779E-4
9.190156914364646E-4
-0.001057552508619279
-0.0010113666449546948
8.234741343369781E-4
-9.865455920425154E-4
-0.0010102180193415481
0.0010547815516671027
-9.500322581664137E-4
9.889420892071875E-4
-4.6120508839586253E-4
4.55443747305276E-4
-0.0010527295519501864
4.900835197058194E-4
0.0010055691735240354
0.0011547880926104748
-9.64228830528618E-4
2.6039305933861436E-4
0.0010018318934810868
4.988978091304912E-4
-9.895486853262114E-4
-8.65257198072824E-4
0.0010420915852998429
-6.064350965920122E-5
6.651859014537996E-4
4.07295387748853E-4
9.646972900762074E-4
-4.15047223991372E-5
9.612429016300862E-4
9.075143090736678E-4
9.842938572048132E-4
0.0012964786698390822
-3.476502713558079E-5
6.555973298898825E-5
9.844867630015098E-4
-0.0010311719315614003
9.001110533272469E-4
-3.1986546290918756E-4
-3.250192321034338E-4
6.2602415048219E-4
0.0011454397697440693
-9.369339866874975E-4
3.520467804553051E-4
0.001052605752320016
-9.852473830217624E-4
-0.0010826829930749827
-9.074735614428309E-4
-9.944160620380933E-4
0.001020148924230891
0.001381463755736236
-9.01997192284034E-4
0.0010778012916352812
8.375168710464232E-4
5.661908580207818E-4
-8.957837372506119E-4
-8.831074335003109E-4
9.548918098527451E-4
9.11351170663771E-4
-0.0011821939152898801
-0.0010436711761033334
-9.374128828963761E-4
-2.7386577018350143E-4
9.554508035996462E-4
-7.681164576334431E-4
9.579339349862977E-4
-0.0011999523266144683
-9.858770463290088E-4
0.0011400421437748989
-0.0010187102002186246
-9.476772942728332E-4
-8.032797717077889E-4
0.0010129386766714447
1.7554487983277827E-4
-0.0010406130036069126
6.486140643764637E-4
7.890687630872146E-5
-9.062652587515248E-4
-9.698283118523851E-4
7.400777045702729E-4
-7.815534475825919E-4
-5.795991999550846E-5
3.7230806660427644E-5
-9.581247364883845E-4
-9.557468695441703E-4
9.586122684020163E-4
5.069197950913743E-4
-8.954685757176426E-4
-9.94534001722428E-4
-9.557651825298222E-4
0.0011397165107818828
1.588718877557372E-4
-9.70987981159923E-4
-9.556882184335848E-4
-9.368122381498431E-4
8.949149383615299E-4
7.865413270339151E-4
-8.21994284875246E-4
0.0010872423162960993
8.941210484118399E-4
9.567731281675113E-4
-9.237635549072646E-4
-8.641454683890976E-4
-1.8067874940112303E-5
0.0011941532672543399
8.774835818825125E-4
-9.441335593581487E-4
8.939398703009104E-4
-7.366510051266074E-4
-0.0013356329374497578
-9.352186573701526E-4
9.557588983554979E-4
-9.28099745894481E-4
-8.455283129690788E-5
9.473664571972633E-4
-9.523414281608237E-4
-9.97808355021162E-4
0.001223205364470214
-8.30449787566074E-4
-4.461076206687706E-4
7.500424855473774E-4
-8.394677835230852E-4
7.114752674794791E-4
-0.0010246549505394597
8.664109213345765E-4
9.006207583935241E-4
-9.74387567164749E-4
9.769258802594355E-4
0.0010738185065896383
-9.578919765572758E-4
8.793271410425909E-4
0.00105720359437616
8.773771267384965E-4
-8.567155121476025E-4
-9.413626891151961E-4
9.705446696249137E-4
2.4880990356466705E-4
8.638282575569429E-4
-0.0010765405607270355
7.668871596573486E-4
2.3977316414125542E-4
0.0010820369022818382
-9.261233359207391E-4
-4.2025441958132797E-4
-8.776339030156958E-4
-8.670978649771507E-4
3.911056652292187E-4
5.659555222747546E-5
9.369157888791405E-4
-9.893119779452863E-4
-8.975450658875999E-4
9.184562380463857E-4
6.68380255487973E-4
0.0010371280016846405
9.059367052670802E-4
8.718300313774024E-4
-7.615417911039234E-4
8.911068981544094E-4
8.87937620538438E-4
2.4360169224807633E-4
8.490619525632661E-4
8.461621013063233E-4
-8.137564045723386E-4
9.095337861389906E-4
4.171708391743203E-4
-8.166609224976262E-4
-8.740779628850054E-4
-8.708361419066131E-4
8.557048222958208E-4
2.570641972161458E-4
9.09586689729819E-4
-4.3122298417321703E-4
8.580756030162673E-4
-3.671604763208007E-4
8.625311930932745E-4
-9.403903855681462E-4
-8.325760357288048E-4
6.911190440861867E-4
-9.46329466842558E-4
-7.779332189225705E-4
-5.197522225103316E-4
-8.160824078056577E-5
8.815212846008361E-4
-9.256832654484317E-4
-8.31475629230992E-4
-8.324074264716021E-4
-8.455044911142033E-4
-3.62411436522708E-4
-7.452978884429777E-4
-8.476886760753694E-4
3.1740927743080695E-4
8.843995277490131E-4
-3.2498020153691996E-4
9.243771328419332E-4
-8.896443267945145E-4
2.035749084577372E-4
-5.343629950065432E-4
8.908910424614551E-4
8.914465693801981E-4
-7.154156910379736E-4
-7.549773455027048E-4
3.691092281785035E-4
-0.0011677381331477784
8.414294532141123E-4
-1.2115948475215814E-4
-8.351626006379506E-4
6.505010818540027E-4
-8.554602560357952E-4
8.716046570253234E-4
8.806557422386467E-4
-3.571438146000672E-4
-8.680066859606575E-4
-6.933368005890835E-4
-8.634584772356668E-4
9.217614067541862E-4
0.001146937324850106
9.614113350408745E-4
7.06632520721726E-4
-9.485991202653276E-4
-7.048363723651035E-4
-4.25090290614846E-4
8.570326417350404E-4
-7.323423447382618E-4
8.651399858228956E-4
1.222508921026119E-4
8.516159428496207E-4
-2.958755980337298E-4
-0.0010401904355863765
-7.752225099827259E-4
-8.723649390506846E-4
9.421086996165051E-5
-8.653207682170409E-4
8.694372791395358E-4
8.011443358614636E-5
-7.849760871908247E-4
-7.929623548465011E-4
-8.373547623049054E-4
0.00101482788175135
7.924383735289346E-4
0.0016590865195902293
6.942599458762195E-4
9.279383847893486E-4
-6.098521973236965E-4
6.355990621913052E-4
-7.699772698388966E-4
8.149198423843519E-4
-8.477704260119564E-4
-4.2298163654317094E-4
9.577776832586013E-4
0.0010025988389040514
-0.0013515064469315908
8.52154028403265E-4
-3.8332227972654804E-4
-7.961115194030973E-4
-0.003930498406044107
1.5187599289080543E-4
8.254172179095704E-4
-7.009782502028975E-4
-8.496208959988702E-4
8.539695634258238E-4
6.527778846555612E-5
-0.0011741121976647062
-8.784768821162055E-4
-9.198729646680495E-4
8.275237313770838E-4
9.755756760662179E-4
-3.58635288909468E-4
-8.31236279599887E-4
-1.8795835125972075E-4
-8.27815746593484E-4
9.699837987497854E-4
-8.47586019676581E-4
0.0010725104934598394
-8.680429218494388E-4
-7.347705964153448E-4
8.988315848474582E-4
-8.258705872455801E-4
8.287292468233604E-4
-9.153680557146246E-4
-7.791908047564746E-4
-1.1877528338515956E-4
7.913324258554617E-4
-7.512600512471145E-4
-1.4151132701879867E-5
-0.0023696893152972773
-8.009828383289362E-4
7.575919947247928E-4
2.5562929007770346E-5
-8.624742126591468E-4
1.6080836873142346E-4
-6.580225602982125E-4
6.751092738924066E-4
-2.7792625119493144E-5
-7.950941911337342E-4
8.9331527680326E-4
-6.096410092145074E-4
8.694233102958713E-4
7.857949897083205E-4
8.179865074986392E-4
-7.775688368618169E-4
5.403090584378997E-4
7.566890862456646E-4
-7.391735220893358E-4
-8.032342150569105E-4
-7.710429220045868E-4
-7.626449775998568E-4
6.030256020632056E-4
-8.162837390719867E-4
-8.230222558694749E-4
8.444758315259874E-4
6.517364279318886E-4
3.8411787867494195E-4
0.001025004395103525
7.758205878394907E-4
-6.297423607767727E-4
-7.470966036047183E-4
-9.082519917038382E-4
8.827980217589237E-4
2.302273485029974E-4
7.571871769937892E-4
6.565326975147489E-4
0.0016547258935735879
5.046909013191278E-4
1.5641404794901022E-4
-8.845495565772265E-4
7.621332751487001E-4
-7.863168605580507E-4
-7.632860322168702E-4
-6.789837696697516E-4
7.806119211845173E-4
-7.820648182046166E-4
-7.76181393724076E-4
-7.911668420347818E-4
8.515350160038586E-4
-7.394909133453795E-4
-1.4421555622350421E-4
6.644327970300145E-4
5.419583891498016E-4
-8.155596947943331E-4
-6.718339749089365E-4
-1.4009389072571453E-4
-7.51943500717639E-4
0.0010668156980362666
8.866135217001373E-4
-8.837258817882322E-4
-0.0012510165280177708
-7.748587746322628E-4
-7.115899009656909E-4
6.313430047876975E-4
7.327079251204736E-4
7.293037746285847E-4
-7.421670623667352E-4
7.571827124836987E-4
0.0012023853149032552
-6.492256099613132E-4
-4.0746656374064324E-4
-7.630981956039545E-4
-7.523867321023084E-4
2.4597839119069373E-5
-7.853425799549101E-4
-8.630733445232345E-4
7.969172557438964E-4
-7.620618034710483E-4
-9.636671004931662E-4
8.802941528480809E-4
8.226703811714196E-4
7.364076231887352E-4
7.583731762796721E-4
-3.527308907691208E-4
-7.575109535244319E-4
7.575787064643604E-4
-1.7007716284890968E-4
-5.610439375490077E-4
9.569902884204222E-4
-6.354941202574906E-4
8.422045934152853E-4
6.803528585141055E-4
-6.624647217577316E-4
-7.153704036602917E-4
-1.8185489043121169E-4
6.944416118193276E-4
-2.589416384848026E-7
-1.3205482225986284E-4
-7.040907989231966E-4
-8.729537493221847E-4
-1.1780035621932647E-4
-8.09983049616682E-4
7.220980543331743E-4
7.032288852416403E-4
7.064893847488025E-4
-7.25652430230909E-4
0.0010613349784556435
-2.7934248098738677E-4
8.683156589043594E-4
-3.9607636488721076E-4
8.15462174540644E-4
6.834739452735337E-4
7.590072818765625E-4
6.939340411624358E-4
7.564189652952972E-4
-8.648931539643814E-4
-6.280456516695887E-4
-6.622357583072583E-4
6.784916344404115E-4
7.013527131102884E-4
-9.590206689907583E-5
-3.6311912722811077E-4
-7.529676112581953E-4
7.032457889585879E-4
-1.845661146102117E-4
-7.159227256716805E-4
5.981764645817299E-4
-9.857685353292958E-4
-1.829413171841538E-4
-7.242115105134623E-4
0.0014970483008126209
-7.670409878180538E-4
-7.17675495756528E-4
-9.023166494397075E-4
7.338800689101421E-4
4.70395741631135E-4
-3.0433787738254906E-4
-3.6138244204324266E-4
-7.630669940567084E-4
-7.144764271680859E-4
-6.706127151122614E-4
8.496545467689496E-4
6.740072723892131E-4
1.1956529123638029E-4
-5.995128137273914E-4
6.982678943248247E-4
2.3437281639027567E-4
6.243856206516014E-4
5.971267479899389E-4
-6.397789741472938E-4
-6.194958147589193E-4
1.4445111956430922E-4
-7.184738415066964E-4
-1.1789318558499322E-4
-6.508174735190236E-4
-6.761333403017512E-4
6.027613194540043E-4
7.158431402693104E-4
-6.587085456868073E-4
-7.005239718138532E-4
-6.634974847315958E-4
-7.510579036252359E-4
-7.386102848319957E-4
7.089620890475668E-4
6.92282414038578E-4
7.990506502016015E-4
-7.910824606310205E-4
-6.284714373637944E-4
0.0011181297687612242
-8.789945570959692E-4
5.468393851289668E-4
-3.574197832736588E-4
2.1069737638014114E-4
-7.276221335793129E-4
5.796290761852792E-4
3.466023463570077E-4
1.267779202392916E-4
2.861488210843255E-4
6.549231021905688E-4
-1.195987727173876E-4
7.131003044779967E-4
6.369469677346917E-4
-7.925839974407776E-4
6.892646632302665E-4
-5.546374786115532E-4
-5.924388517493481E-4
1.1437007240188884E-4
-6.614377835041043E-4
6.534655958651185E-4
6.17089856683559E-4
2.505257753271622E-4
-6.2780654950262E-4
8.49335755011449E-4
-6.380733879143894E-4
-6.954567065759986E-4
1.219817750914902E-4
6.928290638967432E-4
-7.84413989314071E-4
-7.067462408966824E-4
6.799569252227214E-4
-6.58814255611413E-4
-6.922874089860145E-4
-7.070585594181448E-4
-7.086444341492963E-4
-4.694150333181667E-4
-6.999968400679289E-4
-5.697243386698428E-4
6.036166034012182E-4
-6.773128609691219E-5
-6.736550145884375E-7
7.521594760116692E-4
0.001427266820606926
8.569425077189641E-4
-6.449663819252879E-4
-6.967462337036298E-4
-6.341606597183729E-4
-2.9274830070238255E-4
6.087646717316822E-4
-6.521519801760724E-4
-7.023024334561168E-4
-2.680964561449548E-4
-8.941634610877996E-4
-3.387451231260594E-4
5.908320482342368E-4
-3.9185607143683735E-4
6.732161717708008E-4
-2.705422433113031E-4
-0.001003930907079196
-8.355400569244046E-4
5.279027647833034E-4
-6.139946135687681E-4
-8.244149373783124E-5
-2.1246389267060123E-4
-7.694052341425441E-5
8.246152581786735E-4
-7.094000200829558E-4
-5.330314455519023E-4
7.150953774120343E-4
7.252377299107026E-4
-3.5227386792719486E-4
6.49727965554026E-4
-6.775541224931999E-4
7.474748212527283E-4
0.0011761066755055052
6.197188580168237E-4
-9.492327778307608E-5
1.4359196152748604E-4
-7.186487184065701E-4
2.2738409527476875E-4
3.9478459815279164E-4
3.8473399156527136E-4
-6.494487239868883E-4
6.135077861458837E-4
-6.494227466818629E-4
-5.92367384000004E-4
7.095504763103132E-4
-5.34386231563028E-4
7.894969502550681E-4
-6.379383220045667E-4
-1.7845560931035326E-4
-5.373360436294347E-4
5.771588223526635E-4
-6.020019241073613E-4
4.304528686970052E-4
1.1963217124358776E-4
-5.834343697208062E-4
-7.902820099561438E-4
5.474039910663292E-4
5.907285878507026E-4
-6.081937924354709E-5
5.803636096830471E-4
9.313942341000451E-4
8.177262531260562E-4
1.3000852742165665E-4
-5.470821713529221E-4
-1.7913166989474362E-4
5.600830461435792E-5
7.792377902709514E-4
-2.897365856414111E-4
2.6670921121689837E-4
2.570551925683322E-4
6.60898880322683E-4
6.058504602757362E-4
7.844890854989261E-4
-6.302083427021843E-4
7.069776218567063E-4
6.719245284886789E-4
5.147590667033614E-4
-6.268024230224415E-4
-4.8534159371556556E-4
-4.7374225578052695E-4
-1.0046782213700295E-4
5.9468017671105926E-5
5.344838354791206E-4
-4.2575941913497515E-4
2.601806760911802E-4
-6.459990365567304E-4
5.634240196420631E-4
5.701182076686391E-4
-8.544347627273288E-4
-7.236802220704754E-4
-5.997314737508332E-4
-4.963494109459877E-4
5.502911132496264E-4
-2.718454133514126E-4
8.01530432861228E-5
6.647802136126639E-4
-5.925433465325735E-4
-5.367973756223974E-4
-4.307600806166875E-5
3.604435393157382E-4
-8.084950377651623E-6
0.0034824147625168353
-8.621399838615975E-5
1.3322697195564793E-4
-3.2571652504835336E-4
4.3078676146615527E-4
-2.9514769319921217E-4
-4.6791770111806946E-4
