5
4
5
5
315
7
643
902
5
5
728
4
337
8
543
340
8
570
640
6
813
662
329
559
4
670
670
5
373
6
462
300
4
643
284
8
300
646
4
281
319
606
685
603
809
333
543
829
639
613
307
710
711
302
663
510
550
660
684
0
821
5
281
669
819
296
2
348
1
535
370
518
5
740
671
5
734
595
324
553
274
896
599
321
662
668
304
673
7
0
0
327
895
3
536
608
550
6
642
375
560
301
7
374
360
717
715
331
298
727
297
857
523
606
7
649
6
374
6
812
321
2
541
657
6
3
2
272
542
539
536
558
771
392
612
849
679
8
283
527
660
261
273
2
7
812
768
551
797
291
1
613
2
541
3
339
670
559
5
745
4
4
377
733
317
667
278
542
8
264
450
323
290
823
286
332
659
333
345
312
0
669
298
658
596
794
333
5
848
614
677
494
658
274
293
1045
2
2
341
641
545
656
920
305
553
618
2
592
673
303
676
486
521
1049
565
718
493
650
711
651
799
552
672
550
663
610
624
885
2
726
318
574
334
475
736
3
668
777
636
678
5
303
661
930
730
351
737
315
274
2
262
915
979
969
359
910
598
5
607
708
262
516
581
663
613
625
354
647
722
699
898
799
4
274
788
852
806
0
272
416
653
680
338
620
581
665
673
580
5
754
771
260
676
1
10
448
1
593
657
10
512
5
850
612
6
614
7
8
539
636
272
657
523
373
336
658
637
375
796
641
893
332
765
618
677
466
730
356
614
661
444
774
561
305
718
625
479
646
912
535
457
327
342
895
900
322
919
701
720
586
628
337
819
911
956
326
589
664
840
732
261
422
537
713
431
432
303
609
309
833
434
339
788
406
583
315
275
335
915
1
795
302
510
925
273
547
706
853
3
4
361
978
458
505
725
457
294
697
728
684
710
10
277
809
667
2
680
711
3
248
237
642
790
775
843
759
782
918
9
247
537
675
921
649
815
271
726
5
929
5
385
945
946
803
872
466
734
396
696
593
738
869
299
757
642
353
864
916
849
416
646
261
680
339
1
910
608
871
414
671
733
259
654
729
337
942
920
538
911
361
895
17
721
849
343
433
235
689
708
829
731
4
852
570
465
3
897
911
962
301
595
676
803
727
828
919
369
596
780
916
679
260
907
895
904
6
1
809
259
3
