517
376
519
519
558
375
527
557
554
374
539
370
547
657
359
504
372
320
525
550
647
323
518
524
525
771
349
347
373
553
528
354
371
383
558
291
516
554
321
651
31
363
509
522
611
562
361
293
324
515
662
526
550
767
530
358
729
321
377
555
302
337
663
538
376
551
293
544
528
551
386
780
378
302
357
558
26
374
551
660
724
600
673
517
566
524
529
613
19
503
363
379
776
319
377
722
674
16
775
350
779
361
355
325
21
520
660
289
608
571
369
371
610
662
55
574
519
650
555
665
5
639
506
483
541
723
295
726
285
599
334
326
2
339
348
556
718
556
36
708
513
560
365
765
668
360
341
565
5
294
381
363
318
319
523
735
789
668
514
33
357
654
520
782
717
773
518
347
666
29
526
356
646
513
54
715
664
804
612
32
292
778
515
5
553
552
350
570
614
554
569
21
615
383
383
6
376
337
301
590
656
522
314
513
761
549
658
1
5
5
331
372
362
718
20
548
369
676
507
774
546
361
544
628
317
388
351
675
63
362
345
567
762
371
310
717
332
723
322
19
560
289
767
709
542
331
20
727
53
30
358
909
6
303
62
279
350
3
35
515
4
71
26
530
655
557
540
380
359
542
39
6
705
56
759
649
663
732
764
784
3
712
611
47
606
382
1
34
770
780
601
315
546
35
368
528
316
19
4
381
536
312
512
649
739
36
322
653
38
772
729
515
712
654
705
281
3
19
731
304
325
659
22
4
776
5
564
730
656
55
357
304
71
41
58
4
573
661
563
4
56
728
527
392
284
565
762
53
657
779
4
45
777
285
660
328
393
373
592
539
541
761
2
540
35
637
15
32
660
760
803
729
606
647
32
33
721
565
335
814
384
712
770
828
9
3
33
545
793
305
34
44
17
370
611
664
3
649
40
606
736
659
324
31
574
647
2
16
566
606
657
23
27
62
7
543
6
743
20
758
3
594
27
284
549
357
671
781
342
561
654
483
6
38
783
2
539
658
522
821
708
561
638
768
48
822
24
42
651
725
545
778
4
609
4
788
669
594
673
308
266
535
727
667
65
41
739
515
5
780
334
539
4
50
489
55
19
530
47
717
26
972
5
288
343
616
318
298
445
894
971
615
28
25
555
22
596
718
305
566
31
293
5
636
706
592
356
512
559
18
484
8
51
785
28
287
557
3
307
3
298
734
722
339
815
21
34
33
760
328
637
27
538
355
630
53
771
46
3
316
53
20
391
779
716
313
50
297
18
4
509
547
756
336
784
64
300
18
51
7
711
812
528
573
617
706
307
46
798
298
817
8
63
610
701
552
49
280
284
648
675
663
54
648
48
281
352
385
898
598
548
567
6
309
614
653
6
29
728
4
639
714
7
17
48
567
974
602
613
757
25
976
591
514
335
35
40
52
3
521
21
24
597
5
651
501
724
312
48
897
759
289
313
64
670
350
6
6
29
70
46
564
564
788
562
748
675
26
740
828
812
613
2
659
611
34
302
62
781
460
47
3
365
323
717
80
283
679
0
4
366
17
0
487
6
282
4
665
364
5
11
538
346
2
313
54
333
50
24
304
289
377
3
655
774
32
645
28
25
56
40
1
722
353
338
545
791
30
786
1
804
548
522
512
723
541
603
31
3
71
523
682
854
21
2
731
67
303
1
336
54
542
18
651
33
618
792
4
609
8
19
680
32
53
510
551
2
27
811
316
559
4
715
360
695
16
608
616
72
14
54
506
484
8
704
18
570
15
368
266
555
0
42
9
56
560
18
678
40
791
787
333
678
8
71
715
740
852
386
719
799
517
737
297
70
38
305
703
311
3
6
529
792
791
565
49
10
4
720
21
6
793
329
542
537
915
661
57
279
732
5
6
303
683
335
304
734
608
762
673
391
8
1005
3
29
796
700
650
539
15
617
505
31
952
811
48
797
540
712
378
419
509
607
4
5
663
306
0
19
23
378
864
63
540
651
739
8
713
22
4
1008
5
21
640
47
310
569
90
18
4
91
682
9
319
328
6
1
60
63
781
666
290
282
1
485
11
24
79
19
5
27
683
594
287
514
46
4
809
622
297
773
4
760
646
683
67
400
305
670
17
2
351
51
719
721
671
524
2
25
797
794
7
24
2
44
1
4
828
2
729
0
36
802
341
713
795
5
55
1
321
506
813
282
777
40
747
2
44
772
685
4
780
769
840
667
3
4
787
794
547
1
722
8
1
9
800
45
37
11
4
