317
328
295
318
319
339
333
340
324
308
330
340
328
335
323
316
290
316
332
57
344
317
320
313
289
320
333
369
370
312
321
21
322
352
331
321
291
339
316
34
329
312
324
306
24
319
323
38
346
335
21
19
320
39
308
304
287
53
315
336
335
350
313
318
319
42
338
317
307
371
350
341
286
326
347
76
18
377
339
327
289
285
294
319
306
328
22
58
325
375
306
312
17
312
36
339
319
29
324
43
347
379
367
334
303
354
374
292
308
287
376
329
344
286
56
322
348
40
291
293
292
31
315
325
342
378
314
332
346
357
334
309
354
285
330
315
341
22
47
332
305
35
354
316
303
57
337
312
41
358
380
309
285
39
353
24
288
338
379
309
286
316
304
348
25
285
343
36
324
28
514
373
295
15
313
312
546
313
359
17
308
317
304
326
312
336
30
24
40
355
45
309
331
373
321
320
34
327
290
356
56
70
261
378
288
302
78
336
314
44
309
28
329
291
30
338
388
308
313
62
305
34
368
333
64
302
70
317
552
66
288
330
292
276
333
366
353
330
316
357
288
47
376
26
49
336
544
315
356
59
300
549
360
23
354
69
304
379
309
336
59
304
328
292
313
347
346
304
314
76
367
67
386
304
517
375
377
303
284
328
360
298
372
412
14
323
363
47
384
19
305
373
333
40
335
321
19
561
311
364
265
284
372
516
92
35
8
320
525
351
322
369
299
340
26
14
303
294
38
68
362
53
358
332
349
351
358
56
81
318
383
289
342
382
259
25
273
73
338
265
260
345
341
33
293
302
365
67
286
62
294
294
372
351
55
338
382
25
290
342
32
348
369
287
37
310
319
365
371
370
22
510
41
64
291
538
306
51
327
293
329
376
261
387
10
50
383
313
360
334
382
550
43
351
36
305
350
293
288
56
363
284
69
339
382
79
291
344
310
27
558
370
414
32
20
59
362
294
547
290
359
493
417
518
538
347
71
363
376
8
51
516
7
43
285
513
530
46
362
44
512
376
412
50
363
384
22
511
381
538
300
314
336
365
515
33
23
288
371
562
65
373
325
39
8
535
416
274
534
315
6
384
296
319
327
381
384
364
329
540
490
530
389
294
518
329
36
393
297
40
523
355
358
330
330
340
39
79
7
559
41
307
68
360
287
64
20
535
340
273
337
507
62
278
547
386
528
392
507
306
302
357
416
48
553
331
311
520
63
331
262
339
8
54
46
287
48
47
49
311
550
9
54
24
34
319
300
543
519
625
491
33
516
287
32
358
311
394
59
328
353
388
27
20
60
29
391
26
16
54
310
7
519
49
87
4
306
492
303
320
92
509
359
510
540
11
280
560
512
277
48
368
393
341
54
374
388
569
549
301
362
414
289
370
53
324
464
38
55
551
308
514
271
558
510
499
290
415
546
395
63
4
292
12
348
82
333
509
510
418
73
541
72
544
7
75
263
549
350
300
559
23
294
363
342
285
14
355
572
509
306
71
533
350
12
549
393
5
259
424
568
290
69
346
518
536
358
574
526
49
512
385
292
517
271
303
332
386
364
335
