5556.47545675142
4148.909313686563
4745.072631729755
5242.642370625255
4360.182972501262
5812.945182559091
3356.290575648161
4775.30821963569
5561.523102806343
3654.6785945105285
4613.292425875103
5707.8213105610375
4777.945241110002
5083.506298121588
6084.825268516181
6298.489542460392
4493.428765821688
4144.304918459773
5047.457162525067
5008.829131791207
5328.72775919014
5107.157074925963
3544.304934274193
4799.398232770509
3187.501583246509
5823.474583966191
3547.8298708172592
3352.6110404622264
5037.884104582237
5334.731183678777
3541.057871753703
5332.980062867965
4194.457390377066
5363.311253333024
4103.218103733467
4108.49143210074
3394.9364230233105
6143.656758953901
3769.789460890488
2493.50166327196
4722.832089735073
3227.759964448105
5567.884314885307
5975.308164469108
3907.717506865715
3643.5173900491473
4795.470184417468
5323.775976883739
5020.5133142111
3238.9286754549694
5791.658336194705
6812.757215401137
3955.86827993145
3531.207362848539
4795.737681718436
5862.786135878926
6317.4809408998835
4796.737756455638
5375.308184160931
3716.3894293587596
5743.369282733391
5165.23102880927
3149.556380710258
2231.5617767531844
5322.83207745333
6845.4676549259075
5445.139791468007
6903.770780324747
4368.436354552586
5738.113410242992
5011.791807525465
4540.8810576921105
6699.212202046014
3196.2755462681826
5168.194760827558
2743.6766910261454
5119.905268546442
3230.57666042062
3918.5108676836276
2814.061881066941
5113.916589350466
5736.317872264587
3544.9687538395615
3622.1857383903634
5455.768021212213
6080.940533412637
4508.836959412411
3949.8855761848563
4763.31128830232
3037.4795917750052
4362.800860019059
5561.059776145923
6343.676626168458
4594.704940418447
6900.004865753644
2586.178699126626
16235.03224566087
3880.331414073906
2847.0189127381045
4191.076412250784
2238.2186820475267
6046.210591410164
3129.4118334706873
5739.948589305923
2149.885609483657
5969.469807182542
3736.0048431494715
4994.835208929333
6856.599602172758
3186.17866542405
4842.483806123955
2228.241734635087
5756.584557190745
4239.864044046716
5629.169018428079
15903.18956535874
3374.075032512504
5036.680789755093
3281.8282902664823
4786.714164331721
5054.864244812428
3905.087181714373
3739.967891026061
4874.77405817308
3717.097052151632
5719.708829956361
3760.182996104966
1894.8260418507975
4922.571494482588
4673.943043627254
4420.513336758583
4522.588569646162
1939.5539219812945
2981.8359224001038
4101.13408953139
5128.391448852459
5720.538171179748
4739.984201867877
4964.855593260349
2605.4982871056313
5317.655964801332
4811.919153849976
2786.034119823737
2425.7957223891194
3889.625172720959
2434.6118944069062
4861.772419206294
4286.121196640411
1641.0653746442758
5469.390719230425
2297.8043756222173
4949.90413743407
3289.472156642118
2285.7460810863654
6320.538162608135
5130.8378697728585
2433.611736253094
15469.772887835072
4044.67457719039
4732.238978344844
4955.195645411021
3144.6429030511326
5489.474286853963
2602.893651679654
5717.990642506738
4559.854242589464
2311.608365552272
3852.440339462928
4768.885512380958
6361.772704791711
5635.182177040375
5881.909218326046
6223.858669257886
2273.5614287161497
5138.1134204346445
4808.443140540586
6391.658327964909
3513.2362064302392
5096.134344538865
3909.175870046106
4978.874768590219
3944.786647840648
6850.207926320616
4932.928178905819
4019.7817031663512
4389.799609719576
6322.004328817377
2707.1202197113
29525.66382662736
4265.433127609371
3961.823476127177
4862.867618235139
3906.701743094335
6351.89463762981
3864.5445536359457
2219.196485473041
3940.8810688341823
6336.317869252013
3646.9085383110755
2938.2480733831917
4782.635484999568
5691.556401659745
5115.255480924236
5096.7523127042805
4924.101088523434
4668.771483030423
4120.149631872766
5563.695463665033
5418.074733891852
5473.259355381291
3901.788462914294
4616.209558806314
4809.377976030007
5462.867603222402
4985.510711507728
1634.8572995097618
1638.5292364585328
4430.862163837103
4782.187888205321
4824.876797206244
3403.7604229040257
2292.824318080016
4254.639147578321
5257.243967905241
4008.008496358928
2518.287907238922
16360.8489188108
4261.495135309297
4767.392157290395
22552.303513143685
3956.5845722523013
4733.719249855619
5767.480488380755
14908.892570335422
3771.0429837199054
3146.220091174716
3503.2181274231825
4958.433841656863
5947.220935222067
6233.38781700294
5471.406715281593
4507.82135332329
1627.9868988815679
2935.245691680348
6331.630671131521
3108.7761693799334
2970.5077779651087
3971.907470385099
5197.413836271693
3961.7727334592987
3829.821908512673
1911.7076897311165
4224.876801615364
6339.948585340731
5683.479157627821
5677.211671253645
4795.774319949008
35665.110686945314
14559.968148595068
5182.530243008641
5559.337795468081
3934.520902183858
6233.798732480211
37028.67468410723
6302.5157223669075
5769.676824574839
4436.820397320543
5585.5107075110045
4264.491482855175
1645.2485606838027
4936.589790603779
4442.809924378358
1967.2189986058768
14047.757727805469
43291.29536232337
3284.3232467673565
5159.78128588572
4981.938631488516
5556.96993810847
5570.869258449318
1320.6386042157205
5154.536988767878
5087.004874249945
4565.152710169714
1939.737191982594
17011.843500721672
2526.02186082887
6054.70250481634
4334.489622782475
6256.599633127413
