6155.678275520119
6147.0407035150765
5830.835930815934
5828.1141618763295
6155.518433516054
5018.262730319791
6554.475887856264
6672.067154014082
6657.826639569864
4667.307295734812
6620.008385555608
5844.1151992701
6081.6647289382245
6033.698905777155
4679.479953599733
7197.096858471283
4067.321130857937
6617.693438819173
5227.759879220496
4691.11020878899
6672.660170106235
6596.755499355076
5820.054131047622
6310.820331322509
4951.407231130236
6642.165908738967
5711.062415522788
4965.138628719287
6665.208906340825
6622.898705414632
6588.770731312184
5788.624007200755
6146.975289933321
6156.205975911058
7076.175025527624
5341.215289339913
6311.0536420706785
5829.218197498264
5717.356660851978
3818.297495716432
5120.870234380972
3798.559986115668
6300.955086164003
4079.016106549542
6756.804982466148
5821.907013581529
3322.6448574388346
6317.3468191751035
6625.526435857483
5720.8521842932805
5432.5127999272845
6633.687729405389
5853.753119735042
5110.847741708572
6476.058736141452
6679.356059115153
3897.326132076293
3634.9807677971953
7067.975357917039
4497.314438600745
5188.63229209149
5481.680298762509
6165.56544992284
4983.7422946812485
3948.826774013359
6768.763580926241
5442.192834439955
4500.274176783866
6630.682900398869
6632.617095837055
5598.509886902459
7071.392586208682
7742.06363288217
6747.03294237189
6628.680203825367
5117.374410781378
4485.473547019586
5275.744297856182
4174.3224840962475
6156.813576373512
5707.4793415893255
4434.107478870159
7126.285136040493
2697.3511599402177
3035.1282791182607
5111.08043443853
4522.627866396039
4456.591240070159
8076.432520027096
4505.239018684906
6307.4691683985475
6149.027350303644
6147.2562306980135
4418.281055644406
5082.264264331424
7248.50775839492
4691.386698922017
6320.843846643568
4711.930942595133
5190.294111681825
3275.840619653644
4675.75676450873
7215.580898873643
4087.4981831365185
5267.731184848578
4475.811272704941
5352.480570359412
3034.9892262571598
7272.063156261865
6305.145488940365
5996.766563483208
7196.749161742022
6483.814646473503
5034.090360466321
6755.672485190653
6479.371224059251
4469.327723392239
5255.734475314684
4679.002681738458
5488.343608561118
7573.744199402461
5075.79976802909
4454.655857577388
3905.248922460481
6573.0469976433515
5428.220774891345
3922.6340757636876
5311.913104229591
5114.325719932588
7763.784070228832
5288.551681901213
4759.513142644377
4808.146748829382
6771.894099181628
4693.745954516888
7265.204769268766
5104.433072115964
4757.271321734256
6476.184087800342
6733.287930302443
4990.740147888049
5293.729997665478
5954.488667566095
7717.232434610092
5536.912649768741
6088.329381059312
6755.5110170743565
3834.124438373002
3250.4552631862616
4351.420735731604
7173.042808008232
3234.1380943071927
3048.104769476925
6562.14204760897
7764.249134039847
6747.251934429445
5855.723447057524
3035.22793892193
4501.095941212068
4588.649939819107
8077.556877150196
4888.362538976069
8127.024982195425
5650.403401478913
6633.168561968625
7511.2170689344075
5275.107967665885
5097.309170536005
6489.452360242654
6839.434453781423
5056.5854539241445
6826.08203526632
4472.218600521988
3860.1087848159673
4774.319546867707
7958.268454704665
7269.402223636787
3872.22871982017
3958.784933383809
7261.581071507024
7076.048900580923
7530.380103446254
4075.7668228475586
3992.4025855288655
3047.3312275159997
3428.129522216288
7116.189276588832
8096.823634243224
5565.122873681123
4590.312485537067
2748.8469352734555
5453.680627734987
6042.177260021843
8049.829583991425
7264.165491097487
7083.804830190359
3659.4570903444132
4073.8544265423693
3635.2201059429667
4470.107193363781
5321.0940230572605
3875.826401907864
7243.515087147411
3674.5448864819123
5050.410660661521
5778.872830947469
5442.931890251845
3370.833423527329
6475.722097845712
7723.162905913991
3887.4532013306343
3900.281947388986
3783.7734972225066
4848.076694477236
6747.856376991225
5838.622200577604
4102.3815583478645
5875.731766443692
6312.646812468748
5574.02008747844
5618.247566687724
4091.1218662752117
2540.4145150258087
6741.922159626917
5988.781508282835
7758.302404749457
4167.789212866808
6314.709278071331
3151.4381131370533
7139.013113080336
6420.048546176151
5462.783634157008
6929.673884093313
7079.361641441032
5072.215439866676
8466.643983397473
6615.83420052
3865.3508650774997
4655.7452937064145
7257.823115642324
7210.097633271838
7130.446339539578
8092.044049992068
6762.7712654486695
4248.082987616118
4398.544101915375
3765.1680996658265
7141.96221782342
5319.321378622589
6558.312774610412
5278.997872816374
5253.054418005279
2434.9998417081056
4767.786668387907
2810.4540509761014
7529.668136115647
7729.316316292964
4312.58610091431
6845.059409003439
4747.62854218885
6218.23945081783
5143.597847036884
6536.596744978877
3751.430983444017
5292.695498803568
5464.189326873415
6400.19345217698
6827.174219307403
4159.517991800195
6746.969039872244
6136.904601191604
7193.6514942042495
5478.64190944532
3930.5993060559204
3119.977213369737
6783.711627868382
6471.402256113687
3475.7733820017843
7272.655622093008
5586.261525676885
7744.196271868234
2893.775419079619
7136.592073446333
7188.76436983789
3392.406216359423
4892.747487266231
2863.48791628771
6836.620124228929
5441.998594668348
3576.0070918073448
3850.441016851507
5051.985380223225
7041.050783243848
5217.0390576748505
4578.902684956752
7123.168131335885
5650.407245041395
4726.408314053028
3854.669215902537
3736.9391678896764
6640.22140362366
6718.649399187894
7093.699806096239
5551.3936660449535
8028.484024049986
6329.681816685154
3140.4096420190617
4775.996847480968
6751.1516241212075
4451.995424371485
4854.747747889073
6032.497568237784
7279.351602836025
4326.393803000589
62554.55872366925
7158.305421881516
3904.2003240187673
5714.308664832488
6183.715161116376
6314.297769427289
8488.222723917494
6832.07927200817
5267.301771698449
2650.465879150546
3493.7685802936167
5191.344993439677
6317.2499644286845
4918.668380518306
6840.552277684123
7147.0547800921195
6725.365250175002
6821.331446031913
5457.4470948058915
3165.177329026029
8550.94516300334
6808.927871632346
6343.288243701325
5070.102184969037
3118.6861619811375
4091.3970135291506
5700.966581350801
5480.543336200853
7500.099592286413
6511.887406753402
3869.9869426673386
6757.067646274973
8073.17149735328
5054.647979235636
7120.714621831502
5444.874245033568
5416.055299931896
3574.3290022652413
6542.065384243726
3703.965394406137
4143.974763795776
6923.013598576872
2846.74779299471
3045.905563304823
4512.802797201403
6430.833172697716
5433.715282999126
8196.021744318901
2792.4153830825194
3958.9863734189
6836.04574865167
4450.42476378242
4453.021817737429
6318.396528224401
6502.69989295416
2579.1148468920264
7093.524774018856
4936.922592637569
4267.44637195505
3885.4831217315977
8526.169927339837
8183.941684813016
7440.550146452542
3643.3617771460986
8260.827806067096
6681.660849097831
6604.677722485286
6310.926267265549
3348.835769995988
5185.394780546024
4383.759518334159
7645.902220371422
5094.034654764711
9105.3982336254
6198.500574072421
8450.420848911128
8081.140211175683
14271.110126920727
6834.814059995862
5952.479355977068
8527.398683491472
2447.3409064726725
5462.7224873682635
6323.0227227733985
6547.058749718348
1957.3498885907259
15946.157844231704
5241.066036649497
11415.174566219086
4465.349280086947
2148.8549336644287
4485.393560985232
7660.8325322612445
6441.0539801621135
2448.1128522118393
6765.107609726326
3889.4170819967285
5582.638722400224
7523.00747658178
3198.571778318924
5634.07823370972
3441.0802882846097
5518.660075038785
6849.954281837362
7094.919126618496
2548.849444044937
12734.3407951272
2435.138779820388
4783.421615735859
15196.924566478365
3687.658940811643
5067.409027421605
6305.13616819891
5134.896027829029
3059.4623167918476
13263.255537998795
5819.6056894849535
4108.535148672547
7517.233389558423
6603.882467878853
29710.28459010015
6406.361461989767
6625.435182766136
6830.60170863616
14334.949656340705
6467.984593838476
3928.9567372207925
3942.094820962651
6540.756988437319
3260.1150384957728
6455.714718693838
6352.299537870042
5412.499598015526
61954.567445031505
13433.91655141335
2448.9489020047376
5999.75100931402
7075.717472035024
15157.311218616082
6745.230923753754
8632.114476649193
5828.710421469199
64202.001156189064
3982.6336324087297
7736.590168833739
15674.783010496043
12734.058445402026
8106.9888262408895
6632.486207536325
5791.343141035761
6536.8931852409105
6335.897092806685
8796.019720050892
7096.921470553874
28902.9965713838
5307.663577299199
3426.5901070995847
4175.999028489802
3511.958305771106
13606.430959292218
5848.057370351672
9900.090929713308
7436.043827054058
4762.515692767215
2474.55780235689
8111.213699989875
2467.4725451127865
6593.65495177334
4158.624438385477
48650.385845975834
4007.277369830053
6739.269033255377
39056.949549281344
8015.358176352649
3297.339379159414
2770.843271435087
3258.804922230599
54115.14014882487
3978.7056964988583
40784.47756431257
5399.90841013588
5503.956820794234
54715.1304658362
2758.8034911902864
4298.258720866465
14331.825926465535
8173.750423893863
9444.743109514826
4640.259528395958
6833.58126086348
1370.2597069632018
2504.259313703248
7118.154322732166
4303.96337472721
4768.572917922633
10256.165845533342
3648.0937863435
7731.870593022433
4998.5257572514965
7109.196307959514
11444.438897046633
8455.196996321034
7233.686961143286
10869.066003191045
5145.382097610368
3463.4848904363716
8202.089513785704
13089.789451638468
7093.251243671661
6007.084664306527
2128.0454860600294
12401.212183431382
5470.924066155121
5942.448367442368
3044.128337872102
10491.06209654542
15748.022681058155
3048.9393491647393
6151.383282506632
2170.851407608659
8123.006643344367
14827.59114037514
3132.2138739335937
2685.3883307758542
13967.161975903411
6900.106095648368
1600.3264002992348
3959.0008954895425
18204.435906950235
7747.052809419283
9116.393575125649
6304.405168891453
4111.94681774549
9479.725617879982
7089.442547618804
7721.687270241891
2598.5796721627426
43104.36132383397
2454.782037345561
9164.506278319239
6911.222914295651
6917.239699738918
1917.4978582515107
12724.389211188069
3902.362057826294
16482.083073843056
7242.164021904214
9195.680518150628
10839.870147528025
3856.603301344396
47450.405054902876
7117.237677162202
7140.752652150261
3647.3237092711656
6227.17771548207
3644.1172502999125
55315.12310577713
2487.6684068925283
2875.7784856870535
7125.986043667911
6344.898845488696
18906.625950762987
9500.78494191908
43704.352483187955
12848.015242226758
2638.57452625971
7724.857595614017
10530.367679769348
41384.46733025919
12062.69278971019
3184.104495194133
7251.323894714893
3645.8943439076897
3630.9436847265365
11431.948874338175
6309.212014160544
2583.7901367632376
4245.8835986496115
19854.98949450438
23134.287237875844
7736.887687469719
4365.155046443165
5795.226067296676
4628.034795839834
28303.00687567046
3946.857866379327
8516.395453383566
9594.617478801802
3917.4518231476854
1904.837827517537
7089.457836452491
1232.0848516115268
1947.3519885851292
5790.283560994187
8518.696721762493
7111.885245874853
7135.556940911855
3104.2524896287396
12064.269379018097
14353.794767280833
2085.389280626554
2557.3487751593048
3845.178927042359
4843.346580684661
7974.378533640282
9157.61617150444
7142.060585261987
5594.593062676011
8129.666854449731
3513.9511755095973
8917.22788379667
13583.18867748395
9517.224470012134
7815.57948142372
2841.083281094213
3948.2131681714523
3179.1129452831938
6756.202245656904
3970.828159046232
9311.210782190385
13779.86526049339
3764.763415994554
3880.1653743322804
10044.380989087993
5584.7626434695085
13754.669692218746
3943.7434105968587
4903.960181143428
15636.398189504525
5070.428735760974
12881.540864454966
2519.9827037605814
5124.580745401198
16993.514528709777
11236.99906425455
3870.118695085618
15175.691486042537
4174.705317584242
2038.5770646657418
4095.017214942088
2766.348131666027
10229.463685101122
7121.689010692496
9330.373450086297
30204.38970918835
2504.836736915857
13065.109884070174
41984.45927966635
12400.548394460133
11736.051728851597
6547.794876875045
27547.76392921744
1979.119344583796
3181.0864206838096
10846.863733870623
9133.18354144948
9765.807856117754
2473.3575100136622
9969.136618386594
2228.1424635767758
39329.23929087068
48441.3895933742
4028.0352779077043
8505.400291619038
13555.968718034428
12391.726230809689
10234.321828165359
1847.3471923629006
2675.8518971903864
1970.2587375283383
5583.7261448744475
9911.207345756115
54216.335329419395
22545.392410495988
18847.79985669739
24409.161726416743
11138.303470222765
5100.27352264872
48050.39424614613
31567.927449954535
6688.328378445193
5097.987143333139
13963.26972892915
61375.20707657775
8100.0962668067805
8045.365522881612
6165.111722862407
4845.875863699212
4243.351782523743
1833.8501588889128
5893.714735171615
1835.1460976392038
9128.433891585213
39656.942495719246
17554.088599725765
5552.592293448679
25271.238207046783
12073.766315475848
9908.836434021405
5962.15656229146
16955.954353898425
32808.36587371848
10776.70320214472
8506.630615030112
1952.2060561647713
16519.97973566807
15103.38065263872
3043.37265941104
6493.703897852512
1984.1053539867787
2210.4618873151103
8261.34594681059
8485.036124940809
11413.14343758868
7717.407287112913
8111.748751064198
11743.253787783939
9114.431764673513
2806.8997553440504
2443.8955792421166
38456.9605242811
14428.382908510166
26947.773685602046
8860.824870174018
13237.20294212365
7673.314204454023
24461.902699673516
7147.789954967778
1913.2016534916374
3175.577384333826
2435.2379141005913
4830.013188592879
13429.83159470917
9303.633833660955
61975.20230404024
15527.87281593735
8483.886768966502
34381.07428870317
65401.98563087195
8598.860792610061
9991.501546649108
1326.2139978051075
43162.520232061426
3841.6770468543837
20619.140350474998
9484.683813042373
53515.14917400143
9727.168520871117
13929.103085166482
3455.7594047322386
14318.807429423
4460.107257117264
8955.656924567631
9486.209646392163
13552.179061615781
12396.14696271885
12519.829392289981
2034.1524244268942
12850.371356277845
33331.158717435734
3888.325447573995
25009.151935966296
61354.574827569464
5279.477203237121
4055.7538852791354
70281.73415569236
5492.7287169955825
2186.842094892331
9429.985438129415
63754.54526775096
1296.820031516385
5008.321547888226
5577.863822774665
2246.754836445945
7428.842888633531
5790.18811597037
7130.30480904459
1874.5639247473073
10285.404106421396
8279.783647096994
15577.521939955637
2570.258320134226
5802.8229887665975
11372.579637015297
7742.058742836281
16918.099207131752
15515.08562567835
5785.30762966546
37916.20672783265
5544.2697956744905
63154.55071967747
54979.60251376315
7026.583264417191
13400.567486565773
18938.682820110407
3820.9433025677104
54816.32570940209
7162.1387361062525
12065.675498008017
8646.924981754217
5973.0611569052
14732.513670639553
11639.860791256666
7958.150365155583
8471.258989885824
6088.8213439427855
2215.8959833496774
11405.483896747797
69081.74541382966
56779.58724309051
12180.108922827472
5109.649134223386
12074.446808015073
40026.070686384526
1838.3437612532216
55092.1299460427
8466.051735329143
63602.00899151654
13240.642444113219
32731.168333194913
3567.7961724639213
6468.297356985494
57379.58347117717
9475.605105347113
7741.9602744379
5799.82447197203
12746.153922154841
27948.061853304498
3218.309968634251
53616.34333430195
4716.308029883363
2536.9477883002196
67269.39715827984
2663.419464374179
14738.941578400381
23281.51790592139
25042.580421454284
15559.310361131846
41962.537654414285
77154.22235165167
15217.687197361587
14849.002409398609
6320.136172241591
47673.58896544309
24671.244048181474
9871.490093321707
6749.025463091465
13632.380072906075
8191.8261593484785
8523.894528708188
13094.488322318999
5133.488246306142
5454.747007090311
8969.819616835479
4749.5530215701865
2581.087216956323
5291.386457674642
14762.144207630135
6211.050849080568
32208.375056948815
9159.294864582436
5746.955557830243
8233.50445953001
28548.056496725952
60175.21993659672
9486.117523693732
11694.704827343356
22965.123342891973
17236.09852821224
16557.71249267912
47841.39937543532
38729.24692687712
4062.6621876899208
15131.30016960289
6232.0829665383235
14714.712926977802
5710.83175861383
3795.861112340612
9112.884370395988
16841.188931447017
1906.9801572628342
2506.5217417888184
4830.9033677639645
1384.1059755860488
11347.226707738166
1905.1522382056564
7117.409084538366
3856.851057141436
21409.34770806962
5992.418701746882
10521.248747642785
2208.4595625825323
1859.4772378146022
35788.87181437188
10809.469669455531
5448.515357588746
55579.597354393
3087.661159547364
74503.89365518701
2444.1373943201615
4191.500230725868
14663.495867539918
9509.502239743251
6118.653243449937
49041.38405207578
19151.591845120605
4120.671737529325
54379.6069563347
12578.290881617535
3067.463603250165
40184.486768982875
14133.689948810856
14256.39670490093
11706.054333387312
15237.91554597496
8665.472936408623
6155.545912695255
7106.168764187345
37316.21893000168
3157.3482394291573
5087.443856289709
8534.853173448564
72703.91477183701
24549.51079966957
6837.068485295409
4168.577277708921
7725.984366748435
4321.310790867903
15033.06385685738
73903.90012561115
8298.83648086354
5814.619028213707
4548.823715814704
1462.3729799112302
12527.568838941464
1916.514818226986
7841.665850977087
4469.985746697046
15589.851465947397
9655.14734558872
2169.5067832607992
8700.095773738529
9460.822630916979
14748.37078052334
11453.877991632437
4467.341283475619
55692.122176414516
10600.703369117224
78354.20906834822
4335.260913541378
16879.832860002287
14404.772655377095
5911.897274243747
2115.8267066470426
6539.017547106659
6531.875839383832
5902.029517828073
4147.633691719712
6428.705336823291
11992.476406870435
13758.855535407589
5581.091418345702
69681.74017035139
6702.458379141286
4881.698956189974
2503.969329117806
21046.435506756963
6716.751335849446
4458.798453811783
7778.94602033381
9851.234157139415
5126.436995572913
7097.673397359933
8029.867266720931
3305.260799863688
1548.8586322706758
1225.2069144920993
27354.59027691549
10511.205237041713
5094.03709914971
13424.79081677138
6900.953094260267
1904.2651419576507
13495.76933544715
9338.900400307215
13200.576980908843
9728.432376946892
5085.471021584323
10543.614339747786
24442.59032857938
4857.449869242769
2173.7293202409664
6704.161417028842
5467.440473308381
15492.307952549583
11440.375841288605
39929.23202697432
5704.416264623337
15620.889482802757
6798.499291281676
7128.952003174042
9749.284464950366
15930.296724823444
12878.489872312473
22009.34223501015
1950.9384323787556
2746.547625653174
36683.5139727151
8512.885628331023
2440.5615053038055
11133.778166923064
15829.055274739694
12521.834948534122
48273.58294341905
17091.23130853146
5194.939393248443
22017.380152934133
2311.971947281656
17182.775859827474
13990.267025905516
13098.509771802977
43887.2154124023
1943.6566387902697
7984.63266320142
6331.845225663031
5291.108092966622
6078.293600623612
19581.601054715593
5548.652486246323
27453.627384917636
9072.809973696245
8802.088346304316
66001.98058864732
2662.3689009939612
17309.44818902112
2194.4971891888104
1233.851452406989
8553.600373719348
5731.847904400166
8137.024934927137
4847.498424730086
1952.1103905085563
16092.304805964572
10572.50597839331
12391.962216371296
11360.288522815372
5792.307715017064
3487.4640048160936
1583.493156693289
4648.52555549268
8288.733296636641
4915.568619142404
67869.39147870538
2722.656457528606
89429.2702034139
6237.072370972357
16077.434419181796
11669.140539385837
8529.87690354509
5628.600062508987
5836.130848274839
13939.33942257417
20290.295995735993
15985.177521768906
2794.4969250363815
1887.6743298493989
6573.573816233719
4041.0772744195624
16624.255992331742
1926.2122945640126
7440.4908182942345
9476.511564955374
17714.85656949538
6347.287683241687
6047.827501086471
8669.888497399112
72103.92044483624
23247.990622972946
3196.670667924756
7993.618665459295
7441.073278613979
48298.892754873435
18118.627923206408
12000.515892730438
6930.385360643161
54492.13725504671
12071.447286506753
9891.114006360189
68469.38705347631
5507.6586724592125
8116.886981493779
12280.689241539947
113567.84913859966
1610.466289051509
6927.302806386662
1505.763736033303
9015.488497609125
23734.283420458785
16443.704389491497
4483.422914908368
12497.861471511935
49250.382496867314
16150.347453128803
15048.873294955096
33518.837217912434
1922.6551200317076
3091.006702759515
15340.170511622811
4157.275530251634
4487.44495052273
62575.20053267504
4381.085061643487
3876.694125447897
16596.134639596185
2796.456310022652
2536.395149232909
3118.6344356790873
8628.046766509258
9903.497011465546
4262.797943136156
12178.013517329737
4848.516422866328
2697.276034031938
6751.37846211132
8558.149368088682
8055.005508964297
1916.9481029145793
43143.40910135039
1917.5595048370465
8626.750889836514
11115.056790256296
44487.211391933946
14647.624572705641
6437.9660857786275
7136.889590497157
4498.285655403068
5914.849618516138
30489.953386548972
4794.474003517314
66669.40343322828
1247.9262552266473
8609.128230755727
13915.017700839993
10044.741459057204
16516.351556099118
15544.173422239492
3654.7623385480747
9120.69328569423
10060.821467510159
2753.248274115005
8711.212712947861
26177.66767921364
1430.9410135457076
1947.4775640375676
1943.7739828273955
11097.763622544018
3887.9415805983353
4395.860399426501
18758.61687314458
1922.4600212214589
3410.446560722256
16582.781553738892
10021.690418878186
14038.88906761715
2075.857933692325
5100.98222044404
7748.78337476422
2718.674396423807
4642.1373123636595
3152.2056299763276
14786.116870398366
2773.728811745222
84121.55304351785
1940.4198695829148
11150.584531508655
13837.164226571675
7934.85438116184
8011.296583243934
8651.603619923213
7997.465096555446
3164.7641241259785
4765.772727209553
6371.077994014022
4524.582647337551
7810.271598998434
2610.1711750515083
28653.6151080755
44343.39714109109
21121.225972653083
9721.161464338795
14820.310294566736
7080.491023902642
48898.886984698365
19787.26937037216
1843.8975412432344
15616.828344517253
6502.79724526599
4156.1481023639935
6250.406478854567
9506.840576885446
12842.468293075664
54320.626766010755
4248.91983632332
29604.398687816538
4984.76383080381
42504.3723036436
15775.373830975997
4618.132039769982
1628.1468854860009
1955.4997393505569
15488.949270972233
112367.85755991613
8642.317576284328
7024.052693356139
1848.9547743998342
8980.126979310293
18064.826732289916
7449.953355420467
9246.111681647335
5925.805481405534
13233.38139553016
2575.5783469208536
2670.086520022172
13084.969467711588
6224.1167460787165
17077.043458840035
5447.497050424501
4356.059525152578
17995.41204753259
1911.1096372705053
17148.086051456874
6284.722102010627
1825.2062060637247
5201.543762523085
11654.9848057633
6166.5817772378905
6428.107224220823
53779.610197622904
32784.68855456161
14381.919937550983
8733.444052703018
21988.120980746564
11682.54094857997
4079.4920253740656
9361.991894235329
1831.6932311697994
1886.2822123692524
3054.7725317786535
30310.276807629365
2512.9148192768116
757.3528535096831
4133.246251281989
10529.998151881811
11061.877201018378
14733.684480364216
10500.088932083881
17820.427944282485
33931.15599068072
7123.421365367613
1254.7916837543812
8438.269086515686
6635.81559206681
44304.35002808559
66069.40958006193
22897.418307190015
21388.12502737358
8417.41534780197
6032.839072050817
8343.697105172636
6228.846080699565
32793.4656426897
4276.954940471319
85921.54097456839
1231.9505546968385
1911.655928512037
3796.669948081925
17795.57033500337
7437.066512441855
5765.378177990956
5165.379547289766
11123.689657621344
1840.5634163780094
18597.292935339938
4418.443529405318
1964.7662484949326
2575.022563513959
9897.269085605447
5845.628366607491
4848.914516973452
6292.949368243764
2749.802915282795
1828.6919644138181
12732.175834923622
10512.662309558624
6797.801083269799
3071.593433057039
7899.530841297673
13445.979547927667
2255.7668240555704
6894.107252953161
7352.1699093352945
14806.172639847471
8710.219179527588
7797.095677691226
30967.938965551974
2161.291819034787
22297.420476256986
2122.664063732014
70881.72880550759
7396.942822106211
43287.218868578915
7949.79765479191
1839.2558766723607
15211.345352837772
3858.7997810070196
10855.03175891507
1909.090637302986
13458.076776032787
4526.438388724298
5989.291869087883
7772.624242052785
4419.415089457117
99283.8361987722
75103.88923880023
57050.09467979828
3103.967160522613
5857.556032969192
10800.24346712103
628.6003451134969
15106.481793368075
6235.221443970103
2242.0415430903204
2467.6002054008945
4026.5896387362895
2492.5284967575335
83521.5578684572
2443.381253995295
9930.002049349305
43743.40170985425
16704.48972736854
28147.75570226463
11087.824692422588
16122.986779817473
6004.684218334622
15670.328823569915
617.8532748401632
4580.014038432363
9684.696601267138
4919.071812915138
84721.54840531532
2542.228393823404
4485.002539226116
9992.911393203389
628.590848929341
7416.492002724171
7542.201402763237
16885.04482547486
9179.20250827588
36260.74466156997
10703.205523156972
12871.811452731688
81121.57249396927
3033.3924663463154
3704.2510537225226
8734.875077698212
8070.000678065176
7197.28267204756
17661.364682486263
9070.010720919696
8143.894354507065
7592.092165533967
4564.68254199295
5939.022175886083
13203.917589830031
10450.10927089911
8921.002367350608
1213.7720626306682
21693.031905632943
1835.805384690006
1564.500142545837
26777.664021784098
96450.54177575155
5687.41007831747
16024.023185051503
3269.991757580382
1364.767828152765
14691.83102884735
1813.7584259870994
14715.576442716467
46473.606534408354
5684.571514022917
1267.4824559898618
9930.369858860402
33781.08657021179
3852.0099459849453
1263.2262791443786
2436.7551981489396
9456.703252745097
41708.04628744745
2491.0078729426345
6426.584325095048
12844.946844979833
23497.416319148142
1914.2827154371546
4433.200254953743
6132.402208083528
10551.272481334101
1547.7563537754029
5472.75984814271
10695.84123021997
16009.622614070824
45977.819704048416
6018.589458550568
63002.015101609446
2429.2908121104797
9920.039875927772
57979.58121472655
9603.350907987653
5826.585655554283
6356.893435105427
28341.883274783726
2441.616589655051
1845.8278505935493
12406.001321762313
2445.9149896808053
6692.710302452499
27425.466975193496
23239.58138056006
17782.770997911615
4159.5142158637445
5801.2039058098435
1231.5324989040546
5577.270587924907
98850.52209463183
1832.5152498090818
34118.829464041475
29245.54113700675
15087.076705317451
25888.32757320735
6176.356033292385
40626.067697568426
5984.933814415752
6190.758229414578
8783.939651869938
79554.19842059558
632.222301162946
17115.09639750251
1860.4589760761962
9880.500650607606
16567.240638105442
10878.751398242373
4534.8976185748
16313.068756194685
14338.918984737806
29502.99393578074
8710.748728863227
13177.408355279367
4697.9282881868685
6105.487353010255
3055.5877496158455
53892.142901713174
9543.535869588151
16630.193823667712
12496.605713038887
4553.148058787192
4101.330051962714
806.2914184250924
3067.5986332164543
2826.5916268501137
9863.11957581636
42687.22137761263
15582.6131365279
2225.3255391417783
10225.9325566938
7256.464384960361
11473.528554221743
10277.19506425888
2440.1353076126666
12402.87464497543
16636.1051162542
41108.04860698513
60202.20705080213
1828.599482097064
1919.9882110575497
14406.327528218095
12684.093341881045
12074.896392930366
1570.855527451601
15260.949639643675
2500.5148504494196
5860.085535321659
8186.349679325864
56016.31047142397
21721.223875803553
784.107132008013
4384.10329821545
1235.149704401831
4254.753471649271
4391.437144744058
5800.492819748071
2010.1744348946345
8179.907110403461
3667.454300036822
42562.52662211165
76554.22808889748
15184.987800041148
3195.862124601342
20359.29157409951
8826.745764340514
83590.43371362836
3074.549438758454
90629.26072592312
8648.787797254896
56292.11528111309
4504.063998336515
12494.171754360128
7816.266278485988
14016.098346607036
16202.227059795425
2062.3703155590956
4318.676346306674
4872.22327284296
82990.43802571423
42308.044037278705
64869.41878781863
5516.238597810668
1833.42838607267
16692.301782094455
4470.692084002304
11303.204326402125
29889.960846399732
1497.3606053184299
15921.290661959667
13609.628695848674
4018.0165856641875
1855.5882594019834
17037.962098251846
5963.630976128817
5551.558413740524
4552.571758116133
19538.679412571986
47777.8031312177
21697.422573810538
9839.756824807731
11172.479025084382
9947.869388323585
6900.662557934151
628.9133622850973
36388.86724174423
7716.188080392117
6104.1255831813705
36083.524489061805
4533.489631828297
1646.759234302268
617.5533819706587
2497.6488904025737
8428.049401231881
75703.8875602238
4719.862661796704
5741.462383143886
4174.538388204237
6221.297105276894
1831.9491335629248
617.9846821530689
8109.19533398323
68023.61175020768
5973.869464729899
4430.184642856178
13885.613934342422
3136.9440459200714
6115.687212306325
9543.693535530792
4670.339509610559
111767.86230421682
5672.266932662525
6931.843986168944
46850.414916596004
25543.67263772292
25609.14946413139
10843.245197596945
15634.254962657118
4087.7361708827543
71481.72529593449
20809.267426937648
2855.763862352324
4878.474349062919
47177.80727171945
16962.3176736558
48459.35813960319
1232.5165188075935
3901.1025439908417
1240.198070453351
2413.7578577471495
1344.100110059574
5941.213105050645
1896.6946426450354
11979.2990999382
7424.113949325946
33993.45961338813
6415.6385820501255
22744.993509600714
8073.546079423734
13352.86400749465
45087.2072481787
8923.158711710847
5668.871869652566
26754.601211189445
2198.197095373141
19210.811692569157
1951.445452612469
6901.9758233250805
11773.308131520142
7509.195749662194
4844.1002685632875
5068.872654787974
12494.909726634352
7508.856452153668
3781.0854958067907
6950.450805314851
1245.828974606741
5822.722398774981
3148.84893142844
56450.09740377624
2196.4568764682413
3144.098708998464
17607.76489657158
18704.92982150805
6836.810322808799
4495.447810125477
7083.667182969537
101683.82145075791
7954.712278014603
17030.75449447614
5741.975244849218
4641.072395496056
3557.2806256527747
7127.777100279737
8871.652862370383
6233.39049360238
5226.587139746312
53510.589526997275
2717.1365555258308
18341.982044639055
5977.443794265391
5993.6601563001295
35660.74832371077
54920.62324143512
1267.6035421230395
4047.3429289262313
40508.05083807447
13207.512782675623
6302.963408409842
13434.139378195756
34619.344035450405
13900.438718550931
84190.43086332649
7659.108433630519
1238.1810182481358
14898.01679995654
18338.690161957722
9656.267609760407
1381.0897181799724
12492.701556401747
110567.87117527013
1841.61839576292
33393.46267696339
1897.649679641238
8367.509520599277
5649.598648697182
9028.047485371755
19046.491520433457
10350.533958293901
32193.468188232917
8376.192169806103
1522.667334237462
11979.77038841724
7048.248634225351
98083.8429413695
13110.464041130675
13483.193029400834
2212.5813801594095
11384.859681695654
55250.103605536824
14892.310502840633
36735.41247653056
24097.414754487723
5010.869427326431
4465.821269769858
29110.29623804964
3784.103777800189
2480.12378981145
628.335662252921
15696.958223364922
20422.18546042062
10349.430516983179
15195.283789486903
19017.966288725464
1850.8461787957042
17989.635857865836
88229.28232123026
1844.2815433728717
15472.95643578637
72386.90310023514
10777.229087964102
726.2149755690455
5013.878106054469
12180.510023200794
7432.077335074515
10457.312503122908
5917.232661769158
3957.1469608533002
29845.53839032793
10117.222367470706
2622.383711717844
98683.84002931374
13579.206947463685
1996.6713209353977
86521.5387354606
109967.87466293074
5560.389653671475
1867.6018623943758
45873.61397028763
73303.90758882022
2164.4999450178616
7528.003001383646
4873.643346792522
1843.3857444040095
44306.84991309866
1829.2912009690917
4802.382779803789
46887.19871610207
38129.253168352836
14226.401799333089
24325.460654400573
7117.657753586985
9934.599348826272
4239.191594549772
23847.98942463311
6535.561237069032
47859.36088815555
1235.8064729372215
885.393314643781
4971.829475674417
55915.120237065494
8137.40269677467
9720.691929942692
9135.871512432002
6238.327784524186
3648.928868049678
1244.2836106390048
15367.54941394916
17038.503965533313
4994.5938737167
26946.009939530595
40529.226860426825
8323.160686214149
5973.243406877894
2518.464938897587
14679.126515028693
38660.726815412214
8036.043522927624
1814.6205816955182
5814.724170518612
1835.2443475295913
43706.8524372505
4877.955240161129
1402.1823447516317
16234.249692293939
734.4367082899448
54110.58753798514
6759.801148933703
18678.37767047347
15713.072727767618
8187.058239317092
2825.3253460636606
4350.895891165683
18572.744177772165
5730.4695928504
18850.242860509556
5556.328754813302
697.3757490050377
19222.18964790885
4681.970709098549
7232.483935180139
12739.531304027672
6909.2020470814705
9772.944233345406
11400.51994272811
1223.2421233909024
13167.716100681075
57650.09248532575
7026.512064252319
87029.29162455058
5790.387518268969
18446.496783976796
1867.742889982275
7700.620949955202
55416.31672394803
95850.54548800022
99450.51772452162
28159.380850895635
15113.078526767018
12084.09727040462
4384.01089424271
625.1079912590226
9918.530181392547
8716.584711333866
724.937732120012
18812.202336390816
5806.983790122463
1475.8599856028286
10491.113620314914
7858.36871278612
4187.087618631327
632.0865460430133
90029.26482102052
5037.074189373339
17218.528160526424
2443.4453925676826
112085.75823125742
78954.20306057262
19822.187204649494
2559.2060709891216
6091.197875623361
16229.558830792996
3108.757760685615
1342.231386193403
1880.1239852317012
53720.633260882314
2050.4712416608813
4928.916232986685
2444.2809235810328
16095.382097276171
2118.8098522809228
1839.6819979137547
4394.525471843379
1813.7947031966055
14121.2983507121
3770.2570713035384
6144.269680122625
71786.90501466054
2760.523490563906
866.1603664853519
1438.5801078425518
7400.055064777305
110285.76294046825
6703.951970892046
4336.93220182971
99883.83193294884
72986.902239068
10767.615706568095
1845.8744019949834
19278.152678830957
8673.171312523877
6530.450575215432
6240.39552866657
713.5433402826192
3130.251943057719
4113.986266257867
14344.397800122188
4835.86146878946
2584.1051230720614
5565.323886216621
2998.32295609436
2416.5759128464247
4529.75348209493
2275.7817689614403
695.3431206349568
5549.312691022845
6341.73411312208
9964.184872446815
14846.648491954751
1485.3917454208008
7904.118941256199
1845.9203851439856
3068.9520667028746
48377.80146833847
37760.642317522346
714.7346479579838
708.7038018932274
6824.115063485824
4784.378386652886
11129.99632923637
17836.096865052357
2147.7549663645777
16609.620936799776
5615.131036819483
33384.687161693815
10060.925494534671
1405.1935809480506
26488.326566794072
9714.430370213548
1828.3124218120145
4869.116615333951
3718.6820577580397
9252.912866833616
39116.19384896017
2449.976784307863
84790.4298391874
37160.64422993825
1871.5939001502636
13823.259964977407
7574.862742971607
6710.337261268516
2440.8454071742053
7177.266944744853
10306.85069725277
4370.256852648477
2241.085566070491
20498.098414943863
1843.3858525021071
8060.785833447044
1237.2477617925708
6223.733906042777
1213.2074339463682
64354.54350757005
2018.3225367566145
14721.294737646862
1844.1423571635723
38060.73009243363
698.466697505426
5797.311309077678
11753.74617061441
1828.5899875785012
60775.21361647348
1842.3949603093492
14769.120286233558
2421.513515438133
2786.841966261526
8730.37562831024
8611.296449340067
718.1879498547753
1377.4718832742028
54050.10933606324
15509.820673834562
15536.35278081107
24139.76703114455
8624.39349679002
739.5912551014549
16104.858621121823
2689.3449595654442
5942.9608533792025
7810.096140351751
9794.834912751663
731.2225322721314
4757.455341649566
10818.141078119103
6803.691706895939
23839.576944622782
1329.6757984929272
18809.837729496925
2529.6749627541167
827.0038013741279
10111.053547743337
2634.147723738352
5009.724683670657
1995.8635998680702
1210.6718195848368
777.4724087254199
3406.8988074377476
1835.0067417533403
27741.887086356015
14293.579069754642
4516.96980654776
9253.68137407072
5810.843257238104
7696.921198709448
930.8531799714585
3976.2564546362382
719.4848632166385
1241.8136548564746
11650.102313152101
729.4804299646923
8652.913688869656
8503.296012414245
9606.704673777169
1213.7587874701562
712.6124542143277
20739.515746607685
12517.074880715763
2148.6886769592725
928.0488883988813
644.7405994215422
704.753505397287
1324.9372074667797
861.7783775932273
5798.972119768246
72081.72423952671
5548.026902021908
9534.861140337485
4565.668186363255
4260.798113072797
16782.675453676842
44108.03927927103
4960.391631087955
7743.6992607845405
1284.5827628986667
2911.9668114549418
55850.10045750779
6841.073726292016
1244.1444647382461
15287.641150996773
5043.0757676610965
2486.281915480035
12066.443782965163
2455.588099608261
7096.833896887361
1225.92604846722
16217.518111381652
10831.481272659119
44708.03877666335
17306.14565669853
28567.603223066795
28025.465064044656
633.7097321075695
7549.389803760633
4867.954272067002
717.4414219315124
1340.4633121623044
8734.293924898499
4334.400982158794
7284.558339038135
1892.5288855668389
8677.55675094612
7303.951600269727
17370.19802497873
1339.5310937013269
1317.4409542015446
1219.2014052323652
11755.550101391547
1375.5788062394604
2428.599275367766
14318.727878110669
20181.600865594995
8317.230018424843
4319.111930639973
3050.8457753134294
9707.238867286354
4265.590772440928
2530.4788600630104
4384.857628775561
5852.68523967915
5953.64023068888
2753.5739131642704
1215.364523734329
775.579641792516
101083.82413138238
16365.663470433417
4838.748772428861
8303.212066100943
3003.980440493383
1063.5002581794345
20567.944195633543
14632.259951810634
6248.2623070588315
2428.3122418224043
10916.056012151077
32167.922238593597
9164.466535813279
4418.190538830494
10971.167365439898
81190.45228098232
6802.122339888733
11161.939623569722
5948.039971474856
5661.541889033968
18022.19485925734
13133.457819119658
2448.9692642970413
39260.72549159891
9592.733112827633
18156.55609874651
32963.640171547544
2518.689551988336
11199.951839963522
14323.63245443969
3106.7852366014367
2632.4150921758796
640.296320838685
1224.0221521203528
3814.4272706720535
44906.84886914673
5210.6047488283975
2618.318461681951
1330.5903265654608
1919.863215399402
11852.679326832256
5559.674834374745
19777.05345469508
9999.95449735601
3281.387595687112
77383.04598517035
67423.6141903317
1849.4831423417183
12875.719352690126
1414.2176267319185
658.8296505899277
3423.868080485056
9399.955381896623
42908.04201896449
5457.512369850834
700.359611015414
624.4913890101544
8812.016387356622
33495.76012714068
7740.752449504256
5557.428824153667
16334.95641493141
1817.1582899294285
19143.58800316647
71186.90782008048
633.7322035572097
6987.7986006172005
1236.8318431619512
3265.354586805764
7730.303202518614
6240.364146081786
10077.85824351319
8538.508118881207
19838.640456058263
2512.6116391545706
12754.347821849862
1010.4678977846402
4445.924483278635
13767.7138459195
2223.8689974202357
1441.5492116482942
627.0927221003792
2967.7355104188564
723.8729460792014
4613.857397674246
1014.4884648466575
693.7812820067538
656.683112237078
1049.9537993864021
633.8525082438241
10123.153263406624
8060.968117326078
4471.146704676181
2226.593198125733
45377.82585227208
1843.3805809087924
9128.956107391934
79183.04052475531
17119.382125954828
1304.7531749169236
5732.803646604053
16062.587713733923
7626.582964294489
7735.556713789806
1951.6304566403599
10178.360666761464
1220.472477203841
6996.6904825672555
37283.50780063773
8022.784504205794
983.4945475541411
1840.1368722550403
46577.81313627136
17573.589910929408
11764.42052257204
9482.150691959278
4871.04478917866
3170.3384932377585
38708.05554579185
5802.559442624229
3100.104107301897
17422.196763480475
4926.091929045142
2243.182460205624
1261.6810697387145
730.5905909868889
9712.707379728434
10143.693019723796
39308.05442121162
638.3752377626022
752.2068886638514
35193.45460868068
8751.17349618739
810.178958277894
9857.312899164113
27141.890633832612
7298.596782039084
4923.996409845979
7000.589364838555
1833.9076284168148
1817.668977458902
1331.2220632962392
3170.2576887757004
1962.2950305181514
1841.8115495151626
46287.20050101499
15643.229122827679
8023.728060993967
7319.822547203299
16490.16906973624
1330.481578743583
20670.07612428866
6356.143289674172
17715.738473243
7070.284630829832
1210.185537487895
5770.800778614632
7634.0917214845085
12817.390087998794
1240.2709137482648
7304.120459567852
692.9183072623099
5613.2575224189295
660.7669977181672
1274.696609124524
7488.940096615696
2203.0078713652542
9520.035504150721
1218.0787063259254
29959.377477720667
3077.320662316735
1260.4597121046777
3815.432264370294
11671.79903793241
1293.781052068804
2723.3574832334666
5737.957264168137
8574.800952809788
20106.09441622103
66823.61675282891
2912.0534986314133
37335.41084366845
18639.32048347201
18225.590120767036
6408.2121462028335
1238.2061955792929
1305.525399821969
33408.36348992794
95250.5481125842
689.6977691252448
16067.21620780076
1936.0023077049398
20748.2466802398
5801.044480687511
2707.153436838722
6796.944545879901
1820.6950606601995
9503.209050324236
10094.409109688546
1362.2954454127585
3522.097960050714
18533.5341993741
4040.260454624884
1856.631319852985
1210.3505218062573
19452.800743976917
13952.862761623112
2970.5253430533708
9280.878047779488
101250.51083819458
1918.6911325569374
7517.289578127672
10012.36960832941
8737.024159441833
91229.2583555856
3062.4134101775016
16141.873645167381
14872.435051061051
18917.346254683012
1424.1921186610232
39908.05282022484
617.0737827694861
4415.594367768391
5508.191649916227
705.1727703113822
9838.344186568784
10579.886841334148
1318.1876640814908
4859.098510931636
58579.58075792257
20788.130111969338
20383.066628291985
4413.898757006365
3175.022478542952
3375.18177050805
7125.260935622607
102283.8199534054
9369.996114633072
4414.4267634298785
6350.075301173075
16254.56620716583
4954.145078012205
52910.59236676197
8128.002382952917
18279.00261404099
640.1985559195175
8036.075450166821
4545.383594034271
69069.38442338275
1859.1410060090784
34593.456812069606
929.0583030234133
8593.618273019
1092.5633730909572
14307.670673136383
643.3558321416589
948.9187631403491
4835.517200391394
1830.7539653015986
4859.843388154813
4839.302763959439
5061.566669702036
15974.238188486264
12567.719852431124
1278.6474757188778
3815.873819803744
14372.524231242058
1817.7067849283462
1243.8992720147094
644.900362953044
9607.471685709641
613.7589989498375
4415.873266391868
3813.899249846987
113285.75685759968
924.3448783928271
5009.183031210851
3815.594978170018
18622.19235038115
4861.554603965353
1886.9932520731622
5947.631474828876
17612.063644687994
1308.0540394749974
662.4669694607778
2667.495607194793
1287.1214463567765
100483.8277552807
1305.1724100996146
6832.753801960974
17742.357069367274
5831.381210595306
3092.763325549524
693.7399055367651
5178.884118911304
5866.326580592283
30559.37711648141
1298.466447909794
1386.7166341807185
17534.731517887783
6229.067146419963
5740.654519356436
5208.798996667448
1231.694531815728
1223.1780121814186
681.4674827207881
770.8063699075587
9705.508737624115
1019.7348570767729
2721.8927431143265
2808.459408632813
5353.640440319327
1825.9254378489136
69223.60960528714
4416.296189067359
2390.045991978027
644.2851777426486
3160.318398891491
2761.29127007334
1912.903538235993
10943.760847607664
1379.1225440813382
20521.23431785353
1329.8599517866678
3791.3027059636547
6373.261550334829
689.3337258348326
4371.83043698064
23145.383099950843
39426.07756481752
12267.360695140365
1047.8658390942048
883.3581794975646
32184.692635817886
7462.940826670625
2791.9282547093776
1848.5895184482429
1296.237593778411
5533.773516910592
1270.5499149745353
