339
316
344
308
338
328
315
294
330
308
57
289
317
38
291
369
317
36
346
31
43
304
335
331
312
328
336
287
34
324
321
292
290
305
41
305
347
35
313
319
342
67
325
295
320
318
306
333
286
373
294
47
354
308
285
287
306
309
42
313
322
328
320
303
285
308
373
36
313
313
319
329
335
330
319
307
67
290
308
47
53
371
330
339
333
356
78
305
334
298
314
58
353
316
322
316
360
286
292
284
64
320
69
319
318
302
291
289
24
367
45
335
359
309
304
312
306
304
316
25
368
340
309
372
336
73
325
341
328
34
324
18
329
323
367
76
285
359
414
56
359
338
294
317
315
319
304
40
335
514
353
56
517
313
357
382
293
288
336
315
332
324
16
291
293
324
317
358
292
287
315
56
309
337
36
296
365
64
549
344
348
62
65
377
347
331
276
66
71
379
285
19
417
22
352
304
291
261
329
92
87
259
377
15
378
54
277
40
300
72
294
339
358
312
326
350
76
265
312
331
546
412
339
362
509
81
62
341
290
332
384
47
82
59
358
530
55
368
388
305
323
315
338
14
303
40
383
348
26
303
265
376
350
327
329
34
288
384
552
301
560
384
340
32
63
375
412
288
313
62
70
71
274
328
49
54
60
349
374
386
32
330
271
70
515
41
27
511
287
311
