710
755
762
756
668
710
613
611
717
671
668
754
729
723
777
768
673
781
660
762
780
718
776
722
657
665
764
778
782
892
676
614
763
769
750
776
736
894
318
675
727
668
720
774
908
344
663
682
665
716
762
823
827
318
700
782
610
720
679
729
690
729
758
757
294
669
718
660
329
662
656
721
607
699
603
684
826
904
652
656
309
777
610
664
330
686
383
763
337
316
288
718
340
743
715
381
671
788
659
721
658
655
728
774
739
364
752
710
382
766
712
306
897
316
657
330
678
658
701
899
695
708
314
738
714
605
786
652
663
674
320
501
334
818
667
773
742
671
677
679
355
605
775
319
898
654
732
685
314
317
773
670
307
789
336
719
735
893
353
283
788
763
321
284
894
670
775
905
771
300
518
382
320
665
789
817
756
730
371
647
552
772
370
778
292
664
314
666
601
669
733
380
727
820
898
777
374
412
749
614
913
299
311
673
897
736
644
918
733
731
686
515
340
722
893
790
553
781
723
656
775
683
331
691
680
613
678
661
352
527
603
503
722
319
778
912
775
663
793
732
779
782
752
839
794
667
817
535
825
685
814
613
783
752
784
758
353
779
839
557
842
506
707
509
545
318
776
642
680
735
351
554
724
778
847
714
673
345
841
261
696
512
723
906
831
648
672
317
708
653
320
358
596
720
819
333
741
912
506
755
652
740
680
313
903
708
706
679
550
931
536
514
688
785
542
376
284
732
668
612
514
549
552
308
663
915
311
283
902
928
731
698
366
905
310
306
896
357
688
538
844
837
780
901
793
362
920
666
504
726
562
656
309
739
916
354
834
607
669
526
517
661
900
790
728
342
338
971
276
735
287
393
931
514
697
683
368
724
533
543
777
730
762
795
375
909
530
920
614
300
724
985
689
791
787
296
919
923
526
886
703
321
970
333
947
835
317
706
554
334
901
790
711
865
714
545
987
972
866
297
