15405.808286911213
14008.40640460483
11196.165453789747
12848.470288054197
13996.453222833463
11983.009409947266
15320.531528251193
14716.498404400845
13746.311432851418
12852.63623909189
16866.158491632315
17558.345385333465
15758.663248711866
11637.3082580596
13152.537121460955
4705.65583814777
17234.38039763361
11881.216281326875
12285.823096552038
11035.830017141416
15396.999243115513
16105.113601899622
11042.483205341083
13961.769277337307
21532.553847799318
9811.514057799885
11673.914593340734
20719.68336634127
14949.287275636318
14336.668584807227
13477.825586992252
4965.854906659605
16294.054270135677
11384.120785746081
15784.903102551929
15438.21909377837
13674.395186011054
9781.408546160554
9417.811805436779
14310.60937602398
13716.562604364923
14702.089473451173
4935.838836873498
9397.67740864759
8294.086496705326
4724.574858085623
7885.473386478285
8379.478198015713
5859.486819351184
21634.26998858023
17145.50373641655
15422.138745801403
10389.476619172567
12841.637539726366
8453.18083326992
13181.832929119331
11606.130578467037
16640.381890857447
7994.313256313373
17090.907306984533
17905.029818032348
10551.663106871461
3877.5995842792004
14357.323299082724
13701.794218808347
3413.644706672281
23893.890627366694
15401.263009739412
22719.415764131685
8616.034029878392
3892.092627563078
3781.483747752528
17115.30382460707
8084.659293876803
3243.0914222371607
9490.815848238362
16746.276776899816
4923.471005057678
8294.101935936807
10453.499232911321
16338.015837229423
15867.262599068385
3402.567036427606
17204.9611515852
3217.0507711364935
1916.7176849835503
3541.1673385927324
12952.964584387497
13199.977776957756
2941.168749460296
13245.258886895415
11667.913306350418
4082.480655403991
14299.336770889453
11832.094773077255
6985.682658337657
8261.649191404564
13750.278178398501
2904.1379090656346
3735.8415436313517
6774.76288535996
7953.972789536433
14704.636469818175
8052.794957618989
10503.282036291828
12857.417517792737
13038.750398445709
3307.90440467462
3652.7648027901514
3538.036177281273
5546.78956408611
2635.415598968981
19832.472982748455
16198.979995763257
6306.986833960371
3403.4489049520557
3050.09789788015
17847.12369656229
9621.548027032322
14308.91083550445
13633.977223113425
10277.837074425288
12162.16789570574
3397.8175629576335
6886.2097125365435
18945.196790740723
4879.714625041148
4979.742915541452
4344.354767495226
5259.487893644566
2604.415253444199
3412.5283328545265
2623.6765761901133
2914.684507330956
10502.690850758985
3049.7398363206994
11148.247072955568
6482.474892568409
3050.640526244596
3817.3148932390336
5882.475985592498
2508.9641513877405
11860.531169449398
5305.654043341519
10536.596479376809
21535.750554399543
3212.0581590969805
5562.166026048226
2511.071541934152
9230.885058618358
17505.35891935583
14975.059431527648
16369.618130532352
25624.541214620924
2519.6901790074794
11731.292396411342
3413.7216278539013
8397.007076331492
4935.6809447148125
14686.945842058314
8456.64479550048
14648.052304617095
7849.142869728885
11865.014518131715
15414.078236053749
3408.8594147313984
13857.776067302937
3656.3913498655497
17053.653762962454
7724.568581430482
3052.765742028579
6135.836801342008
3411.294914319548
10479.55643334473
3907.9035546478135
14526.928763770167
4124.576639127785
4335.681630631271
3459.4912668662487
2459.671452726855
23245.338991737626
7004.373320261138
15390.63470320778
23871.829889660043
10104.677190031798
24102.840727359373
5017.558678212067
18642.73589649393
6505.651328980956
17838.927181699284
2746.276530654041
5915.635902249984
40603.31512897834
16260.312651759174
7331.47210497611
12821.297604615707
4443.088526748595
2488.0903918875665
11795.460191885699
3813.238672742111
4025.665133525036
5077.597820262637
18228.64746097234
5941.160718289882
27470.041764723654
13256.988419858437
6908.453836278283
15083.339311077425
3277.600877527901
10757.26238963156
8719.95209912769
2440.061032078161
3744.4524674482004
14305.270589808155
7353.641745923537
3765.858291883326
7349.131532591641
13560.745744251612
5534.310143236957
14611.703379724535
3146.795155852981
2736.1407055930854
5581.478749694715
14816.935255831402
8508.852614897545
2471.745077717765
2441.242230375878
1891.3636676797173
2233.2923931154883
8095.796313386173
6810.271759805101
5282.477449852383
8067.092380824177
4347.132271355194
25157.324370311668
4021.9026058090676
9946.092975351132
13627.984263941773
8503.18317328318
4508.357650155356
2630.062022335272
22878.12358059486
7082.474065703416
2450.0988753916636
3994.362103194345
11583.022582211397
1930.5418354360559
12693.42134189667
4521.359961374973
1920.3532523649685
6221.517560077329
4381.481894438286
15775.804560468841
6524.57022614167
2163.887661371463
17891.061741540205
13140.004754290561
3801.2860392063644
5718.43532660283
6210.7707574268115
6892.951004344077
2196.2451881312013
6832.041659166673
5425.603268169442
8162.640816181964
6213.050699217213
17418.165326743372
8691.906646003587
6264.949210118134
7106.562001842178
2594.684847253194
5194.3615292193035
2812.3810977276203
8519.713919708167
2449.740766616786
2229.7598965763027
21607.700027876523
15355.80809175249
30453.06689352548
2754.8417096562725
3405.6594286798986
3534.7779759640234
11555.288079975076
12542.718729388225
7078.665773230322
45859.77472525931
3533.6253703366187
17397.5699985797
3551.751443497859
4784.151663345412
7105.650431295897
7705.649811388082
41203.312854974305
26246.750709437078
25049.00083943858
18451.25953898286
8317.808811252928
2165.6002752538957
53136.554029194005
23845.336900646114
16836.909028309463
2500.6525849253276
8571.932482984961
8016.994474619956
6217.556690107687
47104.36671616689
4499.247033054517
19403.59768368424
7196.068875774712
2192.0796360044747
11748.246122438784
1950.2060917860067
8145.39018666867
21443.56547179113
11846.110491347457
16818.16718697675
1911.0721809080633
6723.4691137694845
15385.316027336428
6202.4892750509125
3746.79414161751
2044.0017220580817
23271.832352815618
14919.179492949715
6746.787808380384
3407.362864398678
2430.4237398264663
6401.005908799016
45861.10207758405
47042.03769058308
6817.556003641823
20680.02638118174
6181.879743623416
47059.770411102385
8303.580690082976
6715.352463462705
12516.462065900214
2463.3607317090605
4814.634555366114
6773.425743159097
6576.401230392127
8144.025877387935
2442.479290296886
1333.6928395074008
14531.900758240366
22632.361775325433
21772.69753231679
6197.915995205895
15881.0672525441
8844.182159308175
3091.4715540525854
1934.2826498448958
16113.698584339872
7124.569274435064
16073.63529186215
1859.672160502829
19344.404863093532
22207.69786031671
1976.136403700451
8616.085505877383
8594.67152864046
18722.97956420597
21507.196744880057
9092.383053149684
8175.1085889700225
2615.2832158214346
6669.040390531735
2187.782231984756
8125.238058250993
2136.141570135579
3400.874718085358
5709.180669755626
10098.635396864434
4778.342093517664
8745.40044208154
1908.964592834472
6703.400040254128
4527.655896306888
9201.638317590621
47659.76923442868
7120.015388900401
17731.4819859605
3213.239362790073
6175.033315948222
27042.486275656367
6190.3982146957
2003.132297121604
15762.002440514972
19242.73376013805
16777.432901122156
47642.03624643127
5367.654289366339
37300.112090793016
6769.3276192995945
41803.311551890496
6691.334997676541
2196.176853929295
9094.515142447493
2305.660977045541
8305.64937660262
20051.83473548136
6531.52387715825
13552.964233748015
5695.556610078971
13115.850138667989
1948.9170646686048
6735.836176351653
4493.828153760586
4005.9172758800623
7701.09572056491
2228.6906357290195
4291.471009231729
3545.941746616456
1933.6921597997975
7388.421064978652
2673.519622585575
16977.200929941708
6797.319979810073
4509.18179453648
11133.021465712
7382.967314832743
8341.157529938597
5677.597409585359
3910.771225835316
3222.1276638226104
6488.84472530268
6200.363541019158
8186.689966445438
7050.118294156177
4335.840195807621
2797.6305443868423
705.9467582336742
18657.156332698367
7659.485162322453
16012.43235683504
8312.052306861515
26949.367981600433
8495.193032834834
2504.7483152387294
25648.998653366496
29178.69672040297
14198.218283030405
4499.06838853125
5998.134294814768
1417.4630190463583
3404.637964252898
4503.518970793574
6134.309692372221
41872.68400931548
8282.473131959265
15419.359531261493
33210.14477922689
2107.9065336750514
16001.262609945177
40003.31745914942
7387.228631457381
7741.158078951657
2507.3775403571926
8632.639927638344
6810.770379697051
28872.186301311413
17417.456705815068
6169.328116213561
28356.081669260788
1901.7246928013265
7712.052761818341
1065.2073430139271
7192.371872965019
33810.14359870607
19983.46148154248
8025.489656112753
52848.47253981978
34739.79042154029
6806.031387215742
9403.272638179773
4741.163841375795
24557.326182550725
7397.915092794023
6509.5975244280435
14115.909104733712
8138.306226159408
45304.37199212067
930.8268885062204
4002.4221234747342
6485.531683782765
7994.672175300301
21061.729959221266
1703.7454259523724
2678.3598540311123
6793.266246720592
12183.221245887216
2531.2916496655525
8182.818011997968
16373.252872939927
2926.369348070079
38738.26412446746
711.0146598244924
7981.475843908374
4596.017963247692
2092.7315531607396
2094.2762282237036
15282.105263081345
7477.596331750295
1350.2067370459024
21574.019462321925
4009.9113110397016
7114.840542004207
7329.185609556616
5095.55721993518
736.475539950255
15068.145924027474
6303.517286408331
7676.321574528654
7392.638426172093
9541.156491130363
10206.925098276126
6769.123260934892
54048.470889970886
16342.927284034033
7536.035549493617
40460.57608214501
9505.648537533365
3484.005981819806
31048.831919855333
14430.83677398062
20119.97031734957
5693.82705742388
3286.999070118579
7013.7863073789
2565.8603963578194
16236.13627027089
5093.8380510275465
23602.157544690137
16403.570545027706
751.1863425463506
5022.697965987269
8500.220527272537
5103.895843088616
29065.40626236979
725.6784450899634
4998.481546568394
758.4813077015094
725.1397888085643
1929.7436782921616
6697.116440572735
2038.3070352531902
937.5369861298917
27156.08481579362
3270.2785299020543
717.0603245200481
6787.240268503195
17969.932477138067
11573.002118632292
6444.273697438241
5016.483098285601
16866.1640351793
2483.9659532075116
6772.4468005659955
5919.482936468369
7734.345077317074
5699.067211328503
16488.459445832304
1065.440651342484
8140.51793049867
4934.978682417809
3201.2874316792686
818.6747576062965
37538.265878632534
7739.267882159856
6535.787384259109
29472.18453659132
6480.753014191727
943.9248635881406
693.9435991422288
27464.2279939283
7277.42568600604
8783.558658268537
17730.950992008435
39260.57929460864
7134.921109715812
5523.470140126323
12181.789461533237
8718.374869620593
20104.638882187894
20227.439120931198
705.8770412808034
28578.698546310512
4824.66326080041
28301.71950407958
1687.523157881491
42577.2335048028
1043.661824477722
2899.239489180049
4923.408819542844
1871.7456745079867
6792.589388912642
2924.7247702488894
1208.360234625819
7373.425435664021
8734.02964651227
38898.482268568594
3394.362600603887
7030.676571101649
5185.902024359889
4934.3107829345845
2278.5344654007963
3714.23818618758
19067.610097052682
7735.213145829496
12532.2262641089
6821.517217433305
19623.24715361383
4884.891153284633
5913.620785457712
2713.8666539408223
7387.328842302984
6902.075347642476
7008.275309232312
763.452984275723
1400.467007679235
9034.026976786148
53574.31523061636
7104.0832326352875
29190.71864955507
54336.55211797073
6712.849112409423
2669.1050928766663
17242.097915512968
4682.47913116589
27755.601819688432
16370.163589460633
8077.595833409073
6787.229042742586
5845.3316498507575
3466.9610436541725
3526.5462416544165
6035.720866660154
9381.84649309245
5118.680282079051
52810.989619087835
2769.887663782401
19391.562620040233
2201.5073512953595
6521.982879524273
15030.835215998955
2105.626622795888
1085.9371124993952
14885.937923242358
5925.396268722254
3517.595990404528
4754.115880953751
10808.412928662558
8723.713009873678
1407.8138834447448
3541.3169289230473
41060.575531865885
707.420922325477
8581.475328214852
14307.047369026166
20572.70060537862
720.8600640664965
36100.11713117447
6843.085735416586
17918.94420624041
17477.758534222616
52974.31658399445
8778.078860745778
5921.983247847512
1841.2430231932576
741.5081972249251
7059.485485014191
7393.351384449399
3187.4589919811483
759.3020981216382
4866.63177016571
64217.6839072441
64817.683469811265
15513.700282494276
7314.786236161562
3184.5413871185037
