5
5
4
6
7
5
329
340
821
8
543
3
274
6
728
5
4
4
370
639
550
643
373
319
559
570
670
640
646
333
298
4
685
670
5
4
333
740
2
550
374
315
5
462
662
6
902
5
523
614
643
1
660
3
272
8
281
819
7
606
7
8
595
673
324
0
300
6
337
603
7
684
4
323
521
307
360
300
322
672
304
657
5
896
273
321
679
374
377
606
662
5
274
5
613
4
301
6
6
857
711
302
715
599
552
4
710
281
669
510
809
612
813
345
560
812
660
734
348
327
312
284
1
278
541
658
768
663
297
339
3
733
3
613
1
659
359
493
373
527
283
543
732
278
291
661
305
8
711
2
0
303
592
284
671
2
392
677
553
727
542
3
494
375
7
1
670
2
812
296
8
581
820
542
0
815
558
551
5
642
351
264
850
5
658
673
720
559
2
518
475
505
2
356
317
771
796
274
3
321
545
895
6
565
667
797
885
0
920
293
656
536
618
299
298
614
541
718
935
945
1
2
512
668
717
307
665
799
574
646
608
342
657
669
848
361
486
828
788
1045
678
535
341
742
930
806
840
653
777
641
819
553
550
297
910
1049
607
303
589
581
318
651
849
536
8
852
636
829
3
849
354
535
795
3
261
516
448
262
671
726
4
745
353
730
625
1
2
7
612
547
676
609
893
262
2
10
684
799
4
466
331
840
799
598
915
332
553
673
852
596
2
338
647
303
730
298
624
536
416
457
286
736
272
919
650
4
790
680
539
579
561
1
610
919
852
722
895
898
272
339
737
832
754
794
414
849
663
337
580
361
406
593
5
586
718
782
291
680
431
375
677
348
333
728
457
562
668
900
5
6
738
5
614
422
305
641
765
537
235
895
523
9
667
1
649
809
326
275
369
620
444
829
583
708
434
450
7
725
336
803
683
835
642
1028
647
274
458
3
539
593
967
913
979
809
553
690
335
663
432
701
672
625
969
345
942
788
675
547
636
649
920
637
10
869
932
824
676
651
861
794
510
385
333
699
260
907
496
294
1034
333
757
774
718
277
733
618
711
726
537
871
646
334
912
879
645
723
853
710
789
339
241
2
915
315
416
260
6
664
613
218
261
759
5
343
315
650
237
980
678
956
538
648
512
327
331
803
4
396
652
975
911
540
713
726
706
654
349
1
833
664
946
823
465
5
247
689
721
775
697
271
771
898
1
907
309
332
843
608
691
864
5
6
0
978
911
372
10
727
1
910
929
0
301
676
350
479
613
248
258
841
918
259
595
3
872
768
919
570
0
910
540
895
290
731
543
628
251
734
642
781
741
729
928
709
350
1
284
4
828
546
790
676
730
259
338
261
687
925
675
688
921
631
302
303
657
512
433
618
463
296
911
916
751
866
0
680
358
853
274
697
832
798
897
17
679
359
2
708
818
661
854
785
635
640
658
675
705
848
977
766
975
696
701
962
842
697
812
687
337
789
780
625
689
1024
240
596
273
1035
911
293
834
698
6
858
239
2
904
822
712
466
839
2
925
770
687
797
760
948
916
637
990
686
965
886
927
792
702
787
2
351
714
897
1
339
665
340
725
920
9
555
