0.03630806797581973
-0.03437217617766138
0.14308393379132786
0.024944711668577892
-0.036258028750177404
-0.0728544680014095
-0.08268743536539906
-0.07296976465134467
0.04569377030280624
0.06290181989969792
-0.02107594659437801
0.04485925813270043
0.029437572171601544
-0.05248553618239175
0.04457417016117952
0.01572725806157038
-0.03663062978303484
-0.06255937301204165
-0.0684605786739605
0.05879910009467433
0.05042868516287094
-0.04322768163967653
0.027643897444699875
-0.019141559283913173
0.039224821965078954
-0.049192869016315
0.04511668745657591
0.014106611386349747
0.055910443333443235
0.01764111992287104
0.044888192301301
-0.03964513776724299
0.04484576751745912
0.05739815776930026
-0.050475352760651286
-0.04981777885630589
0.05218073205568922
-0.024900998542650703
0.010470827285057821
-0.041551781460573894
0.005635398850849727
-0.041171045426224746
0.005345784910534498
0.03247177084011739
0.07632326562424117
0.04264020524023177
-0.03673186336338405
0.029193043694846568
0.04856285689556185
-0.01245693380902069
-0.006132797178344975
0.017101024473776878
-0.018994785513530708
0.05536091391668901
-0.02999466428400196
0.013639317681673072
0.013384652256206244
-0.03182907277175995
-0.03350185422707021
-0.026369397112308315
-0.09119858032983187
-0.0694557874336644
-0.021837451850924255
-0.06090252585354228
0.027196914062896718
0.02048929517633442
-0.05399314021000046
0.037474466137387474
0.0054065311807637
0.004317934153862746
0.04460655190924648
-0.06304721302741179
-0.0156742368479229
0.01160458229813683
0.01507518423329572
-0.015994801714349086
-0.01336508356410985
-0.02138092024910972
-0.006305354240143253
0.07077717869232546
-0.0045785193549541265
-0.023008379727111224
0.019727304533707832
-3.007303254294668E-4
0.0059934290237791754
-0.0037995445068685573
-0.0364621888848989
-0.035931550300604645
-0.01945460771437204
-0.017118970355791067
-0.015201358197589299
0.010221455693128862
0.003973826804841495
-0.016650366159952242
0.01124646715958207
-0.0030257577320690772
0.03650208895730269
-0.008562534146719132
0.01317469320382493
0.018334500589060613
-0.026383356667045645
-0.011735267786539017
-0.013250202168755405
0.003484170682746767
0.01048838696593758
0.0140919013019875
0.004177602697395284
-0.0031343276311849117
0.005911694128147594
0.006503814552201385
-0.016635074795402906
0.004201112878860795
0.010983690845645863
0.004736991963203964
-0.005134552861872713
-8.523754839621718E-4
0.0020873371688057184
0.005000456238816654
-8.909330137810881E-4
-0.0034250719790230523
