4457.910547798022
4076.865134312866
63586.965434044745
62386.96618382626
80551.58703212993
3677.7821033036403
76922.63553097936
2704.720065564587
96518.79029785671
1940.9758770836947
2696.9730587894123
4152.3420589089965
2715.210601873611
3666.8460567072416
5020.999377154403
2455.8572666145546
5024.035763759509
54688.44672230403
82951.58553772482
4186.825402470048
3995.3558826601366
4003.269314691408
5580.417329812484
54439.07204694186
45865.90338319608
68198.94662640992
75722.63633580561
4773.875182883217
54348.249903599695
42383.76338246831
46465.90309788516
4604.517293725625
16787.86160558991
4321.964239138821
3831.6917824898064
4141.244685389995
46325.51519008787
4877.782008489054
53799.924938995326
54088.447017184095
2694.539143171559
107698.77295106443
3776.3824004197672
110098.77150547411
5369.783914093648
4287.834172559103
55288.446494454845
4006.2008804628194
3620.973552209173
4654.873722972096
4086.581162650975
2688.322900260837
4496.017784801631
52288.44793864875
2438.608352560056
2775.1040347442204
70352.35766364304
61786.966563348076
3354.206665884965
19715.925493150502
20021.148312806643
65793.451045324
3995.1194328608585
3288.3228843502857
4676.865103553489
3748.1269880506043
53148.250458603
5165.97521688727
9760.680167974837
53748.25013083391
3486.581221824983
54643.75110761542
3676.3678123992177
70952.35738429529
10083.083622758615
1370.900168328255
4698.643696046415
1932.4180322208308
3176.382443532239
110698.77112632869
4604.710120919808
3552.342116046104
3569.784040347653
35046.61122920701
25852.994845457764
26506.435639588803
19115.925620427428
41783.763628703426
5332.036146104366
7237.146533161189
3972.637930720463
26361.803765212044
4013.471162628071
4008.756650352079
8146.103176971268
3296.017902383609
5838.637090868096
2898.6438347272338
14704.725205026725
26168.042079185405
52548.250810331185
4921.96418744702
35580.073843961145
3996.0712527560627
12461.20594954946
3365.391651422112
4753.931312954497
2657.910730464834
3692.1386864578126
86858.8931431562
1662.1739918423696
9634.38981866582
1632.00112910281
3667.010317351038
67598.9468243764
2220.337003141222
65800.91514483978
4134.224042192268
2271.0413415572293
3296.9730427279674
12235.467236266599
54399.92486138112
45725.51538001412
44701.964519564805
5489.42037943586
34973.2905224031
61186.96685899549
80154.49490908642
96225.33814366853
6522.762530261988
60594.5822113448
1970.900135987028
9041.214209879157
2448.517255491031
805.3860086403204
7550.135786815002
8188.721470254564
3212.27346336107
3017.5164836483764
88058.8924018557
2553.611716785715
40358.95718035942
2491.1118251864
4741.523267736692
25252.995008679027
1588.6303526705321
3675.5199616107657
10851.169376138792
10562.066736601939
9749.87029451182
11397.041644886762
16874.462271926208
4293.752591210797
10607.539081829733
3832.7573723528812
2647.1682090732
12277.927912291696
8173.267925872868
1418.6008212205613
9350.1357067987
1607.0012861377406
1353.6117670219346
1961.1822488937457
6560.371627504441
4721.968174413008
3936.136904628825
1340.975910286118
2098.8323489809354
10618.597445111778
9384.70687712138
9889.435824471657
16142.960532046958
6519.0689211869
13989.27999626398
33087.69142404463
26452.99467194546
2006.3984875874626
3394.758717282568
9126.917742124391
5657.910447164318
13322.283477417011
44101.964827363685
10588.388789929619
98918.78937628068
1346.6376403669608
13056.333488666292
1734.224235378376
39903.840934012536
9438.75546699992
62150.73592188286
4154.5043672952825
12946.454113755473
16075.10856060548
1661.9280101629522
14216.170219801126
3020.9735919834866
9298.407659524377
4612.980649402138
3671.6139284190517
2021.1342099744331
24652.07375289064
17751.249271918667
1573.1413685831985
82351.58587339832
4101.860422348945
8482.57401683751
1944.388966057318
4603.269256552114
12456.333576969528
8039.479191748532
10567.45183710363
7160.371578460809
82554.49402432333
3953.0391340173155
2726.1160179528765
60950.73642552117
28542.545172200516
22090.703460892135
30631.729256105533
62750.7358547475
14037.845217554448
10504.070993486619
4071.041295858585
2020.5582646135442
5249.76941105045
51999.92563471241
8445.379453425427
5217.406518250434
1448.8775073492254
38558.95789693368
11277.5999857848
1666.2815922689028
3362.8685609411255
4171.558945511226
2003.6489848712959
6174.847291587726
76322.6359114357
9419.180723916415
10439.632662037024
11306.121171912915
17151.249405378156
55888.4463619679
2570.9001207427423
4706.29188959526
7085.049282265024
13726.312794459041
3359.1214442122205
7938.247310392854
9422.194701161698
2021.3289983421118
2703.170975875887
81354.49439378234
72152.35666148429
9834.862536166105
3999.3289871889256
2024.0360252147152
4613.471109898831
3336.136945952931
18433.66609997261
25252.07360367159
8451.347544040444
4277.78204573029
10096.951579131395
67587.18415959638
3663.926715410365
2324.001474408375
5290.483751325746
25761.80387379655
10454.009369956857
5750.135817619243
7274.432298810936
5882.173678079229
31887.691716526635
1685.576942687989
8753.547385956472
4596.071196819155
4030.257847711661
51763.45639208999
8213.471011053798
2441.46241143099
3359.829522657834
19421.14844619745
1256.9221454071376
13959.755269485162
896.5590273488319
1333.861570369199
2538.6984872872463
55639.07173430015
10847.79605727585
7556.968721214528
10901.830475194045
32487.691551026244
1943.4114338635206
81954.49417272615
1991.7210590253858
5060.961553970628
4098.643739696204
1492.5273419996643
4921.200567176778
3959.769047463924
4147.392837409649
9820.724579065001
3797.0134909753315
39303.84111073325
55243.75093628374
5842.681142680801
14277.123971436313
29142.54500536683
22002.965697370004
5278.746260896684
38703.84129461197
7340.928398667544
5213.471069499654
8797.4822011713
45367.2250665826
5854.621138044728
1220.9736733837988
95918.79070844702
3404.4728519698
3486.3298096278386
3405.9005029666455
2042.0692609920536
36780.073557218384
59994.58234329026
2053.2541957003787
5707.116736619202
5203.269226027306
4397.013436023426
14635.971226034539
2026.928245590045
15755.272703593313
3476.4816222251234
922.3381190044738
818.6008448028197
2555.279884452392
5326.970217632875
50443.75258353287
1049.0875639404953
3397.0005943838996
51688.44814049553
770.900191564737
1496.5590084176388
10493.938127596924
8227.903134384946
1957.6795592584363
9122.328027996991
1200.012068579333
2016.8196872785645
8783.313797817587
5277.455571264991
19602.966150716566
1051.93955464909
5369.217110410538
12250.430241348042
5290.870244566921
2876.4816373816107
13421.810402010087
4441.470731195263
20315.925395785842
3938.1095449874156
23290.70321771081
19002.966258708166
787.1005442590665
11366.217123150775
2038.3367243377288
79351.5876573033
3282.7602779119184
11172.936469245144
1485.0253459486162
61550.736126817195
22659.85099230009
3658.82185967245
12091.021498050315
73352.35612221262
41183.763841035754
8156.968698560764
12669.20528867989
753.6117899621369
69998.94605352245
8203.82159936574
76789.56264335423
899.6774482651946
14490.728950526052
22477.130231273222
5422.663895758989
5523.92185865451
10085.197171760517
896.0180375352455
9756.836187296789
75122.63675498491
5237.555211162809
724.2652581480625
5801.522572617203
15663.04053102505
2796.902073544595
5023.021518856451
52599.92539454109
3053.7452292229354
4605.335770732005
2020.0761685550378
5343.455004528238
13902.990897141684
724.8897859737815
3400.0785011270873
2085.02534064709
10949.648276038359
5013.443761260263
4004.4712484502998
733.861581498489
10511.663005705892
40583.76399606373
27052.99451845854
1424.0360416383492
1340.0178739732953
10706.121247929244
27586.731253419915
2879.274197911683
6146.178904014255
1938.6984952373043
10237.074485623481
9443.718168687179
1267.955631002345
749.3192890622871
5263.06330610119
1676.4816807283999
14996.011492115907
16716.414060341394
5255.745001309057
52888.447662735125
1953.6117343477354
46786.91783182769
18402.966337561185
3333.17738854224
2797.737196623149
33687.691352532456
11856.333657524328
53199.92513604214
5156.612264283853
1326.556272287624
40958.95710119048
10586.87655292529
2908.759539447971
2590.5136275508075
10975.349717402112
30031.7294098066
2015.3164592464368
3476.865199498525
6430.497082691656
2803.5520886707463
1094.921847321673
3364.0077980460974
2232.001117328188
5122.700165101853
2097.477580359443
1361.8020785116114
309.7875945778442
5803.269223654
10926.492258425846
70598.9460071615
2038.7640245326618
32410.019079847367
1926.5562440087874
949.3204276642781
19033.66596404635
3955.9889179348575
2552.3833171348624
1477.4263468909196
2565.846759490384
61194.58215787185
142.74206203019344
3463.926830543329
9146.17879473552
27834.263741905288
107098.77316181421
5221.004675022652
3593.6801795300826
885.0253651744262
100425.33661184594
20462.25944265169
1937.452459376248
734.6325272185267
4974.847346400501
107483.86894706127
16065.28051390969
485.5769585094848
11526.492229782763
3666.004347840163
2052.8444430184286
5204.517269173613
4012.9807054531893
9865.206064135738
2463.2384685378534
13375.40927931997
6106.413637353374
7884.795063203598
1956.8539864742936
2255.4147911314426
9171.3529868458
900.1480020356508
36180.07368472843
4972.202999815975
2065.9140494866024
5110.231792327571
13464.141965712348
22602.965650337745
13431.931611651877
2262.2174136545736
7951.711902003761
1063.0546451771947
1227.721826495045
7522.699919891551
4385.41210665359
6965.9751818823315
921.8358001858884
51948.25110335934
1658.4611977163545
5284.841327236006
3896.0178407038147
11837.234084381436
9433.463962777952
4117.092840225917
3991.4277307347284
1637.0396149753562
791.7211115882668
340.59205167748866
1940.0178703223025
5662.277974820238
8484.587753693242
2188.63032926824
1134.2242530493747
5204.146957579858
9059.763633933302
2553.787428556217
9433.056797287387
16216.820115600007
24229.47315126937
740.9759323882033
5714.980416888753
2905.6179178485213
2956.841930084666
44183.762727328736
4062.4106578572287
1244.6713779657518
1198.0910802219225
3082.0103037160407
64000.91627514738
7375.671754318259
1953.7874482783095
782.3140437787848
3124.247467140831
7696.956739293376
2225.606565939344
2040.8804829027183
29767.109070546674
37599.15653804619
7326.492683426214
1045.911788890602
939.9922183404888
7401.890795130811
4309.0369424800265
7119.068882807291
2805.900510674756
31313.805344616674
13521.531398978264
2059.2552438325056
5052.115318197005
4066.4904546064927
3169.440328336515
3125.8117514373916
2079.1478110351613
1523.1076615518107
39758.95738730971
4393.371394597645
1263.2385049633083
1205.0423807176664
10907.324806587965
3533.3555008934827
9730.410106997268
3502.469071638176
37380.073526665845
2078.8542802293996
68193.44979992072
5281.550191539953
39399.15604930585
1740.8606441629
5011.292165433846
14568.051818578107
3335.4039847588824
620.973680215478
3518.4100211944897
1965.887460002834
16150.985449098342
3403.269357785638
3947.801981230808
3412.374169125501
68793.44952027453
65787.18433782128
702.4923177114363
4150.826866472884
13734.055568025835
1519.693235718228
216.68620865889673
2721.106370042203
1656.0370549853064
1654.309661691821
170.41779270020925
14371.675367452333
320.72377033943417
1034.7134941379302
3755.6441817618747
358.12102396652125
1281.5192758999767
1391.7210877695277
2076.5938281486306
1654.5398319004375
96825.33795149066
10677.600039840952
89258.89198275984
4574.415817397567
1971.7076097571116
885.952254961757
3220.1848310235464
2866.281545659468
5303.642130806812
1032.001145187428
1610.8427158999623
158.22066372268293
2261.9280073769196
1939.55337875514
4238.872191577874
20802.965898328028
155.46197936653994
466.7248957915558
10926.932871082654
2870.3589971512024
2081.103727516107
1535.4662718498182
1592.7262079554873
1528.774806690265
1664.8106969438381
2305.019979117898
22300.97462665016
9637.865403682825
2057.9107625743372
2780.0716211693966
66987.1842070609
2501.7289408483443
285.8572009028563
1580.296916451866
2846.465706882035
5543.683104984601
1365.8467884234585
2029.1556336484273
21062.259315278854
3346.304324532456
2611.2791572635183
116.56421582640345
146.6376666853111
5654.3245605235115
1769.8665432824178
1371.781093037173
68187.18413854839
3103.875878435801
857.9826640323054
8126.1703682991865
6403.821625807806
3708.2665221727116
3103.5850908431767
2963.080724185367
1608.4087144386265
3326.532007312129
2157.88586364029
12784.82441048123
10587.97347092856
3047.3800726039776
139.5533819085725
2716.654346459382
1641.5351715090328
719.4733224827871
1623.8191876749802
996.8719327117943
4289.053322813176
2450.897909299632
1056.0370558612135
1612.5289363214972
35448.984319725336
6344.795634523658
6089.420364167884
3270.768268333643
1334.9967387608745
2482.8304722659536
14018.618246513279
2118.81671753605
12186.977366437515
3461.820172681681
164.187036274603
1061.440553398275
1085.2908325677442
1001.4863468589327
1845.4037538599473
52363.45626655846
9743.682948057485
3021.232683014209
9637.074532146653
2693.294136921566
1876.4612027313478
3165.7477133569164
2533.6283456051433
573.8754496702518
5414.413134143306
2004.4829078664939
2264.8106655268516
1521.1882801771678
243.2241318028343
11386.103703001136
4111.151175148181
13902.42902364647
912.7821056892448
8543.683016964702
2331.8571809882746
6365.975195255093
965.3792147272427
1751.2225905842236
8793.002991851143
6501.860278404565
3990.067922368175
155.07629444263534
3980.792666203913
2775.282995070826
4752.342012553323
10702.336156086818
303.4359624047318
2474.935488260183
8132.305894827394
161.18033536981164
4828.102470376618
42032.59262119585
146.17897750325304
1917.6177219033837
1886.0404019774805
59394.582519572876
2136.669367206297
60350.736749885575
822.0066162015258
5862.042805192846
1499.3834306370952
1938.2572855346252
4571.5474759634235
10566.194143733854
188.82663747191918
1827.784977714685
2026.4511396615424
15776.568975230628
353.72839957800045
1915.2448054932406
9421.161448556395
20689.247697132232
10948.08340916954
4125.32136527062
149.31930096019968
2724.801835526743
8122.699894408422
9356.968645204652
118.98839464243888
331.8046762290723
961.1293692407112
2023.7957930885623
7060.246292072588
1388.4953229331688
22900.97446503429
4171.482068704466
3843.6748834525774
935.6397170700849
3583.101856626712
33625.90357303686
145.44414362907196
2482.0103318842557
1350.8308132087377
2373.9580192748444
1406.234409352788
2768.737005814155
3465.1050790224726
517.5098561924318
2990.2537715230374
3751.8687622412763
12192.420005862394
1631.016746267266
15619.205135242782
5431.626029196957
2115.015122047425
2829.1338329867244
1738.6422214116492
2126.72311832484
2245.911768941745
11259.855879653864
8126.966550747445
1570.4001646151244
3279.147742723846
3860.3211568982397
54948.249830215376
5704.062378793812
9947.10217132455
1061.9280248812868
34483.08688851669
4184.697043343852
39158.95765437904
1044.748359742553
9138.247242439258
5581.622652438684
4575.545249834311
3197.6769218873233
2853.5903364507194
3975.5734533489017
52963.45614934445
2065.9971888379637
2365.7679335847433
8452.357771532883
1789.8656957092971
1636.426312797618
990.6991219970761
847.173067555886
3568.576798136925
1010.7831089483668
228.03991555123403
2084.462020250715
1754.8644687674896
5901.860283076726
415.064128795549
11168.728870145716
1582.4411897079244
1717.8378945756415
249.95171634954627
5547.122979807471
3663.238439037523
1884.9934408031634
972.7000112974342
3105.3564563152877
1578.2435784616684
179.3442613342586
288.53583451696693
26069.927991123033
5249.084978535344
3805.5152963006326
1340.2175902352787
5590.623228599559
671.8627397448493
571.2687639524283
2803.356265383955
13460.910953874434
1693.3508298123502
3432.761939401702
3356.605958749612
149.34364906716644
864.4000945466368
2557.8799147909936
783.2819131893101
9390.1317597136
2654.8270905379627
33883.08699155638
5706.035566393306
5078.328583221723
132.41809428124728
1036.5504361674143
3808.865470053884
9428.34780022819
2223.997223994146
3323.613358454708
1559.1253214873093
26943.556351500167
6343.029839338723
2329.404515641592
8777.203147869248
2018.6007962743433
1321.4922110887007
3520.7166818559895
9425.661114331997
3169.497028302802
2797.9488472533685
2530.4730737373943
3158.981067422368
14398.880516760286
5585.545732037149
2078.9195011250267
79951.58737639918
85058.89413692715
6597.663493123396
3035.668745389653
1330.4730974440029
833.6717564812898
98625.33713750845
4064.0522254843745
8145.088628590636
8211.30625233045
5850.28281356197
2369.866543188285
907.2752647250547
1054.621343984431
2360.7423880408805
6487.065439353313
2262.173953976441
5832.522994264414
714.7964859062529
1371.1338377762854
5563.468608085659
1318.967985747538
1630.9952149974067
2809.9065253663434
56488.446343160096
690.4879102205832
14372.037775101706
2652.8444386713436
1324.5280441866066
2644.157623234909
765.8467974338432
2069.0190630565185
264.2901810319077
187.10055302246482
1786.7945870104747
46186.917906927185
5085.233237656079
15362.799736808776
2768.520957457791
2969.591104707766
3691.747868524724
5589.8302402612535
7001.25453132789
28841.452319453732
2069.2328549944555
111898.77053455281
3396.0715810539978
1863.2384900668278
6340.821355884938
2608.9469578166722
1033.6635456648746
6603.91421547857
5896.035610235664
4634.8826686285665
1258.8219533038043
1317.6177254851611
1898.864918314655
2366.4429608580563
2112.8251503207794
848.8775295796418
3329.5457808647475
6396.834988417642
173.653843170664
2852.1575774459975
4603.562315446848
5419.449286686548
4977.282627437922
3975.5452527118
5705.441651857806
4380.417424342164
5557.801484810313
2675.992105039482
831.0497175544983
949.7898566706951
1050.657695272753
5483.906057509303
867.5586311850835
