653
773
723
604
655
726
646
645
777
657
613
652
716
712
606
647
646
658
600
653
727
603
712
671
649
905
651
605
675
718
606
766
673
658
724
604
882
601
614
663
656
777
603
701
719
611
611
654
802
729
751
877
655
599
611
609
606
667
656
767
726
641
656
603
720
602
799
710
672
678
767
614
1237
660
601
906
900
604
670
959
772
699
711
654
1238
642
668
773
873
613
723
730
892
605
803
613
598
683
606
612
893
714
602
769
743
647
725
685
645
671
780
657
812
1238
651
654
904
607
608
601
653
669
1237
614
768
664
650
647
741
597
773
648
669
666
653
670
732
562
876
579
646
722
648
960
650
652
877
672
659
611
898
961
771
719
608
721
896
666
615
613
737
523
681
654
899
772
660
610
736
874
668
946
513
599
518
886
717
702
773
733
668
655
713
724
698
612
951
758
901
560
812
952
649
612
561
595
944
658
668
614
659
644
659
729
793
771
652
765
648
568
756
773
713
720
584
732
601
770
879
838
766
820
564
731
655
670
660
952
612
768
849
770
642
753
851
910
783
561
704
725
807
717
556
617
730
767
561
611
707
676
656
901
775
702
974
656
975
568
909
655
542
717
662
906
728
935
965
607
703
817
610
605
804
610
974
596
566
765
562
567
932
643
563
570
1077
852
821
665
913
613
599
828
668
782
976
712
598
665
1307
852
653
874
1090
747
562
643
741
816
794
801
735
1288
653
558
1092
895
828
603
1281
809
899
559
851
839
608
609
541
813
978
717
748
853
776
894
819
857
575
559
667
798
616
896
845
551
641
906
734
563
911
703
759
661
664
809
903
738
543
663
834
971
713
667
902
931
654
657
645
823
600
666
665
775
604
1099
705
853
775
904
788
623
815
897
621
746
757
834
951
767
555
669
706
506
912
540
901
670
844
852
694
771
857
761
952
808
751
570
727
899
907
759
556
701
795
825
856
847
506
816
727
893
709
745
1084
824
609
704
1240
746
908
558
600
913
674
745
769
1357
970
575
521
762
517
767
876
607
827
607
744
826
781
830
910
1087
559
710
873
920
667
666
715
836
948
826
945
572
602
689
672
907
641
968
946
784
530
720
641
700
942
854
657
716
930
831
603
978
847
671
523
535
969
693
610
905
714
506
630
779
658
715
519
783
540
750
862
896
910
855
641
732
692
954
558
667
794
778
822
517
704
823
1358
768
616
698
909
658
853
872
850
934
711
748
1147
543
919
966
518
927
902
843
1072
864
508
1091
752
1303
900
924
894
566
1286
882
618
726
571
578
847
780
908
754
778
835
