1086
1070
1229
1242
1221
1070
359
360
1072
1226
356
368
1085
1079
371
369
369
1222
1239
358
1249
1071
1082
360
359
1075
1240
1215
356
1238
353
361
355
1232
1230
1068
357
1237
370
351
350
1243
1233
367
1229
1218
362
909
1237
1081
361
905
368
363
341
1236
1221
1222
347
906
1225
363
1236
358
1228
1076
1223
357
339
325
365
340
713
1242
362
1080
813
1246
1229
1249
355
349
347
1232
1077
1231
372
1239
365
333
1084
1210
321
815
900
1232
373
711
383
338
1217
337
820
364
284
1254
1229
352
342
289
1037
1237
348
370
1235
284
323
717
373
312
1228
1064
326
377
339
334
337
349
937
821
818
1214
320
1036
1236
300
1233
905
1304
285
391
1216
676
301
740
772
1302
1235
352
1209
335
1224
366
373
1145
677
349
311
323
356
289
923
1056
1304
1210
303
760
1232
545
819
321
1059
1236
1052
288
293
1248
1213
320
1234
286
1083
1226
710
821
1201
300
359
1267
294
720
709
1246
1205
1068
361
335
1321
389
288
1213
769
1209
1086
1072
1320
1190
1238
514
1142
1221
374
1227
307
1326
1059
327
943
346
513
336
369
260
413
1219
285
285
287
547
309
1082
392
507
527
371
514
1244
713
352
328
368
337
1157
1051
366
372
304
669
325
816
295
321
819
287
707
1087
1222
299
675
1333
523
820
822
1091
336
1074
371
1084
675
1238
299
377
908
1086
1329
355
1199
720
1337
300
295
1315
1093
1196
286
363
1303
515
814
1241
264
1234
420
1221
287
732
378
279
288
354
516
763
305
709
298
388
1219
563
1315
359
324
1093
1207
701
1310
789
1309
1079
682
285
815
364
909
379
1330
322
1323
304
287
1233
1087
293
1236
341
1206
303
798
814
306
740
1290
1220
338
1097
1217
383
360
1316
327
329
1271
921
386
300
558
288
898
1175
509
285
413
301
306
662
288
1228
540
1086
326
299
511
528
820
379
752
334
338
301
440
709
560
944
1212
1230
1153
808
344
374
343
304
767
389
663
1237
1053
1333
372
1244
1049
314
759
553
355
821
319
304
1148
303
335
1235
548
325
663
285
760
281
665
738
302
385
1103
1102
1298
795
521
547
350
309
1079
680
1056
338
366
381
387
304
301
312
366
1069
392
415
1093
1211
759
1215
947
897
348
1102
305
767
1231
387
550
1087
293
294
728
819
272
1038
345
277
493
300
375
361
398
783
559
757
772
305
1314
896
280
1256
319
341
346
699
516
520
665
299
526
551
354
299
384
554
281
502
542
416
507
327
375
531
340
1302
344
898
387
397
687
367
1209
760
289
1282
304
858
1158
485
1338
1304
412
327
1304
849
368
713
744
1084
518
755
678
676
761
308
827
1204
276
947
1243
318
285
280
710
1055
288
277
734
293
315
708
714
444
1111
770
419
722
817
442
629
508
1063
1151
569
1023
370
761
419
290
426
773
1083
663
505
313
512
316
902
376
1099
373
678
318
1323
274
1236
1083
487
850
546
1044
735
772
1224
724
1241
798
400
774
1141
1058
1103
345
1333
537
673
722
758
758
548
499
1294
612
656
1077
302
1181
1294
571
666
314
765
493
312
322
673
722
659
540
413
764
315
751
1177
313
667
1323
536
380
1318
758
948
767
416
830
281
899
535
306
653
266
1156
724
308
1250
775
718
734
562
1426
558
904
675
291
1176
317
334
1089
1060
1255
795
1174
1406
943
544
534
509
564
1063
1101
1322
564
801
441
1169
343
1223
1402
1471
543
939
791
301
264
804
716
714
385
418
950
766
355
475
803
1297
745
549
949
557
1090
313
1318
661
341
553
1109
1330
678
736
805
1233
801
275
536
1301
664
367
298
358
272
1114
1089
1229
1149
850
710
677
661
1336
1295
777
1240
793
1430
550
760
738
650
329
606
677
700
662
1146
689
1477
969
389
317
301
723
292
396
1311
1215
1147
344
360
570
521
1080
1101
345
1302
900
508
766
1090
379
1230
1144
301
773
1221
764
971
933
670
278
769
388
1254
897
564
323
1162
372
356
499
802
813
280
526
301
277
551
757
1079
627
935
753
824
946
278
855
286
508
354
722
790
765
718
1216
712
1226
856
804
737
347
538
771
322
720
276
853
373
1110
784
1319
350
1092
450
533
