5540.805430647706
3677.8737436782694
5532.797314940415
5461.883133716169
5435.806504292473
3675.9285235840985
3617.9063284611657
3075.9401499799496
6915.542288760398
5435.190292328309
5462.492704922668
5467.469020433965
5482.408772316753
3084.684828930433
8167.545186841749
3085.6828003665873
5540.233424330419
6765.64610169275
6914.570909224443
8185.618893589132
4871.818239139066
6906.687350443075
6754.766765156025
5533.239229591565
3091.9356313857684
5488.833316516368
5538.575522673504
5537.011681414402
3621.8741898536027
5400.212787075138
5482.3966209248965
6908.596317861067
8952.488273769777
6908.705377989211
5435.57954040793
6919.58229683359
8172.050588713312
5435.4032063826435
6755.430570984783
3017.9134294578503
5538.043993600104
3619.2244972189565
6916.719730184875
4869.898147010887
8239.700058011416
8972.926782142007
8137.501827393839
6758.791258042371
5482.212009564506
8039.331559822333
5517.91432336293
6759.668975078307
5487.884253759941
5408.595685440547
5536.019368120176
3621.211706065959
6771.646331541738
3660.9435216181328
8140.207787535307
5537.522580490194
3019.232072963204
8830.568442459798
7589.503904935105
5480.180215370724
5535.063251929845
8228.385382883785
8367.61752346581
8640.830823592598
5469.896020158704
5535.536879796678
5464.964216298775
3019.893566064803
5399.014184824822
8543.23791706851
7246.087432903078
8322.135133577764
5524.968598514797
2542.6769426110704
5490.256318039474
8157.049873813432
6762.882733513534
5499.812568034395
3017.258464574169
8131.18263958175
3035.23145881138
8047.099922169555
5463.106246188694
5535.21501657556
3679.8070345726296
5479.79285499674
3073.980355806921
6904.559345176113
1804.9726773269579
5511.459904969115
3076.6288994335046
8938.307764045356
6771.32694123581
8333.08360228695
3673.969203732637
8669.609444492593
6742.672623925663
8323.979949700628
3021.882701972129
5526.686023826643
2535.70275636377
5435.279721338615
7266.675131992337
7245.990887008519
7235.096222553501
7729.087713860565
7234.052186205524
5463.722330199049
10152.485417269345
8193.10980405843
3702.733787837266
3672.654010248738
3067.3973043556803
8549.356399655993
6917.949149576155
6875.746031433223
1806.1482930399525
9572.925133774723
8342.489205844897
8333.413906289337
8170.828472819642
8559.718722575819
4851.909562214857
5405.9518802690445
9183.89167768046
7752.491101352472
2537.1037635803377
5775.829177237536
3035.236158011342
3635.229273239537
6887.051350331715
3138.4983154251095
9149.355021884348
8334.859212883135
5507.533465152115
2544.0850129646974
8126.863173329516
7837.924178788836
8678.448697053402
6552.358991716699
5529.363499912466
1805.4128896541454
3016.6056762476173
8684.64656826011
4271.833735850865
7256.9391157834
7730.379281050445
3072.0053459030455
3033.174401780158
3619.885744675868
9194.367184188586
9594.242576649276
6039.279510645359
3144.083972986626
9143.236868788292
8712.241980421455
5482.297601637457
3635.233790293663
8174.806929500034
3145.508899651471
5086.688121383189
6065.268725314065
5466.214582298639
6417.960912498955
8745.151250801779
5465.588305566644
7408.132707448725
4235.207372826145
8661.864462015033
3033.215040256233
7531.183991187265
6286.462536336993
8391.533899684904
9189.177910665994
6910.858327327223
7561.67823163082
8731.181307792744
3033.1964909431495
3033.208948778325
7736.078856719441
7120.601761226193
7152.358157460622
8408.746284345056
5528.540048199383
5482.558076509624
5539.670214396782
4242.971810055762
5534.596844552137
8057.6444158344975
3718.6868611786895
1804.6376638826637
6203.411013291673
8872.056355090137
3033.1773632306076
5574.066003765285
8828.384083813444
5442.142336357796
8608.130480510998
5539.118085663216
6916.4828369417255
5805.9802529217595
8857.33861303433
2471.4989333135045
5090.3110015933935
7110.241938063734
5498.29458322072
5699.788659848347
3033.1635015992006
5550.385068841529
4269.912852968767
5575.061470223518
8657.642578009112
7523.930953454943
5441.503590162144
4279.845520551774
8345.88858531185
5515.4518764166705
6246.788866452008
5478.055726512709
1811.2949953541154
3068.7256423818953
3730.267238940323
5390.8628516020835
9608.743101775814
3129.6539198772616
1876.6309632240857
5399.304968526291
3022.5453999242477
2431.945257711142
6728.892918454996
6769.266884953161
3086.7190671917806
8123.929407109547
3731.2723850878206
4876.053699805549
6766.519261778393
5533.685356162541
5487.68827753128
8239.130726157213
7558.996103768075
9549.117278760179
8074.79728421223
2546.9524744443074
635.479095416579
9347.23800453936
8340.2145526546
9601.143206352801
8347.956003728597
5534.138311535971
5592.724166586831
7795.27109326531
3885.96463671083
6303.669698060244
5478.960685638884
8145.152505073041
5944.6531676435425
1224.8006684285099
3036.4205802980464
9017.971125403337
4190.106871692455
4921.5626181597545
1324.471862103786
6566.825169816678
7806.893888684405
5519.8671178346385
4279.183692268212
8315.819924107835
4835.205961478465
5551.493619671664
3060.132354294322
3056.4028805475555
7866.6746087908305
3671.994835566816
3018.5714115470946
7461.8676110715605
6744.501899417426
6300.681433334553
6289.459500974724
3033.1987522334407
8681.433680347021
6817.157670557556
6299.78822563081
4866.6656294729655
3089.5042112495307
4243.237661544395
6071.437850526134
6193.572743740286
3075.9294659866796
6732.70756682262
5490.621983003169
4930.79477080825
8189.503217993889
4288.695962538031
2557.3318389636966
6874.613378569901
5490.637399311013
8158.994951347705
3082.423210357457
3131.4875884118915
5825.29409477558
8639.33072252001
1856.0653038432397
5193.026925126516
8726.164182730201
7129.0767443807135
3035.2113991636006
9257.641245828409
6911.339540952166
5600.71750065074
6771.7889628621415
5053.696845979866
6066.788455967523
4443.566781868744
6267.932557470893
6299.762634530173
6855.143149371115
4235.825121493338
7085.569499650156
1807.3409004875068
7119.988231541887
1860.0928038605227
8160.170113662131
3061.1976759667045
3077.885653190328
3057.1348121910246
626.1168886605641
6744.092359986618
1804.4295162174087
2541.479930652301
6874.800036197052
1272.0185652233376
2541.2810989504474
2470.0494702508827
6200.716977938868
5551.369609637965
3058.5731712787588
5401.4225112433605
3701.1133598977394
3674.623740823079
7332.706743419706
9538.306478127
1327.2118486617721
4280.040252612436
6303.03379967491
3092.5688950350973
5394.619302066306
5603.457494014717
2537.40051925594
1860.9154404124856
7999.074701300747
3033.2209236138888
3064.733403566162
8839.698505662005
6871.860068303485
4246.353224852257
9326.163260673819
5786.792571878563
4278.92682501713
6858.695345966179
7767.618957759965
6825.077445307596
6522.092771947091
7237.992702911742
5479.386183037784
8537.605959409366
7115.732086846373
3082.6287323741994
5490.65271823961
5952.942096654022
2454.0318235715063
2558.6706502351394
638.4749546302422
3724.5224240258967
4345.8079879947645
5630.701092432935
4485.77915658377
7222.393677139364
7090.808487116495
3036.105432533147
6880.381679108595
6591.1694150035255
3086.1963798584666
9847.095316093675
9290.967721544104
9345.150544168146
8703.724763192393
9890.96680647274
6877.093602292537
4917.22350476913
5836.722956551044
3091.3119883795184
8352.489800339648
3635.209124732102
7165.791354433651
5441.8418068912315
5731.254912350536
7856.938204509041
8747.239164593693
3137.1028922236464
6732.257784614208
4056.81794408016
6153.703250485809
6861.8688083871475
6222.965230374431
6584.263228251898
3090.0961840771943
7599.9739656004695
9208.129330888558
3072.664728969577
4818.400850337089
1813.112983599087
7124.491805513431
3697.711547627761
8781.252055652527
10126.386193843062
5498.280409408754
4236.414163761586
5552.491932387022
7543.339677401534
2454.0989712051005
3057.5944027138717
5468.9274445262035
7483.99514087179
3070.8983855947486
5269.96193144861
7673.209989126911
1247.1255482488418
5536.907263097434
7700.182679494924
3736.6838267154594
3147.645219204435
4836.412898195864
7508.596136394833
3696.047796292672
5465.269909944492
4852.941904105533
6278.552970981342
5498.197202767514
7070.090874507079
2472.9094081533767
5436.394941500226
4453.697044328255
2425.2280170470885
1829.705208252705
6656.940499602774
3054.9528821349836
1825.9173722873202
8949.118935615414
5747.541890618072
6358.998149304416
8040.832454570109
6192.723524375356
4350.986037996865
4030.624863523331
4236.09921773614
5597.402663918176
9159.717241795186
6094.573833182616
4340.66997526111
6758.04730282807
5494.57443426175
4070.054897800501
3073.7992076768346
9261.86277489979
8178.80301814011
7995.549384989397
2465.4323620554405
1272.8714477998938
7481.436875497994
6937.199868224838
5504.621719084174
6846.788182457216
7428.953566933236
3761.898635707053
4282.204118845723
2455.7409255615476
5536.510654235998
3058.0774893186117
6261.869775521786
6300.2238817378775
3889.621444309786
5503.558493531264
7142.489485585218
5440.315323070381
5724.128542795037
6852.43736332168
1256.0770503489216
3905.7924235266014
6847.102548413194
3809.727240441337
8008.131650538605
10194.241424585354
1305.2045336228307
3033.1661728643876
10222.550857396622
3038.771654985618
5506.075779559582
5469.751079351197
1206.1656629880645
5442.398820041324
3155.0850335723308
3035.4265477713366
4248.3974579736505
7694.306484412683
5191.5287342189595
3725.6802345867236
3059.8929989026624
5531.361316148852
3146.9512987904764
7854.874583003503
5518.454660858265
3621.768113909668
6852.171243454038
9717.934074658004
5602.493326126958
4882.419166335845
7794.247485097492
5466.841085433021
6945.15503351692
1213.7955846675266
5538.620595180403
4334.513268633533
3917.6075728366363
8305.356433537165
7808.747789074629
1809.2179472057092
4278.647443041005
3035.6035155384047
2450.7371301481885
4851.8925661967
4324.564836370461
8719.454874805424
6252.171912990216
611.8536382667976
8349.120738745909
4382.477980895907
8690.969217739976
2434.5319421898635
5587.169295908067
8774.937573767254
5074.802626911259
1872.8620688651022
3078.69290921898
5751.732198080982
8592.618781922101
9536.965943830704
5529.524192665485
1251.4732137939238
4282.123254846031
1868.215040794315
5007.914411855058
1850.7377306796056
4509.018952968174
1321.77582570666
2453.835184601544
4399.5059563403
1316.350543636252
8327.710015396264
7425.076895255407
8951.71000471247
3620.548297116371
4229.137550125517
5639.012599892902
5067.938030660018
9146.199186816602
4928.578682014717
10212.570616861442
3934.752614720777
6069.996641725245
7478.552020943191
7018.9273624955495
9137.604679560685
6203.44424568408
6314.4906174097005
3131.86339880892
2417.325283387079
3694.574923934652
1267.131540605035
6296.331864754528
3757.6633616307895
5714.694559383277
4165.1514118591185
3909.0191846766575
1828.9229740648182
4186.338031745951
2434.98142145237
4276.5078143586115
1221.8020844058235
5589.517229213704
3826.7049636286415
4033.763485595974
4875.602165313023
4235.421218093451
4288.356795553928
6243.491833280037
4398.959706243056
3082.085084201028
3033.2277423582177
3142.675945208517
5667.933134180289
5511.423619688642
2586.6102340631164
5081.485537706554
5727.194309317706
3025.22588705715
3928.9825985412685
4169.402295381347
4235.226950244907
9192.61809653248
3078.0114551348493
8774.806648118598
3616.5990566751384
6500.184338241143
7084.146578133185
3087.2536888786094
5552.575288151245
3066.067945409188
5674.8018594323285
2545.509998557937
5637.5768355888285
3675.926921113028
9008.74456894663
5052.46067632767
9861.861483503366
7434.821564439064
2455.211375947357
7171.6193123770045
6973.243624528925
2434.70044576425
4282.308621816853
5499.428387325632
1853.1694480585834
9594.918181687692
3080.037162377988
5440.734527974577
3130.2694692693053
4065.7779100983116
3656.774559753611
6943.340917632344
2446.689912022522
4313.67968423812
6495.20492276147
7615.859388043108
6247.103515224153
7094.070458851072
1859.4221003561786
4276.060307968292
4287.692099040256
8947.955838660373
7995.579992486637
2460.914915840988
5186.904079743486
8930.489487379613
6302.151596351481
4482.746087570232
2467.0165915340995
4950.387176590163
4852.139838341814
1209.7778453507835
617.8206775905542
4263.805151963838
6175.425829552644
2429.2237725464847
3713.6828290241015
6171.7900087105545
3622.5366845030494
5504.610858660558
3035.8310853287576
5469.997266807366
6208.317506289953
6828.954114655833
1861.0402086968008
1281.1571703054108
4384.8218884519
6867.932020948624
9617.970428862585
3926.9786612759835
6286.53565509917
6898.111855476852
6808.31639035181
6217.158211820401
2460.0923764614176
3879.01587191911
3635.8291195650163
3672.356169426898
5554.811743018776
7699.273981880266
7445.385634457805
5439.2805437057505
5537.64108710051
1857.4894723512812
1855.2117395854004
8330.378418539534
3810.5612052273573
6259.319559997387
4852.608069258111
3087.7986039321754
8759.016564335961
3687.692795016863
4388.421305219564
5388.081421948184
10194.917600616684
4842.967696955348
10149.116399248041
10138.305390173187
5603.4120441133855
3093.8634903768
4323.573212624372
1819.1682363666935
622.4467500283636
4306.208619110371
2448.7597117041373
3082.2080690181847
3134.4144824902655
1253.6784906438659
5085.7786936872835
3783.491122722517
4955.658841280473
5791.557895895904
3681.991369905242
4445.452415936828
6736.158810789142
3709.902951137592
3132.8756619536207
4031.373097347445
9808.128364897633
4486.688481867177
5603.677286004174
3740.671518521443
7166.824668001926
1857.6651248539392
4307.194357537832
6138.959936432428
2455.091748623528
1866.0849221601472
7126.7425340571735
4265.768592963452
1262.722106964524
6167.620341060832
4871.179869954281
3636.1034764644364
5519.997016178562
6237.116082287759
3709.9171060757335
5818.333923869459
2438.7721457044076
3088.9242969668912
5122.302947596642
3900.816559962557
4248.494919954113
3874.7565583048427
4190.187095296745
7194.248693341376
9274.793828534204
2538.499223530158
4856.499816988902
6843.170690461816
8329.087045685772
4258.734803457
2457.4889220835385
5631.568038742472
4336.682363092162
6851.893616141098
610.8477014903119
4951.371598458594
7490.972426625338
8116.480119966735
636.8140362675662
8218.92630511731
8143.338199923311
3033.1607397957605
4424.79929572885
634.3636980918678
7695.203605960033
3055.2109957487382
6960.172638461575
5590.5679626422425
1262.8670983240982
4235.297438223968
5542.692089604304
6324.369529994335
6293.180976445357
6840.0966973271525
3688.6971825108
3059.085285868926
1851.849222462455
1274.1641843833781
9612.571203702839
6274.801024688341
3758.660384213338
9312.241139535685
7457.6458475564605
4936.950285274726
2420.129980670844
6849.426801922365
5436.202203031807
7459.318372214188
3646.35660309772
6822.964663577446
8339.36741914675
9874.792631572138
4323.889812617332
8994.244253051731
4246.016631206892
2425.916565548198
5603.770480203547
6572.931723012533
4866.185770010482
1264.957870567472
2446.856822233007
5451.9072410094095
6287.898594141405
8546.200417991386
4835.225750180059
6262.303177580756
4282.080407329535
9200.483037430995
5085.185888024246
8154.068328625351
8061.86615648117
1834.5295184791476
5758.581608046425
6194.460244496212
1262.0955729199757
6786.1816286538215
4300.829458638298
5772.137935446418
6068.926797562231
4265.019823335113
4996.723655498945
5764.710830667503
4271.497024469634
4516.127700591043
6834.822213142316
9606.113263987274
6172.521428495936
5538.303787692358
7516.48157980734
5631.814689389836
1271.1647971198256
1266.0922376936444
2422.8291907648363
8025.076566271009
6654.87678931561
3697.6821597677867
5453.9869648760105
4222.828178656429
8357.242353779386
2457.030428542891
2435.1143498284937
4506.4910017217535
2580.416240723863
16341.0511890883
3635.3002755532734
6717.207715027887
10738.304837179441
4257.312350187011
4925.328242047843
5537.976141924445
6958.997226986592
5771.715065488115
4876.501608035473
9879.362826226079
4077.9263472527255
7419.0554015090565
5452.938220359983
643.1516514288999
3648.245965933815
2460.6544519256145
3065.76879282385
4919.849506113973
5588.168743355083
4324.922132292481
2459.2573564562254
1843.6192400269613
6291.46210848996
5435.209540426105
3888.0867788219734
8991.532149885603
6883.765630398052
3139.8897470428687
3726.833242756798
5478.516489771747
5326.655513663188
5835.411200812776
2434.8815716151375
5470.795442629119
5517.197308292898
3675.2222217873536
2435.517972342169
5194.8359366728155
6294.801823725736
7720.434902192057
4851.998842635776
6138.613947285248
1846.0779094062714
3679.365779390341
7381.380231677062
4461.856908384186
6878.552333791752
3700.955726929932
9789.177665467469
6606.896601497927
7344.50113586132
7573.242245214297
3136.876201435508
5039.013111275706
4279.420222226499
4974.74477913585
7719.9878065466655
3712.429159984261
3819.255399081319
3713.270678814434
5121.908243410572
8723.928591678177
8338.30907227634
6378.854878252742
2468.214584691648
4193.507545563881
4379.842015332771
4316.912324730148
4388.5254190011
7126.002272798471
6331.254678220609
1278.6902641524377
3097.6857272363995
4924.920096417942
4839.014667080057
3732.041365504764
5391.226662469084
3056.5496399913595
5537.297280141407
4461.8720168190075
4328.57906971327
5573.402548200168
2451.848840000945
5519.036784114017
6792.723084371283
5755.723017198855
14669.132960335855
4268.498367466192
1249.2911053312932
3020.5563449316405
3680.6944051197324
1855.8149016769798
8351.710338366891
3730.1889639834685
6036.967135411544
9889.505476262788
4392.130696335095
6112.222415147606
7254.87579880291
3033.0751295470095
4220.128996070181
6204.396744835331
3167.5346617604596
8290.815777567266
9054.871830771806
5957.967694118596
6499.275103720119
2418.947936266734
1264.4535251961418
5554.288736575583
7772.929777649401
4485.964537465804
1876.2202531867047
3898.4542107744987
6974.808820281912
1871.1559477789633
4853.413517636098
6815.934904118677
2448.491384701998
2583.3921582647818
8647.098262121242
7122.091671315709
3730.719611946823
1256.9313038488742
3151.0391575010685
3668.7447911338922
8422.76306176888
3131.2739687529333
5650.757741425201
4975.379172294192
4259.801858930684
3720.971985753366
6283.578159574839
5784.946564619639
2463.8070505792707
9526.386980537512
3085.180030550468
3098.875239906868
3079.8190507681966
3021.2199905941497
8595.579554257587
9135.0654281703
5599.788774604503
5131.187547394951
5401.036426443217
2575.683534070861
3719.71997498147
4445.0841457444
3126.9621267738885
3044.0406816756613
6294.5952513891325
8416.776983963933
6853.1748842120305
5080.006387732688
5199.0265721119495
4330.795111281613
3051.8484554551005
1847.9863305234041
2456.0882885583264
1276.2207719134396
9590.886704680543
10254.87047165278
5604.397721404602
8770.828337462213
6811.963955782389
4846.4684446311985
4055.2067895728624
5574.739772838774
1858.5977003953692
2576.224032233609
1270.3114111661819
5176.913893689265
3682.3101645547235
3127.008289200274
8006.310926254788
4174.4359470086265
4278.346657116822
4835.296387603242
5634.090354929633
1204.4458900726174
1857.7634584966274
4386.448450708562
2468.5550257770883
7336.158220269891
3939.3303102240607
5454.864905773757
7626.040231434593
609.8383957293803
5145.157290265383
5594.339364562549
6477.397897336687
1878.0956511618328
5467.90392931269
6234.503646195501
3133.6965056693825
3029.22267109115
4919.041426319227
3728.0267808901476
2455.5231685582203
4927.192188513702
11444.985292378116
4276.498231387856
7474.798790005317
7545.153830785993
4453.554108570861
3893.87479817182
4250.535380766084
3715.2813806368863
1822.8310305286773
5441.132995964222
5781.630715474565
1854.0995485164715
6538.311818594374
8443.909780160076
5481.497669767753
3155.4804018667073
2457.313186410088
6099.427838068738
3651.024190292874
6799.075804262785
6812.776853381715
5185.958096930353
3080.69733306373
6841.5748944150355
6169.267835992061
8926.387907047903
3673.7970702810785
5471.438758520376
5068.001058866751
4148.073816347967
1261.339356461193
2429.7044700313345
8839.129313866497
4975.6794463838805
4267.018212670311
5451.918506038517
5203.068749647964
4324.221291168212
4226.81295015435
2555.0596882657123
610.3491903601102
10304.486045115864
1205.4299908781143
2456.5500063374125
2443.6185745189136
4388.078912003496
607.1078888403529
3180.4160945526787
6781.380507731207
5468.886873370354
2457.605159850173
5550.8518088997325
3669.7135264637855
4275.609137323921
1894.7487556240787
7401.021552003912
6486.750096829265
5953.850318276372
4844.651042617439
1874.154318435812
3682.420958263333
3719.502667980513
9591.531115683269
3780.741015281345
1245.1881577500708
5122.44972946807
1269.4592405997043
10208.74224535533
4631.21685823453
1877.8216589181823
2540.188637396346
4154.129359720307
5575.6745421195055
5468.634290875165
7471.85970634156
7100.183556987708
2448.8616024660687
3688.3578237191537
6923.932155008603
6883.99542564886
7239.434893404264
3716.912424022839
4288.0223617033525
8577.539739220272
6197.402079242041
3693.3984492242125
4315.662849242609
4401.945454195065
5702.803367022931
7079.679387986701
1846.5138381920178
6471.381818209802
5068.328497837528
7480.640848132607
3033.2677983310127
4388.739112529962
1848.6939712040967
4452.460823907531
1242.9651752259435
5761.3515709533385
3900.8796629092044
10201.142628101883
6845.364312627848
4897.711276412227
2462.031684029247
1866.917115358253
3635.060365316382
1261.0513740593003
1226.816721832182
3075.2246433696746
1830.357766488879
7395.5805140371795
3821.615767203201
629.5713259892236
3699.7318720325075
1268.9503217158826
1856.0894628660542
5528.987310144533
3026.813723432135
4835.060067758426
3152.7969007894685
6931.185204221817
7834.146708507232
4322.248597926305
9331.180477272796
3657.3125195711564
4309.0916995448015
4247.18643139988
1818.5976921159538
4461.1560051516535
3103.0435078468768
3632.318203698265
6274.6139786322665
8793.109560912164
5501.1127096676455
7730.491226769434
5579.00755965977
7053.774632448719
2434.551600879285
10794.24093881944
7087.764242456282
1841.4514239057041
4207.101530665217
7427.167942279931
7618.926641191836
8074.612619492188
7422.964142676665
3124.522995274825
3060.6528250436895
3041.7088288203654
4937.648995610152
4975.001679773547
3708.9667210621465
3078.22383762673
5492.501430954824
3809.867941128959
5801.727562265676
1847.330277723706
5453.409572516667
5529.465882200425
7369.266700414887
616.3387698702953
5215.328568076873
9177.53918019069
7437.114954724699
631.5585721599929
4856.770811015845
3644.3977712474607
1244.9651785099468
1826.8161737983696
1218.60279718322
4287.367651774344
14288.281662392905
4938.628599220995
1864.156200255164
3879.2493650577685
4239.280987329281
610.1213270614212
7088.754625892126
3213.16095135875
10431.53175142612
5804.469128091503
1862.0892523510036
5722.44961256689
4297.711459829914
1863.3899232623303
3385.8128347861484
3648.7919487157824
1267.0748804063735
4323.983317134784
1281.6915581815138
6234.822720047697
6507.0820057493365
4284.741505570081
4265.430473064989
7705.357056288518
4236.202670812159
4842.286417571981
5246.513465576056
2457.8398682615384
3661.890940121124
3073.4788674333836
4817.323755970227
613.5896992447899
4738.313457289848
2500.548494484085
3129.252290442651
3074.635052256417
3157.6665042072177
6116.311742685559
2544.151925344213
10447.094700603237
8230.569893687261
1817.5077576329643
7082.895935047443
9993.333925178973
8785.618716112765
3158.663271187468
3916.4865187080886
5505.56310271885
6777.5418686113235
3687.3682056308867
4853.991175616755
2833.273311105302
8295.203057904902
1828.2248237353188
3214.8156302221046
12912.722310385221
1269.238190929704
3354.8192630488406
2436.138882177348
3681.3473629776836
4974.413974567625
3022.8289224644454
1284.6883287680832
3105.312523922946
8406.893405838673
633.3750140333419
7641.967227623459
3896.5626902232448
1872.9851834286258
614.7356111300845
3102.0584422090224
4468.719335702372
2859.1162592796622
4390.096025582405
1864.913627272797
1859.965634320389
6312.8581133363
1268.215689357943
3035.0606476925864
3113.2754867906674
3824.065632369706
9777.53874671643
2436.942177603381
632.7908092104856
3105.7896134894677
2499.025827130176
7913.372035423515
3701.0985620338242
2447.82171788574
7417.157144348845
9609.042640848947
6343.538460500446
3895.7578807569203
3066.29888010828
5012.046809794111
5444.397020928656
637.1791496868954
6797.281246672506
4217.324368965545
8288.753670789976
1290.2140133301486
4416.95692963804
5049.233843980235
8326.388882641164
9281.432994360124
2507.048439899766
1267.1492046009769
9279.363416930204
5952.493655834929
2553.678497998762
4164.178709309686
4843.2322265597895
4951.943796610936
2571.071170483544
3140.0575884541095
3716.4175230430337
4378.495315371385
1856.5503755057339
4444.321649062337
8006.707216255218
3155.0592437248706
3678.690046016471
1866.4050032137204
3674.511813416664
3676.6262541466444
3682.625887988274
6791.309167135986
4932.986097598538
2549.142192347021
3700.829640807617
1862.8606007696003
4392.471436080782
2523.417852740366
1270.4441964321675
3945.1582353503004
6271.860710148126
3144.151055817313
1258.6092237521434
3125.680798644636
1895.1218131948826
3672.6199423419407
4467.13344877042
3099.302589306585
5202.03482484946
5785.255201414019
3090.698178760915
4975.0664481350295
8890.815556586864
2454.4836690373736
8674.795522418854
10713.105500963566
3041.278336976686
6299.241071476478
3063.3889806475936
4974.07113264989
4233.463698637036
7243.113024618107
1319.0799761151288
606.9314942223941
3661.856592211964
4257.65397190021
6862.344443230705
6117.78382754534
1852.5288580812858
3672.9087378125128
4314.490401922224
6800.716540215593
5598.9963682267025
4924.563036307729
611.9173641215833
3059.308539429349
8526.203523251803
1865.2611912264467
17672.84541741324
6291.19459334445
5491.174225864782
6850.508984820522
3051.0285811497142
3715.665609255195
3100.6373407017427
9792.617541449103
3636.4186179177855
1817.326752667445
4893.39824298763
13245.57866573133
5047.105100264645
1210.1947254698619
5519.082285140069
5943.980199247872
1280.4421614111461
4046.1001070297675
7244.159249092475
10167.613991610835
6453.774756543423
2539.8906859345675
8759.099588325289
7087.6007796719905
1263.5277047079303
3071.4986127750994
2461.9810168151134
4870.722956598603
6597.070887735796
2493.5635900750394
2456.4042816436313
17560.683879864962
1210.9678803101579
9654.870863267228
609.9886312654145
5480.887628877698
4834.147564302349
5058.519944878192
3700.1315633794056
606.1112401782945
3702.0670491762758
6561.6438048066575
2928.5804516623234
1868.6015518051995
2438.9475068225743
4332.847262783411
6092.500827327316
2495.876234528037
3682.206293769714
5806.833401188772
4836.098113287567
2457.7764921629214
1260.9161167612256
663.090221057105
4239.014820186839
1863.0873849946465
1267.8748895884373
2499.60978775966
1862.9650220919839
1273.0096541200312
14635.975727037337
10172.923860528796
3682.083768355403
2554.211141580248
3098.2725818666418
6228.871875362626
4822.8276009084975
1814.7194583413798
5516.566921020869
3021.772414534975
8300.181954701377
2466.2993202360008
641.2236702881615
9060.729343500143
5553.2663221669745
15192.079570672866
4866.237259919528
1293.9075332107154
5796.180654181225
5493.398025928671
7915.798289035967
604.8482450074991
3661.860432954874
604.6645393306778
3757.3069790656614
1854.7464463531767
5451.996083371707
612.755765867694
7791.535423871534
2453.140051720477
4870.381819241941
2441.709167024664
1253.6762867188513
2446.040238391459
2459.3090349133527
3626.8134287729
5722.302890609844
3648.735128616395
1240.691577198371
3648.4010101176364
6101.112181044581
1859.563720684193
1853.6798283130643
14600.271868711214
6726.205511952683
7019.788287908713
2764.5812420836724
3721.3667313331275
1841.549004625214
8263.083758770379
4255.326919250357
1258.1738709817705
3618.940862116509
5005.324042588224
5530.784126396082
2551.0398400142435
606.7633452036738
3060.2406336435024
1249.4946427064394
608.27448286266
611.187153384705
8556.498246841216
4326.206833519332
2436.5564863682484
1829.2265489377853
2498.6015668527175
5188.421686929126
1863.5271957177397
3700.6327488260717
7329.286017200986
5436.967780953006
5724.369831954053
1859.1565271904226
4517.29471049361
1275.4957263426581
16424.982610012335
4490.97695612292
608.9255011770343
16777.31925534909
1278.7410492934055
3141.280132907023
5940.819503096619
1894.3692501456387
5731.186925299451
2435.836863649259
5538.960016980976
3175.6833372664187
4383.770191076215
6845.386274905245
6814.984824088198
4287.880348905217
6849.459986900929
3678.0086418717474
664.6147837342562
3079.3686806597093
4882.308214815517
4296.047685595296
6316.4838446504855
6188.168507656674
1319.2704616786734
2708.3691192719784
2453.169145840445
4930.5756330058875
5490.785798155376
2496.0531779923504
6729.286658587548
4039.0676742676073
3742.1958365591427
3665.431767053785
1204.9895936568903
4808.752033105728
7577.1485780374305
14617.820828290176
1912.2131168687665
3847.106150972933
1213.1289768079487
4379.0077456159315
8327.824110601086
2757.2782604835247
5905.359084103153
3690.3099084348046
5595.8707193298005
2773.6911466271117
2434.6371880842394
5481.205994278728
607.3681311688024
4545.157823204435
1279.588999570301
4840.768578908387
7392.153345463069
6639.435016502742
6526.743616528655
5439.8786321586485
6162.3013358770995
604.4556977509554
611.3173077962123
5947.532944906467
7634.348721245359
2436.200504490364
3667.015973518828
4933.459895346101
3060.6628475387993
1215.5977051125044
1267.018739493037
4441.980071172143
1230.8810307804306
2442.455474027302
1892.8362238014474
3083.2547234837402
1228.3062446825481
6776.439145891864
1895.6715997730705
4988.169220796476
1264.8345803369657
3750.9869295453364
6859.318969749756
1856.906201564697
660.1042790110967
1858.9431393884918
4829.137446611574
4399.603650310351
4327.027709192888
7477.093527944982
4462.583857581072
2440.1104693359075
4216.691863357916
3816.0271348417623
2852.8931712090707
4242.408464963502
4385.486733316067
5040.703004345781
2448.735805120582
2506.7812868188994
4289.328230021778
3647.598834435441
4412.046942321171
1815.5937691989511
6999.975339382598
3156.941849369264
1211.8505991969812
3060.950196140336
6394.081472620988
5604.280924794704
3075.0853179122737
4382.526121358796
1839.3253685301725
17093.25066741809
13904.31878822541
4308.082574421438
4248.734971184899
3759.860534223855
1851.5279452150983
4836.202558101592
3135.7019301791343
8759.723360118745
1875.0860520016963
2538.828018766097
8335.822959266441
9587.756273209217
4932.846974410833
8942.48900646747
1235.6874277825532
3153.9400220771
3639.435578018478
10009.334756502294
5437.3195447171
7344.091784784702
6505.358571266789
3112.429394745752
1271.9301853268737
4626.198708731904
4297.681312827334
2447.3296524997804
3096.05286292148
5456.495318463723
2475.0856884158507
3048.796551395398
7134.614717709405
8320.434184538492
5090.976267639621
13190.161933585941
636.6506232942043
609.7370193515973
6293.324985613431
3931.1885509880576
4394.789437715963
627.5258255453862
3120.973108466071
1891.6905447875151
2553.3414083583807
613.850543460143
6636.200938746989
1857.1823811981028
5534.894822596051
2454.7433937709884
5001.200788601032
4930.75061082622
2455.542639115735
1856.3225749881278
1268.5922578375412
2435.9768991289816
3722.1526991492133
2444.842490498197
5055.111073199991
5173.330551120497
1257.7750755328248
1215.1914052714133
2439.2812912606337
9284.646186542564
1211.3119572341625
5842.391539855189
8034.821306273637
1262.6261838460346
5465.968696541797
1216.3355577281652
2465.769211945586
654.6965705293495
3135.014502479935
10726.38580467551
610.3501696409104
1279.2850046409642
2465.445519726627
18969.877649871152
2426.8139712447014
5300.185192504716
3707.872764997703
7474.6128315498545
5573.662108174873
1855.5453166273107
4277.670732190119
9457.338374501254
1216.6949705276347
605.0000892163489
4905.480447985817
1254.1002448473196
13212.883379198562
7406.707393064246
3057.3128307339493
3101.1032996933236
7910.99871869209
3094.219116090309
4235.597847449006
7126.390569837581
3756.9385122594217
1858.5220570239571
2453.679460842933
3935.5547217278577
3813.8012210796587
8286.748471416811
3119.6463331280743
3661.9794864354003
3706.784589414988
6134.89683916705
4558.999633057988
5823.2023669962355
1849.2572779064963
9214.141497662415
3099.9252415165274
10042.283018537828
5527.217052273007
5803.0686316909105
1854.909080908131
5553.704171647664
6789.516902857657
2471.1668142414246
4268.553139812911
1227.854895743062
6036.201141441384
3723.894183609636
7107.081788187966
6290.974704335472
15132.120216979954
3691.302250964638
3661.939910751888
11025.106527045464
3031.9278344496465
7152.492141049604
7235.679093154835
4272.907479544158
4240.743512864307
5551.941852499732
6787.1689321233
1933.1699671771626
6803.675995471532
2457.4108440774917
3099.05881921432
4866.949018436715
4247.454499444718
3036.3889793701333
3914.2594796782246
4794.251762537771
5535.59050527702
5518.900236624148
8299.273269521462
6552.49296077008
4451.597040052723
14997.814083640595
1860.1018482514364
7670.090617061445
3795.685914545688
609.243331802765
1828.5665916338628
4848.786793220906
9848.249322070094
14681.570605034774
5352.494285851331
4664.52121215538
5260.982337914692
5595.79296218463
17716.948795554537
2455.596179474423
5542.155330907688
4846.015358044508
14739.852551535625
4163.840581082083
7234.147045067299
2430.146337876308
15057.610848091146
1849.859190540572
4241.142193333877
3706.9868512109347
3644.1599874987105
4231.944238027117
6973.237165066406
3068.498973017977
6837.115454678558
2451.909462515354
1856.360954201774
5008.135434479111
638.6181762183751
610.6055141881643
4334.414277217162
3018.4021179307924
3816.4653431365796
10474.792110727638
4844.159690560069
11540.765208161218
1815.187563776054
3643.245703451376
3631.9446520408655
2473.4792696311983
3387.4752241144706
4319.64611127668
15018.787908728831
4929.4865391134845
1846.3507273675295
7992.619584294384
2464.6453678562893
1862.6153790630033
1840.3189230845287
3660.5370360338893
7015.46372785398
1266.2997582989367
10206.112677098485
4233.350480043086
4383.428673001394
9247.096606251944
1217.5123637895879
3095.2149692592734
624.7619965955474
4413.801126431245
612.6116948426775
3620.3649992084743
2758.3358492441807
2556.9438793380873
4183.907265247727
3070.04919695875
3692.501772788715
2518.447499422561
1868.5834210940766
3058.942415919408
1245.9543946423257
5553.426197529176
3072.9090283396717
4934.344306110051
5466.789632724047
2454.9542202663065
2456.35864238758
7377.541204144716
3983.1965754599787
5575.374245152139
1257.490167342886
4852.96595549903
2487.033252009012
1283.0015891977387
14695.029432888832
3018.9460028448025
3608.752979903458
1871.1704895550158
610.7835906115869
4857.312307789075
18177.249296095644
3100.863246916287
5524.919120024006
14986.891915795772
605.1399616151393
5528.299595718611
1273.4797094955002
12001.08545473902
8899.272555770329
1864.4479825630985
1267.0568405187003
6792.621081648599
2553.9435054828573
7917.385270638958
3622.828701474223
15655.175415616908
5490.902301927629
5482.7004056121405
3370.1983132342502
8751.819061254453
5436.080284674036
3028.22039560686
4265.444698135918
6008.750744908625
9712.85936170318
2555.0884483243753
708.8306243498812
3661.881745275425
9278.448289690012
2747.7765618283274
13949.501545073012
1276.3002131551334
4901.025927278807
1821.5797655689123
2500.830188633308
3134.7766313385446
3956.597515196952
1270.5268654859021
1267.5826151724946
3722.248751728187
613.1321485938263
1236.235438467623
16080.732338673466
10464.476537309047
16252.958202304893
3800.7581190029505
3951.2310614508488
5000.296604550784
9077.173057991722
5815.328441871399
610.198247969248
3716.0449794499636
1856.7701015399573
18408.06282830796
9235.190939361919
15946.187821555372
4329.486739431961
2520.9747551387372
8751.708072616932
3633.173363831936
7631.544784276274
4982.525771635886
3550.96712916469
2434.7827571494586
4325.579271084812
12323.636425356905
1884.1195722774214
5000.85225646633
4921.877724616431
4250.26120063871
637.4579266613698
6644.159371988997
7688.754147336394
2503.0470876235254
3698.874802238541
6828.871278780224
1232.78714377364
1854.4868353062056
6935.308995624846
3055.522825603347
3099.420186306269
4403.916184703261
3100.829991472894
5451.890128678007
611.9230954559807
8330.490083983466
4309.902831143995
4390.486851124201
676.657658282387
1895.843995016458
5781.533189100461
3056.7775391478062
3734.414415227512
1271.3552412536355
3811.2261183788496
2435.060944928676
1257.6658378811828
17777.32404661495
610.6183500909164
1219.1736329585763
4846.381711555587
8536.157461476827
7397.280901958607
2435.640441878968
15473.130762814028
7414.971089571748
2547.9155227464653
16950.96795340144
5174.810573275467
2458.9427372345403
3285.964933091053
1861.2410177984798
1277.3444741265012
5538.6813093719975
1878.224499519776
3759.8228407579827
2610.6929854591676
1851.2658122704315
5000.373599083019
1263.4005311359927
8376.54411557787
4275.4674101968185
8804.769516102886
3618.4020174507887
2472.9839942150966
1265.2682792592166
1878.4918923866173
1887.7305119895068
1863.3965341867827
4500.879547302045
1206.9298444936344
5030.702983284191
3981.2116808573805
2455.812337276265
5531.509379070344
4726.6559598479735
6044.159566391292
3047.1946485388457
7385.780677225752
13900.095099972572
1873.7414662473664
14246.122656111691
5530.962594174527
3697.4429819840047
5527.192010750224
6989.505291700678
3211.5294161612587
3705.9472792585675
2447.2697823451717
1207.3585269284956
12862.392039654876
3354.9615482805466
2521.7581436160654
7716.643391533633
1296.958195153501
9021.25247096084
4894.5746926140755
2555.4808547258576
1870.302837075575
7846.087189450913
4242.151955993934
2518.177019560387
4842.151476832948
1273.4918071286
6068.633590459536
3099.73618728138
11440.75233722279
4314.8864641824275
5537.380631866345
640.6346076015959
10377.924791944642
2994.2529741562885
5183.196487457821
8602.799514381133
1222.8317642480467
3088.355805820051
11720.974322585524
3712.1987809416437
7208.749035448149
1894.1378342553546
1878.1909333742344
5895.2054056640645
5589.871041561179
1886.207108289115
1262.967173576255
623.7774944066757
5566.225496472181
1263.6538271249494
1259.309378657831
606.3519197668746
4933.910454170232
2455.0105102692164
9358.993957177372
9200.650537604133
1853.8693111818845
4293.398331442514
5541.613214870443
8294.3060614322
9296.005474417196
3680.034233777361
1923.179316853347
2454.511778549224
611.9484054625585
4321.878042877596
5202.877905000473
3700.1783084768663
6495.076841390365
2501.9311477476163
3883.3126229362765
4270.047575584706
6096.0466671280565
2501.701793710218
1281.3093384336298
4308.824952764934
5223.202476037353
3160.420938350901
4954.813607817994
4079.706456203442
5468.218367446062
2457.664880369783
6666.788174153732
5086.266638559159
634.5378502258217
1278.5148504840113
3060.0920854898914
16025.857873584255
1238.4976403225924
17122.746939612935
2504.5525533512478
3082.823544316311
5116.4853716053185
1220.2730252988717
1251.5965349996582
664.9490531745096
7195.34949790829
1827.0010094757915
4240.3240831528965
4347.910313646925
9567.614411293964
6158.180615192012
3148.832180965486
5013.801010204351
3115.285788335982
3673.0789062430135
2750.899692195284
1870.8991363701412
3730.3754347949193
1856.6320056628795
6786.805372278074
1900.4303846008304
1837.787829921395
4247.803660296866
8853.264114865326
3059.603938559791
3058.735006123467
3654.8797650733177
1895.2909502631699
9676.05550427379
7458.695261417098
4826.8123996027625
3100.092673463485
3355.0925637359423
3641.8571777109382
4299.730972952063
7749.121937296864
2585.2154237708996
2478.2241365980876
4835.420251621858
11003.981045275756
5468.72448650276
6069.750277841231
1854.5120594209084
2457.921774207598
5037.042311619471
10772.9232547467
3383.196642900871
2454.4700849985784
7615.668816087384
7452.436742065277
613.332580821923
1254.4129239650088
3914.5826761711987
11124.16492095188
1341.0298841202155
5372.933106201999
4302.066941734588
1831.947910148453
1920.5505604198884
7837.992601489117
3072.620158381432
6283.766181119402
15170.864368474196
5074.614483992072
1838.772809796626
2454.5692714855018
5468.55663871114
3120.1499134348655
620.3468441276217
2880.5795435056184
2451.0314037005905
1289.1488714269003
5041.461896927832
3714.8893948722666
5180.8250696992245
1864.6118143429264
637.7588771966585
5520.2232191429475
1228.6303050671384
7399.07524863386
3154.21054658778
5773.073804887567
3695.7794724741807
3641.1432192941948
15247.036601080885
3099.753880696578
4854.467769800138
7753.205051065555
4254.879361507101
1280.8943510778815
5573.7216344022345
2450.663423132761
2560.4216825518643
1845.7449300912754
3067.0163714323207
4924.633200388304
2418.402406106353
2499.7906142205497
5032.947061410256
5601.3948384062405
9481.961687093479
1854.005978515225
1270.8992377123877
1268.6095919442532
5027.791246701335
1870.6612500100875
1877.8907773933697
1895.8764718567722
1873.491301691798
4297.441009014354
7715.401400961683
6358.956912058851
6354.751271080854
613.800872018172
2445.572317031695
6798.995363752461
5531.208635329879
3649.914963529487
2441.5760653076595
7090.816710124062
1941.593132972283
627.7479633341366
1864.452871365473
1857.4801033354352
7416.292785830872
2436.2333665538863
3646.4688283070423
1867.13979919267
6797.401628968519
3073.0808825326253
1844.842813401212
2453.583749661866
10461.86087492583
1273.74176018359
3092.1620701541406
2429.846785659773
4636.317103616837
2441.450751931644
3720.5614571890146
2428.9222024404144
2459.962333614185
3693.7733068788034
8721.412032155898
2500.7783351448993
4648.545530784882
3125.5795242939457
7835.678965368868
1894.0452762111129
1283.8846644891664
9857.64078387097
1264.1666041384299
7560.17130902391
2416.6927408153238
1881.15665787164
1220.1324133601681
1863.6471475649087
5640.416087318211
1857.3135018988498
4862.43846849694
1295.4909776264708
5592.6221617442625
5561.093144971915
15098.022970392687
7146.5972170794785
3735.554631086173
3126.8337949697707
3693.767648719617
6290.7175092400585
2700.628804274125
3701.7985342140178
3093.7734512417833
658.5241929232542
1837.1727019720565
1263.3987539017419
6536.080898155924
1847.2269758736832
609.7817469940195
3634.1476856013464
4831.94373739705
6880.641093605358
609.7835970586284
3633.1628635736374
1899.4560116474643
7936.157704141666
4859.999138003701
3141.5578446239456
2497.82428792647
1845.168581414224
6845.143429189852
1318.608706323943
620.5955467671928
1844.2481598874322
3693.9605856093376
1854.7053843217172
1295.1260181884832
5785.714695847208
2496.5350145870184
7646.236810921314
2894.392823949164
17140.17583432751
2467.3994827472516
2444.041160828556
3758.342231380421
3724.225872441011
1867.0743880122382
3815.592212836923
3760.3254403928313
2700.817049692028
3116.0492151922435
661.5999083533736
3709.9181491802624
656.7718555384076
616.2574469841744
3146.4696926034944
616.7603709313067
4608.63641299915
17952.33490204527
1839.60917803978
5569.775918909019
2459.1531764130914
3900.0266018213542
1836.191703985811
6278.0079561709035
3060.988635354008
8716.478519438226
666.8508052174778
5517.899354563713
10033.985892541805
3061.9370663107784
2444.2783704763715
3116.912660462362
4154.978427485465
1853.7518734393016
1294.2371857712494
9032.482987787533
5636.4114917165425
2511.351944405294
6788.391336858839
1843.949406088476
4262.563301680108
3641.7084863505384
5604.008347006453
4887.895143379459
2443.6431607007667
4482.720744560735
4007.886428680983
663.2118987772632
5454.8782142813125
3734.514649368474
18587.842634411776
1878.5146931270917
12925.731842077632
12866.54486767118
1213.500265749652
6222.546702257463
3810.1241327137673
5758.957071679624
14223.464379074108
2451.264598851523
1210.070334129054
7992.00572728298
1285.180867057931
1298.2349600478324
613.0376245251127
1902.2156678252597
3746.8352542750004
1228.1888893459434
4248.151369903708
1262.645101448021
3095.7795492776545
3047.876569575697
1300.606518330571
2476.690966711414
1260.247654770497
1878.7405271452665
1237.175591367185
2501.0105800874494
2495.955222554089
4316.04229794924
14206.398070030302
3710.8701831817752
2502.1632218035384
18497.523717822667
2477.593595835188
4381.524485251612
4442.384343115479
620.7291540884539
1217.327560137111
7004.54055715421
1294.7531322865561
6164.451614580062
1218.9381011890039
611.6914762031691
5471.81774054459
15857.61737229901
6035.67936934374
5580.045542754858
645.3183877462178
6639.279268919122
1845.1457300029056
1845.167764767135
1237.4546863737344
5505.367711601155
1896.5355678122614
5057.8111116646905
1265.6726546038396
3670.048815888079
2452.566862604197
1958.6723509446774
1251.287122360976
2452.1311974128516
9210.634434290389
5587.233461413655
1305.3235432279128
4317.332345765212
1861.832494993762
710.9882917795907
4854.869339908016
4444.705131941031
3068.7463071332995
6085.96540132202
3129.2882969118195
613.9819906930294
3667.8973947312675
611.2310028003336
4901.9917379337385
4931.209129025359
3811.7579688649316
16180.41401067221
3041.450273252222
2099.4857483562278
4751.977720115571
3407.8866206465564
3130.525741725392
637.7946343184883
2451.9327797629926
4464.363881501206
2501.473749734034
618.2926070890662
8431.903450299978
1267.7641138457486
2519.726104781173
5531.638765164787
617.7255003953438
1844.0418333596417
2472.0455326214137
3803.0645662255542
4235.679593471101
3807.914617964605
2477.8212670293433
744.8101203122088
1256.2182354180661
8134.81593892955
2436.0717076706824
4062.7883401710624
7376.439052065777
5647.1043436765995
1954.423623608542
1848.893106206148
1294.3737987441882
4867.895610027958
1216.0371088439445
2479.8220004446716
8454.87322265638
2429.5397504090324
9430.568261146864
2457.481615895653
4852.7053689778495
4990.095786950848
3714.0910718260784
3711.3515538986976
19072.514004464814
2651.438388144384
4410.124070869445
6189.51719158085
4918.099033002673
2552.800442821913
3356.59763881084
4342.194269584324
1208.9245636883447
1848.8401925327105
5526.732480669713
3694.2189878274503
3710.94072559939
3642.1529848001055
4909.654280013889
621.5811580056069
2663.65757193489
5166.841066884224
4932.073361353967
3050.541360074722
611.4434806042915
641.557512540402
5070.414470899281
2461.239651668312
5582.745046170256
4485.1863901273655
7638.391360401466
3159.824362413521
14168.005958490767
1897.3888845440292
1263.0886777200087
1854.1608738323441
634.9605366898237
5463.100620319727
1279.6166331209527
1250.7384120800377
628.3099874501853
606.176066153638
1861.3332139180752
3758.0099955378973
2898.813828808641
8863.08837513912
9299.538418754935
8199.973729670823
1877.2147351039957
5086.594277959131
8886.748293855924
11461.821895272144
7628.842193125801
3035.3023820041312
1307.064346711016
1850.9953411104739
1827.9527472201305
2477.890199492352
3667.427801178466
5526.472920047485
3138.5237506558915
4930.35961553703
1219.7148537809064
1859.9225544732456
631.7586326169445
10276.055017223256
3665.4448634756836
5000.848251835988
3082.1275806636836
1248.6947837392563
1273.4026444730841
3974.8110259382706
3116.4216489488244
3128.027313927698
5036.413655278427
3081.9942637767185
5538.6140308916065
19502.62714066844
5573.271603997237
3099.5828977324786
4835.824125182623
4736.675323271259
3161.9029944455397
3633.1769005141673
2436.2548780653137
10924.80457240173
5758.998788752707
6287.974240766528
1920.3934895681598
4270.38321579533
3698.297950018595
3694.7078388951595
3061.7315551086654
4385.045260393712
1830.4382819437978
4359.860184746711
4916.531826618155
3111.351706507503
3091.3024783402384
2478.7919460811254
1306.959688003982
1861.191103029685
4954.0142881766305
1848.6000096432078
10120.223255065166
15784.076928224256
1210.8444748560125
4846.741574207621
16078.715294233394
1855.279247046909
614.6310530752052
4244.397676466242
5527.875908185919
1879.5888254936763
3667.6597527865697
1870.4437039172424
1842.8714138288706
3132.156546759719
3099.2368175216898
8994.25252426681
1211.0375389672483
4380.585276899398
1856.9196077322977
2485.449115667806
606.7992951103408
1884.7114853827684
6665.967266885849
2621.0622395256537
3709.2085104880243
4132.310379770631
639.3329891861847
4485.077999300253
14612.355195251526
1872.0465931054534
4917.4340483340175
640.3269938220573
2449.256353875594
638.5017034288103
2558.0149386798466
1285.7017669207296
638.7957718907227
1218.4047448460205
3812.0470183749494
16206.599949619162
2487.5951561169773
19833.545463128958
2447.9855479285543
1846.0485613580443
1864.1502828761472
4294.574804853584
5954.283251456507
3100.714853909236
3269.7316333801446
8019.054499746534
1825.2317898374763
2427.0002085337196
1848.8186246837752
1850.7206310834467
4915.974520427873
3130.1913734106756
7006.757675278388
4901.51920720816
3101.0079814559044
4953.268207176894
4868.928373202525
3633.351591957425
14721.58008821522
3695.2148750024708
1250.7145045126924
1268.2286372083881
605.3318028016351
2661.873064524037
4854.172602981597
2455.276440550554
3572.934464833202
2192.784206152461
4300.952824844308
4917.432301263541
11126.110937817577
3135.534672196431
1848.407238362726
613.5032763737843
9800.482728252175
5520.958891881657
5034.092406280474
3146.119097359509
14322.092722498333
2182.254493692763
4772.933690498325
7105.357846296848
3098.8788322436753
18618.274037608724
2499.5028172136786
3620.129545656989
1826.5471240759607
1862.6462349649053
1894.5065400026065
5480.544910063319
13257.948349836359
3894.1030494633915
6817.125103934272
2453.868913972414
3063.8068374780023
4908.824582119966
705.3265037832313
1840.8916017094618
3100.136164467446
1978.2121002417796
4247.099621123714
6468.038199567836
4309.65473359354
3649.578926366473
1247.330938809845
1258.085042462268
4977.840302887211
1979.0833520995398
1285.2432255700546
632.4561900258583
1239.610916510541
7640.546227115754
2571.493065613343
1843.653643552896
4233.206827533775
5057.180739729937
4840.743251131838
3667.335926736845
605.0809188995995
2450.2620094977274
5994.250412099139
1907.0516999465538
3594.2526721728473
1296.5222382747402
3710.1610601578486
2427.032481523173
1900.830407373602
3711.8017282968203
630.6256135022795
624.158535382143
1859.309345650823
1816.4995567151282
1827.502348219552
5054.205870394755
3062.53724928303
10028.711542618768
3620.8346540735324
1845.8007834053883
2506.3215914399816
14406.390541754105
2424.9707032677265
2503.5117022930776
1820.131596824762
6491.282431747146
1901.658662532432
4046.7569689805723
1899.2305161946101
4313.2674686838445
3884.155571960299
1303.6861885421856
4712.159922592364
4270.911150662381
1270.6196519209072
3647.1898991130465
1844.544491463809
6862.493502474228
2458.3473635311757
4360.325207705674
2421.3093423292316
1259.4335164133452
1848.253470932105
3705.7892668540294
5744.789464807343
3029.845884683255
1243.6198807036471
10516.8725414972
3697.4208191840526
4301.113350355749
4265.857688689741
6862.3025324383025
9614.564615353907
6245.386806902601
2499.306321883323
1828.628626472485
2483.8306339317496
5580.494534179825
2501.915998422904
1859.8938041198578
4264.470483514122
3300.8168933729735
742.2676783209133
2486.932046804002
2437.6892209837265
3690.8270190193907
1253.5610339157338
10088.75299464852
3702.0534424265184
2893.720799971917
5080.22543035319
1266.414666675085
2435.3768645783725
5577.542932035873
4929.4669625419065
4256.49372751844
2486.304432709788
1282.1402866293058
4386.407864551628
702.0048204056078
6462.107491909759
2443.555077102624
4384.718226089177
3059.255813526679
1852.0062837764265
2497.251207923892
3126.207356661069
1848.435934491366
2792.7840321528724
8756.710179316726
1262.5697959827337
1830.1488937176844
10614.190498355474
3077.3233260572365
1212.1405549713768
8743.337634426198
5439.715767941186
1892.1626793266594
5523.888271060233
2546.4697737425613
1849.4381229611301
4864.9237909104495
1277.8248918968943
3683.251934952036
4982.687045555418
5452.136881688452
1880.4213541757347
2454.7051340075354
1250.1576825295072
3158.3452005333006
2429.973068981568
6750.7753367446085
649.05886176211
7696.933724708717
2451.78307957062
9126.345784668596
3661.8490588976574
2787.475428370265
2502.0675639089195
4898.297509305849
2448.6936177020543
5078.838929530773
2498.17477433373
1848.737889024706
4867.470020189088
1824.9719945765723
632.3557552440346
3711.1082515504067
4917.592205056646
7077.397736115953
643.706351168607
2468.727939575353
2103.2990623110295
692.9365039407347
703.6896412850925
2503.2922657918907
3048.735467894158
1275.0861691625678
3694.8874282452293
1904.2323582314725
3955.092478748869
3059.5569477066656
741.0326462936437
3617.251606751861
1247.507361861569
634.0769679412974
2427.9520078757
2427.742932189714
3101.8035361623747
5661.977439868249
1838.3681244798202
1905.313030405497
2419.4245851387896
3016.692441578879
3120.5504311412274
5470.381624208873
2478.1903033306303
5984.264079187144
2458.5219741767705
1845.0102710218707
3100.5638063633533
607.3306304299942
1279.8244318407917
2444.1524065546946
7393.264317658952
743.5241887247709
1283.441212433296
1850.6846422500687
3100.253169447015
2508.69559345763
1993.2592239129317
1850.3437845263586
1214.6455845398505
4928.988525178206
1255.9130329970078
1264.4548587608044
4902.696813875289
5468.056224194351
1848.9448155516297
3030.1455341335177
10317.934013423044
15981.940028238954
6255.143746788831
614.4772859902489
3725.5794285643933
4242.869851192644
1894.6741080378247
5635.247412519211
2421.773744929382
6745.734814739704
1344.8085210248369
10600.685747744943
2961.138635398413
3890.9774341375205
1236.194134500899
2485.6679357849966
4439.013195012257
3730.5238238223756
1836.6445002128548
5543.757523226297
1889.9944118303897
4267.014706748687
5026.1959353324
6696.04655321656
2453.7514541821415
1237.790844996568
5187.001568165952
6390.014176624605
3716.3957501093914
3020.129700625887
1264.6129943430235
3726.1359327988703
2556.7467333006534
5592.478587366371
2785.1211941263696
2420.8407689281908
3668.6451988095964
5555.65697572595
9464.436487860954
685.5781081843521
3090.310161727634
1845.160815714695
5286.750812945462
2482.2920785034225
3676.905860650243
1830.8235144271582
1284.7858999305863
5744.48329528651
1247.8404384322941
1291.3696048137563
3113.687563755165
4901.276971976689
3119.7242070419984
3633.207692312358
3699.429004020291
2620.8235551194693
604.088009464933
2485.226685094209
5556.22653100507
1276.6416510870556
1982.0352885457196
5936.081416653046
5774.4568146701
3065.4321496291386
3038.946906250011
1899.503237099364
4384.049120572775
637.5612985131838
9603.863212936272
2620.121735189976
6113.542409887708
4265.457768699684
608.6513327070409
1898.8193724151108
4271.181154140505
1259.8938722012508
18901.20979325515
641.1286684172344
674.1805681696774
1282.5677651122883
627.9834935675572
629.3094173175837
2430.3570788283505
1872.6760094814501
1229.0720791463518
5074.01683153009
2106.6124217189163
2454.9088598834455
3081.3502784276325
3706.3961263265082
1270.104963475895
636.1973928802145
3671.4982681965257
609.0817044852532
3644.66381198098
3784.7189843335004
612.1870907697231
5610.5864241282425
1252.0072713373172
12947.045277320758
4335.553205057388
2500.2155819146055
2453.655511744079
626.4049617399694
6847.095470322054
