-19.795216750430736
-6.391873417059143
-18.466315050142843
-17.5394162090243
14.38712515546448
9.428255987908399
13.809895174564796
3.61239546903132
20.206582169090577
9.248798980534762
-15.692272843630368
-7.558597192730055
-17.34003843538096
-23.894166692866953
-23.494548552722552
3.356255049087314
26.482440684854843
-21.34826464490232
10.365892295261327
6.833088443215154
7.2539515830456995
-8.571872406762587
5.372180551215707
-12.167473753085055
5.7843437377862035
8.779443029618518
15.441648662551945
5.5886712403097025
-5.020368640982593
7.1363705352016495
14.625452269305873
17.465141094645034
-1.035992771331396
-1.4339059373286651
17.863510762279983
-17.89470611199217
12.601297192815363
7.454665244583615
-7.185029307309771
-9.855448219980055
-1.70701922362425
8.624411497124228
-13.99101118338646
-6.327698258145335
6.774635570247319
-24.3736653861159
11.254681662792718
-2.3986988505366114
12.43268268989704
-8.961842117699625
0.4305602701988114
-12.42611561791625
-10.576873771848916
28.55424808856037
-10.557372065579663
-1.5521958396115365
-13.896839959348293
-0.6319849323474179
3.428871275816561
6.6896251616249724
19.67362834111799
17.316861853059624
-30.664445553287088
8.382490618846731
-3.6578856943578177
11.773462590306202
-13.076692933092815
-6.125016223520328
-7.389485428108656
21.233131946390518
-9.08597593104337
-1.459771551690425
-27.864188780540413
11.883600860882618
12.138016492605
6.716589051868462
-7.675084417179934
11.967701448905489
-5.660999272464239
-20.074502346361076
8.556039879157852
-17.598387245429453
-8.593002524147535
3.0300419973641826
-9.426904821800804
-7.888334953642249
14.629843410011699
8.063133067313116
24.310446812267905
-7.246565579092402
-3.413758233437592
-4.076986276486265
-4.628857984214195
12.445350425022294
4.327448457475221
13.92680879722699
-6.0618154955365835
3.1036466035181545
-21.88428315568522
0.2584832218609539
-9.52770296488533
-10.504226179892395
-6.9519832243769875
7.519513838811364
-1.0790516445881888
6.644446516234552
11.788259305936842
-6.027480563011497
7.629729940262803
3.0612069446634993
-9.174308638528935
-9.97002353594807
7.400820659950608
-5.712218298205164
6.6638361496929885
-7.458046540244604
-6.382366494601613
1.8369551467395695
4.554916419680554
4.516012491597456
-3.3022694077170573
22.23082462969461
-7.423167378848447
-2.902079602456807
-72.55199201133843
11.146795282574862
1.4094420849929559
-1.7548576994857648
-13.740821797112382
-18.70429044822924
26.41964697561173
-8.011436093742656
7.231320428563071
-4.106336551654231
-16.584628362774097
-1.7150684858963094
-20.79335650109889
-8.1755156047475
5.330751078913433
-12.749064437483359
4.2241330306816085
25.791038233172685
15.218180373747087
-31.33176612766699
-18.913448394838806
5.174016748742687
1.9050384530412774
-14.958564651892567
-4.694151163001083
6.379526086114697
-14.094292535421475
4.588013258674809
1.3673213783432847
8.104067294607605
-6.30378040491628
-17.04365913450252
3.520940262944922
2.696430076175162
-2.0844671833998114
8.53878589146546
2.673298898142533
-11.488273795485934
-15.403753608480592
17.622202395107248
-16.000054102342098
9.530261489808801
7.640325606643011
-12.120242447703113
-1.6218932450038612
3.443103562981034
4.738411962115824
2.6371269294856705
85.15477852524022
11.27604716277816
9.475642140091642
3.073431906254958
-3.2424184017026296
-9.885827234339532
-9.9397549998309
5.4701792435557755
-10.242702453683107
-0.9035763218336059
-5.187078904087276
6.4064209137655235
10.809399609241545
3.4214562918412526
12.83901294132867
-5.309461542358738
-10.06061227272112
3.507947940925352
17.13594923606884
-0.07701090201932759
-10.116605479185177
-16.202184841739694
-1.8626287474065217
10.874374125508771
5.455727884083607
-2.2008953973480616
-5.22508584544173
14.020519080583293
-14.67923167829724
-10.977149313314449
-8.705691111299606
-7.814277168060349
-1.9605989584194994
-7.898831135141747
-12.674439275969496
-0.05327130916356697
6.470290285353019
3.476469458874858
-1.4616437828313018
8.821082122874602
5.524138836865715
13.407597790558675
0.8554565063600511
6.0560163856656315
-11.018034915479964
4.739709455964801
-3.879682247856539
14.744113886418543
7.3784542865297675
-3.6169185326104207
23.183309941559116
8.277345334343623
-6.702116110532209
-12.71660022751516
-9.060620399715226
-3.6661809830237964
-2.4909501279042017
-2.5482804970020028
-3.633267619873436
-1.560119642743241
-2.2536994049153427
-7.644822441292948
-24.35098268829149
-5.683784374007605
4.904883324116078
1.7847969575138727
-3.7465065232486157
1.9777588525621597
0.8951555634137823
5.360751537484901
-4.033146540959035
-2.695207307098348
14.373651953743385
10.079003365065487
1.815845773289613
-3.2983214996371335
-14.454305457584011
4.619373394083478
-3.622961588053166
4.691247180089201
0.7955118207263793
5.176720953484499
0.9415762370388039
10.636664267341121
-1.0509472503277293
-18.95215973852562
3.6980461841633456
1.503476084718767
-0.26540559798608915
-13.802341459859552
-5.90732018523288
22.283897478322622
11.182838973355553
3.0561852426146303
3.5126645160310153
-12.833540047004151
-9.47928383625452
3.2639872970776187
4.566525338216599
-2.8408429171689638
-4.511409696689882
-1.2913877739153636
0.05161116890370949
17.976161406555253
7.370322297394589
9.655899333394293
-0.14477718141850698
-2.4288012465056124
3.7370375461029703
5.189410893581726
1.8340395171839814
6.411287429094556
-9.093357711092109
-4.975363993447653
-17.109633491364132
7.506460954753448
-10.062494889371626
7.513058512476256
10.228765629929095
16.592389982273865
-0.5794194758472677
-0.797141990103637
-3.270521782955137
12.911551622694196
-2.7740501505774184
-2.3679365416555878
4.573208059340451
8.139740456965436
3.2074746967100753
4.056714624551232
1.1753801586634658
0.13696924925062445
-1.5223999215116504
11.59094263925321
1.2785385933825482
-7.185378796983044
0.6348722929294177
-1.693979793756518
5.014925445870493
-5.634789851384171
1.6007368886024205
4.349185645153629
1.7764306782783457
-10.026952204308675
0.989423188811598
-9.434617062476027
-6.83157257940574
-0.15925992264309918
-19.01243462610255
3.3480992703639023
6.349515922877014
-2.634682624187255
3.6463143907053825
-4.692961836613509
9.340355643785395
6.603211942677458
5.660594181432652
-1.31518165730298
-2.677484358868559
8.8669349382051
2.1515829041794845
-15.293186724390528
-3.2470161922282563
-10.327668959473673
-22.557396667971698
4.711175503215927
1.5644570566378575
8.619868548719463
2.7527956973102365
8.453498403876711
2.5847722781513505
24.552048488855885
1.2309631877365517
0.8622773282719612
2.441536669900404
6.5544666543255765
-1.1180806475488112
-0.645861822778748
-4.452351142960874
5.0066709900005515
9.807594984793932
-5.56722664418013
4.297528556109466
-7.210429439828892
-3.4058630497496565
-12.333487108938796
-1.357006849545618
1.3067724807246361
-1.4029125876327009
-17.5733621650686
-1.2415480133208219
15.93399716950454
1.3567494667603066
5.799906281149476
-4.121658780626799
4.756502095567482
7.370638074189731
-0.2731614139838171
17.064249544667728
0.9155048536242261
-11.658448444670132
7.170281540468547
-8.727163375737632
1.8219209242583239
-5.706936304387402
-14.035668993717431
22.77108081868916
2.991700717179925
2.1044832765391774
-2.2151718526137936
2.376984837920124
-1.3111547570779203
8.214364931784493
12.692082422403345
-16.786771938118918
0.5669580281582809
-12.248350542811982
-5.26699527487283
1.919803042170609
3.5634612971679105
-1.3112692788474523
-0.8559084065828384
2.3537874424527288
15.347511433352098
10.548575063069901
5.402589119510271
-15.665888304509979
-20.93181038779622
3.1161081215018624
-5.137665678009736
-0.8963279213879539
4.284534889626307
10.045787398173658
4.638074392438114
5.191839625445637
-2.925867592511176
14.783994066961569
-3.0830743917806998
4.825219326161042
3.3518970606237795
3.0122800558926914
-10.304789693412935
5.8151757893833125
-4.836577157609336
2.7149810043067433
-1.6542225576339586
4.359419029694355
-4.313854645857752
4.421069884406532
0.8997287240301621
-12.443501565801247
-1.6745549657194645
-7.954571602480584
-4.184693482565536
-6.305636252269823
21.232164618132867
-1.400425662450612
0.9004499255188085
-9.04361008257302
6.567678735090653
-4.7807999990014025
1.72996486643553
-8.647973602310046
-1.5449565883152057
-1.8762968698662172
11.528709581007188
8.658111011092664
3.5512711483554518
1.1617919316537573
2.167375331644409
13.45257101286971
-10.514415522606011
7.225059441521094
-1.811352399350147
-4.541144398563855
-0.7200017705223337
-27.853792435015606
2.2404322447873035
-6.012994330952369
-5.233046973952645
-1.695912645509205
-3.584848205545961
-3.0303653966836968
1.3142816402900386
-13.856561023823476
4.432730997042569
4.7601701647681915
5.196424110444167
-1.2412693013095395
-1.1612198672675615
0.26192617830512366
28.21513713597006
-8.430370006642375
0.7072995034567034
6.259886972196999
-2.9987814203662406
-3.448033462377304
3.082488183587622
-15.88390912823363
4.1234150186261225
-3.228462071597849
3.600987797138504
-0.17666460666059455
-2.209604961529386
-0.7816783751144826
2.8688113236305055
-8.181065579900016
11.898278766340903
4.852226659989045
2.9813138108354873
-1.3094838265728928
-3.8770896790354112
-8.127824568547055
-18.78844725956431
2.0260809273619858
17.743709488599375
3.851070500130144
-2.862816180594056
-0.6021392245504897
-12.86216303503724
3.3232731799096924
-4.363271900633607
5.510120043363991
-4.096803555801202
28.22438796991352
4.061099978552121
-1.1120454400721098
12.76815930761989
8.363271288564826
-5.884031234669016
-2.853895152451043
11.48122096461335
-1.3202781716555214
4.823737499215011
7.779594742161715
-5.451477382464038
0.07248780539123162
2.5086705982585045
-3.5131097292483946
2.2024941448532167
8.288650048476361
-6.502087733729105
-0.6233602030604618
1.650079008389321
0.8106788637617085
-1.199365135504738
7.615823550926168
-4.343743881470093
3.3050364991838075
5.531252436286234
21.793662158468926
-3.836089250393263
5.0420636084025325
0.6203624658817646
3.7827720290203044
1.5738332827665948
7.347449235666154
-8.740697301126673
-4.173316407589767
-3.13904842774015
-6.743376453806471
1.5211363239723974
-1.4438956895556727
8.118586414707602
-1.1148143281623253
-6.732563453322084
-9.633610535646035
-2.5231744549787587
-6.138981865267867
-5.436968639654293
2.8239301597120727
3.4075767028898962
-6.25903553869726
11.325964757840111
3.14802893889609
-9.242176357747127
10.327903129112928
-5.924261645890497
-4.872038144944017
-13.91345812436531
-15.58730375693238
1.6722073940387625
8.510625765222375
-4.079924583536292
-0.18720806682851013
1.1989308984984155
-2.382162073661767
4.072884561168746
3.525431630856726
-0.48030763316664654
-3.215009147989655
-10.137662776899997
5.432609767302334
-2.2196333165178324
-8.1209938103742
8.480629976194283
4.263996429440102
-4.969030244700809
-5.007948954126948
-4.857873673851851
-2.180630362153561
14.589024898203007
-4.46445216166668
-1.3810921513128283
-2.6664046905604843
1.6033469466231138
10.317171533494854
-1.0366353647259632
14.164301237543972
6.870359263015794
5.025788375432745
-4.280563335804745
6.116588500217534
5.150115912113461
-5.006274064467359
2.5667880346858447
4.887585946668904
-1.4476848857535354
1.6848151962488587
-0.5070555555964092
28.4374477141491
6.812670557583411
3.9880274819663937
0.0587590605581248
9.76798786895787
5.316599164502764
12.404753899083397
2.0606587531749043
-1.7281552489840297
1.7815088425459256
12.283173877031436
-2.8808454818376497
-13.188487860178729
-2.3654495916330345
-16.022172810923035
0.9599515976664074
-0.7128957305922461
30.45019244205422
2.179134601446252
-0.6770951082522634
-1.5363693077163763
-2.455353441479685
-0.5611154941799239
-0.9924961386265271
-27.31868094895009
-14.290723794170628
-8.007845235753523
6.536194292178197
22.290439392729755
-4.561770256475232
0.9222327931615051
-9.006372810360132
-7.451346469711405
0.8767046018771539
12.259275104529591
-12.045019473183446
4.103087766832145
3.2807224033446527
8.956630616268093
1.6454131400104206
3.8714322628147304
2.5517415938446395
3.6414950483614854
17.759410829926534
-0.2721852473852959
-3.2057650344102413
-6.624573178921111
1.0178373824216063
0.46672466613732433
16.042357219612537
3.7611647346832378
8.987930094485167
-11.601599301925772
-4.761818558902987
-0.48671944917596893
7.938729286014083
9.81146576096698
14.516476910849798
-0.9972486501387213
14.534108284658354
-0.06695664691815215
-0.04070217808161848
-13.63423370095422
-1.8040482497676007
-12.20125237417847
22.93161198778857
9.284076322621008
-1.3217403709922038
-3.881017935759971
2.6926255985105727
-3.9084926713151846
1.4318912331673148
-8.543421707103018
0.3080325450596349
17.22109957987745
2.492128343640277
-3.0654624178093446
-1.1465048303304837
-1.0547966147744428
0.04064054013328394
-3.0625949881621857
0.09250133498960464
5.81654264226329
3.9143656094841104
3.549492506467883
14.991622057494315
-0.7643711640902262
2.3002067686260372
-5.878944165351441
-3.6014750083665406
-2.81273893704335
-0.34455807674374084
-4.09950370036079
0.6970928546482231
-0.45284578599898784
-2.642475165487407
3.162188161181215
9.189048881610097
1.8316319406072459
7.180466152710751
1.7528673178444458
-6.8929156636653355
5.385545211119776
-5.029091548556667
2.9953532743909688
-1.0904326554293362
-4.287964018905291
7.5215166546364705
15.81888099650083
2.8570215350628088
1.4016870277461113
-1.5000350566280798
8.104465141173232
-9.936078858796835
0.9483038576420829
4.154951617654316
-0.8413018568150524
-10.725971259758978
2.1128339782101837
0.6459304314444562
-0.6635265380350038
2.435503378844688
0.13946382937510304
3.240257989581479
12.477708684478158
1.571449801051345
1.0886131478570513
1.380177383433228
9.511738355578263
1.9971369055277959
-1.5610873673424852
3.236414300799633
-8.749165322329628
-0.545483279295214
1.2790059772945528
4.690108285371825
-0.25362059989774016
-0.7112864156817367
1.1621453778069186
-3.1313479285311825
-0.7056533637274243
5.197394363797066
-2.4334175022872566
13.70364703672788
2.27154943854277
2.845697902396489
-34.822673812662224
6.9649751540287275
15.953053083800768
13.980110813374312
-0.9052216217442866
0.6438111063823524
0.7077467575252874
12.37821549118549
14.58354177569502
1.3309103109397462
-14.751871933029157
11.252765394830394
2.0119000621001155
1.4705895482741158
-2.757364661357814
0.2708389713377842
-0.6464070405381583
6.072924127921551
-3.6052656186398475
0.7424549836915668
16.237623327150764
24.85957193680398
0.6544883753976692
0.6507352120198578
-3.4290897233905593
0.3858299956675558
-1.4906145959166486
-7.85801996107034
-1.4777957016999967
18.060186855752633
0.3202538909174553
-4.4286889971119825
1.0594718691729825
4.235540340705867
-0.21917752951526587
-17.51608055471513
0.5234035420803121
3.4684436060667028
5.23151589252065
16.327048703004827
-1.806894052337323
3.266749937988571
-0.07944971207948828
10.388317464936641
0.29215823185055567
-1.2781554668883355
-11.644247715799873
-6.325829775099845
0.3586308285488036
1.548806594375344
-2.3860979484179223
1.2148952864328042
11.40976250683936
-5.973979216198078
-16.552702375518276
0.9389278294383429
-1.6806897424469371
0.04513920954006377
1.4323421499624431
-11.569291091278677
2.799939212868525
8.866195438208774
0.45570840095038817
-5.821625451704786
-8.93943064851673
-2.6900201929603553
-1.2907803405860536
-8.883121546742524
-1.7137594883903684
0.9505776001639612
-0.4925756176772071
12.479763965878197
-1.4729924099680523
-0.9458850257034495
2.427687292718714
-0.7434959518862592
-15.102510095579579
8.818369830441737
11.06325945566756
-0.4204536714099287
-2.5661853612014465
0.8964391480277538
0.8382441156006284
0.16001967308352025
-23.29304565123512
6.647389923031033
-1.443380198518057
-1.7150628014276248
7.454196470614129
1.676285487693657
-1.5091479668582704
-2.6131173692197507
4.068108485784637
-3.415770911638199
-2.6390656331738973
0.15430686736925017
-1.845459925610473
7.972563364600726
5.669698486640408
-3.029293145668351
-5.59975124836473
-1.5290553516134155
-13.920566302957859
-14.260340407950546
-4.986190323582774
-2.5787038467005554
3.4264905928572253
-1.1014958759484568
2.133802799647142
10.445813347616214
-0.31186161513592603
2.6037161827797757
7.842079601388887
-0.4348352388460576
-14.411786393810383
3.334880470907969
-17.517647188624814
1.6450259292464355
1.563640166521951
8.437219840608215
3.813197054164622
19.24261806034093
-1.3464861703095632
3.5239948174583753
3.9832815698812327
-24.00739560925315
-0.5867977542426984
-1.6352500212861787
-10.057309827959395
3.036098376936792
1.6175272969824637
-3.6565841561952572
3.536648353254441
0.363825215296619
0.45544096451341554
6.483210006355991
3.0207818396945747
-1.8946976816928278
6.924221452072441
-1.155246897964893
-3.5915937849615847
-0.9385552276975859
-0.9303290215637466
-2.047706678033335
-13.857863928301425
-2.0109791507705923
-2.195769476677107
3.476597215053627
-9.782405173334796
-4.696517981206983
5.562081167370107
-1.1045616868179438
7.69662801768193
2.0711987438620465
-0.040296469840027827
14.24584901455129
1.211647820455267
0.7927407433304677
1.4688204848354744
-12.253815916033803
3.9260125627328626
1.3408538838755792
0.5337064543750011
-3.472390882194471
1.1016657620346966
1.3660089097560175
0.1526836258205814
-0.8521457972775206
0.2157287782401592
5.6840026284724985
-0.2276359774722533
-0.6185616747916125
-16.195176736805188
1.8575973001068231
6.306002093197983
5.603616712915151
-1.5811311054614936
-4.379947242529013
0.8118621470519375
1.237848465163444
1.3522210260866285
-1.535042593150221
0.3934217635229814
-15.755736656317225
3.7070264878299612
2.1012184113155454
2.7510077329025626
0.7272391341297915
10.465257757705496
4.009538112796435
-2.0277960834602404
-7.115846350740213
6.633825796758798
0.8934905385603733
2.110648754760247
-2.9387749701677772
4.954258666973058
2.637992497837399
4.79056697912347
-4.882884954495701
-2.2558810092731383
1.0820744406723768
-8.526590523972704
2.1455612457702022
1.1124158521065028
2.410330927497623
2.135817372323663
-0.41076154721199604
0.7264038805170675
-3.998130453016204
-8.157532297120069
-0.07856325060022136
5.863892701287037
-6.393293983081946
5.739408029021615
-3.451585864156436
-0.17843238831084024
-4.417440139533068
15.443814369719412
-0.107720447641206
6.281255819173985
-21.333500693311052
-2.5304128521137974
3.8935380488954925
4.589428198416962
-1.1433827348300176
5.1475713868791075
-7.534056469683433
2.90323663056124
1.9585998319625901
0.7157379540163892
1.221823040327036
-5.164725109601681
-1.0342757320505787
-0.7199959338546503
1.7029573530409154
-2.127734400186062
-3.78342621976524
-0.573843951459096
-4.745057228597571
11.45546418212648
0.21417955756012252
17.954976828195946
-5.56237287331026
0.9588964192810028
3.4526612450757606
-1.1049174715876717
7.877697976389327
-9.231363236378101
-3.806099563710254
-0.6775647475093295
1.8729374095928994
-9.079488843327264
23.679120975273346
5.1758518328630085
-3.104367417445987
-0.6991194213404696
14.329205929044583
-4.8210437421602235
-5.4539991389734315
0.7370439338004316
0.8844096890203234
7.984048058379334
-0.8569416684095392
-12.307533348014331
3.236477523564045
4.346003976624439
-1.6070110140095817
12.238427458607836
-0.14246679040993115
25.40639646515434
-10.153991197128871
8.74682892746023
-8.668674468016661
0.9077263760405752
1.1415231992159693
0.7069312998447922
-5.189564967640412
-3.635031508108175
-8.699548639859524
7.087531234113391
0.9859316834108574
6.2550567351598465
1.5181135614991952
21.297941431912555
1.9366627590463974
-0.07278062093813421
4.56846300203014
3.843150397578571
6.106861770086797
-2.8514962869458054
-0.43120953701418585
-1.8331983232014508
-1.2309994259059722
0.2945453017223623
4.162000919789103
-14.683643978100962
3.8819502206342826
-4.298334257893192
10.96686502596542
2.0380961474526575
11.004529404693013
7.30765793211975
7.173116761027515
5.023154484982402
-2.3558936789520524
3.5426648138553225
8.654414316332515
8.720770477746294
-1.4518080475158626
-1.5008582258161611
-2.9077033525662097
-0.7359677464896763
-3.868721819148455
-15.378572452372621
0.6689060283099164
-1.1665537933739745
-0.4197479912514083
-2.8168045075530124
-0.24529205673761703
1.578165269584413
0.30401568893640885
2.5452400984612407
0.3135392931344017
-20.65963029969628
-9.608860413696899
11.490473771943165
-0.42094463495680745
-1.7173250350877165
1.0107817804728072
-0.2584185987862956
-6.6928894479696845
-2.4654871508942153
10.08893694133785
0.8011364959884112
19.879126752349162
7.872350593650823
-3.5555732901049106
18.68500143578837
-4.992816963617028
1.477351497687401
-18.94258498596308
-3.1881872927768926
-5.402470376539789
7.990745318302269
13.394476500678083
0.2803923595822591
-0.21466551480844664
-1.5457333023960613
1.0480469717327894
2.215040237566279
-0.6796050696211605
9.489690589803505
-9.964597775904268
-1.1040115479748862
1.7703898042946347
0.2562730913979894
1.763500692110948
-0.7770923477896146
-4.053359649803856
-10.60451023112809
-0.8922641676001549
13.264458103115926
-3.687005051110399
8.508934919960105
-0.22123173595214485
6.699502410306451
-9.307124338365249
-0.8648514498404403
-6.943943969246717
-2.115373539880209
1.6184844714709608
5.378989296218903
4.548009905158997
1.0379405788538034
6.59759832317782
-12.400461344058417
-0.9574128931822441
-1.0906351921587731
-4.611138397907999
-1.9309000659219342
0.15578036634806616
-8.16506817999389
0.4521555192751401
18.429984272949202
-2.2407765415678003
0.1461129044353135
-1.7636647605353322
-17.371521138433415
-0.04024738927832795
-2.661050455579666
7.020480833513034
-0.6333464729364312
-1.837234385974146
9.26346404457806
11.103683717028154
1.5735527121303474
-0.3487386260384098
-9.26271139366426
7.856694451639749
-1.195171950278548
8.227581002168572
-2.319297499571064
7.586672538732736
0.6287004405625154
1.7109925471763971
3.538295735485743
1.2199057097564319
-3.4654340248090687
-1.1055625578922355
0.16353300835006096
-5.0866116088602595
10.771283525706966
5.280934140000372
2.172481305680653
-0.9113707275458452
-0.31081921184887307
-0.6709604608597932
-2.7609851322686354
-1.1441932278379177
1.8433625614123688
-4.936418822452904
-6.067946506982472
-0.04675916522518404
1.4446992126031117
-7.375438371534523
-13.464477231477405
1.1970696729741155
1.5159986569565285
-0.4274914040544996
6.018286971955373
-4.986349753712303
-1.1351681866226473
3.851936051860454
1.1686875052754782
-6.748011311821434
-1.634392626337116
-17.234727148248925
-0.017430857633409694
0.12789997408829487
0.4820828877770205
-9.646863961482516
4.005994977345722
2.2578881287190655
3.595187445769345
8.458653355291492
0.1923469588839935
-1.4192630205433203
1.5232407250067872
0.33852124263118694
6.3971080923385975
3.912447160307972
-1.00547822124062
4.679148881115292
0.012545325335876472
0.8477867868528796
3.626177604380237
-1.8045795212482296
3.809430934297505
-1.3728544021882814
-0.6858886482549087
0.37206986882854964
2.800628031250372
0.8984346831663625
1.7312495683934688
0.4512498656417919
1.4000617179865071
2.3607358351924326
1.477559188429887
-1.0233784005223598
6.536799622619751
-1.2629117505298235
-0.7208261542074021
-1.7819419916429964
-0.6515306756308423
1.965798679821226
-5.507921035491943
-6.131553775760587
1.1820600949084423
-0.35356632056298576
1.6679299977931572
12.438123448789412
-14.657962160650234
5.889334800273187
2.0564443054444173
-3.7944227709134886
-2.4461925161922125
2.069335568863203
0.5242073097698121
-0.37267297433920604
-12.252378812261393
0.1916486970311961
-5.224350061638611
-11.185823943628233
-0.5909496413650656
4.81142569625503
-3.5986768377098484
-0.023678736389181297
2.5227212022403394
-4.104350550498401
-2.100412728071161
1.150225927335084
-4.1779585313511545
-0.2053360573890391
-2.1149674241584253
0.8829337224641703
-21.318931051862258
-2.9919397327732464
1.7459787536173206
-9.478845965246542
-0.6916118954605134
6.885926883391202
2.612645912934661
-5.556129516876705
1.3630354697163984
1.995620182046125
-8.623458342878482
0.4016215822534953
3.664184086812498
1.5138717849140764
0.44758511109111554
0.70813280369144
7.4178697750867455
-1.2737598338613312
0.6172747662788125
-1.4147828817088384
0.6153866121054767
-4.523431489226028
0.9128028914004639
-19.896849088721833
5.311105146402233
1.2505705682085453
-0.46215600336577894
-0.6754240407739033
2.578317597199896
7.583765548954384
-1.3160141139169117
-0.004498088172520026
-1.2090493033600764
7.168774754403467
8.623819044995075
0.9485005867701285
-9.491947272575873
-6.385141452282502
0.22077035494861785
-20.329469932081672
-1.398547948283241
1.4957037725423319
5.5602079075446635
0.8482951131353063
0.9780200961979261
3.873050192119119
3.1714875648811187
-0.6727177679880871
2.651171213341706
-12.47387785198857
0.6528738061193307
2.5167634356693016
0.01948157472423325
-1.3091576872351567
-0.7711446882165202
-1.531680681910488
-8.701772188231072
1.2875332859690072
3.4008129050179803
-5.3481886265413925
-0.6098634702624777
-0.5119139732388052
-4.2829125837408455
2.7160366879597206
-0.8336442486185914
-0.263895437711958
2.376302393497961
3.0793794216224972
3.3538861127411064
0.7251158038947653
0.296903494657235
0.31668079663800497
-5.433074320558722
-0.6027556384766368
-1.4992206259881158
-13.722388619484494
-6.374743286199631
0.7476831750686185
0.1423893402558562
1.2080584914702237
-0.3144930983424095
-2.973413556204074
2.4709634674407446
11.29559166007096
-1.3248347908532219
2.045397749655293
-4.080835517237284
-0.5008854342517339
-5.62370079937366
1.023560039513911
-1.788645801817803
0.4060362869540274
7.3599612381196575
-0.9700642338668474
-4.001345258572511
1.1069917749508942
-6.968657125571714
-1.2679995445181147
-10.848165952684768
-2.1956359195286037
6.032710514232982
-3.328018799318309
3.02861904098769
-5.878270128443365
4.982264320226446
-10.117320236096962
-0.9849655024794941
0.13773793248235952
-1.562906775911829
0.19754067571018422
2.557162346612824
-2.090161821427631
-4.846812305418497
0.5580356940703997
-1.8442577894928975
-3.567868702048986
-2.9531657976598686
-5.036579208077173
-6.534670687982144
-5.5814078139513885
-11.819109260778509
-1.1324663983230445
-5.470723345943679
-0.6996367548145848
-9.60087123284135
-2.214085680383549
-0.5617271339377897
-6.131697616430284
-10.47580204481788
-6.050888336547966
-0.6341087245691936
3.3968961613088586
-0.1379865251696447
1.2863129498981831
-0.6080469120059245
0.4330644269377401
2.972745802530124
-2.1266583874210783
0.35171488079125784
-0.24437650017782
2.5992088116333765
4.094927064653346
10.67433436654458
-4.995783388624067
-0.4729790173554573
-0.35015862439017637
-2.6215639405786417
0.6413942115370511
-0.21632972393610467
2.6902243165258657
-3.35956824887293
-16.08246829058829
-5.989348288863897
-7.774540302374481
-0.536400975072921
1.9759102723685704
1.2449754445466714
0.3148360306505639
0.3324937092378981
0.6531056249944462
-0.3870732026642959
1.258453264030377
0.77501184856099
-1.9027421181925235
0.7031795178426259
7.3969141565945895
-4.871046416615112
4.706559159025414
1.6416160847414882
-2.256578295872757
-2.837417386627229
1.6973227268655302
-0.9584866098516066
1.7507759080428413
0.19877714508043118
-2.746325302072197
13.573833644829833
-0.9431135731215771
0.5604991613293616
0.8800324561894265
-0.9755373017572773
3.8219767159195905
0.9613074300264415
2.6497622610419773
4.8363300186859846
-0.6401263683624396
-1.874055722884739
1.1534451771757965
-0.12438541170278926
5.175704550190716
-0.33324716761755313
2.3015237376933055
5.31277068202699
-3.73390152622273
1.7244883218521265
0.6392475545095634
8.926474749531026
2.1699000810184974
4.799952694025875
5.751048275644785
0.9208063790941494
-2.0865578379724403
0.7677501074117934
-4.655979911806131
-0.00787065323073555
-1.6079451158418459
1.117702352613086
-0.46819001743380906
-5.015325700952769
5.4497887209283435
5.612311906662027
-9.403466725071466
8.8066205844831
-8.020448887897324
0.453959614455081
2.552582070071108
0.7598193553188836
-10.738464318061355
-0.6372733853142851
-9.458178490909292
-3.4740198721516817
-1.0004848257452443
-2.324022305589903
0.35851239441942184
-0.4167014788600761
0.16394324489149328
0.537815285687848
-10.602133945212278
-9.267684438078414
1.1663895802534154
1.329380817624152
-4.2854644667909
1.2498330938331232
-2.2607041282919225
0.29230129548771216
-1.1477418240330752
-0.9430579324228449
0.6774552596039541
-1.6623676058421395
4.173978042210268
7.222951905694644
3.946226318478934
21.30374300894165
0.16689984147710488
0.10749553603377184
-0.38622982444325277
-3.3978731417238595
4.52631591025978
5.175760455092397
1.3080127027286426
0.44080103785959923
-11.280701076428368
-6.088829977439891
4.551577570943012
4.406468374311764
0.19109897688796743
0.5068632028240914
-3.7451681350575257
0.5433002600794554
-1.3845374504078343
-5.304804671265138
-4.904616304416876
-1.3172816112810393
0.9169544330126937
-7.154237776272627
0.8281218182611677
-7.23932938188149
-8.866618745676611
0.3229163761184749
0.7088856805560239
-5.76429884376416
0.07978021919971669
-1.1343037633422433
4.650463121591796
0.3436723375789056
2.176435953119338
6.284709789966494
7.357304861083682
-1.8140033529086477
2.1363152370848506
0.900263618535287
-6.376717267222212
-1.6026403538258163
6.47786281244004
2.5681783299427505
-2.746764124609577
1.2100980997431372
0.8888334490963012
-0.3707434748283123
-1.101944880522312
4.862601006987395
1.4838852727911969
1.8896329613099159
0.40433533810967065
-0.5467147660153574
4.60964237547311
2.7116742288841493
-3.868982808851998
0.2473408302804493
-5.855002357706329
2.570812752218811
0.2075185856838529
2.7956712761900824
-7.794369454515974
-0.9898164991586282
1.4658834690567524
-7.879326762613903
-0.07574338145862604
1.4299691651793836
1.8313273118789912
4.764873850982365
0.22669535831230914
-1.1609883032725759
-11.8836158138959
-2.459929531591174
-2.2855831870631858
-0.5705551717686104
-4.943278038407379
1.226571643284089
-0.2095346181313324
6.73428439613649
4.894740326868569
-4.532108441080785
0.3395726968314278
2.210779200495385
1.5036775269721252
2.035661649878478
-0.253324354663588
-26.50239026518944
-1.7116752456928952
4.093010774421595
-0.21369423221683084
-5.565837473046772
1.0521546826581731
1.442209545799446
-0.11095011730208834
-3.5952058240864884
0.614662319576101
1.368876744076531
-0.7952585593129209
-1.1161367916581777
1.319044838903431
3.2450309331666003
2.2617206658592948
2.6451942687569847
0.9142725002575123
-2.532147040415233
-0.11037854770451777
8.728099182172695
2.4803819023144493
6.01733979446542
2.675944907960847
-0.7423823658489231
-3.2819058078693133
0.22032120721432918
0.6067756039610741
-11.151253438818783
-1.383589170370456
6.863449681400593
0.6629681054845646
-1.6895751360588516
-0.8918564132490198
5.176912101089586
3.2893880355857545
-1.0965529486293626
0.7508438361101853
-2.240628157011035
-0.8148415829046016
1.3421471892435495
-0.31259149015569976
-13.571584021063314
5.655165138987362
-3.449084921764792
0.8861045833256919
-0.48178071930066696
-2.518831115489169
10.872805146890997
-0.271802610490133
-8.809109462425143
0.639629122714255
1.586455805154121
1.0177158589807405
1.9514123373697616
-6.92726026097981
-2.093317797743016
-0.7416941169569737
1.2217676383251845
12.609910502096291
9.175004619409966
0.7765990065594433
5.263585272085556
1.1624098204626891
-1.0940764210444365
-4.24830294436957
0.4707976867301126
8.791717901013419
-3.3621531280078565
0.12886159041319495
-0.5384243727224539
4.774983964716778
-7.3414352092730715
1.4238881157129886
-4.7110265065526296
0.469241481536303
0.7240253901889453
-5.478788691734796
-0.7948528003514219
-6.6646706395390405
-10.360791064158684
7.386741394281504
-0.9944263669067172
-5.182830713159746
-0.9533019698117241
-0.15189382101423876
-0.5886553786648381
0.16123004498928087
-0.040278772194190744
0.48398240786476626
-0.5628092602019038
-1.0411580638111844
0.6863619162269766
2.3556711633367726
2.5265548863519367
3.060918498856526
0.9581687046006904
-0.4185949713484877
1.860182929756706
0.11412849078630631
0.36488967822291996
-3.065826261707498
-1.338733057045811
-3.247451158693792
5.74455103411923
4.944878200165529
-2.916883874798408
3.474269630165024
-4.314328745191322
-3.5383479659192685
0.5968115517115801
-3.6350495124843847
-1.6139680155423533
0.03630241475226291
1.7966008773774964
-10.33864869424548
6.143990069446088
-0.6008588657041073
-2.9227042799377765
2.4421499484539453
0.4860483949404223
0.8895309824006035
1.726219077282157
-1.0949025759341304
-2.947652524518542
-3.6083458124238286
0.9574816634176571
-0.3793711244799439
0.9325521113158591
-8.343351886693712
-0.2473690118807645
-1.2908254656400413
-2.2641512283237626
-3.109163230189206
-1.2601040794440126
0.23737910018038905
0.35957106356042245
-13.417903836733075
-1.109906664238695
2.6889067693915396
0.43966515566628034
1.682122807914537
3.1451918080109165
-0.5762702539347384
4.156112924616362
4.451050820405895
-7.624447855264248
0.6109451854617366
-1.4976225885754568
0.7878523832980436
-4.53019488776135
-5.615286519238344
-0.3400144982646193
9.541826421823714
-1.8196168758309788
-4.276024788319838
-1.2230067338606208
-1.504121663554012
-3.7770586307645218
-10.982021473949498
-3.0670449734556304
9.61220537286288
-0.9147085085115128
5.186322981630315
7.464458668805289
-0.7799085366799047
-0.24530189347874656
1.3264708721289242
1.8369075102142016
-1.8330986439267465
7.500397817279536
0.9441702678586639
0.7646845262790463
-1.149767333883332
-2.536986142693868
-2.018633154260178
-0.35456600867587706
-0.2641744612513601
-11.462699255758926
0.933880618324281
1.2412513739814437
-7.109416816255947
-4.60808191830006
-7.9917066027002885
4.125564735124453
0.6380494466916559
1.0149844784377686
-1.0465201502208252
-4.7433004285834794
-0.903320792673687
-7.096586011303966
-2.1888920574837285
0.08502975209329558
-1.3018034945110446
-7.575610466310398
-0.1712722510551139
-1.2427444770682399
-0.7667891954267361
1.1166302843844282
0.0761221891915381
1.2314760203461936
-2.4804908760953213
-0.4409088613406657
0.31163659814306105
0.6368179678535354
-2.2275376575104264
3.632443189273722
-1.915500691613002
-1.021563106658758
-0.02870805354040476
-2.6014898259801837
-0.29786400453514583
0.8247346527374869
1.5439213907638092
-1.479387517997545
-4.002601352695819
-0.1181190607017703
-1.2689830957423742
0.7775338067962178
-2.289569121748122
0.2927751763964275
-10.5080197106948
2.0918412649417175
-2.5793506981381107
-4.115257894352704
1.1281928171184166
-3.67418308378372
-0.8616626819734922
-3.6539480101516286
0.48268383050343144
-2.474133708202144
-0.4608915782145729
11.37075562288141
-1.4545197458997652
-0.7772400085501996
-3.444694606113191
6.521430552649852
-3.334222511764367
-3.6468065490670822
3.925756420202649
1.0567162987140921
-5.589390850800873
-8.6771805604493
7.2990610242856455
-6.6389668231162
-2.501908355263043
1.0796995616870837
-9.97040788468787
1.0786516906007075
2.442227168889513
0.4458382468006545
0.23972577146421278
-0.4530038313294237
0.23048637239207073
-0.9145512652019426
-1.7764217433938951
-5.13413986549098
-0.3773388331159423
3.5522109283800196
0.5668426417198339
-5.92750471532117
-2.0728241677242574
4.935653942208039
-1.9742423442560477
2.00039289065318
0.9879080457238769
3.5330000971703766
-1.6449381230967204
9.77831493817368
8.592320776945224
-0.5083181190763204
-1.6494099964707059
0.17286197912965406
0.38069594834655374
-0.23086076385669885
-10.93895350337583
5.751328549744496
-8.666765923957998
-0.32951715437638285
-1.1545286794222709
-1.1098023069737475
0.6762797680534964
3.9172959246442174
1.0485142941050203
2.3674383282150653
2.1397485136671563
-3.5684593620334213
-1.179882085992337
-0.2982824469997533
0.12145198776558606
-7.828058691693824
0.1910418156994112
-1.3894057333995333
1.1189500321075456
-0.23345245646971696
2.8538558681121713
4.301885603908597
1.5505021654452729
-1.0927164114593317
2.056475352730763
-3.1595651651704038
4.324707541757133
-1.5310732464147383
2.095701121199389
0.22700652834645865
-2.9843532118571865
-1.9411151948623693
-8.482093300799269
0.571600310150205
6.369916648157308
-0.1401938599454726
-0.4797474038862256
1.2127102967066965
-8.036897456459881
-3.11545809325441
-0.12210662774698879
-7.544410626568918
-0.4975461582207899
0.721159361972098
3.3626252766544034
-0.5297694972405725
0.509028956595669
-0.2207606018112726
1.0028025960871525
-2.025894585713623
0.2526217825238031
-4.584620191667755
1.1167091033064211
2.5522593409686234
2.7300394671251422
1.449185794383838
-5.560867169739683
1.0388142249375807
-1.9224578460765376
0.2500052782544223
0.13872978090150292
0.22775467049051984
-1.4315452585927728
5.324298834716742
3.1772747672756085
5.054628653679977
1.2165433235780256
5.520169928837289
0.7459061075743264
3.824228830148
1.3645451435072327
8.298400975656861
-0.4451896710359035
0.03987824308079905
3.4110316837763106
0.6279792932506214
3.5670828787516546
2.371021864895342
-2.2597071580755808
1.6155596639583334
-2.033691233716757
0.7609491685453051
0.6205490451837324
-3.928821201520209
0.21152224955806054
-2.5626342292095394
6.76187338680884
-2.5786148230070927
0.0783116528950992
-3.5490002842678368
0.237897540793311
4.654714415962796
0.28414624139060285
0.19758148016333282
-0.7214791343894613
1.130225182349212
6.082665482711065
-0.6883592549586814
-5.773334455822256
0.033095215158601275
1.9357851460650188
0.5728180099885912
-0.32560025205066384
-0.10611829242152528
3.192764626773392
0.21894744902442248
2.5162859945575544
0.3569803862741788
1.6301499924115828
-6.632056399351566
-16.572920934587295
-0.11041820010023076
7.835063685816413
-1.394374907449105
3.467692853945063
-0.1528655088346342
0.4314271306655617
-5.061035039461816
-4.230703699182446
2.3115932910651185
-5.468694241012788
5.40512613639382
-5.869416100426601
2.1813054105976852
-1.2991363730745256
-5.379076121266713
0.197907595528219
-0.3570961763009241
-4.291382696182752
-7.504749110704674
0.07075527456192168
0.29637750983291156
-2.973554219815931
0.6572171475433541
-2.4471536995179433
0.6300674967186087
-2.6749498370915994
3.859565177604074
-0.8167573026623034
-0.3066926149483826
-0.376257431126175
-0.03838398170779567
-7.437328219924428
4.1746869447151065
1.4165378811849099
1.4717937441875126
-2.6932352377801902
1.3257389731907052
8.6012172531394
2.600979505845278
0.6656676654910489
3.261875054915551
-0.81671315120861
-0.7359547039020671
-0.39578138199093715
-1.663282574475016
0.6005913023630275
0.4380660748697605
-13.00696241951698
-4.404942312669958
0.5516209040379111
1.690913434529995
-0.22623884317063528
-0.7215905856594275
0.4904654526393491
0.26988983704944003
7.051843002616543
5.551017681068617
-0.153507228732999
-3.727451123313982
0.10558274123465963
-3.393001839959115
1.4308981832176781
7.553734877858233
1.2271124091716923
4.884697183127331
4.25118510508028
0.037755011912947195
8.190785031399788
-2.0455438128167236
0.27618848036777427
1.5849089862145163
0.5397929885810712
1.8215761399489776
-3.3758125892437407
3.038641045407034
7.475561214626916
-0.3153577857303837
5.978280241205795
-0.48237268548207063
3.011760336557386
-6.219107660533517
0.2470554853214426
-0.39672406159288925
-2.888256529201266
0.36374696673330226
0.6029894885982114
-4.833139172401393
-0.3922768133551812
-4.4296679530505125
-3.4606384862827797
-1.384560376706941
0.09092530019723737
3.870795374662681
-5.096528157103759
-2.77740863831215
2.2507399588027344
-1.787435577958129
2.0526853352056293
-1.5472358910436492
-4.805425174337972
-2.836128958122848
1.200237485056176
0.6728373508555935
3.7375903803586072
0.33946329686461124
-3.127780344610702
0.46760352510132774
13.382154403731414
2.04610706150043
-1.7879674725994235
-4.294357916022176
1.059714762165607
-0.6469892858008196
-18.99238436781967
2.4928366441389453
-0.5244446071695934
-1.2748023693406263
-0.5290301803723394
0.41366377548709826
-3.6596045235742887
4.31601648065511
5.29089522929919
0.17143070958322293
0.36713760947784907
2.6813426865469054
-1.5557566846683202
0.15855266571168844
-0.5763315282761526
0.3651940063790434
-0.7357675831016744
-0.8004722341171578
0.7782641719277529
-11.810212010375738
0.053311194480568536
0.9325200992996626
2.535631171036604
-0.5244891572401715
-1.3455080212134238
0.6899239536947903
-0.7014283338230881
-0.9305649145572323
0.7883497454259774
0.5524542227963493
-0.029671540284178136
-2.8985265448229756
-0.6030279670588912
5.388304320854164
-2.3837782376056347
-1.828137011207129
5.8559799419497836
0.3857508530432402
-4.7941098754135725
1.8940108860740947
-5.960394712397878
0.10159178023478696
-2.1790683680103076
0.31181203327333945
-2.8223451962487864
-0.4103444917218484
-1.0967731053430694
0.5918299481596507
4.384187875613852
-2.8613719850623642
2.327950673392835
-0.6872396560313754
0.12318083869239058
4.65742744212198
0.07505040706867362
0.9452281194432144
1.4264806135926196
0.5857410543054901
1.8512662310352044
0.14188513810942147
4.232636440821537
-0.5346719693703322
7.182884332110136
2.2393022057819096
0.2297505299740273
-1.3550450233505125
5.2022843015786115
1.187567800080102
-2.783146681491498
-0.1914911866897855
14.069511480916914
-0.09291414850895079
2.222711027836028
1.3019955505216818
2.1387883364198674
-12.978588058107313
-2.996604397613778
0.9486301473359215
-6.305385887436013
-2.938816878776731
-0.30632057992929557
-0.38962205121392
1.713777022136425
-1.065814287508271
-0.528838059187523
0.790047978606023
-0.7929306476224119
-8.666190838839706
-0.22378150963581314
-4.970040951097089
0.06703373014625257
-0.5981736475568394
-5.530601451239792
0.5124488583606144
-0.6062410921079622
2.1893777602738127
1.0099822500397624
1.6164740969888616
-0.4692070690854201
0.41623020776663516
-1.329956339294352
0.37880700608909607
-4.705249504018627
4.891808548263437
0.45185312355277374
-1.3031274226846474
-0.06036444897983919
-0.9416400098622488
-1.504349060442755
-0.6970766979583695
-0.2525119879553853
1.4896011913025116
-0.06849500456941907
-1.0235818332475597
0.9464235945345588
-2.6195445222717426
0.19518294499027214
3.299136926809781
0.15904195787352807
1.217919974474065
0.09170988117838867
2.8973446724711933
2.014770649764391
-2.9202858670893916
-1.4627551119708124
1.5419374089267275
-0.45051340296008763
-2.110970915799143
4.327148528382465
0.5935339026613118
0.7371920688773764
-2.572529219329339
1.1328508979962701
0.14043540646226932
3.54822201238026
-0.4484360914586246
-1.9873228115915524
0.2659238297026213
-1.515434785451367
5.213706360021312
-2.3523023894126167
0.6755593124296388
-5.100099244289192
-0.6454710510826092
-1.7354804589999995
-0.4716403003470345
5.162712622409022
0.25569908123638574
-0.3364982848817923
2.609108276863216
2.0015011267229283
-3.11086281818702
-6.068196974548948
1.0426072938570883
6.358258127748656
-0.2488543341373459
3.6493309631129844
2.7317748916959266
-0.9037556188809412
0.1571925130731957
-0.7585151692488667
1.9259104164405196
0.5598758039687725
0.6593485769771397
1.9683111769177233
0.8125949463983111
2.8543476867150153
-0.2411926936320172
-1.928004005464473
-0.33850401869575564
-0.2935367921293596
-0.5512135912052503
0.370906888035911
2.5961972581485626
-0.382418268352737
4.347007782436005
1.9035681880364599
3.623594862507462
0.04638301803918927
-2.562331878748403
-10.027845569488207
-1.089952608694956
-0.31474046967426694
-5.1404466327086045
-0.44363294765919725
-0.47415687203166357
-0.5142083299769152
0.512500115896374
-0.3809114181572334
-1.768867955287315
-2.264873284662666
1.7705133462596645
-0.5602467018699563
-2.550740902173553
2.762100957524455
0.8343501825735022
0.5784718568000274
-1.1620723304868315
-0.28972216328330624
1.6712841640998277
1.639886757398363
0.5400185692629359
0.06930037467555668
0.29096603945612654
-3.6327057260608897
-0.8544663217092435
-0.45002229969814306
0.12902659617511578
5.231214201563795
0.5631613719379837
2.9421147984300977
0.4601446033738723
-2.330412960185753
-3.1521546048850833
-0.8133308371116929
5.8107100109222865
0.01848274704172309
0.2873094364618093
-0.38201060263061015
3.240304272066855
-0.758966837430099
1.3615320256048733
0.07314284942169687
-1.0221994025993917
0.4504838153339293
-2.003756574244421
0.8400809084647574
-3.9240018012966016
-0.4153072270815678
-0.9529306735470774
1.5244990261339906
-0.0740527072593363
-0.7622400829679269
0.9850454820256093
-3.014067380468926
-0.7549513410621383
-4.304591212614512
3.668790535048215
8.502211861943747
-0.2551984805466171
0.45910265319731014
0.33608801876656036
-2.681791504203435
-0.3710636081905467
-0.8230433377406696
2.492612522310027
-0.44879173915333936
-0.5925953712181782
3.758175460195013
0.2629823757188535
-2.5602902335633297
0.1676593450662609
-0.7338147569691021
0.17198326597498265
-4.227035977919155
1.6423615121625488
-0.798653602325908
-1.1196081057553917
-0.21426475141873014
-1.2335166420309953
-1.3305828188527913
-1.3420215850327049
-2.184195288515097
-0.7882165075629465
3.0313403111691675
1.0976963235139632
3.757961276131579
4.129555002669077
-0.152773791853242
-0.4055845944085855
1.6010585688445425
-0.20922421350921072
5.670224795694663
-1.1907804055692315
0.5929195263267695
-1.8745570934348763
0.21186276215876446
-0.3653347343617698
-2.3293769092014305
-0.40532373189434884
-0.5840962982903087
0.17337577416895547
1.533765621721929
-5.432744466469783
0.4270829923674905
0.3370436447697003
5.04647077980572
-0.05525858154107834
1.1863696949284643
-1.809899231798719
-1.4748382209852942
-6.600871430525304
0.5813112379964156
-0.3933535951679436
4.78097242165375
-0.6506819464167811
12.498624263203368
-2.531748230655332
-1.134083767041354
-1.1251602192784367
1.6348878021842925
0.6853623171307076
0.11457677043988747
-0.6962206762878069
-0.887544849613428
2.8225017481899175
-1.509597397583146
0.6784175779220807
-0.14606359809091454
4.353699716172095
1.5306527988346996
-3.5800343116337547
-0.7551118325376576
-4.120072690356495
0.010788693661324032
0.010117482184708733
-0.010290317249652035
0.08438996760060191
-4.569557803025611
-1.5254431242269935
2.0857188614769955
1.5853766870836814
-0.38509348540875665
-0.35770277473212714
-0.3245759276199268
6.254070524117833
-0.18036885560871282
-0.5701107563093898
0.512898716331719
1.0076020650097175
-1.9762608959123935
-2.348540041631725
-3.966833914767523
-0.13520870360494966
-0.8860107764119568
-1.1951664090758456
0.3941990556078387
0.30418858260769044
1.088698126318167
-0.5408166462369223
-1.4053441837285623
-1.941753433368047
1.5965905186472558
-2.092407326750758
-0.812089845515814
6.45092032219619
-0.9126996057943668
5.901418296344697
0.6651701331013985
-3.7843535986673342
1.8654974945331666
-4.215940543795
-1.6565758546839748
-0.659051051414708
-1.6701620396393533
-0.5402712239238144
-3.664348854159276
0.0629188284683717
1.46839392532189
-10.391911117806774
0.257962596703814
5.622951792956522
-4.109596556351041
-0.5384397002764465
-0.9803845706324373
3.985810782072256
-0.46159104978480875
2.633309076153137
0.2172566044626826
-1.831049778025221
-1.7056916691423663
-0.2147680822749605
0.09459625620507316
0.9495653998416889
0.47638839286713064
-0.17906946667387177
2.2769768206209906
-3.092385252803262
0.13642791065374757
-1.3181421828229571
-1.6779692638119488
-0.7317270761413243
-0.4059755665254448
-1.0395725479028073
-0.47909169974106985
0.26272493622286736
-0.14738138830190967
-4.8275804395730795
-0.7860102780291099
0.21365844779781706
4.184583049769994
-0.08871394704521603
-2.507642914438988
0.29618592356400236
1.892223581417015
-14.508580985694861
-0.6397135837469313
1.2721524750335167
-4.720026201984348
0.288814131720078
1.7815059592406932
0.17660749395097805
0.7338860921160785
-1.5272048160278855
0.1369164099846754
-0.608089122237959
1.4864162426452148
0.40953851393294727
-0.8430396543137373
4.483267936506977
0.7278304220636155
-0.7190993471872608
0.3985033404713261
8.0721445119634
-4.527392427674992
-0.5888813694929103
-2.1561011996510975
0.09840481088751823
0.5535508037717694
3.635277931755333
4.325016308852695
0.21962370913304355
0.2528570747758928
-0.12002399363134453
2.6671301163314705
0.6330544205321962
0.2708447737037688
3.384533254194546
4.428742333950045
0.4587926076522816
-0.8504512208292376
-6.490009948511533
-2.6747229142189397
-0.04972286903126455
-1.796111323945528
-0.8069601972216857
-0.7971628595499832
1.480973350527811
0.4330414501148495
-0.3233613606180801
1.7709794927034974
-0.2181090846659234
4.48391435948862
-5.315554055066794
-0.3454319137246353
-4.650861346522613
-0.3244104912421767
-16.86689367488266
-5.840759081151087
0.39485261730510907
-0.845489298003364
-1.2208164488831799
0.4248031729003217
-3.4520932751204105
-0.8665238422081962
-0.3979179099618392
0.605985175457343
2.9269307141433547
5.248270303761434
-0.9084127227491205
-0.35975795319401127
-5.80510625876043
3.359940462334672
0.7953288631456991
-0.10883627323693217
5.724657082900076
-3.5344228964572793
-0.16890881767528132
0.047758219414022786
0.633417348250924
4.777482072456931
4.635197870087388
-17.06400179708843
0.937544081728295
-1.6191713033678747
-0.6863691386986585
-4.922833933056871
0.8560988060829662
1.0547775914322688
1.1654430287497075
0.46239340685428615
-2.6260043088895695
-0.09364038706177952
2.740587359667987
2.0311173612366797
-0.6517839321244828
0.3299843049860786
-0.5097206583789153
-0.17161851078803636
-1.051804756013163
0.2187481469346175
0.08575284431278218
0.36342836760173314
-0.6726145736806091
0.0490166844033121
-0.7225160902878933
0.03675933663683404
0.8332711645918298
3.2447900579928772
-1.0454137455626769
2.2154164601005903
-2.2954918016680725
1.7188844124397662
-0.610481017400045
0.1867585832222111
-4.173164387704464
1.423416202827414
2.7422499410455923
0.1771250805791124
-1.2727533396603492
0.7010768417370175
4.89781291445272
0.18048355680006917
1.21593720012206
-1.4490996576182358
2.742578320977748
-0.8264870360726861
-0.13270444590591923
-1.5852019287461403
0.9353017499378771
-0.46932765968945483
-0.8067015690545223
0.13891349265022335
-0.08902933259813955
-1.6355296692394874
0.888612085131883
-1.0652792355833196
-0.40670970217533814
6.68381291991376
-0.18732033527811112
0.9879010223267147
-4.538747562072821
0.8641336766320091
2.7322141258672588
-3.6638707380598845
0.33309258848372014
-2.3861249495696923
-3.9443946533823424
-0.25283860496812555
0.2766471669244278
4.058609302526109
-0.22167167408013094
0.4754585458423229
2.973043415058844
0.1800895217676438
0.49794312790662837
-0.788640300070822
-1.0326617487310292
7.813651666651576
0.20345227769759777
-0.3307021290816934
0.10025397867966084
-2.8706952882264054
0.357842910181446
5.713216518516172
2.9309466516561775
-1.3506366901129068
-4.542157000314185
-1.7553460162044363
0.8511400680802046
-7.198075133473635
0.3365377461539405
0.8761068117393888
0.09944541333670362
-0.27657496606269266
-0.1365632859456775
1.0457410132894525
-5.130690829928056
-4.902010538479484
1.4951905445342335
2.8244806668563727
1.8786064882477431
-0.5141239239557209
-0.11166432361118346
-4.126627735730735
-1.1394557649341275
-0.11260482711783089
3.74080457566846
-4.493367720115635
-0.14906292826044112
-1.1118796093343664
0.2867795644859115
0.06929694316653962
-0.41047079654675606
0.530041937156173
-1.5188299876663418
-5.961829680753271
-1.6195969602286766
-0.15199382538087164
-1.1579374608299857
17.891244237582697
-0.6254467533205303
-1.3432904103444954
-1.3484082237728408
-0.39004780758659335
-0.8806921957823548
0.3859884907326229
-1.8119498291053626
-0.6047439351421813
0.3092595687062715
-0.9660139349569815
-2.8224289828416995
0.24473111295520666
2.6558997899264334
-0.6281805384848337
2.025820024927727
0.13880387353187787
0.152562730935928
-0.4652042537977108
-2.892203515348894
4.766884944083134
-0.824225043364145
-0.35559534536470944
-2.4145230086010305
0.040925355888525736
4.425243920048674
0.3885600649913084
-0.12291670864168765
-0.027850554240757164
0.07279669352001224
-0.8129807881928584
2.2573815333809746
-0.3759488396176304
-7.230345615826186
3.105550858194971
2.6389648031577257
-1.9886295222964105
-4.745559984471696
-3.9951035481970925
-0.3702980528761724
3.4405318605798993
1.2627819597348393
-2.8940145818965073
0.7240647187921273
1.3065253449311438
0.2540411147227844
2.2075909258474327
-0.1338965772982522
-3.5060866615997535
0.257411953193031
-1.5521033419795554
0.2596712739102616
2.6546431299336644
0.5491851586465712
0.17148473079611956
-1.6546337972970109
-3.3353003510478425
-1.1713123227000146
0.07635879355625913
-0.3949553858222814
0.7358369390172849
0.299990864615329
-0.10381817361157021
1.480885817531529
-0.30029136118842104
-4.509857213830803
0.2555849422210333
-0.5495801124461851
-1.004377755832081
0.6467040769328559
0.26104668381571616
0.0686128899164904
-0.5272458253595159
-0.9526948284719791
-1.1423277359309194
1.6237311520033482
0.9141212175011263
-4.244773460219847
-0.33704205883434607
-11.251889988293488
1.2749966222424345
1.150054032420404
0.4938726226587596
-2.8354062834384424
-0.24443769705026688
-0.004512227623453567
0.29153117280305413
-0.6821185909569814
3.230033597124564
10.360998233435451
0.9510962758698907
-9.614479749107819
0.48928742460254104
-0.914489877522828
-0.29847323659052005
-2.5927416987081355
2.283550802835641
-1.078684937189724
-1.5103354338605366
-1.3048505168920208E-4
-4.154050020158952
-0.5851863347616654
-0.003599922497511271
1.2085711496424616
5.6664432925336214
0.8231468116221612
-0.20341571816007004
0.44901649837320934
-26.49028850814263
0.881993236018148
-2.882957402563606
-0.42546830513333156
0.1821615235933334
0.6608140277055634
-0.350090434835198
-0.35025761629558727
0.17989128830067172
-2.381686222666047
0.06886687651441134
-3.64270230785493
0.9196554770657991
0.11362199832372141
0.07380004352528843
1.1828446816514535
0.4028766232677879
0.16934863284989918
-4.9754742201714475
-0.3589299062077523
1.280624562958784
-0.7080781125870265
1.248846804468007
-0.5983988873931003
0.7310431690030653
3.536180774018562
-2.701312026535439
2.4676728778242913
-0.9554209485160491
-0.5922110832385277
-2.3886738393997073
2.75621350642166
-0.41750142589087996
0.5316997821853804
3.6170745323612272
0.35442314022301713
0.4769541314574083
0.005268344452009021
-3.1325637241213595
0.829048395265643
4.29578486013546
-4.002894636550948
1.1773407897066803
0.028177284084301892
-0.5013889607380662
0.6559289496265149
2.5854953378198346
-0.7225998833699497
-1.507820556143845
-1.027230672573171
-0.4441210283383859
0.30918250044218415
-0.2423185637261428
-0.2651400566076556
1.840568211999306
-3.5429140447241547
-0.4630303252660817
0.27939389127622133
4.866400721609411
-0.9404759060346561
-0.10682376951643158
1.8206763233947716
5.239819312074516
1.6531393990869292
0.2562018863087298
1.527506936077726
-0.11663703443818649
0.16946946463793872
0.7996802437830801
0.6884808044667964
2.304818803364565
-0.11480906631976434
0.6575846102544405
-0.34893051351977555
-0.11752275945626478
0.32729958339625437
-0.8669794589677424
-1.059558824078648
5.5303789719690215
0.03368582754774231
-0.12226573642832848
-0.3029094467228875
0.6785126737927338
0.519486728205933
1.2106562439236144
-12.470967240022162
0.6623384835442887
3.8507514965849796
4.397526158504626
1.1734611881133872
-0.4371041430033565
0.4777002329337842
0.34918715583729226
0.5791182600157552
0.5021764723888006
-0.8117035273370289
0.00509487906327388
0.2450416431363221
0.6759053299530782
-0.25999853446795035
-0.6440786069577197
-1.7549683649785937
-3.9359457449444872
-3.4497185702579967
-0.08055461327648696
-6.754631328856358
0.9357532324927996
-0.735306491944663
-0.2074584623558829
-0.27151880924416877
-1.3219268519003156
-3.393536708802952
0.7490485985871165
1.2631657442591462
-0.662340180601832
-1.7388858484189709
-0.3386538353064071
0.14450090562052614
0.29858685516775324
-0.30977583359303046
2.395720660352968
0.3443986241630022
-0.9867402951675119
-2.9342874915663764
-5.729409406050619
-2.2872757111179904
-1.1663475046495917
-0.25031178669772397
-0.7774820920891821
-0.7631469950711028
0.20557580174728776
-1.0210436038860844
12.684144325717389
-1.2844541648634198
0.3158014610147673
-0.17650036510520123
0.1980541252023665
7.790430625092349
2.645714399870941
3.581592511129102
-0.3733924535794061
0.8563496448016509
0.1372870343715508
-4.0576108774966615
-1.7154669792803583
0.013011921582054995
-0.36375706775094907
-0.13053186068538858
0.2685653107481282
0.5461825258375901
-0.8906465113269666
0.31825566169562935
0.9915006162317096
0.5623440204865844
-3.8828122709949198
0.15054457117589717
2.822767811082636
-3.1428512129298602
4.11045105401247
0.01751535948294421
-1.891664759839032
1.7828651253737944
1.7637967944560058
-0.35775392306681003
-1.8753273693183494
0.10384210981962766
0.39930741122148905
0.7373034004102603
0.9026976512941288
0.9327948428571078
4.213863483914086
-0.837595722319356
-0.8789650327004951
0.2788493313820427
-1.3564924547898616
-3.2096988525320125
8.273711789407958
5.616103583263255
0.48468935009687064
-1.4785528128373808
-0.7790488702368419
0.3370560166622179
1.2515517934856903
-0.5168404897852503
0.3140123585709428
2.941193344505043
1.9546198265610208
-1.0124598465123769
0.07799190504534988
-3.7724952085529493
0.5010290511655533
0.008560127177546216
0.6070770094049988
2.4455229859587084
4.070811965256326
-2.9921747561217
-0.27121974237665886
-0.09742053569893101
-0.89860106142846
-0.523594878327042
0.11845529113975796
0.0013640238201900292
-0.4320312126481182
-0.004946094491089868
-0.3749695156581428
3.2768012992640876
-1.3021122696382077
0.19444161426050588
0.10732367178770688
-0.26595680888465795
-0.7785859723509805
-3.635289658727625
-10.519646534971404
0.6368721950551515
0.6476742621021686
0.15738224203537576
-3.6183708273438016
-3.378190735340995
-1.24286803836915
2.1337602559690176
0.06421183960020482
0.20489562119693008
-0.06458099493498318
-2.5632119284168136
6.505866792636568
-2.679939114960525
-0.5841320713310706
-2.57806032045529
3.309525955556277
4.534849057928839
-0.013888962686964924
0.8976679742966899
0.4505135640385322
-3.964711667706763
7.422597579504778
-0.4040625413146728
1.678852912757458
0.43834747444441746
0.7971224341850863
-4.333427837358529
-1.1442632975874667
2.742276054222321
0.42646017904836314
5.233379533594016
0.2619289383633668
-0.94084893818631
0.2815813072801945
0.2759029110170496
0.2808155608482456
3.8554076656947407
0.7442372923195241
-1.3768093810696413
-2.147218085672225
-1.1920669510473865
0.8659368328053145
0.44653630385745396
0.06249245345602734
-0.02724928352605236
3.7262661465420552
0.6582418516390306
0.41572229442989483
1.0993444104617573
0.3353556074473079
3.306213091399255
-0.1596480053197949
-0.2744909746616663
1.0159690859568171
-6.647024804263669
-0.273729040427152
19.608284423873542
0.3984701354599187
-0.9235942664557015
-0.027533961881886088
0.7772098574283703
1.2850127771225077
-0.3518505425157389
0.7323022590656992
5.303358894922324
-0.5869345345380157
-0.20372724779445228
0.34146144293821373
1.358274246181271
2.8247377188345912
-0.04826577004231832
0.3341363985834523
0.44821235508819157
0.16361532110641244
0.3356102831260293
1.7396352229186813
1.4004999262477655
1.4598982091508244
-0.4458230829340251
0.13050519476758393
3.005947903696006
0.2552616590979505
0.9246171939993499
3.926966715372475
5.03816411288063
0.6466037714320454
-4.260831043550707
0.06212710897619243
0.02534442515072741
-1.4629445563922137
3.4230383117510894
-0.4982520732951224
0.017030522029752037
-2.2623038251946723
1.692922641220342
1.6268819157690366
1.244512085976728
3.903758839182517
-0.8953245731763734
-15.102971059170315
0.09267594285036877
-1.6876778941138193
-1.4441180587920082
1.6032817744473797
6.220786274062651
2.6191263250536467
-1.3163147344843973
-4.786938673495149
0.2865984656907789
-1.598707968402222
-2.2309453607206873
-0.35446899435786344
0.3167711303776402
3.9852743563605055
1.4750949993209668
-0.1095080582704931
-0.4968663369096213
1.0690984483032473
-0.8576963422328308
-3.804318461086943
-0.19211073994030942
4.921354605566642
2.6291534977635433
0.8557764633306586
-0.37119812454362666
0.2906334140457199
0.03058636547509326
0.7067331581017344
-3.1623669241404944
5.615156100050415
0.361464027582679
-4.339081462353198
0.5907683355498692
0.08113077921478681
-0.765407049139953
0.4150170468188476
-0.8617587116165885
0.1437050648760146
-3.168796072443999
1.001893986124363
3.0425411592322424
0.27647349861221254
-0.2686995761905369
0.6856294400148418
-0.13554366805724097
-0.4128227829907956
2.335445535669591
-0.017596938982566437
-3.7811166495594746
3.3904868261182073
0.4268223622109311
5.490389787409246
-0.3129989180121677
0.3253604629890798
-0.41451746167711667
-0.43628996979265544
0.04426592039963838
-0.3747274119924206
1.1541939670724732
0.09648793906663786
2.5109086519744657
0.14361967052035476
0.7798204787394
-0.296935260207847
-0.4056126827376542
0.6950683295211377
0.1069515471852296
0.2798490745277025
-1.5389642989632246
0.5521457858003728
-3.4484661749752696
0.7281170869180135
-0.020628123016951036
-0.21565954919085656
-0.8165337935768249
-1.7347208185868097
1.6292784034077308
-1.4641521713693348
-0.4603117566286735
-0.259420759994633
-0.28453778146527337
0.3923498681280672
-4.073547963570847
-2.714125550334315
-0.212859926069496
-0.1268708287130402
2.0046083736269833
-1.2399127223132054
-5.0302422119281855
-0.5952183733095933
0.13803900438460343
-0.24911329506557156
-0.09674483628291466
-3.1704795781737385
2.453093939939742
-0.127462089445598
-0.09886291036327406
-0.6283473587016004
-4.8852954217560125
-0.45360260887729115
0.4468899445276182
0.18581501248233892
-0.021268458057461092
0.5198033180794616
0.31368670175400026
-1.0962869994602975
0.09919979038873036
-0.12701904709794032
-1.16266966928302
1.2248149048707129
2.2754220650869224
-0.4432549747530031
-3.0352737735915842
0.40693087416114354
1.9031784841339954
2.211140523808578
-1.7540993793312363
-0.9707814941901568
-0.5854984301284959
0.9384363058485424
-0.024675953904475457
-5.708575345128605
3.2805630662652177
1.236138240126309
-0.12579431471156388
0.859992672032865
-0.3412599061728145
-0.785722324931345
6.405136359512717
0.525342151898323
-0.5011684869388812
-0.4067505410097029
0.07831072288329292
1.887959814019241
0.45845817140829775
1.7552081607788024
-0.48977345923533827
0.5313946668655553
0.8091129547206917
0.4046391679831069
0.056595695512920055
-0.3834791369976965
0.32099848967604266
0.45441455290194316
0.05767655110901737
-0.08421509803611968
0.09550020584678733
1.4102652298116145
5.2882368231203
0.7203413965552544
-0.8039872433457548
0.6170820700408461
0.3912338651910369
-1.2562134561775984
0.9727163792058758
1.588728119950627
0.46548655238871456
-0.12974404938080203
-0.4423764072890259
-0.34577701715277825
-9.940325678496865
0.40031906352343316
-4.9733577512656035
0.6875423701201665
-1.4144357635036213
-6.590480789772706
-1.6319261880996643
-2.492867261294685
0.5612605757956617
3.574139360255296
0.3815097721076094
-6.541436623834982
-2.934742439324374
0.15297399890355443
-0.10350753497663862
0.43049363790634315
2.341969285639502
3.2234376005666188
-3.1069527812498285
-4.602205455245396
-0.02200233145949697
2.025404471752934
3.554791074110066
-0.12065893174930382
0.2859872668173425
0.41618214848220547
4.777594631335196
0.016549530698257153
0.6941476495884324
-0.9261215041237267
-1.0370074025874876
0.26547109828489296
-0.9499701596580274
3.177531299684691
-3.1826789710680243
-1.9432229820420694
0.008732351341086936
0.811519328534219
-1.5430304796823455
-0.6233962886573492
4.009455533315179
3.389215252218096
1.1733881696301396
2.221942898143684
-1.8973413023548231
1.313570857472589
-2.029418448018192
0.18989333778241552
0.4042141837639281
-4.794124682979195
-0.5560805064172316
-0.08186600628976709
-0.13982260480594552
-0.4360760106706263
-0.8074671955728191
-7.246594231620094
-2.6391055378220747
-0.16773446293558117
-0.4491528067054319
1.0607156032365397
-2.4881958338196912
0.7677461047321352
-0.17363939215747135
-0.34797426109046153
0.43439590573961245
0.10087614487799987
-0.8596354555090074
0.2653871893620601
-0.2162407265965497
-0.35749624863153706
8.51784670384832
0.12096755874888808
-0.06564579265245779
1.6393305734094408
-4.006984434945255
-0.095180185444996
-0.4172232966588374
2.1639035097398343
-7.2377855727083915
0.6482416241724281
-0.6847648049664682
5.282060374800942
1.3249079391036387
-0.18496980468532423
0.16001921506342984
-8.444165176183345
-0.03301015461400133
0.11166588485130381
-3.4990445097076366
1.4725673074541787
-1.2007590905623153
-0.4939493661247064
-0.5688098597223917
-0.46344510341095896
-1.7696456773827438
0.30045876120274423
-3.4907598650746015
-2.246045133993368
3.144212160610445
4.522351969046817
0.9099119000212762
-0.9042212913012063
0.11659082958809391
-0.7096464397374536
0.5267291665596691
-0.5956792530470715
0.3650840115555818
0.605061806341542
-1.1271880381695079
0.41556617841685867
0.23275074181583005
0.05300374198203604
-1.3333518681325505
2.042631567624143
-4.038625673507045
0.31536049529626653
-0.203798014157074
0.277193434862963
-6.0222956172107
0.6640089144329036
-0.27620986489778176
-0.16026233576864118
-4.391207165488296
0.26571748618794977
0.5877363260064907
-0.626691376543138
0.19953220212531614
-3.030786662294298
0.1079897275209442
0.22577811593726374
1.7901156256899124
0.264878013582222
-4.339122408218393
-2.4287767522462147
0.22582554676075
0.6536274827844503
1.6776444322088244
-2.527482304324897
-2.44413913810908E-4
0.28836189616602526
1.4831119611633572
-0.5402613033298906
-0.232825381556725
-7.360410540377491
0.4989757221434847
0.6127276244924339
-4.247969468569759
0.666034470943843
3.8711733761827096
-1.8993348489317803
0.11223930958525691
0.2790858519073094
0.2699688938556523
-5.002450810855145
-2.500210105928155
-0.03830096290672395
0.02375789870438922
2.1493666530777453
0.9140148765396755
-0.5350069132002852
-5.643923020743172
0.33828449996769605
-1.0891027046153166
-6.717319873512868
-0.2766440232057975
1.48410038831744
-0.8367609746026687
0.6049480114254017
4.2329232890926445
2.1757481451119416
1.1985471053280246
-2.3877826391335564
-0.7014722077736396
-0.12270908695335524
2.825053125732887
0.8021006385589539
-0.22019942336047071
0.6006651723892827
-5.991790877619205
2.289167981242549
-2.0311581210677017
-1.7565008713605434
8.788275127715416
-0.2195243148090322
-1.2808947413382568
-2.226488654326858
0.28935250843456384
0.6613687054752668
0.06542614263387166
-0.08668416371526974
-0.3073614015327945
-2.8083592148721572
1.1213847732462037
-1.912040217775902
3.932102841607952
1.5111176098243926
0.1513909088974128
-0.15503697380344192
0.9218983594479312
-0.612933178775301
0.7854805288536151
0.19391864771701442
2.5089338674229418
0.5161181373100527
2.0507866361200904
0.8869074881433606
-1.0534776509070856
-0.07800574177867318
9.396262088358554
-1.3299493299490113
-1.1634270509051592
-1.0179729588803108
0.3894691070059219
-0.30408221346174896
2.330633091673694
-1.0133514389341645
2.2313151520580212
0.41311888944163566
-0.3176304872674088
-6.158570471791012
-0.018607192208043497
-0.9735219355598185
3.0615600023082563
-4.241982447574323
-1.6596980974149302
-7.106919330817182
-1.5664597886102505
0.09814027194092582
-0.08577651819672472
-0.03824301202352432
-3.035513662400321
4.159459602358283
-0.3625169156612295
2.1747850914973905
-2.5173303948526713
-0.07122612434484102
-0.18104304043299646
1.9896281072894084
-16.380693711270737
0.5069557552072149
0.002294773769824977
0.9861894267562425
-0.4637740910990115
-1.0131093476821624
2.926097808540925
0.3224451987093292
-0.6271353098448003
-0.4246271823099393
-11.429864522153004
0.3701787191350494
0.6596392418002147
1.7035635872400559
1.4706527689120361
-0.8762915833677806
-2.99494856294506
-4.997424317393155
0.3764579787198164
1.4224109275705952
9.397917375025946
-2.097627611879489
1.4908834007478755
-5.295818500324881
-0.5994481364040736
0.13309238473294446
-0.03802077108477709
0.2535112319978078
-10.178124689301937
0.19190978602665593
0.3567123905292391
-0.10483328114294303
0.740130117135838
1.3742799775518288
0.33737854395783673
0.20847992730205359
-5.008946753503782
0.2546189976060572
-11.684329387271656
0.13632394946481802
-0.050459329878723286
-2.5024624256348713
-1.0128121924144107
-0.011078858280360069
-0.9066823554423209
0.3079446576354471
1.5867070676140294
-0.34924084006571615
0.7518436590260849
-0.9395203261904229
-1.276132825309411
0.8421638769160947
0.23126851951298988
-0.5216956326917757
1.638349213288158
0.07232441300696317
0.04978762370273153
1.9028155457744673
0.0033381355129406343
0.1280606689018705
-1.1690659629447717
0.2702147641845026
6.781681158503661
1.2962661914276599
-1.4530149564848973
-0.16139941074033065
0.08027134946372455
0.2614775600246585
0.748086370919103
0.7884785589442751
-0.3903239784889296
-0.6084582013295171
-5.6426453625751165
-4.640900973314637
0.28841585307142126
0.7051551266146805
0.5193413382158246
-9.571215772311378
2.715875880930722
0.0840583246031716
0.6428228914223064
-0.03092262633169738
0.37700403267814236
-0.2715961354991851
1.4730417185413598
0.7722436578984715
0.26931186029407733
11.02552984267325
-3.526735983562446
-2.3133632731288
1.304053530617405
0.21134485038876596
5.300600660733469
-0.07681865235048274
0.6218201724796599
-1.6886203026047448
-0.4356495285289398
2.1727996055929357
0.26109888501266615
-1.3584892885469282
-2.8686555361538937
3.0730104102678486
-0.11799413165556315
1.3446914257179998
0.5622838565193398
-1.5069938868443677
0.07026734949194278
-0.6404334402677558
0.17255931479165454
4.01365049713465
0.32727797932337566
-7.931300168427739
-1.3211289595437812
-0.41559952633241576
-0.1871832379625921
-0.6831164020225389
-0.39093343396971686
-1.4244020652789857
1.3645797928955394
-1.2315961262530573
0.7851285010567495
0.09479649838976224
-0.19490572902148612
-1.9531290831894048
-0.39368612297621536
0.8190565419182027
0.46885009033242575
3.8097143267714535
-0.6368351312672583
-0.007665599491348611
2.8370671172890862
-0.11362749028135351
-0.3265317990066157
0.33200450778633567
5.180796951236814
0.30497323745546473
1.0968085350820689
-1.920785054030184
-1.1126130674821018
-0.016731744813092978
1.1613244832807423
0.14246685839033427
-0.2961598237007216
-0.09401826933436262
-0.6639901724010803
-0.20557916108499133
3.9888076110672888
0.33983888522561545
-1.9017713224088737
0.5074020067735334
-0.30725951411238633
0.27554459239715307
0.09475556688768993
1.2854855147441737
0.3430093076029236
0.3990935686236066
-0.13374903163358964
1.1105973522032875
-0.0013368143397392955
0.12867264334181114
3.157293081161177
-1.6604745527636418
0.14083762276423445
0.9538054755274273
0.7740199986667229
-0.34526415941216876
-0.2690185608008595
0.5020390861888593
-0.060893895228525244
-0.6643527892079607
-1.384416262394084
-0.4314700693741301
-1.5261771759931326
-1.510075024854728
-3.730803576739223
0.047213463982159316
-0.6471503588755401
-3.0297904687599813
-0.3141903577782426
0.6924983997528313
5.12508639236367
0.49758738968697186
1.0300258705277863
0.07836959601042548
-2.410289751063771
0.6756803286616809
0.7773196879491678
1.0907760525582275
-1.1060810447739353
0.15835027881570282
-0.323288457169959
-1.3615879092060934
0.19286753054233696
-1.524273760350968
0.5770308609045062
1.2076439688633283
0.4085891139029819
1.1584782150532684
0.3093645284663737
-0.49975586050409687
-0.3077789503192589
0.6237979091837679
0.49331885010040893
-1.3503395012799333
-1.736219212853171
1.9124915383871408
0.5625337438137266
0.938530555111141
0.30044875280800915
-0.2997878926965553
-0.329319057923894
0.1532974788284717
2.612801465259702
-1.162822183746831
1.2822967428473777
0.21247281527432768
-0.7355132328863595
-4.597326130236581
-0.9697536104984136
-1.715485146030903
-0.26086279380937266
8.307965008994008
-1.3950864292217442
0.05555135616033902
-0.035146119738501166
-0.24752836550592314
-2.089620103701179
-0.6723503250891812
-1.291936293726807
0.3528068861512135
0.012489123201809236
0.9134725324089349
0.021860428763929685
-0.028205597725812798
0.0134565163374471
-0.1749211663203368
3.6778332051262463
-0.3710926483026791
-0.02074073855049648
-1.946585905698125
-0.3134295493949611
1.215884959281906
-0.09395738695816826
-1.3626423079156065
-1.0060323059539338
0.015243100621837917
-0.05350366248672363
-0.07772643129547341
-4.6370234192294335
0.9683153802780677
-2.2721601385206642
-0.943492790306803
0.9198031091806027
-0.5629627525705337
3.2129665907160136
1.248633374299594
-0.1876095931659346
2.954269719060018
-2.086303596375418
-0.06892160348172564
1.2185734606524738
-0.46162581336170183
5.0586314220790305
0.05668338363847686
0.6604080118991122
-11.71827292627498
-0.42318985356637073
2.8957114897553393
0.6670376057963744
-0.13255119666217713
-0.16122893287128007
0.2458283273976518
-0.5537053051961291
0.6081438542921304
-0.9878548070942338
3.6117913916617583
-0.505238744759208
-0.002904095794315193
-0.4186064140644267
0.8371738104141764
-4.047417368638554
0.8534410618642754
0.7344094102348666
0.21221025245809907
-1.6381322889389038
-8.748739344299073
-2.855484578148678
0.5079771861821333
4.354679387312597
-0.18369206060221974
9.267829409129787
0.5112997791641697
-2.7965414621590905
1.1955624015764668
-0.04291787513941607
-0.8891369355751633
0.4365028535358148
-1.1886717575868504
-0.9184779353926195
-0.6550993409142443
0.0135625751987874
1.398886231480723
4.544409740260292
5.064220000703645
-5.209651626718726
-0.061277780994436634
-0.52806717484698
-0.5172635806484819
1.6672161914160633
2.1706066563734643
-2.024696865201696
-0.4629856869379847
-1.0967042462358096
-3.558272965688477
0.6292255454025704
0.08856911767506574
-0.29756514330115186
-5.271425855451846
1.2028847947340406
1.600038335322227
-4.476219148233212
0.46595628661510574
0.07005300796701384
3.345085077022872
0.04642510196906515
2.046982610212064
0.12737504865508523
0.7674652602306695
0.27171681128503755
-0.23635568221644013
1.5198633427936
-0.2271017389089669
-2.4914608574079766
-3.47195588934945
1.7611848228036997
-0.1593382233709745
-11.094166022801774
6.155078406451229
-2.6539321107042104
0.5090650712172954
0.1928643820613106
6.396611679343208
-2.3731235213718
0.5629503927061255
-0.3669923292655581
-0.10186663837977081
2.053514257489002
2.0878649919029253
-0.4794132394604466
0.07364594803549213
-1.8089096001515428
1.3556740545850903
-1.8694275975237964
0.4191901337304083
-0.6365069065639768
0.4393719491454411
-0.010301840183380588
-0.31279108500872105
0.221461988232503
-1.1807043247843256
-1.7661425126847403
0.2347121711900051
-0.0656135498533557
0.590841719073437
-0.2560279832062672
-0.8932628635288009
0.5343705277774866
0.5413838477203882
3.296100797012251
1.8089452769641972
0.10514824344195754
0.00667003985124091
-0.48839739807813254
0.4874212489154502
-3.1263291798807216
1.5244333024407193
-0.23072040512857805
-0.8420704798016203
0.5489551609890182
0.9781911297070421
-0.4622600953418075
4.989131753899448
-0.4362726821459534
-0.06514096564972549
-1.9095390000115056
-0.8233685033668536
0.17783656902801726
-1.2897548694287235
0.13024820491874944
-4.878461388703103
0.09564818250945722
0.24202979290486615
0.36780836812917117
0.22043613989593833
2.186847862604972
0.8959817484269834
0.17845461396114118
-1.055749597112666
-0.44527083425535946
-0.4450503211891584
0.25118317281294755
-0.5356123611100553
-0.5500718525673286
0.21796686997433662
0.03471939483951453
0.19704764970121894
0.12518525712368928
0.867234103044316
0.2023460853547714
3.312976846728251
-0.10138258852764667
-0.12488051364593619
-1.2725458174795685
-0.059857042305090175
0.19524338908252228
1.3720847341437807
0.1681518184083645
-0.3002838458586398
1.9571247051124714
-0.17147525347151082
-0.3356928334618252
-0.08113446706157718
1.569172520231222
-0.2564212620042753
1.3709116562669306
-1.4944915325485484
2.582197281447541
0.018225877100151104
-1.2019760290295514
0.3037185783186687
-2.0862149053402703
0.5641277256389386
-0.6098884245468758
-1.367184236166919
-3.584703951807611
-0.7890473421843556
-0.24053374387816728
0.5558055306437001
-0.18115512802210876
-0.2312949748802463
-0.03302157855789046
-0.13527913684034842
0.7720195836555205
2.715176585021149
0.0747112741631473
-4.015402088281287
2.1104561819040577
-1.2752086464076038
-2.8561230393430606
2.2832756023351246
2.0274828932434095
1.0345800385248927
1.7331079588354403
0.5342397754313443
0.04574426918507178
-0.24650780885386261
-1.5064676544384943
1.3232874607460545
-0.7531469015352487
0.2936775122359249
-0.3634494556134829
-0.10678338784552444
-0.34767229390269866
-0.07198934970709862
4.25580050922538
-0.5137474107309329
0.6029121695608535
-0.411310986278215
-3.326233198769444
-1.2212479208829576
0.7395319801155914
0.680015752276267
-0.4908627094339564
1.966905306207868
0.03849080922189644
-2.023708275968756
-0.05239385685039099
0.7611035417153718
0.12920761429873598
2.2979268623211415
-0.0421864367181254
-0.9967921144665908
0.1944896542665209
-0.8766023568986585
-0.13863135686942815
1.605709876068461
-0.20333514501845562
0.35998287137917184
-0.8785864189886166
6.004731707313976
0.25576102975972953
-0.2592117766163813
0.18300049721441186
0.1026609232258744
-0.8203947062623312
0.13874590749732754
-0.44822404368764734
-1.015197799752859
1.4390650789687827
-0.22777824642842462
0.2200953703865545
-0.14447541138212633
-0.1365249042236313
1.4548610674913105
0.46436968131953094
0.22364490224346667
0.5166595519528231
0.6228890110655438
1.6935450052769998
-1.967019407923473
2.437720623916958
0.598530323590521
8.566952763044076
1.6680921704511407
-0.3285882231659366
0.9140088530394814
-1.516360173619663
-2.4769040884785936
0.3436053640279254
-0.4104474440039602
0.10342568270488815
-0.6101980622384935
2.7115004201473023
0.0522337753864616
-0.9633287369873745
3.392278110113257
1.8667425207799835
0.8943186040623333
-1.8491097883214591
-0.2937281222138236
-0.09975171174412042
-3.8622545623708926
-4.818494924467261
0.4914994240534748
-0.9538248246155899
-0.7623177708103224
-0.24867937217341943
0.16109661858228735
1.6298650163698691
-0.15479799388216864
-0.33877113538035436
-2.7655087638301237
-1.1278808012185877
-8.327790351395918E-4
-5.855483455814667
-13.19101317414189
-0.16664594342432326
0.398548882700042
0.19646430005398632
0.6068829985507362
-0.39513610453196557
0.009624623194582623
2.800222894484955
6.845926311501245
1.0243365777763294
0.34124157704324515
-0.13683665475146664
0.14873476201427466
-0.5596944136025255
-1.2570878543743542
0.08432427412877593
-0.048788891135780936
3.3583259117358755
1.3421421150174044
0.6369326411272194
0.8851161916485378
0.8995076555735534
-4.277711809157577
0.4620453706997098
-1.0038288292260509
-0.008554510297935282
-0.044118176600205644
-0.673476186732885
-1.5164841899539478
-0.44365660343009156
0.3710171142546587
-1.10953444457814
7.807971165480879
-4.476559339278945
-0.3283232571353718
3.9845738180979247
0.2194533012198447
1.2414552690440717
0.626907027632746
-0.4668005066808164
4.520548728533253
-2.2906686578363296
-0.16880969522325298
0.22005550185597852
-12.934507556423537
8.391469001229625
1.2528606918137055
-0.2979198778269605
-0.3246740920162608
0.6151595033060354
0.632600393790306
0.28523552614852654
0.23211323155311048
-0.2580149138760845
0.02588408259331988
8.068725162871829
0.33808271872545614
-1.21250532046617
-0.37625131736314166
0.5864637477949103
0.6848936948446399
0.25494822720956745
1.5682316208700915
1.862676722844042
0.37691635556309244
-0.5622002863355954
-0.2717430017868508
0.0341974728928986
-0.7874721057683275
0.931235610031589
0.39076665061100513
-2.3135894824198613
0.4798818300082577
-0.09522285293484843
0.932289547396786
-3.253162106262992
-0.16753110641408878
-1.6484277835061936
0.18438204774999195
-0.046535254643780305
0.2236757719815318
-0.5958359370897275
-5.2605521807509055
0.015083743192765644
-0.42713696933176676
1.2723370667404164
0.6683290364035899
-0.46110490685947664
-2.87812395987802
0.3345768339370978
-3.0050665678187762
-0.0646647054337476
0.03305925520753817
0.47642887139597834
4.0287492093350314
0.30857857884083323
-0.39563093393818405
1.3601268060220968
-1.8718450738253705
10.810730706333501
1.2030487096622766
0.643956884188514
-0.5665685347123179
0.6219180800461565
-0.10466265645889188
-0.27342691854283446
3.776255266540454
0.25200237726081365
-1.4530393572182216
-0.40837465936796774
-1.4781426105000077
-0.057883186980679346
0.048445738879686534
-0.042299338908297346
0.2393671114688274
-0.27017698731850687
-0.7983275734698884
-0.261133433143883
-3.065395334035803
-0.2896033058154119
-2.791776161546271
-0.3384503054420456
0.2744131377864638
-2.8811478505493886
-0.02471927687502937
0.038870407031201024
0.43912041031686094
0.49515588512124575
0.23096171114702263
-0.489131506641371
2.389573215781952
-0.13070993792428
-2.5391184242698537
-1.9012016117279218
0.8590252796018546
0.9166394665847226
-3.120250731128671
-5.739417908523495
2.315944980512787
0.9362880359105898
-1.3327882101244795
0.16811459630729242
-1.0358211000174624
-0.43341655532286194
0.9203819617297263
-0.23044447543382027
0.31299171672370735
1.4508621767729726
-0.3618765181307745
1.4495064485807583
-0.09954564068701356
-1.6048244736188821
-0.006385430305406848
-0.2766275677993511
-0.17400017666198395
0.09762664282962197
-1.0253099237709613
-0.09831148407672279
-1.618578191575323
1.147832649004912
-0.20244362685868178
-0.07895878676587088
0.2149268631802343
3.4950310610994735
1.8074412625449858
-1.645014604302354
0.8126720925138894
-0.2548786666437897
0.11032405151909341
5.591291654869556
-0.5377151307487935
0.30386291757711115
-0.23418192606405758
0.1264147856944842
-1.016982526048774
