5063.431909557618
3383.30367668487
5050.279502565816
4295.426589224823
4442.037578447794
3252.3403760811293
3396.2789627723814
3842.0379564525683
5067.443027607094
3232.3516396406903
3261.0232555818957
3277.984589924592
4560.561587306541
2597.418180195011
4566.116937380847
3885.439035831391
2591.630109850992
3891.444623746027
4450.030259960968
3898.009098537759
4574.171208553929
3236.401051149098
3843.356224194216
3849.799804975575
3249.3738186608293
4957.901139642938
3299.8263062728593
5846.399626942079
4595.314574108022
2032.8222892220315
4968.451565334289
5896.231267337014
3288.419349642026
3955.900815608542
5053.271115706841
2042.0708895890436
5559.595443693247
6424.884287789302
4771.282270350066
3819.175219194508
5196.27840207338
4584.9242890147125
4569.351483007363
6430.897926425693
3253.271459176496
5163.696491528754
3849.153973776959
3984.924580614217
5837.632191077364
4568.779681547287
3961.1582710555326
1991.6303952931983
3896.92644126478
4183.018775392505
3893.0140037501437
4959.5958556821315
4450.2974319336445
2751.9038316704005
4446.377024017099
7158.489656894291
5267.812696665216
4440.320674847016
4567.255526348045
5043.3556820149
3393.4631443670355
5764.760527703337
3093.3731007158794
5910.998102016898
5381.612316009485
6148.468557066726
4761.13925316348
5568.451149171044
2041.2103403425242
3828.146320072891
5052.339597041333
3281.195570171951
5724.932039640738
5656.025335404618
4252.895829263871
4667.812872632745
5155.0237127680575
3887.6455835980323
5719.967891015298
3812.633754077526
4792.822799454924
5046.376804718625
4881.61162755458
4293.372541545586
4566.409215370044
5642.037086341365
3888.0107730048326
5187.269590173578
5903.5997813032845
5242.95075455701
6430.942730835357
6697.876402606957
4964.82452712868
3990.6333172537684
2040.389008479526
4449.589287266687
3386.0026460820623
5850.609728049619
4961.315169154434
5839.64440599553
5383.018533655269
3818.8170039933075
6009.7590141728615
4634.642661705569
3288.2267249875194
4966.619983982277
3846.377347151562
5840.268388881151
4458.171095364488
4630.635741066849
3695.4269000987815
2726.2333150161066
6348.701299027748
5188.432384814802
3210.3371259886258
2643.1293564789366
6433.998666575118
3274.1979486640457
3286.9695366572782
3543.3597187413316
5152.849312735706
5549.558654951088
3852.3401317725047
6440.138251858483
4584.314915056625
5018.804796772798
3396.0025780774295
5069.733852443931
5189.61818976124
1368.8134532421134
6450.10391783954
1486.9698858388838
4884.730335351349
2005.4863442360086
4293.130409850491
6433.653373661542
3255.2746142821684
3284.706995372959
4428.146177420154
5856.171410235716
1472.0050699554397
4575.208148509662
4695.1012786917045
3583.2715813792793
1369.9930907746673
4590.633048959422
3535.3246069280376
5657.249391093526
6080.288998359654
4755.536458972716
2639.4550278564357
3849.373556474096
2046.1117339366501
5175.120782996465
3993.462995999482
5179.643581525457
4572.2454071397715
3958.532910354577
2066.021813004277
2087.0497884888628
3950.6219747361533
5190.632833260051
7413.831643921387
5742.356286029735
4426.617163021706
6452.259229662202
5773.152442999572
5175.208059133724
3213.885096672661
3855.2743884072393
6078.554975440222
5172.245274384758
3545.708565719737
2043.252995197421
6485.681976418507
5783.955502850838
5154.498672052403
1365.9744000830062
2084.950636225919
6558.489820787127
5186.06765645471
4296.695474677542
5282.848703838888
2075.7167874819156
3095.4272846241915
2636.0720291671005
5566.619567512641
1989.92655404908
6495.1008580195075
4863.808135971714
5855.422862500917
6977.161618020434
4004.3513285975746
1383.6242834773743
5160.888601669831
3258.1716022421583
4703.600100059369
5055.273861571302
4632.1223165043675
3885.5094157096073
7209.758721873933
6442.950472205156
4887.861674603573
6443.912124425205
4563.696632861772
5625.05188861655
5331.445676082252
4686.172807942866
2072.004924024949
4507.9386621377735
7035.94113482542
5061.022563226827
5129.8616231703045
4593.734772167146
4753.552757875156
5848.637095560279
3250.5119792977994
5184.762043783729
2128.384983112128
5666.635395850815
5248.637212484981
7005.048780069673
3808.3176348070265
3816.9268275838217
5796.278296483884
2633.9420651000296
8013.831515551215
2683.214176273896
2818.29412170732
2683.995726303866
5166.116803509291
5784.908000755523
5752.849147513083
5179.632731414435
3212.0921312743794
5547.957599805426
6352.89908509589
7484.649045993428
5648.955952928317
4412.633705334405
4566.531420290131
5749.839554574043
1997.418399669891
2089.1386707104916
5151.340792721571
1372.5987688139803
2113.236653143533
5014.49365663116
6354.030747789582
3216.819837241407
6995.458781184412
6910.531523651709
5320.659528884868
5175.279890385353
1466.0219358860295
6053.89559217398
6508.297394242629
6863.651016398976
1997.7757105635578
1353.3081307931654
4575.279941726207
6916.100741831158
3208.6182832757986
4981.252750882857
3825.6122617666915
4550.259229618618
2199.4006547400227
3827.813980504046
5653.270982599877
6045.666872693841
1578.0240003458534
2761.7766626686366
2205.9942737908805
4859.42604425417
5148.343150938658
5831.568377900934
5779.6992464132345
5107.584235766758
4593.101202070639
1991.1170182948988
5561.314755256041
2045.1291632101013
4563.479555090201
1982.3270811757147
4594.891719656616
2871.2626590830823
7048.636894138637
5852.057686623572
718.7446540895377
2638.21504769427
7381.426653671911
6681.452642596186
1988.786232229502
5290.248830434595
1405.4864952600285
2049.80035194054
4009.2349161179873
6049.683188672793
4452.339818072157
7970.208837301839
5286.172670511024
1996.2769380962727
1961.145471117949
3344.7143749863963
730.7419339757195
5648.418564605438
5022.556624381905
6619.479972182187
2075.7949808416784
4999.3369217047675
6503.59969404611
3277.691506356003
5106.002318782557
5743.856398306727
5095.921269996677
1985.3787300764693
5983.018480526157
6609.758849883339
3825.3402969694525
6636.8562991148665
2698.2320384176915
3919.9547813284753
6670.2375434484
2664.426785492796
3295.30973648033
2049.1544617448817
4893.13035253921
6334.790918559799
2207.4540362604253
4433.685318217889
6873.802004517497
1967.1396641354581
7042.950381704259
2035.591661663094
5310.9982516376085
5899.362501437831
2398.205203805785
5722.669777119866
5157.48647494459
4294.900457296653
3243.356519690428
1366.029685405383
3283.436764310443
3946.2196631380725
6499.824426809308
2037.5221634572522
2108.9333784119635
7374.779572752785
3823.760520445504
2701.3780800076584
2016.6703471933124
3316.506763809229
4682.848832057569
6457.247501418294
4469.734151390735
2391.484754621773
6428.201692716669
5392.822702729014
1342.950168860727
5177.54391796402
7158.129305354784
4454.476373655704
5143.85654553827
3996.2788358848134
5042.03719924955
7148.33602749545
5304.696488767218
5187.788495981821
4564.174761261672
2615.7153420213
4875.354850939022
2743.2411589070257
4450.279793581644
5141.392674354704
4192.822907160293
5040.320462830605
5557.90072990969
6344.523562709858
3815.0472072749185
707.7029619973373
3850.030545262853
716.6942672402431
2606.9325190808054
5155.523370446951
5178.449550052275
2077.064630604748
1299.2149755113692
1397.4185883895316
5158.023189300237
4285.1414477552435
2747.4285700673963
692.3449108898182
5658.170816646567
5173.152554166885
4946.942557651683
5142.35643003015
5906.896998945322
5049.153624870531
7789.438573249588
5177.228828598286
2576.271587451033
3813.1652015397267
5156.601541903109
4732.959798294145
2107.233497047158
3822.55676335432
5641.298451247669
6868.46783381242
2404.6900918792203
5172.307996021272
1285.3508799044744
7021.69852291131
2390.5612263837834
3281.4768471139605
1380.768408547086
3346.9056118818608
5643.513142119934
4418.81697788542
4838.7812823410495
5670.187774827739
5163.479467795174
3942.8323505127973
1416.6704345243031
2118.970786928201
5270.54740949131
3282.785528283453
2640.6878289325628
3820.643262960816
2018.8173262427172
5657.476781469798
5026.6170046615
2754.3887627044674
5308.424042231375
2628.767391789177
5787.269473639207
1289.2548343620858
5175.97405555226
4759.664979696624
3240.321312602355
7810.806898098749
5545.637453177742
5779.177768504747
3539.051096281499
5821.698721675036
5193.462536866833
1372.7457746257137
3219.175453434822
4461.0227757111425
2712.2416526642396
2081.4590332872986
2223.362801252637
5851.159780154259
1361.607044809721
7022.869919624807
4449.3809783213965
5148.383200023972
5107.938602063831
2649.800303688683
2012.633929880788
4685.682397011899
5156.005194188795
5648.470168017113
4394.391132962183
3870.188012811418
2998.2051865191324
4181.612530799588
5277.806654463984
4056.4429491735505
3225.340359588769
2585.3787099536758
1287.978351662965
5751.340630605282
5127.990157286002
3710.2851283088366
3301.378048649486
4661.1878046497695
5147.827386766492
9525.622256687238
5849.910124753254
1640.7219118173373
3950.2593495585247
5160.561492708511
8506.15884695514
8513.26877039022
5318.886952740122
6609.8310560553
7042.548483428054
4995.587747448575
4388.919387469291
1956.2545487697644
5058.1708786193085
1441.6767209085547
3281.4588960418714
5733.281269951472
7506.423126896654
2356.24378721766
3891.8328966454224
5223.414630016415
5790.632736318713
7347.957223698124
3384.924793830423
7366.745244173695
4450.511731113852
1452.9694482910345
2224.2582547586885
3584.4543619143274
8087.375335203332
6861.743025697256
4661.904088967006
1465.0194749818745
2003.7916414089098
6284.821497378389
1998.99674028665
5276.177434953215
5748.342994719808
7419.458648258315
4781.612417852794
2219.534712441738
1373.9925478324637
3827.061477433673
3296.5731371597544
2912.27276611141
2115.1571386269425
3803.7915563934116
2744.452073306698
4895.426448577425
4363.730062618589
1295.4275992070584
2049.248044417192
4561.112012066565
6854.159641050099
6058.63977553363
3997.1567829061087
2559.577353608868
2202.8605599589205
4392.201259352549
5013.165093413858
6038.053678933541
710.9964354907817
5589.494387200837
685.658574740617
1422.6603179259264
5652.339555163961
5151.90401281524
2228.8990444660362
1468.2209603908636
1460.7993406236553
716.4727020117979
3593.013500571006
4122.248014729018
5587.370406031235
2991.6430020146536
2700.000199665502
7378.122842604162
1458.8764422919685
1638.0084292765073
7653.195517497252
4545.970128021845
3110.996368249157
2074.4217725427
4838.963577263089
6885.988656503445
4028.0816548737885
5652.067993665408
5602.914239939782
8022.45831176346
3955.348999488695
6680.288911701907
6170.801299574142
4367.744863156623
1288.8877287782286
5722.696575479362
2154.0630208391954
7880.839553689778
3894.1915067587734
8180.613891683772
3215.7152349648522
5571.814088887807
1689.5979395892464
3173.8591922301516
7767.9437833007505
2495.4275662449877
736.4723558595932
3987.789004233408
1457.5508738525662
3292.344940713757
5175.363164540986
3286.738833534115
6924.644427011221
2172.2069532548544
5622.556596808581
3468.6516548207323
5020.681465906181
5650.51146622889
6838.77706275872
1461.7732256283666
5050.511595931206
6348.462505729796
2036.4815501383025
2657.5508174670153
723.273417517852
6865.457483604181
5856.146762279049
1387.3421054957248
5507.781280342073
5195.726737735451
5650.247504529035
5015.047092795884
2829.8782447961826
4555.900810678517
1522.228225752774
3813.8850816391923
8073.801896847629
3265.019396326034
1519.7083414225556
2069.793419897657
3246.377626463058
1391.6306940584795
5021.002172693848
2716.5067936160735
4722.247870552253
3916.5067463666014
2032.5259494501843
6898.49737144496
3566.5982768627464
4025.678565530261
3284.0417865369677
3693.1306654027107
8169.126881148228
1453.0331147787322
1389.4590164522517
5846.162361237364
5142.642162418867
3900.653414233252
1464.5633953617478
2590.95749104514
5873.594554590297
2650.2981879908234
2827.750522533216
2567.814252165827
6680.839755790061
8136.361801661681
4361.277438157298
4643.214313493948
4374.12033129358
3284.955819644061
5188.039420478356
2384.454394514319
3253.0330377623
4945.637790869888
3665.327393383932
1861.903659314646
4449.373237411775
3282.873244437074
9075.732562827161
6326.2332061977895
2213.2876145420205
836.1874514681963
4641.386212481416
1387.2090679730254
2813.2875648036324
2696.450355360638
711.6590367296881
9121.684009957868
2568.29726792012
5615.04707807678
2833.3709335750177
2231.188598520064
4388.32525117126
4579.632871493964
1965.9679732202223
3288.0111250025384
7957.2491162647975
691.618833867287
841.1562847906065
1426.192613328593
3969.3518707100557
5618.804775543093
5875.597815350601
9162.326682066694
5600.36879128553
6854.476162378549
2221.8820995993165
3476.4950082157407
3093.131012815695
2654.5731633943597
2566.2133528831596
5661.601285544678
1971.4037708574963
6720.925108377972
731.5442034877459
3990.5184885498443
8480.839509696056
4996.873418069521
4379.118109152923
4376.959597092996
4437.415595481301
7454.476133726941
1280.2138059576557
9589.438431417484
6943.241019952269
9384.168654454028
2682.8732902611137
4358.937647107665
2264.4632809952764
6455.529012806866
1505.6149275915704
3249.800120494359
3282.999869861079
5362.6686290570615
1991.7965058833622
6036.245375264761
2556.254519562919
6561.161181649945
2783.3039411902996
5746.848194769041
4369.212865961903
1462.694721417972
9115.707485065643
6653.895560965661
2633.1831679970087
2701.757262895145
3895.5155196259307
2625.340531887857
2630.628461399067
2058.8012230999025
3778.666239443767
1350.23443339805
2828.899014764348
4368.45190060722
2674.877719259934
4631.188320028798
8385.69444013619
4661.18349791086
5068.898753909592
3221.660847894915
6313.67687097505
1345.8635651606855
1352.2307327518372
3270.1880720917575
3869.734285391027
5409.8311333678475
3970.351695749275
6439.277492586784
5563.057494236781
1973.9925127803922
