2827.3913999389574
3422.1348932569886
2827.129174515742
2521.647796727933
2533.340203138377
1940.1081537295465
3403.141189150567
82871.13263164408
3823.234450788652
3728.142682266365
54949.04439033841
4510.983038536228
5877.193692384232
3829.3049818907075
5159.251664496462
2525.5218204746548
5511.266038265585
3411.4738549179337
83471.1325953253
4821.761932252659
3819.2290588739315
3112.563704517567
5556.249655997838
4429.956490060575
3071.5874733129713
4016.774192767533
2247.779674319076
5881.150385740092
66895.83281394943
54891.70914850775
6018.572640340983
1962.0518609533588
3731.1349571390465
5158.142352951185
3672.1493720196713
2729.653870856596
3329.6538578220425
54291.70917090458
4096.808915062595
3815.1177408138697
1387.9732928870008
54623.92027387289
3215.1229863271024
3066.146335372462
3482.712637723723
5110.983029359447
65095.832927761265
55223.920242150576
2462.6979454207794
2819.4249203680006
5065.798372749619
2796.4811414276073
4202.441415900126
1352.0922864198476
2840.754561092877
3987.4259043014167
3801.4878760701868
1413.245782993559
3815.0871781419987
2262.132929258127
2643.274997923948
55549.04436902831
5893.788385594031
4104.990374556431
4429.939403925905
4826.110001230924
3860.5202612988437
3955.2659510373037
4096.267156152593
4203.007921089579
5860.664855796527
3726.820906882256
2545.964850498612
4415.117732331367
5656.860278349475
63479.759566826826
3829.9565083677417
2794.2407609493134
4328.142665427008
3863.782747652924
1655.8172141506868
2163.2328046971634
5646.345725928005
5110.746824409218
3662.6979061943384
3986.296432290399
3696.7484133521034
4244.291278808742
4430.188320903842
4589.77627907917
3513.125876942177
3539.9491610860036
3064.813527108521
2684.1390851639026
3207.225764127436
4463.782739873174
1871.5875237493487
3884.484024141807
3392.684673586494
73846.06690106854
4183.002280010302
5063.782734086142
64079.75952665517
3817.1767934300397
3917.0951331124797
3596.5366296306074
4226.482793063451
5660.5202435566
81071.13276895539
1419.8903420060026
3496.808940586529
4397.789535079721
5165.333702430423
3823.2924785764058
2013.2457813731723
4022.1348785210334
5375.012452725151
3322.043213498036
1662.132946048218
5393.438872215919
6434.710667571693
27747.675013827462
4398.9548914698
3975.873288893421
2882.71264836981
3229.3049965971013
3259.3098643454027
5975.012436656755
3217.176809243631
4455.510772239786
4217.298343646118
4817.298330577681
1744.9791664104368
1685.3731530922744
1862.6979694868357
66295.83284136823
4788.6438210221395
3277.4806465212496
3821.268545027671
2809.37299894574
5662.732051277356
1967.573499994988
60294.44440818984
3830.296310720963
4707.130889568497
5020.974478140793
1691.0983883029814
62879.75961562916
2867.4208811858493
1312.5637851280705
2117.427256401382
4859.094542535679
2092.7262469213697
4224.867830771509
1164.707364792815
53091.709253474735
2503.4365379782657
5897.116243675452
1419.4368199792968
4709.240595963242
4602.761476541051
3599.4756837365317
797.6874106956931
3133.340194793547
3427.276138309745
619.9133019908354
3908.1903185537217
3194.4487838928603
1889.9816477721636
3223.2344625428
4111.03834527365
1696.374918666344
3304.9457079343674
54702.59771299242
1371.1351592070587
2633.490406535759
3991.0335822362176
4555.630045753154
3074.5636046872614
1415.087202776
1243.9571336215479
3058.3105782108287
4622.134875543552
3812.5793190064164
3637.867147726834
1375.6416015830102
5022.519430516544
55302.59769290838
1406.4301502857525
5113.2437335849345
2791.579816627567
3215.087190908072
4137.8459548031515
3262.3287250129356
3754.5564978330367
2173.6474839612347
1929.66977677777
2678.5939201896203
5426.1099920348215
2196.481167954908
3225.302619676406
2833.9134565901563
2670.147916432583
2914.1541180080103
2457.6517392498577
60894.44437224009
4561.806004017074
4575.642836387615
4714.007584672288
1430.1347660158297
1209.693299881662
3641.3925102262942
4240.434100106876
1333.3402454917466
1347.0964079501034
3974.307158860019
4616.774190238382
4032.984401915386
72046.06700299565
2610.835527456571
81282.27066630102
53846.69577821491
53749.044471574634
2512.865746123978
6462.00868594737
84071.13256922869
4252.122980189336
4774.43970382898
3761.633098736114
4243.555137067063
3328.695749280787
4986.9148063098755
3906.5706814615187
4482.850687034888
1533.1750170773744
3753.189992718181
6109.2631271475075
1681.720864503038
1132.0539026642723
2854.9362372899254
1115.7735184264307
5281.164135898053
6434.764949989796
1689.0588221532828
6470.6226716563815
1652.9216692685002
2494.971930930152
3895.216829521928
5250.087346977797
3170.376754602442
3920.9484990187793
1651.8237138654683
4430.656424699056
2506.3861976633507
888.7119424851761
639.5524850925224
2496.058639127103
43586.85009054427
3537.73168130731
5208.198218927318
3659.5927102516184
3449.782654183636
5284.623605975633
782.8557107900166
3215.1177567788973
4042.992444309129
19354.20640099098
4259.823583038884
1557.1404391800609
5056.876342485425
3911.627055636705
5441.122276093768
5281.150397452426
3999.3088501722596
4819.175097189684
47713.46727496112
2605.568486785915
3441.872466411046
3634.1167765340247
5182.867516801106
2445.043134393969
6246.345713155993
3585.338925053918
2922.187509469305
2283.3169836821903
31398.348064814603
5576.330343270839
4336.014134841486
2862.9907088297127
4460.520254153431
4559.251686759949
870.895661340846
1650.8565720110719
3379.9459258533184
2723.7123700848456
4089.9450181723482
6005.79279353004
3528.152306340233
3925.972524141746
5266.524803792158
1241.473320528236
1186.1155857689312
2508.3154175861146
3338.167733031343
3866.6516179388636
2069.8788487385605
1523.255003849909
1766.1494964390681
6176.805407056508
68173.01689336909
5348.978335643315
2177.6282203872734
4288.478845395491
4056.974699868897
3269.52245765153
1113.6747070919434
3223.2924938567094
4284.1629426047175
2285.022949227821
4108.95935190908
2775.8733142574292
3495.24470765807
1794.9951397396553
2202.207230549964
3022.0316832045482
3212.5793320204302
64679.759502921625
2189.8244129621403
4074.834457565485
2826.277087407316
1456.4037141843974
3148.837637429282
1860.812941110032
2584.771270068315
2050.074143359134
2858.1047144628496
1216.9214594948453
2468.8684628831065
73246.06692199559
3411.7076579464797
2581.6402261649027
2177.256098285777
4060.984383458073
3880.666923905527
4703.8616079522235
3796.225585093408
5531.579940415011
3896.323227878787
4956.249669097345
33198.34801304836
1211.9781951236832
6454.238551833838
5292.5892543036825
4560.134790844974
60675.64477474869
2389.5542694149017
2451.8942464093243
2281.311037095165
4556.741560147697
5838.43304371181
2826.2289465409626
2240.7545857597675
3602.939915179922
4785.5821118011845
3289.2740336448574
2274.33711553012
2132.8274994454187
20554.206378343308
5879.203221433988
2240.209859061271
3910.7762364622995
2074.5186559134536
2731.329871120116
3701.8490075190566
4781.776034505596
1854.6820916126228
5029.164427808216
1199.6539712046465
6284.2557974162
5458.786274218834
1402.7294362576686
3583.248184748445
2437.867167477042
5283.880396917174
68765.1850793232
3528.5766379145934
6534.779090687877
6058.786262866213
47113.46729739489
3280.666931821035
3334.681324803516
4055.391245399201
4065.704258359924
4247.135895387097
1449.9819329936458
5020.6263544844805
4057.7165395970746
5166.279261631746
3796.1090362432196
4200.7769511493
19954.206388912557
2913.125880971259
1728.7539839194662
3291.146655665135
2329.1299423252312
1346.7104940808283
1258.4734607411324
5693.684702012696
3444.229942038311
4258.310559085074
2268.9445920487196
5094.27973994814
3922.8345056688668
992.6847304945363
70846.0670843717
2241.2608776565994
5168.220217104777
5371.464998735173
3455.3912603318204
1945.9648680825017
4064.2221904520516
4098.286987041876
4639.543536671634
2786.306888403348
5337.684926027467
2732.0870505823277
77997.79147973804
3260.520271814067
1497.8151853137167
4810.890031014865
6618.572623613043
4102.940340409913
2868.8441865765185
3140.893602553317
5035.298553801729
5138.072339583149
3026.3194771226977
5558.403562861806
4765.0682968891315
5419.175093981367
2844.2299589131567
4564.262727320412
5576.783117654224
4065.825155001492
4456.876355028832
3159.4518185700344
6243.531915995216
30198.348096706304
4554.133736448234
4900.784588173683
1325.2867846556273
1331.1238136793402
5359.076826860892
3026.9823080360343
6404.108745752167
2918.519159559472
4911.697300418676
5280.358884121596
26535.375017127164
1868.554729796589
3329.6653058253924
1356.1249566940428
2546.1642544121028
1281.6555564854295
2499.3952452938793
3212.5361834811174
5052.950075054489
2281.0894226901596
3821.749389963513
1784.418767458715
1197.9357647099512
5558.057777644186
1576.744073721355
2925.454082867032
4584.281174067627
779.7179867714408
2501.583183745727
27735.374990592616
2568.6491420328084
2626.071556542586
4761.450680390058
2086.4260052979294
3652.1229853652635
3059.5927339468217
41186.850192430735
3319.9877264351658
15784.991788385581
4557.865436352117
791.1633229035715
5253.755924219213
1063.186670693828
1819.7616457455367
2582.975132052156
5060.868981491764
3952.8031896969183
1791.430359070907
3114.1538631511903
1782.9132167816372
3891.146650466416
1992.6069256669712
73797.79175739539
3448.8516457842766
5303.059776748296
2852.3978696537024
5831.798815671085
2746.9963164712644
1621.8579109695224
4211.3332479215915
3169.8985751955724
2774.9375186709835
31998.348045220388
4525.197609775
1329.851786032276
1017.7475158849948
3439.232090438812
4423.292471666209
5620.626349811538
3830.969228670495
2831.900722332735
1513.14671064031
6181.556654958717
3304.8843750018846
2188.0674016889443
4751.246341862948
3332.532630986081
2845.081021443537
3667.4526500286356
4591.033572245584
2930.9562350480287
1155.6057185436846
1794.3424697950343
59664.222583708804
1183.164961828874
5169.2280494863535
3204.7291272249436
3870.5595506775385
4257.587900382966
4817.861013117845
2320.160496997378
1716.8893017644325
5110.445499035139
1442.956647232443
4603.872407990125
4538.072341134895
2015.5467998342158
1360.11867350136
4844.291276622621
1899.8646199313916
3338.838371401917
4664.181798706278
2595.9020495718373
1786.0396759053986
2081.2190360633235
5268.795083882949
2488.1884686861144
1574.9375452235238
2487.670017760625
5264.181794526621
3338.3101163331935
5133.481502484477
1449.3842402529535
2087.387233237934
5884.623602587103
2666.703130482169
1963.2926819154561
3152.371574675709
806.1845734128866
4902.817848258551
3819.17428134574
1527.7338050464866
3831.0145289434104
5795.8070773155005
2855.2355147975254
2136.0674674414513
5208.724419036076
3088.1022110729336
2019.1264053186771
5506.774467912424
5865.262118414484
22885.11538808701
2471.256101868844
3982.8675311889833
1055.8172247303485
2615.1177625077453
1057.6296935588264
6934.397358740712
4812.102903398635
5059.726999319324
2078.120184433935
1454.9768440733221
6549.1478855939395
4996.825821536486
3899.53278017182
2243.489811134416
3307.733264390323
5572.390471585182
4249.643885884944
3901.528115080147
983.1381501423489
1857.66750920782
3012.1674315487116
2965.198989896409
1432.6810135114838
2857.3551658252904
1576.2843622828234
6112.745199934555
3465.7042726579
1846.3718210120028
5637.973436271045
3027.5486691032293
3412.937312806037
3601.678434753241
1497.5077730097137
33761.29235284868
5349.5194120480055
5415.657765644314
5558.244512729214
5824.328705520458
4339.867542856922
4576.918180442211
2637.635967958021
3934.7974243128115
1047.8258102976336
4639.862673056193
5759.92683436779
5171.624448790255
2056.4037125170566
4165.068306711728
6145.729644526328
2725.972547684811
2570.3906401178756
3030.5796425474587
5224.328705571911
2714.682222717431
1367.622124610246
4894.990998474176
2281.77040692538
2986.153277310923
5557.311989015696
4205.374711162663
1381.4355841497484
1474.5186564877652
2351.092625333856
2789.824411086723
4641.341900529287
2698.949471166487
6447.144279769541
3619.5365779722215
2399.4757000508293
2687.3872221501415
1144.979170870396
4340.29559581984
5870.622674493142
4842.987522275966
3404.5707019917427
3353.1866636775176
5368.024142762201
2607.2257803026223
2192.684710843999
731.1853856083038
3342.693279219276
5460.689581190284
1451.0757138994904
2091.0993546433497
1780.1895785749718
3626.3194691740423
4896.8109150655655
1982.9017027487275
6071.440934241597
2070.1479238583106
5430.840808773611
3017.743521135055
5427.626498968185
1422.4894113988437
3358.7049251789454
2650.0741386612876
1718.3080551517373
1157.0378929981282
3955.513097752161
2085.394499580047
821.2228374645917
4704.952512407509
9934.397340565709
2995.3273548153516
802.7294372927983
3963.908900537622
4774.245082692427
2010.8355314482112
1118.7178354955133
2587.792510185772
2360.421975751934
5841.341866772978
2167.35297956436
80082.27072378036
1345.6954299191868
1636.9416374908162
4543.9270795217
1453.9805640637808
5508.649222330412
1027.2640240835874
3707.0362851091477
5272.3300088399865
6555.57464235
2102.432438962952
3627.548662474868
3606.794093832029
5662.02356920405
2022.8774779441922
5252.471783769008
1486.4260056875512
47769.75140493105
3599.8188867323524
1391.0630388504742
3958.536230858194
2370.8539583834477
3295.8546076384005
3298.6025708868906
4379.194784209617
2172.6543463495464
4476.373660945533
54102.59773813006
2705.3898348781136
5839.862663812093
2097.6458136465208
1970.3906447215431
2382.7905743881347
5277.193704199924
686.5011933125127
3848.252231617326
70573.01680690877
2674.1758494113933
2506.546331904165
3158.596921076167
3962.1700162790808
5072.69703603533
2070.933512468379
2967.5517116918845
3603.0079411108695
3640.7374615229855
24023.269937053403
4710.057912642064
65279.759500531756
1260.4985931690965
2090.085136798018
3699.4286158486784
4249.233036386817
2385.3029298166175
2508.0102462915925
773.2822072110919
1039.8369114798672
5011.1951968477715
97613.09889787142
4481.024818156569
5351.5203843786185
36175.84270535507
1894.0077641471441
6480.656061639642
1454.648324868326
5628.438937665097
1879.1451557840364
3302.791908298908
4748.775282377309
2005.005451907559
5075.412363355209
2289.0588211239115
2303.530069738502
3587.1888370923502
2237.8087375613504
2442.0801636392994
3812.536182579466
4956.467635595368
1427.384315994225
67805.50143925048
4112.220358142678
5115.6971826773315
2822.597704273373
4863.957244262119
2426.3194845725816
1409.8875198594637
1450.8365230129457
1577.628241088667
5491.471954777532
4682.223586089283
3516.6605027879295
795.9220398322594
5234.710687293703
6642.589482625711
5413.860979395473
6090.132331124854
15823.211258462774
3345.925490345875
2404.732291983933
1155.4332347541538
793.7081135052487
2858.7811950938785
6272.364880295166
3343.8266341879316
1723.3041875827153
1046.4422612131577
2702.6839251677197
1072.2574675335684
3290.9270957147332
3941.5276640843153
1847.5431109563845
2134.8470392337276
13442.464671155658
2667.2572065167337
2186.2242267959587
3954.5834454651176
2488.8414317082616
2961.6669891317893
2778.9658200314557
3640.521591483494
2612.5361977586394
1535.4760761520927
2713.4886918163998
3043.894590371766
3250.074133968874
1367.1431506046692
3368.2875571552227
1399.692471294265
3023.8186974674113
59694.44442949426
1052.7128948569243
3243.650005864773
1711.6083078046247
2669.2806549387683
34975.842758430095
2080.566730211124
3612.759085579626
4066.8779451890755
2476.031028447754
4851.695095900703
5306.41744677432
5304.433319390841
1241.241636707733
4558.676389555639
4197.515820963811
4206.794091844996
5074.057920604943
6639.1237924663355
28347.675009746665
1476.028810469874
787.8607961661637
5486.582185835007
2322.79184827435
3826.5715297191177
3913.143852118761
4100.64328676038
5013.071125345935
3825.993567840569
1076.2142022106577
1847.9974656607685
4144.942704252802
3256.551514533251
3537.8459600770743
5623.440393868103
1852.9980266439857
642.1708266974169
5043.531941258385
1981.2875808544711
5132.272488011388
4149.070314666254
2730.95741531147
5430.03906261313
4094.982868110279
2231.809998408607
2107.8753222937685
87935.9175659614
3728.87372174923
1781.5269451471804
4611.098120094349
3606.7512166682773
960.5424328772259
5235.506823762078
4151.073053609001
3020.378447819927
4438.114011807141
4996.763611326525
8315.825993548264
2762.324955992942
42986.85011815306
4224.959719817008
1776.283424024649
40102.029630922145
2386.0396649772506
2030.4835368249028
14042.464666466287
111196.3050842135
38191.06700623668
2292.7435887769584
5097.21155410899
2731.6993387057973
4106.969550506086
5161.721554440474
3606.2146316189405
2628.0345727278723
4114.794793559043
5236.323393375503
1416.4239578268146
53246.69579041116
2076.4614690003236
2123.2306179521665
3219.2290745269343
3093.621275927005
6173.860804521743
3940.0031805218987
4704.844981078645
3091.3263099635137
2203.3818853425028
94013.09917522858
1897.9400542841715
3330.9956637474065
2615.08720186621
4286.31632660681
1451.3621192900655
3631.0809394996413
3611.333267985627
979.7834206946243
55050.24963428661
1569.6483658965176
1431.6292202995937
2023.8355354028943
2928.5766423672285
22426.959868338934
1901.5342106753735
1416.8582159743225
2900.643309977473
1579.7834190845788
4466.920767491046
2294.8724651011153
4100.835345219502
3406.3138197695107
3536.047406902146
2920.3343094612987
41786.850172821614
3930.672865234408
5415.00981041369
5809.622767275821
5575.324529862522
3407.3125985758643
27147.67502624742
2711.1845705906953
2854.8998327583777
3567.3268869949925
3751.1386593938937
1724.880148904259
3072.149379973395
4425.993559915834
4024.7205903353624
2500.8961887291675
1449.9254806961922
1359.3806367274751
2911.038364789987
4203.033808273622
3545.1398402703394
4092.7337134414156
2244.073076318221
3418.770701470007
4034.719222819274
1334.3550942468435
5955.1352801847615
2662.8303921222696
7034.710663171916
3229.9394362407634
1230.7267842382284
1530.12652180538
4145.917699227376
3500.6433007445803
3602.9793988759507
