4667.307295734812
6155.678275520119
6146.975289933321
4588.649939819107
5018.262730319791
6642.165908738967
7126.285136040493
4691.11020878899
5830.835930815934
6147.2562306980135
4067.321130857937
5720.8521842932805
5853.753119735042
6147.0407035150765
6679.356059115153
6088.329381059312
6657.826639569864
5341.215289339913
4693.745954516888
5481.680298762509
4679.479953599733
5634.07823370972
6596.755499355076
5707.4793415893255
6317.3468191751035
5050.410660661521
6620.008385555608
6479.371224059251
5120.870234380972
6467.984593838476
6633.687729405389
6747.856376991225
5700.966581350801
6307.4691683985475
5143.597847036884
4079.016106549542
14806.172639847471
7197.096858471283
4505.239018684906
6573.0469976433515
5442.192834439955
5111.08043443853
7071.392586208682
6588.770731312184
5104.433072115964
6042.177260021843
4500.274176783866
5217.0390576748505
13089.789451638468
5114.325719932588
5828.710421469199
4383.759518334159
6198.500574072421
2435.2379141005913
5100.98222044404
4497.314438600745
2792.4153830825194
5598.509886902459
9594.617478801802
5618.247566687724
14762.144207630135
2447.3409064726725
5034.090360466321
13094.488322318999
3875.826401907864
2697.3511599402177
4418.281055644406
6628.680203825367
6633.168561968625
12739.531304027672
4990.740147888049
3119.977213369737
6165.111722862407
3834.124438373002
3654.7623385480747
4951.407231130236
5352.480570359412
7261.581071507024
14715.576442716467
6672.067154014082
15488.949270972233
3074.549438758454
6640.22140362366
4351.420735731604
3845.178927042359
2846.74779299471
6311.0536420706785
4679.002681738458
15131.30016960289
3047.3312275159997
4936.922592637569
4757.271321734256
3140.4096420190617
13758.855535407589
3322.6448574388346
2810.4540509761014
5962.15656229146
5227.759879220496
3035.1282791182607
3922.6340757636876
5188.63229209149
6554.475887856264
5191.344993439677
3370.833423527329
9964.184872446815
3348.835769995988
3059.4623167918476
5399.90841013588
6909.2020470814705
6502.69989295416
3234.1380943071927
7079.361641441032
3250.4552631862616
8076.432520027096
6923.013598576872
9712.707379728434
3034.9892262571598
7748.78337476422
5278.997872816374
6836.620124228929
13754.669692218746
2863.48791628771
3850.441016851507
4844.1002685632875
6428.705336823291
6755.672485190653
6617.693438819173
4845.875863699212
7196.749161742022
14663.495867539918
4079.4920253740656
3948.826774013359
2650.465879150546
3428.129522216288
3667.454300036822
5267.731184848578
14353.794767280833
5536.912649768741
8036.075450166821
4675.75676450873
5788.624007200755
5710.83175861383
5821.907013581529
4087.4981831365185
6320.843846643568
11360.288522815372
7272.063156261865
5428.220774891345
6428.107224220823
6917.239699738918
3410.446560722256
5717.356660851978
4365.155046443165
3218.309968634251
6718.649399187894
3869.9869426673386
6300.955086164003
5432.5127999272845
13065.109884070174
7400.055064777305
6733.287930302443
3897.326132076293
6493.703897852512
4254.753471649271
6149.027350303644
5267.301771698449
8073.546079423734
12734.058445402026
4759.513142644377
11669.140539385837
10234.321828165359
3035.22793892193
5478.64190944532
6483.814646473503
7573.744199402461
9506.840576885446
7509.195749662194
3674.5448864819123
4892.747487266231
5820.054131047622
6681.660849097831
4102.3815583478645
3198.571778318924
5828.1141618763295
6400.19345217698
5492.7287169955825
14331.825926465535
5110.847741708572
5097.309170536005
1940.4198695829148
7248.50775839492
4243.351782523743
6755.5110170743565
9303.633833660955
3044.128337872102
8955.656924567631
4472.218600521988
4091.3970135291506
10229.463685101122
3856.603301344396
3798.559986115668
11682.54094857997
7660.8325322612445
6741.922159626917
4091.1218662752117
3943.7434105968587
3118.6861619811375
3982.6336324087297
3048.104769476925
2474.55780235689
7173.042808008232
3751.430983444017
6745.230923753754
4456.591240070159
8081.140211175683
7130.446339539578
7269.402223636787
3392.406216359423
5984.933814415752
6625.526435857483
7742.06363288217
12746.153922154841
5416.055299931896
7141.96221782342
4167.789212866808
3645.8943439076897
6756.804982466148
8516.395453383566
5988.781508282835
7080.491023902642
7758.302404749457
5996.766563483208
2128.0454860600294
3635.2201059429667
3165.177329026029
4848.914516973452
3992.4025855288655
4469.327723392239
6757.067646274973
9684.696601267138
4419.415089457117
7076.175025527624
4073.8544265423693
4133.246251281989
10521.248747642785
4512.802797201403
7117.409084538366
5051.985380223225
7128.952003174042
4548.823715814704
2148.8549336644287
10800.24346712103
2170.851407608659
4465.349280086947
7076.048900580923
5791.343141035761
2487.6684068925283
3054.7725317786535
5412.499598015526
5480.543336200853
2210.4618873151103
12724.389211188069
5577.863822774665
3958.9863734189
6762.7712654486695
7511.2170689344075
11413.14343758868
14738.941578400381
4501.095941212068
5321.0940230572605
4312.58610091431
12878.489872312473
6665.208906340825
7125.986043667911
6832.07927200817
5288.551681901213
6615.83420052
7118.154322732166
6314.297769427289
6830.60170863616
6343.288243701325
4062.6621876899208
3860.1087848159673
6632.617095837055
4451.995424371485
10809.469669455531
7265.204769268766
13583.18867748395
3887.4532013306343
8060.968117326078
3634.9807677971953
7130.30480904459
6430.833172697716
7717.232434610092
7142.060585261987
14404.772655377095
3718.6820577580397
6314.709278071331
5574.02008747844
3647.3237092711656
6105.487353010255
3900.281947388986
16077.434419181796
5441.998594668348
34381.07428870317
5582.638722400224
6824.115063485824
5070.102184969037
6420.048546176151
2443.8955792421166
3576.0070918073448
8127.024982195425
6837.068485295409
5094.034654764711
8092.044049992068
41384.46733025919
3885.4831217315977
8111.748751064198
5714.308664832488
7272.655622093008
1919.9882110575497
7215.580898873643
2598.5796721627426
41984.45927966635
3067.5986332164543
12881.540864454966
7193.6514942042495
7934.85438116184
3928.9567372207925
3648.928868049678
1232.0848516115268
4774.319546867707
7116.189276588832
3957.1469608533002
6783.711627868382
8028.484024049986
7778.94602033381
3687.658940811643
6156.205975911058
3644.1172502999125
6335.897092806685
6839.434453781423
7024.052693356139
6710.337261268516
6347.287683241687
6768.763580926241
13240.642444113219
2579.1148468920264
6502.79724526599
9517.224470012134
6156.813576373512
10491.06209654542
4578.902684956752
41962.537654414285
15217.687197361587
3275.840619653644
8550.94516300334
7096.921470553874
10869.066003191045
7542.201402763237
7089.442547618804
4881.698956189974
5942.448367442368
6845.059409003439
7723.162905913991
17309.44818902112
7067.975357917039
8488.222723917494
3902.362057826294
2441.616589655051
5145.382097610368
8106.9888262408895
7083.804830190359
6547.794876875045
13207.512782675623
7162.1387361062525
6827.174219307403
6352.299537870042
8191.8261593484785
5470.924066155121
3441.0802882846097
7117.237677162202
6032.497568237784
6078.293600623612
7041.050783243848
7121.689010692496
8553.600373719348
9159.294864582436
8471.258989885824
13963.26972892915
3087.661159547364
6539.017547106659
13579.206947463685
13555.968718034428
6437.9660857786275
6849.954281837362
7233.686961143286
7139.013113080336
3557.2806256527747
15589.851465947397
16993.514528709777
15748.022681058155
8917.22788379667
13237.20294212365
8860.824870174018
3179.1129452831938
6751.37846211132
6468.297356985494
7242.164021904214
35788.87181437188
9120.69328569423
6081.6647289382245
8802.088346304316
6047.827501086471
7954.712278014603
3948.2131681714523
7993.618665459295
3889.4170819967285
7997.465096555446
7736.590168833739
1485.3917454208008
7123.421365367613
3522.097960050714
5082.264264331424
28902.9965713838
1833.8501588889128
6536.596744978877
3103.967160522613
8011.296583243934
7120.714621831502
3736.9391678896764
16879.832860002287
5448.515357588746
11473.528554221743
1344.100110059574
4847.498424730086
5279.477203237121
6183.715161116376
2697.276034031938
7764.249134039847
2062.3703155590956
1600.3264002992348
6441.0539801621135
3946.857866379327
48441.3895933742
6747.251934429445
15340.170511622811
8483.886768966502
10178.360666761464
55416.31672394803
6018.589458550568
8665.472936408623
4775.996847480968
5293.729997665478
10839.870147528025
48273.58294341905
5464.189326873415
12842.468293075664
27547.76392921744
6836.04574865167
30204.38970918835
3513.9511755095973
48050.39424614613
9157.61617150444
1505.763736033303
8558.149368088682
4767.786668387907
8129.666854449731
5087.443856289709
9311.210782190385
8109.19533398323
5100.27352264872
5586.261525676885
7742.058742836281
7093.699806096239
9520.035504150721
3055.5877496158455
8450.420848911128
12178.013517329737
3876.694125447897
