0.00864800206222419
0.009952396279373615
0.008331266662920543
-0.00990352858697458
-0.0054288855550643465
0.007832702863522069
-0.006540795500220367
0.005872998118249807
0.007158754565992163
0.006622949240876765
0.011169257951096198
0.008826538465377141
0.0072555675071388085
-0.0059444374860235984
0.006549744901583231
-0.0067119507027055365
-0.00809573638981817
-0.009252353691581316
0.008740613386778553
0.008475975098609341
0.005538619184189313
0.00566543388541961
-0.003957792142273428
0.009134125322935555
0.006749308381677601
0.007405585250865162
0.005921863960727621
0.004405206054829906
-0.005635872176910087
0.0033255124178337035
0.0034133732270341314
0.0043644966485015466
0.002746636821479027
-0.0044551291638743485
-0.00291119210677537
-0.004730494146493166
-0.011041150648675984
-0.007524741508948535
-0.0029685831697807
0.005362082138676446
-0.004310457493223128
0.007085918479386368
0.009281408870426234
0.011954550567301034
0.007168604659984012
0.007162042138314175
-0.002878899466714524
-0.0058736231108286775
0.003223334544191497
-0.0026638025390661496
0.004092372308083119
0.005553795745857376
-0.010113372689308887
-0.007242270339609587
0.005259770482268218
0.006208854067673323
0.005583058643699162
0.003522355076357992
0.0073800040183085065
-0.0035333908613715847
0.004902470169214792
-0.005382069301320442
-0.0028107059297348093
0.0028369801032327134
-0.0077718604949136095
-0.003647986120568048
0.00889681856699926
-0.004020698012638405
-0.004893325678856744
-0.007334292109573206
-0.0038981437465776037
-0.00277724893316313
0.00934955117672899
0.0035544709323136496
-0.004008147422585982
-0.007463366546084036
0.002633868162668917
-0.002878819499726326
-0.0053640777851054105
0.003136333554501709
0.0025472144576140217
-0.002896545362786512
0.006121651482188299
0.003735270451907619
0.0015635344537915277
-0.004632032614752085
-0.008300260224503933
0.002995269413468986
-0.002812754097086313
-0.004382657817994159
0.0033779011087628997
-0.0033510077779258453
-0.0027539699388454274
-0.0030720115865125537
-0.00390973667496392
0.0059106995287872815
-0.0017826513202807653
-0.004500392231336867
0.0020858879424942665
0.0020587605921426684
0.008348204178696375
0.002069340490842667
-0.003656113861449414
-0.0056055909974236555
0.003355113555042663
0.0023546933655091236
0.002861464882474775
-0.002326314235036167
-0.0034077357951084694
-0.003875401610743348
0.007251355790396822
-0.0025820048042284115
0.0047146580938805934
0.002432427023778734
-0.0021762114830514994
0.0042804559785114115
-0.007530889260226378
-0.0036029485699054387
0.0031915436869746094
0.0076635796363721375
0.00688242136960851
0.0027786208470053308
-0.007705274505834112
0.003446799553008261
-0.0067524839209732145
-0.003868095417632706
-0.0035462009090754852
-0.0016841626570797273
0.0017027208173767123
0.006898310964669307
0.00181070212961675
0.0033461988167859036
-0.006576828870841297
0.0031109241773396015
-0.00610649592150004
-0.0031446684432657373
0.006280726151357939
-0.0040879192132739954
-0.005731578210619616
0.004818818912841361
-0.003391728624943307
-0.003984851076378594
-0.004854151083194982
-0.004276191202630191
-0.003372249732894348
0.002889864157400998
-0.00664741017664871
0.00256584486121012
0.003084080939811976
-0.003566716299088312
-0.0013575784314511503
0.003118698245803059
0.0020611091894044502
0.004270807632034317
0.0013398662544940188
-0.0027186657589678897
-0.003473533630963165
-0.0016311760001663405
-0.006701121010924308
0.005335386727228148
-0.001880996745691537
0.005233976425038333
0.005738762321099344
0.002125188943561329
0.0030886456047045764
-0.0025614034035863808
-0.00592206677062552
-0.0021416943331874294
-0.0041011924533936725
-0.0026742393842550958
-0.007383954980225607
-0.0034251908018864247
-0.003357122529296753
0.003704009819684864
0.0023953196537606337
0.009045824020259177
5.983301334138046E-4
0.0033958412764153326
-0.005186853771464993
0.006290054794381153
0.003264418665506102
0.004487768170219756
-0.0029068889038019016
0.0030552597712674035
-0.002216937495237557
0.003216873374701033
-0.002840978372886136
-0.00970251912812251
0.003928466640743616
-0.003360906685211854
0.0022673162694500293
0.005614000014735655
-0.0026079704178751995
0.003088002581086087
0.0018983180560364831
-0.005230568728721244
0.003685015753955104
-0.004297193247463538
0.003104958587200419
0.0029508414280034452
-0.0031903684497053253
-0.002950911286127704
0.004191828188032279
0.001955480990652999
-0.004500084040995755
0.0015075241568646182
0.003081048643215498
-0.002545966342020976
-0.0016589721903275958
-0.004498019192088513
-0.010150875383661957
0.0024394936738693094
-0.0029023586132636654
-0.003954385176342987
0.001623927425170334
0.002122449015260297
-0.002190952330488105
-0.003775381180250829
-0.005629684875998707
-0.0015507071122686726
-8.601724400809877E-4
0.00118187587670411
0.006211389721398259
0.0021044026442660732
-0.003505984436356335
0.0037517673392527644
-0.0016876317245379325
-0.0030317388680007142
-0.005978625181160418
0.00293148273051282
0.007220218221242155
0.002484836904030173
-0.0035248371626384186
-0.0034891063441001963
0.0013557748418398428
-0.00304133338443185
0.0035816704195784053
-0.0032724270796682504
0.0023941925245540645
0.004274243063690839
-0.0045177192375902885
0.0036218607315741096
0.0032710379569775693
-0.003921468432502479
-0.004211097134853611
0.0057141764965958535
0.003029190873825337
-0.002090998910890225
0.003143907488586072
0.002394298933486876
-0.0037520658323385186
-9.566131415238996E-4
-0.0016639017358953355
-0.003005833929032456
0.0033342993466282584
-0.0027761837646375544
0.0018388952052030938
-0.0038953798285088622
0.0023026701803369855
0.001367676455867606
0.003940418815877298
-6.713971660710081E-4
-0.004750978231495489
-0.0019989863853338433
0.0011851328129349084
0.013024124930010627
-0.005100943455387252
0.004401777774320502
-0.0011536800856358914
0.0026912654911510512
0.0032716946264801476
0.005292835032273046
0.0062780729107759945
-0.003152884668179367
-0.0030165040765152305
-0.0024758547652819116
0.0035933039625226067
9.380193283259814E-4
-0.0027218312179462653
0.004172848718800813
-0.007559816503743678
0.0075710433418620165
-0.0041733712082475845
-0.004551451116487166
0.0037362542623375957
-0.0013622861471542665
-0.0037364860571320714
0.007647802902030689
0.002777374322834869
-0.0029195998660397193
0.002788977581652596
-0.003762244936837421
0.004963339589577099
0.0024253786646468685
-0.002050327646252549
-0.003265416361539345
0.0012358386705467077
0.007378246708615221
-0.001730684873567909
-0.004997323405640762
0.0024613589344738137
0.002736449449923858
0.0058239111616779325
-0.009908336379271318
-0.002101484663033486
0.00471785112231126
-0.0012092695905440041
0.0014003276692024285
-8.92166376530525E-4
-0.003975226160559987
0.001426267339061986
0.0029241314854938348
-0.004132585339494392
-0.002115705803178055
-0.002349264177600524
-0.002906574248203942
-0.004061740822278555
-0.001580057412215746
0.002277804143001855
0.0017074247728910345
0.002158699053418758
0.0037312174710524525
0.0014513510675426798
0.0037052459749546632
-0.0043209610549564716
-6.564905978271486E-6
0.0018395955035506511
-0.002477167897856162
0.003726374535420515
-4.3305574863628963E-4
6.592333891249441E-4
0.0047064859404497925
-0.0024540412310678603
-0.0028366429029580234
0.002174353215152888
0.002294209003624835
0.0027197656617563904
-0.0016397194199080495
-0.003489788765034072
0.003948550718980334
0.0018107575835834089
-0.002581737584936221
-9.840531414920565E-4
-0.005967091826620993
0.011260803669476589
0.003260419824431316
-0.0021821172758789116
0.00270801676408704
0.0038277117686633046
0.001085046965685223
6.578598529626593E-4
-0.0031201284879740967
0.0052470979443070675
-9.232259451800873E-4
-0.004288537272064662
0.002209652252689717
-0.004335626249982843
0.003903313792050155
0.0030481139300493555
0.0019698642375928096
-3.762239268221985E-4
0.0025942317788822324
0.0032188490550368945
-0.0030084191229195227
-0.001197591649268833
0.0013644332201581486
-0.0033874962822601773
-0.004638410792883599
-0.0017444020987823644
0.0026653300345344006
0.001346961549886539
0.0037939298317988535
0.00246335015438674
-0.00202283361546822
0.0018267369524214946
0.0020375694777654066
0.0025598893431032334
0.00128523528294953
0.002642996593558245
-0.0017733685927365356
0.005436149612733788
0.0016654302585027787
0.004954786053034897
-0.0015739129898412045
-0.001963718917667507
0.0013082357889495132
-0.0014955182018047634
0.008396586955315928
-0.0027348829003766887
-0.006141401473792972
0.004263157802346739
-0.0015840571462505178
-0.0019836491508858586
0.0016640693473119837
0.0017107645610923393
0.0015583492312616454
-0.004296148249059741
0.0016981706576374273
-0.009457224989876466
0.00823282324997053
0.006837904890109664
-0.0023688329839047493
0.005689876161145455
-0.0034579129553192456
-0.0017232488342539005
0.002318616725628317
0.002388376792834669
-0.0033274888522069872
0.004301185673789216
-0.0024303315114418363
-0.0020177109067301643
0.0023857665710322676
-0.0025388228420610767
0.004456708460819162
0.002272435131894882
-0.009802775217807948
-7.346121008267594E-4
0.002044914937061204
0.0022713485368488356
0.0028257614673144783
-0.0018099260035576508
-0.0026577371712085693
-0.004408044581133016
-0.001760833265940987
0.0026077018616734978
-0.0028771747173414923
0.002140296103830138
0.0023926086513014885
-0.003998964844578439
-0.0061091293938664885
-0.008649729989635339
0.001865360360497287
0.00301260308368017
-0.005603199189146821
-0.0012365183886525995
0.0027125693543156915
-0.0025538007864787807
0.007680662418147091
-0.0030938021437520347
0.0029911174777460026
-0.007017061210108578
9.439404125512613E-4
0.0020361280459120475
0.0036096991326238104
0.007565248385942196
0.001370450761242037
0.0029135677100572597
-0.00231587787772901
-0.0015325193182362169
0.002649655521029505
0.003405493931844483
-0.00263250333729996
-6.641584701528958E-4
-0.0020906283774580156
-0.0036447411021832514
0.005725487886119796
0.0026606626710457028
6.619729163958552E-4
0.0010892023398249662
0.002242474212245376
0.00266952391492163
-0.0019354893111414623
-0.0013300934384857322
-0.0018374475361718318
-0.001500894467060187
0.0024346138941132058
0.00244633514098084
8.807909263068379E-4
-0.00204330587834315
0.0020363180861272235
0.004504115270060841
0.008946406769169805
-0.002885299778578576
8.946124756606677E-4
-0.002922710794764021
0.0017546307856524505
-5.048925986435891E-4
-0.0013398686218737705
0.002756032725574128
-0.0029207226509847667
-0.0027365489608545744
0.0030169843228304615
0.003873562088420057
-0.002259855094336165
-0.003899906263959023
-3.635216698249221E-4
-0.006454219936154602
-0.003683707404668539
-0.0012102211812830689
9.899393817737164E-4
0.001279730368169135
-0.002563878057861256
0.002944243255051927
0.001788403883243637
0.003472294829536759
0.0022234450563654016
0.006528392384572027
0.002673650406720632
0.003357407942634158
0.001103721362920839
-0.004462388532663966
-0.0027159194249013136
-0.0026407827661764755
0.0014920987848323635
7.814250348830711E-4
-0.0017273962200184845
-9.324980158550096E-4
0.004592201779745203
0.0038677916779616983
-0.00113958628679888
7.377588392068767E-4
-0.0014223133619554048
0.006077614760794654
0.0013892867891289336
-7.347805940222547E-4
-0.001613394190531733
0.0015608648643686128
-0.005649889127968075
-0.00294289011981794
0.0020145060542572854
-0.001051010242847134
-6.92341904399127E-4
0.002316558786970887
0.0012493906484081373
-0.004083159452739684
0.0061084521788988076
0.004020567825248293
-0.003794568695607022
-0.0016020606746326702
0.0023107483696283063
-0.005428457726652516
-0.004658318110412288
-6.65610236797616E-4
0.004879816250750923
-0.00167162385763061
2.3078699393866016E-4
-0.004034947019278851
-0.004939464598209934
0.0024612473565722667
0.005923838464117303
0.0010635578854808303
-0.005604439786127191
4.346036557260654E-4
-0.0020806450768827375
-0.0022006058321209763
-0.0016195131325443036
-0.0015938642901741837
-0.0027901572586428954
-0.006658866643319374
-0.005541995048673914
-0.0033469143214756524
-0.001680557200748079
0.0015605023849972668
0.003326190775675502
0.0020490252902873253
0.00111015740089988
-0.0014997091551404403
0.0016549308293933149
-0.002319294446770483
-0.0023133895800177802
0.0017741585254155959
0.0046407745063216065
0.00360286814927983
0.002464923397077556
4.7177843992330607E-4
-0.0013828465022299669
0.0035779104823995132
-0.00235674411092509
-0.0028529207728719653
0.00174052207596281
-0.0019817882328373193
-5.941260843000909E-4
-0.0031781777626593006
0.004064342948017102
-0.0026462859203809585
0.0011365782717252797
0.003688820427834546
0.001086714251912228
0.0021751670797013887
-0.002033552224721963
0.004147222888283425
0.0013267663965443345
0.001958002685217025
0.003747231871078021
-0.0016569111160541494
-0.0024887041509851324
4.2586049886990634E-4
8.951659651236266E-4
-0.001136250075403055
0.003835154969798138
0.007360872842576528
0.0021930539799039444
-0.002262330263501069
0.004433331378045756
0.0019828098511028664
-0.0010556281667702862
-0.0031878818048667406
-0.002011381715118807
0.0017600340568385256
0.0023703636203790037
-0.0012683491181528857
-1.0948808634751748E-4
0.0023483500594309098
-0.0011761050127641647
-0.0018235709383850234
-0.007416840961490485
7.597214466610267E-4
7.473065359457498E-4
0.007054706074290264
-0.0023027879631210032
-6.792357379763522E-4
0.0016544382888677629
-0.005159754441827144
0.007137277193127315
-1.4393636089632536E-4
0.002761729802259126
0.0027464396024700763
-0.002539383317063046
-7.416854355878466E-4
0.0029670827732719922
-0.0016535406963269262
-9.966759207535832E-4
-0.00185365349059004
-0.0013785131511257112
-0.00199471438687328
0.001119649603444775
0.003279299456385848
-0.0011862141194509343
-0.0023130578610003937
0.001042268124431744
-6.50555195529521E-4
0.0015857314189768532
-0.001029263652659304
-9.248619633117777E-4
-0.003370039697984724
-0.004922465017310931
-0.007014396544390835
0.00135385179340637
0.0012231934547604797
-0.0013144995316680254
0.0010658309639416034
0.004379397297414351
-0.0012004795875219384
0.005844903302848501
-7.616097622421326E-4
0.006362383940614981
0.0033922724569148215
-6.631464137494111E-4
6.210442531306698E-4
-0.001165692721038059
-0.0021778453090021766
0.001296653299761618
0.003803653332965462
0.0033642087122480336
-0.0050608954013638095
0.0012226038864600953
-9.031014746684729E-4
-0.0017621383223386604
-0.006229072246006873
0.002312996227462742
-0.0011888041680566987
0.0014300908025467788
-0.0028913839775362776
0.0012421872454058801
0.0037236273015109605
-0.0022715423162559473
0.004675776578537465
0.001447872876359108
0.0011777604517244822
0.008374389804724812
0.003153011321058343
0.0022865432546563032
0.0017055086491184943
-0.0022950175983762824
0.0014708459589442544
0.002245952712935949
-0.0016154823296709029
0.0028014044947664496
0.0012871262383475947
-0.0015535422834831575
0.0026992874199512655
0.0015763266256080659
-0.002387556818591894
0.004559041591313321
-7.368249090465202E-4
0.002202779084871617
0.004073735996309661
-0.0015538062218130452
-8.739868009994919E-4
-0.003490651965197907
-7.768919129668932E-4
5.432556184530939E-4
0.0036156277739444217
-0.00249975697088827
-0.006486124786957767
0.0012743883382450672
-4.5365360523935987E-4
0.0026313975097038344
-0.003600430837588031
0.001820847144924713
-0.0024121051412139527
-0.0041979854128582844
0.0011578989156529054
0.008280119874478534
-0.0026958642805078223
-9.314667307231332E-4
0.00492148679850964
0.0033045973766687013
0.0020470333686220736
0.0019167794159720847
-0.006439609465853365
-0.0011254636440439635
0.003171959646070708
-6.942252736812362E-4
0.00135801280819357
0.0025174662232439055
-0.0022522003220541357
-0.0010071822854368045
-0.0012035291146479227
-0.0011551340420317014
-0.001649034585960224
-6.528523958648283E-4
0.002020364051177414
-0.003969767576336714
0.005141819002462257
-0.004717823408451684
0.007216202697901587
0.0012403097979315446
0.0015944342298755637
-0.004317227950415739
0.0034222637441507003
-0.0014055278416105694
0.0021646420908224815
0.004660281410013975
0.0019915743167203737
0.0013693014137953086
-0.002301874536884194
-0.004009990861178321
-0.0023648833889111888
0.0026302202869989103
0.009156505392042788
-0.0010429728971322655
-0.0017895472730335205
0.001691879209109699
0.003135993089708498
0.0033051900065582014
0.0014438478849950996
0.001986426110602388
0.0012108639418245608
-1.8876229469106526E-4
8.786919081966494E-4
-0.0017834167944800218
-9.474169728228679E-4
-0.0036408812451801265
8.542901095157299E-4
1.0113410743387725E-4
8.173585109024342E-4
-0.0014851647783990008
0.001696842965410325
-0.002042824873487095
0.0014190976089079315
0.002430814436304925
-8.878391953021392E-4
-0.0032982798199378393
0.0010775112202376252
-6.453439056746606E-4
-0.002690194450611232
0.0011592408805409676
7.329476354949425E-4
-9.346646832332836E-4
-7.580101186314876E-4
0.0027573033424829656
-0.0013994036029158173
0.0034740288183836773
-0.0018609384372730287
0.006591072912155737
-0.0013478975646749583
-0.002878319237247993
0.0031913712429488296
0.001358903837949559
0.002123616852218823
0.002005393328587088
-0.0020753150568320624
5.213396728317531E-4
-0.004624350911576909
-1.4942641171234884E-4
-0.0015992330546949992
-0.0018124314806775676
0.002572279998935359
-0.009478324705801091
-4.688991477294179E-4
-9.191877342061277E-4
-0.0015979712774425708
-0.0024781216383213426
-0.0016578370539301463
6.838302256587665E-4
-5.608897455274579E-4
-0.00299171613009355
1.3757664170725736E-4
-0.005620501053168535
0.0032893408024626688
-0.001767403639790554
0.0022610053130111647
0.0016486564308111997
0.0032938923338607625
0.0016490275798701486
0.0010355745182562784
0.0013496618830860492
0.001114446883593254
-0.005104523208032528
0.0029325222133388396
-0.0012139594146828954
9.075447890991386E-4
0.0021536353579149846
2.7453435695381524E-4
-0.0027015618216197153
0.001330512982864801
-0.001904240123539357
-0.0012599464176066544
0.002219798003406165
0.005226862132073563
0.007834282465102217
0.005891011341463371
0.0029702512789860176
-0.002620704508869458
-0.002306935798169348
-5.729579086813366E-4
0.002189715129969307
5.500521126144234E-4
-0.0019311134669370727
-0.001543070887776619
-0.002197262432483111
-2.4253961935806516E-4
-6.501247525065672E-4
0.005337626731659724
0.001521102454303301
-0.0018700804551249944
0.004003606012988648
-0.005371426840027391
0.0010331549765512182
-5.294893139108465E-4
0.004633905480378592
-8.947580860361845E-4
-0.005379977460053998
0.0023780671971636567
0.001556381312733546
-4.910092468941402E-4
0.002893556254352105
-0.0023659707157413427
-0.0017406540650517315
0.004550333542037535
-0.002487229078252678
-0.003569362200645036
-0.004566841843369764
0.0026151446132281478
0.0010749020242990196
0.001527765161938491
0.0027146366389211155
9.250085269921172E-4
0.0020233925138142704
-0.0029554615238307526
-0.001223716033460008
-0.001288543429940231
-0.003807731867549549
-0.0020470752233188753
5.471704195083689E-4
7.638310310699049E-4
0.0011511230798019077
9.41008718826891E-4
0.0022659615691742268
-5.412240515062167E-4
0.0014543960737800868
-0.0016605154519458622
-8.279694002185715E-4
7.372836552415611E-4
0.002015106194286519
3.580173766338113E-6
0.004324049622641663
0.001376334420373851
-0.006643432243936121
0.005580911047651392
0.0012338222801326214
0.0016675747506574982
0.001361120316713364
0.0013622754339834826
-0.0013262413447319812
9.783162641568558E-4
7.365096995860173E-4
0.0018576143084746248
0.001216057786107067
-0.0038901236685800534
-0.0027643561260928657
-8.652967821532306E-4
-0.0012342061634054882
-5.501110404399724E-4
0.002540611648870382
0.0016053907229984245
-9.893948342674479E-4
-0.0013583604366731296
-0.003750295871147572
-0.0019921357116168157
-0.002209927175444478
0.003002036640688433
0.0010641902878857777
-0.0030555290455919044
-0.001576613631466588
5.702669044764896E-4
9.755900422949506E-4
-0.003682061322522672
-0.0011762889218946881
-0.0030065608967057783
0.002161532404586088
0.0031242531345480338
-0.0041309556231917755
0.0012203231704520747
-0.0015558276790527128
-0.0015952279124012206
-0.0056720820258677465
4.699479064448594E-4
0.001388120151550684
-0.0016215178568562089
0.0026920449779997105
0.0025737524247985756
0.004066445071225601
-0.0010256754079070013
-0.0024928969251726127
-0.001088398131351208
8.788214621242485E-4
-0.004715993274940576
-6.008633581794794E-4
-0.0015779787183195942
-0.003180234531818632
0.002894942167066969
-0.0011616082396367093
-0.0012683146253252226
0.0028215343386402566
-0.0010718259555157748
-0.001285484688418248
-6.04914046704005E-4
0.0011671728088919727
-0.0017463770431281262
-0.0019422604174866057
-7.108283898207046E-4
-0.001880560185661215
-0.0012053443419265638
4.99070841332158E-4
0.0010082905189253831
0.0021999514043913246
-0.0036140470942530836
-0.002858961091142586
4.103094258003336E-4
-0.0017006655128889224
-6.976616381184207E-4
0.0033597194397377845
-0.0017242135807192854
-0.006140048382260301
0.0021546998281518834
-9.696016096986989E-4
-0.003166991155419065
0.0029550762268242344
0.00226301453041902
-0.0019105155356686637
-0.0010555638266721119
-0.001316777184402468
8.6963057689432E-4
0.0012754966296027468
0.0017798276463655842
-0.0015192286085066794
-7.172847730829838E-4
-6.860712361914924E-4
0.0013466634108767713
-9.485946428248861E-4
-0.0037608633720829505
-0.0017523622062194024
-0.0011427244500282986
8.169519919248787E-4
-0.001326483899023241
-8.490791255439397E-4
0.0011149988431304113
0.0014470055300106715
0.0022570025452339996
-0.0011503386909261384
0.001714946695033844
0.006359833949822649
8.23774066224608E-4
-0.0014806546129447974
-0.003447860892886386
-9.981419259139479E-4
-0.0027152562137218164
0.0020057998883476133
-8.983128984413497E-4
7.032111828354368E-4
-8.769058346324641E-4
2.40424165081669E-4
0.004132688883790808
-0.001351091208510424
0.003548367773658033
6.561292875517863E-4
-0.0014589633121017095
-0.0015501525734465333
-6.776358204017839E-4
-0.0010477416835590544
0.0011310479737618494
-0.006088799574358476
-0.0025284464675883987
-7.043985579070973E-4
-0.001814639894817966
-0.0022031018395125804
-0.0010533821617489314
2.844715387884855E-4
5.32730991953832E-4
-0.003991709064805561
-9.599909708619406E-4
0.0018750533696586906
-0.0018619823989431121
0.0025331225196689846
2.2250314889943765E-4
0.0034709756344325523
-0.001954081598699252
-0.0014557928400595521
0.001617731009354774
0.002108802466171006
0.001140073108944062
-0.0010627750196584356
0.0025993153460325906
-0.0016687268738203745
0.003143205103657155
0.001464497365260033
0.0019454852536330267
0.001177038906100543
0.002516539838910463
0.002078517141824401
0.0022046881536304692
-7.93986296738153E-4
0.001926316602020161
-0.0016234720267303772
-0.0024796646116881254
-0.001253854447202717
-0.001694613598494172
0.002852269448935632
-0.0011108317801678711
-8.479372483238422E-4
0.0010851084619780467
2.1430252084141024E-4
0.002107616072117717
0.0010453379079935316
-0.0013360607381210294
-0.0018454986721868287
0.0020963668141094653
0.0016900088003104971
0.0019715001385303076
0.0017576790469275392
-0.0034952220231453885
8.520411067748702E-4
-0.004773867291692182
-0.0066985696865223855
0.0010974805960096447
-0.003001189173908026
-0.002009503549632941
-0.004400251988766062
-6.869354070862289E-4
-0.0016288909309244816
-0.0019115847705388988
-6.576887410732291E-4
6.610970527052538E-4
-0.002344927657109604
-0.0010781275857528146
0.0015056752732783053
-3.5828457691715576E-4
0.0013055939116380516
7.539010134437214E-4
-0.002550295319853074
-0.002641531205763684
8.432330862793946E-4
0.0011234760158516904
0.0011951512899349552
0.0011634528625423773
0.002274733417718344
0.001946544565341639
-0.0013212015405472811
9.393956122824168E-4
0.005285291789509545
7.928420224021047E-4
7.854203559975148E-4
-0.001377480597515042
0.0013929369714259234
0.001620618264542345
-0.0035907921420820646
6.59831106100351E-4
-0.0014440167554901693
-0.0017388024341650212
-0.0011708392245750366
0.001450904035574386
-0.001050224999567445
0.0024857282171992295
4.776472803550094E-4
-0.0010643314033054435
0.0012224987403333311
-5.47350432621235E-4
-0.005341042240217687
0.0016731074658714734
0.0024901543155669693
-0.002797789246055615
-0.0027766731692855633
-0.0020332415881823772
-9.126838297296228E-4
3.7336754719208455E-4
-0.002406224497026823
6.150313260387262E-4
-0.0015548967053389856
8.829573837185029E-4
0.003870883814553236
-0.0038344303043565007
-0.0011381517414857142
-6.043789520394102E-4
-0.005578453526715835
-6.114728017796175E-4
0.005228658573804576
-0.0010887706764555508
0.0035646664847968877
-0.001270404559956954
9.500421860004489E-4
0.003499059135729892
0.0036860746193100656
0.0013881347533344665
0.002667701648548001
0.0014495834503473065
0.00256162595784879
5.277733444558243E-4
6.737850517934568E-4
0.0010268258141314537
-0.0012719084241627067
-0.0011704400424966943
-9.424951592168809E-4
-0.001591946671760677
-0.0035836107679009807
-0.002480306094080089
0.002078092716059562
6.516979717913549E-4
0.007587678474852291
-7.505501087514231E-4
-2.2152097790678507E-4
-7.807407618316951E-4
0.002370779056045446
9.212258245883348E-4
-0.0024798029898246182
-0.0013023402432190774
-0.0020907530652046727
0.0017130897214131687
-0.0014037266423184546
0.002451954258980019
0.0016658416667611727
-7.222843470864355E-4
-0.001113228435502155
0.0015243796270708813
0.0025381745366640143
-0.0127646090716897
-0.0020865546380844924
0.0015948144874291966
4.8113056310484863E-4
8.000287647074196E-4
0.007714874519375412
0.004651121573516541
0.0012727486033050316
3.9037550505163364E-4
0.0017406500423230045
-0.004411903966719187
0.0014627946870851998
0.001700466073620316
-0.003343014325281774
-0.004738739413329365
-0.0015633996507506175
-0.001772120490572733
-0.0016339680187685483
-0.0029006665541586626
-0.0010350234662302137
0.002183889843150238
4.1750966004520435E-4
-0.0012566129973448955
-0.001849567309494186
-0.0012400948374632534
0.0036320813647578508
-0.0022196867805247154
0.0010884207772519187
0.004022451491251676
6.393719896932943E-4
0.00691907884573132
-0.001500619847879662
0.0014594658419102265
-0.001868340608176681
0.001486075951579797
0.001109302480662848
8.073231508173371E-4
-5.662968669995408E-4
-0.0010655575865824104
-0.0029065580841460075
-0.004473118767571584
2.4158246330168907E-4
3.6731036231166323E-4
5.172617931810069E-4
-0.003348773905307549
-7.895765571091488E-4
0.0018308046830531595
-0.0014407276933177506
0.00187963476025238
1.3082952084394475E-4
0.0024522433056850825
-0.0017280284956429851
4.5241858209567863E-4
0.0021465172991552246
-0.0021831878678261946
-0.0012860105964259804
-1.0395636299433908E-5
0.0045680153151811285
0.002751441166689869
-0.001216187221209694
-0.0019138395087176861
0.00373552165318888
0.0010291752509574493
6.102756771547351E-4
0.0020929250972244796
0.0014492290027692584
0.0011460128357529168
-4.795707637216041E-4
-0.0021395763564663033
2.57007819053526E-4
-0.00408699698785198
-0.0020495185779011724
0.006357933667772585
9.291396662644626E-4
-0.0011694480148134905
-8.154050927643529E-4
0.0015945412480237835
-0.0010638319966813914
-6.802090786416436E-4
-6.899016830263495E-4
7.326394967073753E-4
-0.0016318289814975424
-0.0012116686844863872
-7.039783303432015E-6
-0.0010009037628503654
0.0010034497333323313
-3.630902310917151E-4
0.002833485019514774
-7.840841875190647E-4
-0.004951086543214141
0.0013035700842923463
-0.0028979487120893224
0.001729794345903853
-0.0018070792032138763
2.972435533385116E-4
-0.0018538036048841573
-7.535509123271328E-4
0.0033634127147510406
0.0017546998918975948
5.415315005601499E-4
-0.0013260866420652744
0.0012920746852277227
6.09047124320429E-4
0.0011480735828090461
0.0012766441668004187
6.675001806387991E-4
-9.955871152309331E-4
0.0010923909476479167
0.0012701325492673935
0.0012195019074084682
-0.001001907136208235
-0.004528886353712422
-0.0013014106828136533
4.118438235166978E-4
0.00825389422595119
-0.0019925930836700067
6.004669626985176E-4
-6.824185073615626E-4
6.09439105660748E-4
-3.9311689669037895E-4
-7.320340800146166E-4
-9.720774874080238E-4
-0.005623044999067888
-8.655048594624617E-4
-0.0017994107444346972
0.011033847636799817
-0.001242348814363329
0.002044220500876607
0.011196488819301584
0.0014845903444943422
-0.00101769049545969
-7.366903501713E-4
-0.0038641235615560687
0.00311891359359855
0.0035845734467205054
0.005042545246018371
0.0012921438793525703
-9.430874112463892E-4
-0.002943068228849894
9.837416903658773E-4
0.002657666207989633
-0.0018798856890141612
0.0010583584117119002
-5.960585013048441E-4
0.0017859923089769496
0.007320730702064507
-0.0012674154100491615
-0.0037543916972371666
0.0021036602969790688
-0.00506695223506831
-0.0017905020172917772
-0.0013373884243316919
-0.002212126497950428
6.885880469781157E-4
-8.391576081035503E-4
-0.0018957340045737063
-0.01187875529355731
2.3802027431846644E-4
6.312294600423467E-4
6.34461501175278E-4
0.0014363752567615677
-0.001555650839402661
0.003035410729525523
8.69514583599099E-4
-4.676548594148563E-4
-0.009441099088053745
-0.004088080645182061
-4.6667650110018735E-4
-0.0011736000958827452
-0.0020897657459975297
-0.00397889819150478
0.0011031481278376797
-0.0016460601419455068
8.005851925008655E-4
-0.002058651899991963
7.502364642520162E-4
0.0024445716336505855
-0.010579078313817302
-0.003971140508415008
0.009671302316671869
-0.003321338752022966
0.009348304234376395
-9.24990410823449E-4
-4.422944460564162E-4
-0.0018583692686238449
0.0018455815706722497
0.002170092647293849
5.185241107477519E-4
-6.593143179083792E-4
2.0625537339184934E-4
9.051251500826554E-4
-8.662778636218916E-5
0.0014402311653302171
-0.0014209209983007578
-0.0012620058800399414
-1.4303793667675343E-4
0.0025944012842553563
0.001490859997516044
-0.002518041683860202
-4.770621744448581E-4
-0.0010013572639742383
-0.0033157186521764557
-1.0264805747901055E-4
-0.0023776167598090195
-7.506900625326336E-4
-0.001953799008356326
0.002828207824993541
0.0013967340464566937
-0.0018885282948398617
0.0018510076384423556
0.002759229605511982
-0.009217990084207964
-8.234530019711855E-4
-0.0017622728215052437
-4.889333333269752E-4
0.0019023915933987585
0.001791695883850592
-0.0015807222390894137
-8.940301299720892E-4
-5.919628113826266E-4
0.0010736783242952578
0.001622179018348759
-0.002000783589376404
0.003121549133339216
-0.002689128414235349
0.003295185758097563
0.009697209123033705
0.002785537531122828
-7.667618667310534E-4
0.0013697740830160103
0.002020086123283673
-2.1225141691295592E-4
-0.001836878872904555
-0.01035096227130122
0.0013746000937331702
5.754360343970667E-4
0.001099697997956078
0.0031114195953854864
-0.001958935617211164
0.0015136128379761348
0.0020788590764612446
-4.2918918878530636E-4
-3.2546028006870837E-4
-5.519300561236765E-4
-0.001706715844298978
-0.0057476407517625516
-0.007703795102170903
0.0014784337157659915
-9.71877350194056E-4
-0.0010197554676644764
0.004510826755933727
-0.001836840568668019
-0.0014013469520584207
0.0019355611964055471
0.010002532967313963
4.737612861058392E-4
3.9981590747633527E-4
-0.0011679553304725255
-0.0016163153901885916
-6.562733600153412E-4
-0.0014988926004395264
-0.0017757669859352282
-0.008823364848498787
0.0010358342800891335
0.0010250597134443388
9.929085295624124E-4
4.354656185680312E-4
5.959937120305095E-4
0.002087960384860822
0.0021432607934096107
-0.0010127592700874925
-9.298070594891043E-4
1.20635398077279E-4
7.624458397993049E-4
0.003992656224072622
0.004445058417790337
0.0010407911825876478
0.001202122050468658
0.0010100664379639817
0.0022432777232432154
0.0034701224504281453
-0.0012058322164847982
7.51451042059957E-5
-0.003438172870392007
0.001269055299120923
0.0014210835472579335
6.449996579181982E-4
0.0016786578134081443
0.0029575151150166624
0.0023740758144583764
-0.009856778781186496
-0.001800276091127307
-7.339729224688694E-4
-6.544963004436426E-4
-0.00910090830474468
0.0011946711176199706
0.0010221252268702043
2.846921180680644E-4
-0.001020942971316414
-0.0023378195024673074
0.0014761202398000215
-5.164117301864293E-4
0.0017313510115037982
-0.0037932544752400047
-0.008686234020936304
-8.971830391858653E-4
-9.656306725893289E-4
-3.0185986901633976E-4
0.0011871055670614548
-0.00859015923778181
5.605852112230672E-5
-0.0016716846489611388
-0.002069138921593036
-5.371944746374815E-4
-0.0019049236486760462
2.4067085056942353E-4
4.958055589220902E-4
-0.002117546396560814
0.001089845858573443
0.0016276183954721333
0.0033003908493077667
-0.001613051236606435
-7.249262839555719E-4
0.008575805782627786
-4.337926017713759E-4
-0.0014580945091455233
0.00469342798678842
-0.003140327948974124
-6.14902121247572E-4
0.0011561368292650213
-0.010025873978799043
1.411706955501171E-4
0.0012608572699882583
-0.0010839400913571838
6.19583108259595E-4
0.003585177954232391
-0.0023379689185153677
-0.0015298018780851427
-0.002361016616540299
9.375536656956845E-4
-1.7198748327426217E-5
0.009058787170640363
8.272216716210523E-4
0.002517930729728819
0.0017605314367388505
2.0498052093167457E-4
0.0011190711206104727
0.0014759037239749915
-8.414918799311118E-4
-0.0010161629937698584
6.506381486441956E-4
-8.921842011457426E-4
0.0033401316469917563
0.007847300257334199
-0.0031028754739609154
-0.0019995787315411797
0.0015871361687961637
-0.0034642210778541953
0.002201239089812458
0.0014998579463824898
-0.002954927128526716
7.787535401876265E-4
9.561776170725252E-4
-0.002361198575660364
8.404635294845697E-4
-0.0045284174111104615
-0.002174565030843768
-3.997596925570037E-4
0.0019201545828062363
4.4681804088586867E-4
0.0028908781953742285
0.006936265875752
-0.0016033825075764238
-0.001068811796626034
-0.0013973209817333043
0.0030809860385907282
-0.002368122835668755
0.0016896469318565608
-9.407033921606258E-4
0.008382745456612167
0.0012482935058296732
-0.0035213568217308537
0.0010499006616874298
0.0012478578099142349
2.415656524208016E-4
-0.0030278872278368322
-0.008212889079123273
0.007702666746239279
0.0011214923301297727
0.005421962923822034
-0.008322343817512727
-0.007824981029853666
-0.0012847274519981252
0.0013179830477204218
-0.0018700195587817645
-0.0017633059568183274
0.0012052510243712566
-0.008683410606479697
-0.0015689470836676204
-0.002108115574711574
-8.520672568920481E-4
0.003673963096118681
-4.66599164335075E-4
-0.007840415672546877
-0.0072650741817925305
-0.0012131285748122201
3.337299690770485E-5
-0.0013748383748199097
7.46007839413272E-4
-0.005054248911431542
0.002818828787262604
-0.0010115311260884363
-0.007801748754260418
-0.008560782728911198
-0.0015321497878984262
0.007451640638925237
-0.007416920428173234
-1.1414320250471403E-4
-5.797436738781179E-4
0.002076965067773228
-0.0024929449391518105
0.0013569588524502158
3.4220443074052667E-4
9.014380507187744E-4
0.0014781465091103167
0.009054487205165582
-4.145548072652505E-4
0.0021404498261539855
2.1402887099373743E-4
-4.791012135729419E-4
-5.617696199345147E-4
-7.409668988168111E-4
-0.0010862347649533922
-0.007469039978308002
0.0012832037768125695
0.0015286277374946713
-8.73179612336251E-4
-6.820392507676429E-4
4.5441617520177436E-5
-7.137193710222197E-4
0.0015524449104814112
-6.506197339924088E-4
0.007167349364653983
-8.248218312200844E-4
-0.0010812209106535492
1.3925463983966116E-4
-0.002017876848533173
9.790422199776724E-4
-8.802668284737771E-4
0.001201823616127688
2.3903469268281844E-4
0.0016415499288912378
-0.008457914646448947
0.0015330025802117032
5.502336750634047E-4
0.003256122689042754
-0.006783456703943447
0.002222279781348408
-0.0013887590632342486
-0.002503990873447323
0.006710976464683332
-4.1844108085388015E-4
-0.0018937930877550285
0.0072867183074893606
-0.006649068391830711
0.0026000527270329207
3.780733133936692E-4
-0.0012082567756444037
6.220871758346093E-4
-4.2357143225898444E-4
2.775371858498034E-4
-0.006969276208548894
0.00546035191208776
0.003102554050512282
0.005940290898612476
0.0012453052088870894
-5.916725106747212E-4
2.360386764503595E-4
-0.005643697395110288
0.0011122834095078791
-7.527002045222622E-4
-7.478399340452024E-4
0.004913501572130438
-0.0025824386579293866
0.0010440614933201447
-0.0018207512738131944
-0.007585502545316964
0.0011511682804282955
-2.405477272677393E-4
-0.0063771422883634275
-0.0014240299092935942
0.0012509568384592544
-0.006025926502468179
-0.0017500844957189028
4.1944521776813274E-4
-0.007200044370134396
-0.007468021386997429
-1.3985085961094372E-4
-0.007014384821529737
-8.024271693322783E-4
-0.0043842893911332365
0.0015920868751291598
-8.56496356579093E-4
-0.0010600694087115896
-0.006555286594350018
5.600991381297169E-4
0.004593188997655116
2.2443153225730543E-4
3.187255476126942E-4
-4.6687031491668304E-4
-0.0013995627322739824
-3.490094111438288E-4
5.286023423125103E-4
0.0017025969778406906
-0.0010999542695487444
0.0012778512483117657
-7.266279502492711E-4
0.006913422846720863
0.0025890927171764127
5.627238587388744E-4
-0.0010416726853864496
0.0012987423793412766
-0.001527320487757025
0.004536031330730939
-0.0057811902944131174
0.005622835954649121
0.002648616922432111
-0.003212421012519735
0.0010879054236224404
0.002118895555433372
0.00730496831334018
-0.005557156128312984
-0.00647450234767006
5.605399811469729E-4
-0.005731812739173605
4.137855493722268E-4
0.0013672541912802274
6.679508724487313E-4
5.649016086004809E-4
-0.0016841269860467327
0.002117499811694441
0.0012232193583943541
-0.0010201003250953089
0.001921012655673953
-0.006369344001311117
-0.0016319382803379864
-0.00604991025514086
0.008070129001375105
-0.0015346992905711713
-0.001397013461752812
-0.006010827923107626
9.400647858879916E-4
4.2012615127659894E-4
0.0019707153387110315
-0.0018893633426677007
4.3855084544913925E-4
-0.006154387368198581
6.311485214662339E-4
0.0031803447470379657
8.127343887555014E-4
5.880975713674482E-4
6.229847958560363E-4
-7.83516058387961E-4
0.00661428825122978
-0.007097393943816015
-9.240877803626436E-4
-8.918318671916827E-4
-0.005409746963341152
-8.67464002578671E-5
-0.005307587331813056
-5.1705924682806E-4
-4.1620193293071493E-4
3.192620423628417E-4
0.006083409201904048
-0.007520485366125611
-5.764387979289773E-4
-0.0020490998617898695
0.006925590988085139
2.1207098364517146E-5
5.292280791961239E-4
0.002333356583384976
-0.0013511941900060385
-0.0019549159166017175
-9.115586947768223E-4
-1.9684301165323004E-4
-0.006573577970505376
0.0035209389669557255
0.001258553033739946
-0.005676209921570257
0.007114775170623641
-0.004573906973759017
0.006372855980822514
-0.0014815924964048776
-0.005924344104620626
0.0059568159788655605
0.0060514815732551006
0.0011487518447775315
-0.0011536176926543794
6.493216094784756E-4
9.666495396760499E-4
0.005666360533448166
-7.681559691581857E-4
0.0013401206598757983
-0.0015241294970900446
6.330432495364531E-4
-2.4203465549888924E-4
0.0024361082998015067
0.006067354362310922
-0.004432632414813507
4.4006481804299613E-4
0.001395377903248157
4.367000791523321E-4
0.005225537863194658
-6.616442696554281E-4
0.005696315918068103
-0.0012792021125895405
0.005490176288711691
0.0054801763816085475
0.0027023578402683443
0.005253003925791563
-0.001490424506796214
0.002646931701909477
-8.256473952679165E-4
-0.0010245915255345974
0.001176146898754066
-0.00660121958119606
-0.0041059584919795585
0.001362637113160858
-0.00583247914089636
7.407799143720739E-4
2.526830281659878E-4
-0.004997927426091445
-9.445932886933997E-4
-0.005521291843359387
-0.002417881744369585
-0.005795948463335946
8.208417473832762E-4
0.001430817735459707
-0.004994296584488913
-0.005634997802103477
-7.431609697531203E-4
4.330156043898736E-4
2.3993708236621472E-4
0.005464639857347907
0.0011273338650704648
0.005966237523952728
1.428477447928935E-4
-8.500538841481313E-4
0.005783338157517754
8.100222974888938E-5
-0.0010482433624686707
-0.0011374843758149076
5.983141484211687E-4
0.002415194920894911
-6.146339253253587E-4
0.005600632627651696
0.006090895038964904
-0.006111173327235128
-0.0012582292990099898
-0.005764971686803765
-0.005467057005149594
-3.8184195730377684E-4
-3.471042013797275E-4
0.00224731237187727
-0.0014259351586942465
-4.6707882809324166E-4
4.95752567065328E-4
0.00530813579971463
-0.0038947804543766323
-8.395401286132142E-4
-0.0012344347385271955
5.89885293359666E-4
-4.904591047468343E-4
-0.0010137108342078184
-0.005422402858550403
-0.0060020790159835925
3.9372459756783893E-4
-0.00569933021442014
-0.00251772074616173
6.680544073994391E-4
0.005612584931994485
-0.00574604265115402
9.624331012020566E-4
6.293466814902895E-4
-0.006166325437373205
-5.586047456334436E-4
0.004766222158053033
0.004701371168766781
-5.238320924945771E-4
8.824274313552617E-4
-0.003461888084945281
4.6822066158723187E-4
-5.614749345644189E-4
-0.0012945758546868504
-0.001728006086309344
0.0053251201577267605
0.006571130752730989
-0.007440093619960239
-1.3772436724328435E-4
-0.0015507404599593346
-8.27864710037438E-4
-4.4792093112970565E-4
0.0030564759163882013
-0.004942556986894994
-0.004463807995201303
0.005965504597391031
-0.005603962056365309
-0.0011479106282363963
-0.0024812004253353913
9.326584503745253E-4
-0.005334996273345453
-0.005723063363375152
0.005599794568368085
0.0018787159248933585
0.0010574098421800167
8.919140913691596E-4
-0.004685751694672628
-8.913676131143522E-4
0.0046937322397184525
3.449995605052247E-4
-0.0014664921921920962
-0.0032868399866052347
-0.001630491317144256
0.001333483522209083
-0.0012863745898732727
0.005308953974878886
-3.754545734347297E-4
4.738155425820159E-4
-0.0012879823257592976
-0.0032475955763599297
0.0010032980679930954
-0.004996923987468866
0.006396693703398151
-0.0046777197137229535
-0.0024560732139234922
5.618717768274185E-4
-6.327947909792147E-4
9.227616414292039E-4
-0.0017667986136902303
0.0062877510080713754
0.004793952846463744
0.0014395793547134065
-0.0010547637389996599
-0.0010191092263561368
0.005927912515168203
0.0023717345385456563
-0.005499755285637767
0.0046319995099669215
0.005136022878165242
0.002286859474662877
-0.005531877658502884
-0.0017684096835537844
-3.260287600279768E-4
-0.002253994869453039
4.50402163680671E-4
-0.0025388416808192803
0.004424467519501903
-0.0014631851484640144
5.145961927868445E-4
9.718101915139764E-4
0.005564223847890972
9.445793545686527E-4
0.002467317804711845
0.004764973633888701
0.004906869751398198
3.3962360660976405E-4
-6.791360095433984E-4
0.0024734625745309693
-7.304450635841537E-4
-6.393710889101882E-5
-0.0015023539838698724
-5.586436030685063E-4
7.255427569226367E-4
-0.002392201973277846
-7.943796705597707E-4
8.948426333142249E-4
-0.0011396119539614112
0.004621857686756214
0.0014922040596500382
-0.005331641307191165
-0.005503152063489459
-4.0060135810464294E-4
-0.005105387667336326
-0.005120921181726483
1.5149880173943823E-4
0.0030106901878447483
-0.005286119037751164
0.0010419374659054142
0.005423517396474476
0.007244395139349148
-2.050809740550036E-4
0.004841545485903354
0.005065641601327172
-6.323410056458779E-4
-7.263804383167213E-4
-9.077875065616797E-4
-0.00637070583377489
-6.876704931611191E-4
-4.290942617426556E-4
3.53308520619808E-4
-0.004861259259999521
0.003595147553916606
-0.0013391931882213647
0.003960883348705452
0.0051510533480642415
-5.739048503180027E-4
-0.004119314372803018
0.005757827477006434
0.005120100266689006
0.005135670533488891
-0.0010917855983462851
-0.0044725242550094834
0.002671675903849587
4.787454833824198E-4
6.218877751940623E-4
-0.002005910036186626
0.007427919493843254
-4.4369865131557896E-4
-0.0010361010702608382
6.43417339771726E-4
0.002098012038797766
1.302405929491337E-4
-0.001976334070801945
-8.579143342431916E-4
0.0050798605991060845
-0.006165133860203484
-0.001525152411230295
-0.00465815130248155
-7.508797948815607E-4
-0.004873055745791288
6.006170259050815E-4
-5.363328358283323E-4
-0.004522318456147429
-4.934115887720073E-4
0.003659220303599025
-0.0038934529685364645
-0.0048413520592532205
-5.22908898590332E-4
-0.0035399669999740817
-0.002170857706714701
0.0062984987956389875
0.004505929377392978
-0.001768679216476802
-5.145565327073218E-5
-1.940233818257441E-4
9.065216690454619E-4
-7.38659217904204E-4
-0.005701861904404089
-4.7324907616531334E-4
0.004604598144784741
-0.002345581785936291
-0.0012393213363602249
-4.268350510889534E-4
-5.778756784350203E-4
-7.163949120952266E-4
0.0020494224660724354
-1.6400969265121824E-4
3.294899900574025E-4
4.277908316767695E-4
1.0056453897620695E-4
0.005620676843416615
-0.0011642556364936246
-0.0017182259507556327
6.393924102182691E-4
0.004687889748505954
-0.00471686591186097
-5.176544493060741E-4
0.003943097768351218
-3.504735392440375E-4
-0.0046771720299470625
-3.835813291995465E-4
-0.0026021259375779895
-0.0047882742655117405
-0.0013851515758316593
0.004840854763148789
0.0011301844356496782
9.758521692000085E-4
0.004561577611282743
2.65613832187116E-4
-0.0052878567769828865
-0.004507802486388654
2.5842750288850274E-4
2.5243502314818483E-4
-0.004866246478689455
-0.001509568587792948
-0.0043959729005600395
-4.384072033785949E-4
-0.0014623810956581951
-0.0024719047284967647
-7.810162062438075E-4
-6.052681980093174E-5
-0.0020457575623848085
6.216427258382727E-4
0.004027362194348127
-0.004279075993290614
0.004123279465013474
-0.0047254464946226175
0.0018607009573038216
-0.001979924648795376
8.22051178800816E-4
-0.0018286548099997117
0.004925344360061097
-1.794564868288636E-4
4.274538150338836E-6
7.329946136363524E-4
-1.2784004195541836E-4
0.00574301103629821
0.003789943044501193
0.004122538394472007
-8.335535269770762E-4
-7.200824186286706E-4
-7.422922775115935E-4
-0.002115976049929691
-2.0688212453069422E-4
-4.834821526849355E-4
-0.004596501298643235
0.002692925433692757
-0.005610842143205663
-0.004852642584088322
-6.988817236481525E-4
-0.0020079887110868158
-0.004132598099246435
0.004372661650593651
-0.004500785777197336
-0.0018909150303204896
0.0015515598766654376
-0.004153481815834363
-2.9729595199436566E-4
-2.0436550355230865E-4
-5.490426311447296E-4
-3.344019014492872E-4
0.0020378815525484446
-0.0036750068839937573
-0.0010624866901453817
8.121935892892575E-4
0.004091151263593423
-8.798111795150978E-4
0.005880233183665502
-7.302098531767494E-4
-0.0014940515647372998
-5.94290453022531E-4
0.0037196055128323672
0.0043008105088482495
-4.6877074444370083E-4
-8.511041638703154E-4
-0.004313284869577057
-0.00439555985820155
-0.0034589272237466203
2.946245228416094E-4
8.500072308197483E-4
-0.003954542984266784
-0.0019615181546402127
0.0011738590318304861
-0.006038730082908438
-0.0037242289851201313
0.0040423371162824715
0.004242244376401895
-0.004409324706214729
-4.238052776089265E-4
-9.377386691484363E-4
-1.6320113600109415E-4
-0.002285693890745032
6.956048062097419E-4
0.003718123383375331
4.946732374523169E-4
0.0037305221470453754
3.930852608887394E-4
0.0016205433950698997
-6.820755839573282E-4
-0.0042068362227504095
-0.0022103013703053203
-7.515031776023284E-4
0.003196408900410547
-0.004020126737354802
-0.00372695374052155
5.357282863093468E-5
0.0046315298404409275
0.0025144889762073693
-9.906916678918967E-4
0.004637414223757012
4.536299462225677E-4
1.9063827399624263E-4
0.005278971802705089
-0.004776344349147506
-0.003832472890663141
1.7886540633833844E-4
-0.004267087408989913
-7.799417627892655E-4
-0.0018859905110128765
-0.0010012390707766863
-0.0017827594373342557
-0.0039321556946507385
0.004286266600629804
-0.0013173115325727145
0.004392544690802493
0.004020522999489229
-0.004489607112726043
-0.00614678083434908
-9.98974928168605E-4
0.003855420596289768
0.00393239037350391
-0.004120018964635571
-0.0010758957732519788
6.207638753593607E-4
3.13895145848435E-4
0.0014818224020861524
0.005385854840003424
0.0012341016652140538
0.003919373440448264
1.858783177603069E-4
-0.0014834288553817853
0.003667345054116259
-0.004019360763032581
-0.0019985632963590606
-0.003350440582162424
4.8266919341039997E-4
0.004269071855235561
-0.004458197483360986
0.0010494793924797818
-0.004046121104971102
-6.841163248475524E-4
0.003704373126765186
-0.004290359416898634
-7.236638746677212E-4
0.005008464980325158
-0.0012564254637214963
-0.0038062729975237622
-0.0036310463268293173
-0.003945950686452537
5.084298499617554E-4
-0.003728810869949467
0.004078235746333295
-0.0018004456588423684
-4.469024333277141E-4
-0.0014002726565828212
0.0038345539290196066
-0.001486975694325378
0.002639446397329796
-0.001126156247803194
0.003141474332218614
0.004582500037923405
0.001288319499100044
-0.001888877145935884
-0.0010061630317237742
-7.448462738093953E-4
0.0033285127886465093
-5.437272404321256E-4
-6.375343221737842E-4
-7.396296169600603E-4
-0.0014811118534151385
0.0010534124534606211
0.006536499527658774
6.496511752043116E-4
-5.24035482033833E-4
-0.004427528205333597
0.003931418458889031
-0.0017150822832392922
0.0038364935865227733
-0.0032573278760812023
5.434515492394814E-4
-0.0011970152209776022
0.0037144950589320606
-0.00419452392542696
-0.0026095766402949166
8.817667468825975E-4
-3.1045151920224717E-4
-0.004194184723452775
0.0035651965077760227
-0.0037317046089936417
-2.088926893197847E-4
0.002818745853123985
-5.0131202044679E-4
3.155940910381505E-4
-6.321460368970764E-4
6.69151033276911E-4
9.622951943016462E-4
-8.35890597421209E-4
-0.001178825265305781
-3.3393967414457263E-4
-0.003977234593153732
0.004369870493655474
-0.006154103371611182
-0.0019243601020154906
-9.219570895602493E-4
0.003885897143322576
-0.003604219878201436
9.220328721796587E-5
0.0046183900416744365
0.004705336721984029
-0.0029284152629496314
0.005428083970730667
6.873294759194085E-4
0.0034701910970693782
0.00458895947769183
3.93653120682474E-4
-0.0011020565124663538
-0.003576857946509199
0.00348379972835197
-3.369383007024406E-4
-0.002133905758645892
-0.0012398730698095224
-0.0016169832457164784
-6.018309287227135E-4
0.005295130108737106
-6.821155416288869E-4
-6.660420381345446E-4
-5.785445956171603E-7
-0.001730685014337937
0.0012004383181992838
0.0016345093199170864
-0.0027307712227951663
0.002001001806397669
-3.730530979840816E-4
-0.0012929274346267612
0.004014220006593471
0.006216392705800049
0.0035676901939093613
-0.00213548379460353
9.615154425306959E-4
-0.0014010637959519262
-0.0028693606797344485
2.1065140742552538E-4
3.527227130686495E-4
-0.0023472934431272292
5.534263305964234E-4
0.0030977350001055214
-6.228445740036318E-4
0.0022621652118623467
-0.003699942225315521
4.2512054181635694E-4
-5.406455649490076E-4
-9.166083118578448E-4
-0.0010407041554996376
-0.0038336544113811606
-8.687571251072511E-4
0.00436142144717294
-0.003678733377856599
0.001242125058722299
-0.004388774957489439
0.0034083910727000506
-0.005167222529979299
-0.0010145108886314876
0.0012940238173896064
-0.002081332868458809
9.496555956749802E-5
0.0036735315182689393
-0.003390070486095802
0.004747762572495188
-0.0016964560776113907
0.002818175127103038
0.003640122970876121
-0.0030177336016751124
0.0031016222420853783
0.002884569499179813
-0.001000994296943379
8.771314502040124E-4
0.0031576210911245265
-0.0015489431628013216
0.0034392729471072565
0.0033838973589867343
7.767167279934753E-4
3.056378144149299E-4
0.006421171608247197
5.442679432094881E-4
-0.005697824791241979
0.003573069150276173
-7.445702555122584E-4
0.0036141198908403675
-4.333422107154619E-4
0.00395023699262814
8.706398641902816E-4
9.987518565607054E-4
0.004035286034453715
7.77092018895235E-4
-0.0032053479496659746
5.95852373681395E-4
5.701297715607816E-4
-0.0010534546411964357
0.004397952542482325
0.0022342339026279745
4.973105610488833E-4
0.0019290969288476253
-0.0014007502457592132
-0.0011010080613834022
0.002866198444865487
-0.002863793155153786
-0.0034766120664852683
-1.796610998638261E-4
0.00420217535587247
-0.002679390233255452
0.0015562848305852254
0.004091362474086657
-8.881246882470896E-4
-0.0041006232356928
-0.004272348142751899
-0.004207535717196202
0.005255485953215809
-4.755701657060394E-4
0.003595900905458118
-9.531568976858584E-4
8.697068729657056E-4
0.003442469479273062
-8.195200989859244E-4
-0.0018120821264356836
-6.40138154479115E-4
-0.003044049932638793
2.0662374615670203E-5
-0.0033291450121916656
-0.0030802296253500303
-0.005010710003427316
-2.1812164648087073E-4
-7.362611516509831E-4
-0.0038691143388995194
0.003096955947046555
-8.337689139639901E-4
0.003944447512723135
0.0012396010456785034
0.0025591247961924274
-0.001255936470648448
0.0025258645020326876
4.3150266268061373E-4
-7.463828011323433E-4
-1.672922312739398E-4
0.0011448184708918857
-5.264483247589177E-4
-0.0014153864443596609
8.110667382779271E-6
0.0039951381998074055
7.214578768664351E-4
-5.611845689249412E-4
0.0018853305355539336
-0.0031184527511433067
-0.0026548756130811593
-3.208822666598605E-4
-0.003224529009939756
0.0029000633775572273
-4.001613412216725E-4
-0.003005131527222699
6.397521764524769E-4
-0.0015118641646760106
-0.0028315390169667883
0.0033517440000761837
-0.003239704782374602
0.0030580249148034126
-0.0035975293089446545
0.004092401965885703
-0.0032807237968894665
-0.003934642885856921
7.486181259507672E-4
-0.00411599055733125
0.0016865980978263992
2.592749654629751E-4
0.0018760539194534029
9.397553779501054E-4
0.002852931342824508
0.0015651132955144015
0.0028628750239046725
5.288384234168694E-4
-6.616501823492929E-5
0.0029994222481120997
0.0043160322704007105
-0.003617985429985687
-0.0021439320641383026
0.0031060442896149857
3.9620192161950895E-4
-0.0024171429019352623
-0.003270913698171685
-0.0034323088418610373
0.003608334574628105
-0.003069951279176681
-0.002816388199098942
3.8099953246622815E-4
-0.002325679028870765
0.0032016208106406658
-0.002978911719749391
0.0037329008289531387
0.0032010788125142707
-0.0026288691075333852
3.531433493979149E-4
0.004307633321224863
-0.0018571423190570239
0.0031613725430796806
-0.003997466733223039
0.004843683298730259
-0.001223355850295119
0.003398486967971206
-0.0035352722632820454
0.0014587310115303687
-3.216636004794605E-4
-0.0010106068671902038
-0.003031197179877603
0.0022727474843828393
0.0023607081892521677
0.0029951244612439094
0.003200420139649886
0.00313167393674896
1.875694570143112E-4
-7.919676935026693E-4
-0.0016106224072887792
0.0017690684556021657
-3.149466738895268E-4
-3.4146249920551504E-4
-0.0029468766130922295
-0.003442474566269802
-9.3536883050261E-4
-0.002715832828728535
-5.289647532943167E-4
0.003105168102523635
-0.0030975888033392927
-0.002260407783498074
0.00463710761354425
-0.0032300550238423265
-8.799811159660752E-4
-0.0037858290866444335
-0.0025406588044631726
0.003519736942882979
-0.002759721157715858
-5.145741220575043E-4
-7.507103221957916E-4
-0.0030999251730411495
7.703340585718997E-4
0.002708989680234262
2.432402285210439E-4
6.139731877421003E-4
-0.002726459816013472
0.0025391404783941226
-0.002846176100107899
-7.527785213222236E-4
7.689404467549129E-4
9.120965357509835E-5
-5.880425775800071E-4
-8.189413354670551E-4
0.002745366683930481
-2.2920125476723035E-4
-0.002837962013910819
0.0030538649778245755
-0.0032884467017916534
0.0029439581556295197
-2.679357643966418E-4
0.002664162836767525
-0.00285697625606211
-3.825562782918317E-4
-0.0031380462109355522
-0.003120346648468277
-0.0031837315708390097
0.002741986760785722
0.0028322243938656926
0.002003725351813582
-0.0030439155293256284
-0.001453584809762254
-0.0037609001054317794
5.288857157092313E-4
0.0026551562341531852
-0.0032534456317398386
0.003503866436701822
-8.454514217525595E-4
-0.0032021642563088955
8.171374070844689E-4
-0.002521843047402574
-0.0028642577557471305
-0.0015691879806969183
1.657592267674608E-4
-0.0030663279857696558
-0.003926230202630064
0.0011042864254484153
3.6994333566123917E-4
0.002171247061644768
-0.003207620853555801
4.888814697057339E-4
-5.645345403927478E-4
-0.0034442792471471996
4.1695608982970646E-4
8.33410433142467E-4
0.003087962902435807
0.0030711795781238243
0.0012319211457590875
3.506466009007092E-4
-0.003172589601156431
-9.675022542813162E-4
-9.077842064845099E-4
0.001328233594836359
-0.0035622869081182985
-0.001914320055293589
0.0027168600358368064
-0.0029899241492682025
-0.0013770114978834153
0.0026467432811707165
-2.1956325420661007E-4
-0.0034022333575487815
5.444178465632015E-4
-0.0021285474201983763
-0.0026258143561296026
-0.002271981822711293
0.0033816470958247073
8.886926276106965E-4
-2.1442349913717123E-4
4.8337391989928806E-5
-5.919008281516209E-4
-0.0010621906211304413
-0.004204432895374901
0.0011195273606531833
3.663473684395576E-4
-0.0025632380588134288
0.0029439777721484497
0.0025802173165062467
-0.0024805349233620526
3.323797694179886E-4
-0.0021258355123751314
-0.003064026216780069
3.383492462473495E-4
-0.002836604434266839
0.0038529184963406907
-0.0020831688781763097
-9.271118973863002E-4
-0.002846087734804654
0.002760586290965837
-0.002788181261035201
-0.0029202912716473134
0.003137056049572635
-0.0011619354816522895
0.0028004538373234728
-0.00366885444927743
0.0024057005594669122
0.003998487232140847
0.0013020218875783509
0.0027569102011770117
-0.002612859188268262
0.0025845145336776524
-0.002779263627670952
-0.0028566786640118187
0.002675218766095012
-0.0028128122320195017
-2.682786809709552E-4
0.0030494249026104064
-9.384090672688179E-4
-0.0027256105175326793
3.5317568630646295E-4
-0.0027825787474138036
-0.004289089346950553
0.002633793253070876
0.0011994791426635793
0.0031491250143560207
0.0019577586093965085
-0.0027073293238937643
-0.0011591442594964948
-0.0027348422412887905
4.523048823723704E-4
0.0025175878001021134
0.004106757761167275
0.0012146154353083083
-0.0027134697776075526
-6.865360792493707E-4
0.0029444665683441805
0.0023684511750872825
-0.0025960728051031244
0.0017230278473375862
0.0026825395400374816
0.001325456169158613
0.003176500940538738
-0.0029103923641909026
-0.0027846452919759535
2.3974713432985977E-4
-0.0027114772898003577
-0.0013710676851817504
0.0022305276383601264
-4.4848187395265984E-4
0.002881622347664922
-0.002629051348098081
0.0028125803853268987
-0.0016229076751631164
8.548308138872938E-4
4.6566068469077533E-4
0.0029781286024586594
0.002518216556628771
0.002493245669048321
1.732324576163189E-5
0.00250588716001096
-0.0022990727947218557
1.247357176013598E-6
2.92017819937541E-4
4.447816748352807E-4
0.002433817236416803
0.002405811503373647
0.0030210075148676806
-0.0024628777247000153
3.1062505318719713E-4
0.00291855477469178
-7.946327797951332E-4
-0.001532587675706319
-0.0029270419273730226
0.0028504785630266228
-0.0015761407272951505
0.002822547683040402
0.0025553973760363883
0.0032531278802692166
-0.002378960175004777
0.002260876766227674
-8.050942481851109E-4
-0.0028418295680557116
-0.001642446477204244
-0.003112883837731427
-0.0030036083572247767
0.0030559372793564333
-6.986003633862455E-4
-0.0024149284691536085
-0.0021086155768703626
-5.057057549689287E-4
0.0010583611564012772
-0.0016886586827361385
-1.0015413592658526E-4
0.002987646809575911
-0.0015371641416987104
-5.996436857001419E-4
-0.001047938525041569
0.002482256417435425
0.0026186688566989537
-0.0030448061673832884
0.0012324829575965765
4.548576168131649E-5
-0.0012711185133813844
7.826086229910115E-4
0.002357551235260564
0.0033126530411193905
-0.0013160660464494724
-0.0024589438609657174
0.0025499699184412185
0.00370242390787585
0.002210459489738726
-0.0027679474869821527
-4.850977593368375E-4
-0.001691883338303995
4.5749474441650323E-4
-0.0032332048415443684
-0.002283360204459149
0.002484455086760063
-1.293536090622204E-4
-0.002644290783113295
0.0026315933018999146
0.002392534829673961
-5.414818233138932E-4
6.619232374760701E-4
-2.995643269838475E-4
0.0012377754161691124
0.0025473396574696313
-2.8560441325975054E-4
0.002735312321400903
-5.743674330570477E-4
-0.002505745879536867
-0.002260325803511227
0.0018623220092147588
-0.0027711661482017116
7.350963429758867E-5
-0.002314138613237299
-0.0029554190312306994
-0.0018317378722507158
0.0012133927758534386
6.044190628937426E-5
0.0010874420112600583
-0.002549340750625791
0.0030273645148047312
0.0018103797940531943
7.776100359556344E-5
0.0026841848582819313
-0.0023947077934943334
6.810421892026929E-4
-0.002788433913140011
0.002705984351091802
0.002811689261336902
0.0026233327331172643
-0.0025411799026288646
0.002818215139181649
0.0026584982428425976
0.0017595020581775524
-0.001049678874060402
0.0016612285700235046
-5.673273264659956E-4
0.002191740637321941
-0.0031706740486422483
0.002615600374991335
0.0032924180572079355
7.732035360726562E-4
0.0024937943047682043
0.002023867171669532
0.0022561035246350786
-6.866884466613206E-4
0.0025570244414738113
9.876584397157627E-4
0.002331340320922161
0.0029743340147889616
0.0018340404188492974
0.0028101351631468832
0.0023809356602870306
0.0011718693350851654
0.0024342212291345974
-7.65217692032792E-4
-7.351901645739257E-4
-2.469600396958299E-4
-0.002310427848897784
-0.0010908425214896625
0.0018494259198841817
-0.0027069300633549855
1.954871560255009E-4
0.0018044570486461012
-0.0021154751687456493
-0.003018182559548288
-0.0038319259289562157
-0.0010687241299200104
9.951641184734118E-4
-5.606763614332962E-4
-0.002237282431085439
0.002086839645566989
0.0012168496192398062
-0.0020368774094601944
-3.171379078304008E-4
2.9962881786367037E-4
-0.002745811256186037
-0.002590914743943354
8.711907236375197E-4
-0.0024690553269319355
-0.0024905765838870485
-5.671722337101492E-4
0.0024093136062878825
0.0013892859031286637
0.002181995774861716
-0.0011630907052418934
0.0024334452804968417
-0.0022397413365491075
0.0029819006303698015
1.4342114804194625E-6
0.002331430943997914
-0.002721722909160822
-0.002039553205252675
-4.133607720148317E-4
4.8737121731830415E-4
-5.691662190027102E-4
-0.0026471517654048163
-0.002471343594793565
-4.3019259557670284E-4
0.001797937757137912
-8.315920863795765E-4
-0.0024546108344329592
-9.62032277091507E-5
0.0022317002863684703
-0.002265763614816745
0.0022344186352448855
-0.002226571848203804
-0.0023765043387776567
0.0010542138140365994
0.0031695560934499032
-1.147912417772526E-4
-0.002882334826207004
0.0022238379992884903
0.002812798644863339
-0.002176400796251336
0.0021264346354434513
-0.002201337840334009
-0.002153458745230707
0.0017373594972989567
-3.7410272126758306E-4
0.0010467350327455166
-0.0024134158955205704
-0.0020436755195310887
0.00218827511073703
7.679931332533867E-4
7.715251141226779E-4
-8.872300731187344E-4
-0.0019757417285764245
-5.536429429640359E-4
0.0010921619220726146
-0.0038698232524800587
0.002290313618632652
-9.36649163017361E-4
-3.766048073517487E-4
-0.0018949259938923415
1.6021570150172198E-4
0.0023686082162979894
4.6120399427336436E-4
-6.440181486910765E-4
-9.650629662401325E-4
-0.002875926519410954
-0.0019674134181956824
4.948719923762071E-4
-8.717076411742878E-6
0.0021814313799719677
-0.002443916688394899
7.269398163642268E-4
0.00244952077131234
-0.002127286509853831
7.281780099972915E-4
-0.004481818611334796
0.0031517482737694223
-0.0024604588555291558
9.788853087744204E-4
-0.0013435297550426805
3.9973600281369533E-4
-0.0018279611283143061
-8.12928873515498E-4
-0.0013251681199582279
-0.001944878384237785
-7.979955326535975E-4
0.0018504905708921124
6.932769995195831E-4
0.0010042230997389526
0.0020385489598783732
0.0025040960284101518
4.5851154928109916E-4
-8.881408016672786E-4
-0.0015558479021977238
-0.0026331718077767957
0.0011367422775884276
-0.0024189908407130363
0.0017793286538144424
8.02996148169847E-4
0.0019015041488277763
-0.0011194645683368222
-7.163586210182528E-4
0.0017179337931328938
0.0013941931023194038
7.867845619974026E-4
-0.0017307315706834216
-0.0015194764786212087
-0.0018565163271721317
-0.001218083629556657
-0.002100864553152293
2.542499098403097E-4
0.0020304697111799106
0.0023302191733013296
0.002643914243469399
-5.35552884075794E-4
-0.0023125222417872695
8.206763880985783E-4
3.3167425614974606E-4
0.0023540347056941555
-2.1321487929368299E-4
-0.0038254893505800507
-0.002257298182807785
-3.071734086861221E-4
5.937093974291023E-4
-0.003874830740776871
0.0019241885644407607
4.22663786031754E-4
0.001918203296973777
-0.0017830798843745876
-0.0023554417368577153
-0.0011677733681509307
3.22791879550077E-4
-0.0020667071917112446
4.782995307468813E-4
0.0020964389037591282
-0.0018709257812152117
-8.206767634014377E-4
7.038641888068835E-4
2.3224182964067279E-4
-1.0772147699535406E-4
-0.0018888496305199782
9.85312513727934E-4
4.143533280470012E-4
-0.0016421825233645007
-0.0024201657949765314
7.757083223234182E-4
-8.521102147318734E-4
0.002812973023607763
0.0016565962616848322
0.001126806894296978
-0.002287088842282116
-0.0036586108254406335
-0.0023563058442617937
0.0020546060418898298
3.283445677222845E-4
0.001771235713481094
0.0022769525526340055
-0.0012130749922381627
-0.0017612967433389736
0.0016723773094059946
-0.0031569387746299003
-0.005612856200812867
4.4547557276064536E-4
-0.0024977671801867433
2.5307975480526074E-4
-3.5352616030481024E-5
-0.002545720050711036
-0.0020289699536252303
0.002212140797360466
-0.0020143170443573622
0.002048728209231476
6.449258179635421E-4
-3.2935293195400907E-4
0.0019044616147920188
0.001995903535301337
0.0028411020899496665
1.7294990622141495E-4
-0.002645220369774567
-0.0010999236143631043
0.002172966319497158
6.775457432729739E-4
-9.256318274317162E-4
-0.0017175634691062671
-0.0024044809482552556
0.0020743750022098606
9.805514267764834E-4
-0.004154296486170366
-9.371777327451154E-4
-0.001912484422036381
-0.002125688637542286
0.0026321192981379527
-0.0018691516335354206
0.002291092588717916
0.002963457989900335
3.900402605886016E-4
-0.001150979915265796
-0.001926453140128606
-0.0031723753261929766
-0.002445953540271972
0.0019214954857316453
-0.0023244059407442745
9.409723445730633E-4
0.001681645383085539
-0.0013888803736820626
-0.0019777062594532146
2.0176937157106732E-4
0.0021023062325722366
4.1153598807120866E-4
-7.720656401447634E-4
5.929566992541811E-4
-0.001421914784337295
-0.002251148203941149
6.806635035148052E-4
0.0013544593590217393
0.003831347210568465
0.0021993030977649356
0.002387552202880237
-0.0019988329499339803
0.0019348607453283343
-0.002186144170336991
-0.0016419966323735998
0.0014135252225079486
-0.0023421751721041293
5.991311699856282E-5
9.823542985854285E-4
0.002049652409363961
-0.00108673099231271
0.0011455469103113954
0.002849873311263611
-2.7733681056013994E-4
0.0018854319043411076
0.0014949441869437372
9.727957571638307E-4
0.002463334209685092
7.473768412799546E-4
0.0026787471802544953
3.1745523781167224E-5
1.419370919596739E-4
-0.0013732935578560426
4.6740081377291047E-4
-0.001765923179248573
-0.0016189051920804938
0.002079289569463875
0.0018947224847407124
-0.0015448230272617938
-9.98221519176007E-4
-0.001198188737728281
-0.0021198558849704636
-0.004547661943182806
0.0017866101317096715
-0.0010104495098287804
0.0019466960401637937
6.513917516617235E-4
-0.0028137916282461677
-0.002076877730427655
0.0022922783277821187
-0.0011716154344781472
-0.0019078029485199348
-0.0025570487591510854
-2.252807322363369E-4
-0.002761508419053486
6.617345344170778E-4
-8.76402453777986E-4
-3.5400101892303604E-4
0.001595944555057875
-0.002363881004946279
-0.002388010719659558
0.00185943789496594
-0.0019663766723230372
0.002158962719985696
-0.0019022167147660974
0.001877200730111761
-0.0015860794597811196
-7.315047153648285E-4
-2.0368076764051238E-4
-0.00197315938267088
-1.5412991182262297E-4
-0.0016963623038053575
-0.0019592989804298492
3.5561371009892124E-4
0.0015257024237311605
-0.0019428432376522948
0.0019786127250045024
-0.0019410521173837138
0.0017334107789730498
0.002008640688873806
-0.0018521221314015438
-0.0019187796160744324
0.002177774099754709
-0.0016062706463920316
-0.0021848383891286656
0.0024987887506816918
-2.5964189360026997E-4
-0.002008259709189573
0.002068025771207122
0.0016656507684310758
0.0014160948772654976
-4.0809821384383397E-5
3.2156026739404005E-4
-0.0014791132628418392
-0.003148393653954505
-0.0018743321722761333
0.0010528315350278419
-0.0019218406858303866
-0.002047982488091328
-0.001923357336320508
-0.0022080972368391785
-0.001839399551532543
0.0017615880815718082
0.0020233316399069206
-0.0022161801147316403
0.002865075195955951
0.0019073636296608495
1.5211709511653483E-4
-0.0017075212071191326
-2.145245672775891E-4
-5.196496649416334E-4
-0.0015512366480033982
-0.001656115763994017
-0.0013236867234705215
-8.949692721148472E-4
-3.7507492632607166E-4
-3.368300572111297E-4
0.0012890037830790417
2.1659834617427339E-4
-8.113764304457045E-4
-0.0018863720602201376
5.581417098517136E-5
0.0016544905707231016
-0.0020082349466025847
-3.11471111196782E-4
0.0022040448779422736
-0.00234895679447458
-1.5261022541205539E-4
-0.0016246213559901858
-0.002902368003759902
-4.676130040660352E-4
-0.002249080731378301
-0.001984221989462091
0.0010714090490463726
-7.633341118750797E-4
-0.002591789405942932
4.7266541540237335E-4
0.001553020985962591
-0.001486077699627485
0.0015095903237998059
6.485985000235629E-4
-1.6771341825713671E-4
-0.0017699101153847013
-0.0016039943454448683
-8.708332021445329E-4
0.002867792760072812
0.0015013321875772276
-7.611513238577131E-4
-0.0022499273365936376
-0.003418716174824268
6.039311457167346E-4
0.0023335688901459663
-0.0010241972205146355
3.2251685646830184E-4
-0.0018046834634204002
-0.0017555992231302888
0.001868790900373018
-1.3003694816297004E-5
0.0019377637599548518
0.001666296340919478
8.207039740492913E-4
0.0017409809551785763
7.427569178946662E-4
-0.0015686592581660474
-0.0015361569947807468
-0.0013833722065856677
-9.836489228369888E-4
-7.096246051479839E-4
3.3647328949821945E-4
1.0676904671457833E-4
-3.034509064957362E-5
-3.9268916348314064E-6
-2.9752474102559404E-4
-0.0023958423151179587
0.001528144121354668
0.001583423115059554
-0.001079488015539739
1.3785580861007111E-4
6.491418857814768E-4
-0.0024011867279001213
0.001262847829011162
-0.0020099574563058648
0.0017189818294366778
-0.0015644070189320008
-0.0016345506354804808
-0.0016098816240483341
3.3891016796055404E-4
0.0013488323531689716
-0.002431467264475483
0.0016084606345174903
-2.997136319721937E-4
-3.4562562946326424E-4
0.0019091152145951794
3.697079737015243E-4
-0.0015285023653945683
4.236963389853007E-4
-0.001410816585241519
-7.834923745312957E-4
0.001963884654139925
0.0016699018244924865
-0.0011286099063640652
-7.200059813199284E-4
-0.0028968937819424207
-0.0013116744829523338
0.002132446983607082
-4.533131771160137E-4
-7.464110787352092E-4
0.001418649509933763
3.9358517361991473E-4
0.0016387494435899787
0.0015304024816128012
-5.449205382071299E-4
-0.001569263267688461
-3.859041512367987E-4
0.002173212362939246
-1.345160726353195E-4
-8.125157653873253E-4
-0.0016068622654880898
-0.00459983912424126
0.0018472962657950082
-0.0019138379520793327
0.0015238508483035218
-0.0011305755989900875
-0.0014544320009093042
-2.3667510265048254E-4
0.0015580821346894865
0.0015650212352234778
-7.807400802953875E-4
-8.092472904722361E-4
9.887444021441708E-4
-0.0018428992061579113
9.855894268982616E-4
-0.0015554709868010057
-0.001902168181162626
-2.4687018310863215E-4
-0.0033751404568275016
0.002048091787800297
0.002097314318873048
-0.001558220871202553
0.001596493828486698
0.00216230970294535
3.38407456751157E-4
-8.04051157960506E-4
0.0014816687527903025
-5.480915194632864E-4
0.0020386068694147365
-0.0015942424569419995
0.0015500006023931806
0.001750693004275332
0.0018279552598919626
-5.243561793622028E-4
0.0016613491373669203
0.0018198839010134219
0.0020634293660855988
0.002043699140345514
0.00250440864937569
0.001516207077284998
4.588911073066167E-4
1.724803704780683E-4
-0.001359007657777084
0.0020171360142438493
-0.0014903781827851814
-0.0020008040416936747
-0.0012186805033894748
-0.0015399231112832876
-0.0016607415353232726
9.502320214477061E-4
0.0014563500062801488
0.0012858821395099033
-0.0012279467295903813
-0.0013354918020120647
0.0010203753099221335
0.0011578301771159377
-0.001295208349051913
0.0014621718263425033
-7.452464797916302E-4
0.001584698907138479
0.001287258883580001
0.0014042611507990132
-0.0012376004804880913
-0.001482245118754384
-8.28566942363111E-4
-3.147748021764021E-4
0.0022920140731806553
-8.683836872812611E-4
-0.0011246239485333451
4.197050020393839E-4
-0.0030089106398562874
-0.0020284179161014215
5.6959783180706405E-5
-0.0014780258548521925
3.379173541021557E-4
-0.0019032115696577098
-0.001509282896452985
-0.002213823434075701
5.281507930237497E-5
0.0014775361607736945
-0.0015083682013247433
-9.947560470013536E-4
-4.38090063912373E-4
-0.0016594763693865678
-0.0018545830812889432
-0.001491559613366827
-0.001171592490435127
-0.0010973782247667002
1.268744673132182E-4
-0.0015391656346985772
6.260856678162931E-4
9.891209341223047E-4
8.250217100078892E-4
-5.714033210879694E-4
-5.619258669750778E-4
0.002065116345344433
6.097963839127563E-4
0.0015236891141877963
0.0010211378781759435
0.0010301914295351112
-5.710487737704197E-4
-0.0011054553254415478
3.8208484645647407E-4
0.002070943534648443
-7.986760895094772E-4
-0.0015868267827650628
-0.0010815096901575243
0.0020660367895360882
0.003156926233865515
6.840382580384916E-4
0.0025347131488935876
-1.2245187400873947E-4
-0.0020134514812444907
3.2702726124155717E-4
0.002889870679886485
-0.0016383747268698772
-0.0011457615052688393
-0.0014241204921014586
-0.001533593274388975
8.930003447659194E-4
-8.424216401040836E-4
-0.0015883715744424102
0.0022240340498376862
4.680713690251861E-4
-0.0011565720599811201
-0.0018156298217474342
-6.01578788485674E-4
0.0013941267597350937
-0.002351276059654261
4.8763503187367285E-4
0.0014495163298112082
-0.001661651305821693
-0.0010785634812224172
-0.0015503431757574817
-0.0012493856157233512
0.0010819709764383861
-0.0025301642945677826
-6.23070893689169E-4
0.001191521088523495
0.0016610097687409597
-0.0014049143538952859
-0.001011675512918481
-7.528052765213068E-4
-0.0012809597056240058
0.0019115353817356225
-0.001640350037077403
0.001371859003769488
0.001811781915718811
-6.156143067691083E-5
0.001593293426276565
-3.057458608676333E-4
-9.440368468512302E-4
0.0021963824885485443
-0.0015103046019363138
-9.525109264024476E-4
-8.336935349794986E-4
-0.0013085165555229157
-0.001336467294083061
-5.942040278275564E-4
-0.0022156713701172804
3.843137581870817E-4
2.900354467524152E-5
1.302679599484803E-4
-0.0013796996877119445
-0.0018542267718701026
-0.0014847035765737178
0.0013602913160647922
0.0012099552404305645
-0.0013214056705812898
-0.0012225359117580834
-7.12869558459595E-4
6.639642577984888E-5
-6.44655184526441E-4
-3.196021855104236E-4
-0.001558349587409849
0.0012750200797912988
4.873477542682359E-5
8.245311395861055E-4
-0.0010757517164444784
-0.001118199698498789
-1.803008551370591E-4
0.0013659757296116723
-1.912578976464636E-4
9.856519894880214E-4
-9.173877870711223E-5
-5.409278785506452E-4
0.0012998106023968876
-0.0011113915076812592
0.0012809725764816485
7.62766947284858E-4
2.6325520934554264E-4
-0.0011725401989345476
4.645300610180276E-4
-0.0013799225674170188
4.1578140453562017E-4
-8.970177237319733E-4
-0.001259949899199554
5.669369626398622E-4
0.0016686862899812445
0.0012317193460894423
2.3915613538786707E-4
0.001328637837178878
-0.0011997383592176523
1.3737096511447548E-6
-0.001243442861282813
-0.001102416620944481
-1.7034655198052223E-4
-0.0011488163065954539
-0.0018680488954847983
-0.0012098993543888839
-3.9880361591787936E-5
-5.683371993328882E-4
-5.440992304243685E-4
0.002632880029872653
-0.0011527819427645592
0.0010381211989909324
-0.0013874328699963355
3.7523073805984897E-4
0.0011752485034089697
8.485064373299082E-4
1.0182876695542956E-4
0.001258521494561259
-0.0010928598135190608
0.001400141290007597
-3.8091806463860594E-4
-0.0010957178515925527
8.208746133963254E-5
-1.4116126678349043E-4
-0.0010344840061811591
0.0014241044556754568
0.001077501358222253
-0.001249266790277318
-0.0017746249300743086
7.378420718748802E-4
0.00131332935602986
8.043304573237149E-4
0.0010564432542433011
-6.936312760244917E-4
0.0014860609262732402
-6.631020920742069E-4
-0.0012934994826498982
2.7827080086077473E-4
0.001293473028824171
-2.3597732978897863E-4
-4.3411213022189274E-4
-0.001269352803393379
0.0013436406451235012
6.221536201461651E-4
-9.921734920458744E-4
-0.0010515260663755577
-5.193831248731972E-4
0.001100274377494832
9.981548906501038E-4
-2.919433796001063E-4
4.944238441747214E-4
-0.0013554353917300344
0.001112077744471645
-0.001063719938700654
0.001281817877114495
4.089740477302829E-4
-7.855619195965432E-4
5.373352733214956E-4
9.160305495413288E-5
0.0011867598270999607
-7.702920359685466E-4
-2.196879370247592E-4
0.0010841156442235656
-0.0012301795667045633
3.4179880316038524E-4
7.720219402701665E-4
5.916991304676723E-4
5.907516839993281E-5
2.5454201549506787E-4
-0.0012526477697796241
0.001492154446323405
3.4458479147050393E-4
0.0011208157105004766
5.095492737676315E-4
-9.92350957280183E-4
-0.0012100000800626173
-0.0011490172417882615
1.4579810916793613E-4
0.0013128718819688538
-0.0017048847547644986
-4.6100821428414414E-4
1.7475603502244006E-4
0.0016287047358009596
-6.897095556392429E-4
2.0928946603516652E-4
0.0010033021774186047
8.687141127478652E-4
-4.821469993190044E-4
-0.001084005195543455
8.435416700646689E-4
8.206669743207935E-4
-8.537295773042019E-4
3.269924011552405E-5
1.9880388863992684E-4
-4.453973621801027E-4
-0.0011319446118369225
3.494627477464409E-4
0.0010958256177869092
-0.0012029516320103946
-7.75309653696211E-4
-8.823722356950768E-4
-0.0012691789177652604
-4.308156592848494E-4
-0.0010096252952807672
-2.890196163894656E-4
-0.0011766694880395638
0.001299176994599092
9.96907224637226E-4
0.0020139214628268538
0.0013749825865550299
-0.0010635824711331973
0.00124552320175956
9.96662229964173E-4
8.911782502103719E-4
-4.6824901922588446E-4
5.839271184613707E-5
3.832903555413692E-4
-0.0014608059153935842
0.0010243341742745674
-6.990897256048688E-4
-8.248423981940987E-4
4.899463473222522E-4
-8.460239691561514E-4
-4.702883414110301E-4
0.0011679639799051522
9.550113829900985E-4
-8.84633500581788E-4
-0.0010285130354954959
9.027273661377318E-4
-8.079571171038787E-4
-2.6280450277891117E-4
5.857431756834778E-5
8.956504109339645E-4
-0.001871223884950866
7.995374634494741E-4
0.0012805166191383194
0.0010082157191933546
9.688012256713044E-4
-1.0046050060488176E-4
-9.680487520703546E-4
0.0011572696372965721
0.001978374832868836
8.7741965747262E-4
0.0013543131319837033
-6.742445418691435E-4
-0.001226274660130107
-8.971674662354636E-4
2.3759527531700685E-4
3.171721999787344E-4
2.902510634165046E-4
-8.065645354233147E-5
4.975885948535176E-4
-0.0017116876699641906
6.65977636493733E-4
-5.417404175375726E-4
2.56483128414975E-4
-6.910974593534274E-4
-1.487834567599889E-4
-4.931700027791172E-4
-0.0012040087993228379
-7.845828404748342E-4
2.648365508189619E-4
0.0014833808427971783
-6.745812230395706E-4
1.019031390129846E-4
5.563038399992879E-4
-2.960461090714071E-4
3.3712991004314607E-4
3.801631428479053E-4
7.357064631820026E-4
-0.0011044044108109937
4.863767552082425E-4
-0.0011239691112529021
3.0412200249183924E-4
-0.0010623187517837715
5.2132571934247434E-5
-0.0011978748189663052
3.727637812394985E-4
-9.936739323370182E-4
9.56394204161192E-4
9.867337444936773E-4
-4.6626430547657864E-4
2.983892193693139E-4
0.0015917241266761814
-4.1170662759007357E-4
7.012518699430622E-4
2.1266724989587614E-4
0.001037578743460915
-3.151890903644067E-4
0.001612669911557079
5.884223818390396E-4
4.39217211984301E-4
0.0010263618137620826
-6.116400777539014E-4
-3.5909881345994244E-4
-4.193854017233694E-4
-7.258614073057717E-4
1.7022871821067032E-4
-9.762586778720113E-4
8.265034493562147E-4
2.6533929089872385E-4
0.0012445525493309177
7.486466065972159E-4
