657
506
613
736
612
659
509
613
735
671
673
663
676
557
612
729
675
828
657
818
732
614
674
670
894
668
660
896
714
673
663
505
898
669
726
505
710
722
322
889
662
510
779
553
554
661
720
291
765
714
511
979
506
323
705
566
760
716
614
610
699
776
530
778
658
528
736
773
903
539
317
661
812
805
769
766
902
810
809
973
905
825
515
768
503
890
893
681
820
811
914
516
894
669
825
314
715
373
737
518
909
613
819
974
516
798
718
736
538
827
894
903
770
892
680
550
782
918
656
671
802
537
668
356
547
911
649
710
779
535
742
779
713
319
656
739
714
708
656
560
672
887
788
892
811
357
534
681
563
823
789
883
375
537
524
765
296
817
534
680
906
784
668
636
552
725
346
820
550
510
895
555
669
553
358
889
287
764
660
767
816
520
952
981
543
512
908
728
361
771
767
287
821
540
543
712
677
534
760
697
914
772
560
671
754
291
313
613
516
723
717
897
673
603
709
819
830
302
776
905
796
544
594
907
685
682
720
785
812
527
766
896
645
553
730
909
777
525
943
347
822
799
626
368
584
858
815
798
707
293
732
599
348
289
722
795
578
829
857
550
787
936
680
678
834
717
1029
830
784
547
713
811
713
300
893
887
514
642
905
769
822
906
664
1330
769
736
286
951
780
591
614
969
348
663
712
892
822
972
818
676
353
724
812
701
945
627
859
380
768
735
1062
976
775
670
365
908
627
977
898
524
659
626
902
711
894
893
809
1020
336
586
384
900
539
323
948
283
716
807
773
711
382
658
770
771
689
795
684
510
662
767
597
764
304
783
664
342
508
575
291
670
505
535
861
773
972
710
786
973
1049
598
891
713
798
981
837
710
823
717
741
757
825
807
852
913
302
918
957
950
810
316
518
606
783
604
854
288
582
880
548
686
1042
321
676
572
726
831
767
714
507
1030
727
722
860
554
553
1016
1003
781
949
1048
937
866
657
748
1063
920
487
1336
785
304
828
940
507
838
788
1212
724
506
754
599
562
1230
1004
1021
760
635
723
741
751
684
655
835
582
1061
558
828
289
373
998
725
715
944
843
906
642
505
1011
824
662
777
319
536
955
286
662
882
677
658
879
657
796
655
1100
890
797
863
1229
734
311
817
501
868
726
708
851
903
1123
919
865
1085
773
1192
863
910
706
908
740
303
928
287
692
612
896
733
940
544
372
1190
778
623
869
685
791
889
766
292
808
886
972
904
1323
674
803
1210
607
264
863
970
673
979
379
945
668
858
1209
971
905
672
1260
926
669
784
1010
285
775
545
772
976
334
769
768
1085
963
526
669
952
499
719
910
1018
381
905
736
866
453
1214
856
815
694
840
942
837
792
821
741
596
557
287
824
559
840
664
757
1067
764
882
795
1050
806
883
532
435
788
681
584
947
661
936
988
823
933
700
529
774
727
732
867
859
952
752
914
968
970
974
669
336
796
943
337
1022
808
375
606
468
781
809
729
639
721
676
477
686
624
460
964
1242
910
926
615
238
520
860
314
726
993
1188
655
1014
884
888
978
968
290
805
846
714
954
845
994
609
719
927
750
696
490
925
1140
931
1255
907
245
806
1281
723
518
673
942
841
916
835
961
992
645
477
1011
760
928
698
907
871
366
468
889
543
611
595
926
847
1053
621
858
581
653
835
671
504
556
412
1213
333
962
332
1015
946
1204
731
893
921
811
951
1018
743
1202
305
301
1000
1050
835
842
1058
517
545
947
841
864
982
746
719
308
931
979
872
702
697
1239
270
932
833
1066
831
581
895
880
953
881
919
298
716
1326
284
1012
1020
875
698
845
1196
904
990
772
585
528
766
1059
926
841
928
612
811
596
1023
378
275
974
1192
1077
706
976
1284
718
852
998
790
354
635
961
361
847
711
910
762
1257
540
957
755
978
1191
944
486
1010
607
957
1064
610
671
885
784
303
656
659
732
799
903
286
917
963
801
915
793
731
554
884
970
848
352
1164
998
500
800
869
401
813
1043
889
858
763
374
1211
346
933
856
733
317
1206
1266
661
819
571
992
751
1077
1026
278
710
1060
1018
836
1204
867
611
315
946
675
979
273
903
882
948
1017
1137
1027
1227
823
1034
678
1201
573
755
894
994
893
724
1255
898
913
903
471
965
542
963
1031
975
799
505
857
678
705
672
833
1009
552
1237
934
782
1313
1002
1030
1182
1162
896
1005
1208
986
879
725
407
1337
1199
1080
1234
1153
871
902
849
1127
770
1056
976
1160
1085
874
987
897
996
865
875
318
907
762
855
928
1196
928
1002
875
711
881
811
1030
470
1024
754
276
722
877
927
960
666
676
1229
741
876
651
492
877
965
916
989
670
926
1205
483
1061
930
1250
1034
772
650
973
729
908
