0.022059731673848962
-0.0164529584993473
-0.03344880554994312
-0.01507277337510207
-0.014030239450051779
-0.014004594423317971
0.027211050488904508
0.010549741635012606
-0.01269795972907859
-0.013726223722483093
0.014544057096703632
-0.017468189537711246
0.009077867182491253
-0.015522172604266356
-0.009981444132669421
-0.011605060389066219
0.012164513110023924
0.01931055187482243
0.014734485363341888
0.011017965328450154
0.007762879357574656
-0.009297813308484715
0.00852812351490151
0.007209818890665361
-0.009495029766821326
0.013715246025582597
-0.010259006096557464
0.012076019086321282
0.007476887331570366
-0.005934105921556858
0.006329377463792477
-0.007102338936064311
0.016016250014943112
-0.008275820935782541
0.014709040273764079
-0.013593658812879678
-0.011173790017314672
0.005330922880798161
0.009303602693599401
-0.009928006418934633
0.009798532960972037
0.009948420422193426
0.007890909547351062
0.008755127092758856
0.012417150072532078
0.005607534894638978
0.013866739947657112
-0.014064675868805084
-0.0045821792189005145
-0.0048739345795799135
0.012007431894004779
0.008325709007638106
-0.00958758238889087
-0.007952782106943009
0.011334658210563436
0.009188456080967416
0.0066700701926964145
0.00942456834095499
0.004004398236895323
-0.006028315127706492
-0.008517169638269517
-0.011197286194531923
0.0061740497906527525
0.005863046297025999
0.018451091615626414
-0.008718572969501504
0.005698759831809541
-0.007604708817503587
0.004289928554626039
0.0042751490885615615
-0.009018118412430743
-0.01048715506536115
0.008747063710622033
0.0067681663726012605
-0.007946296021415035
-0.007232203261367799
0.009082164983208409
-0.005289381402613357
0.010429299068319658
0.005333735465174792
-0.005295005058786228
0.007243204408901184
0.0095312192772669
0.005527401357283234
0.0056087432034261754
0.005557432376929711
-0.008164561813468025
0.00808337019411609
-0.00748309302031518
-0.006053480466543278
0.0053768831811983825
-0.005627691610580392
0.004430288898314796
-0.004443160233981481
-0.006906237091048502
0.007695309139177818
-0.00667621116678713
-0.0039981422704416115
-0.010879217469430645
0.00962191526976453
0.004962475696941185
-0.009059489798784065
0.003629410061305867
-0.009091594873853297
0.008626977394739757
-0.006472975719413191
0.002820878683750806
-0.013052415416898569
-0.006447964135179555
0.00900219117675661
-0.009549222333260858
-0.007834249444969021
-0.013616023044046879
0.006573975694816229
0.008255864212341224
-0.014520036441109347
0.0064719869460692185
-0.004581900974275737
0.006596069004445536
0.004559657002037205
-0.01036306834558479
-0.006248871225500745
-0.008214827249726372
0.013019472525118878
0.006821421384705862
0.011346322654739798
0.008583612023885016
0.01149783359289556
0.007636890388922446
-0.005337280670018877
-0.004185413810945891
0.016519105973208343
-0.00781153807405295
0.004929820970896979
-0.009913700470445855
-0.007665471138699027
0.0062648555392065906
0.003957527723732062
-0.005713545265843512
-0.0041507421587438816
0.007198089111272436
0.006842806065951366
-0.004950965661207149
0.0022461732610074515
-0.005608936463968204
0.0069458903115726806
-0.0051930110584531095
0.0053567127629770344
0.004149601494848932
-0.007108629798605878
-0.006691536375167979
0.002879734608312266
0.0015276564751189952
-0.00384055663431712
-0.00351436311125006
-0.00479245203563633
-0.008017841106752167
-0.00475247544413557
0.003509503385654601
-0.004285882365185918
-0.003962387788085833
3.513308634161688E-4
0.004401417257541352
0.0026380053968260153
0.004373765387241443
-0.011459686454810354
0.006503896240543535
0.004680198447210035
-0.004193813430691025
0.003572224773789666
0.007223540610108794
0.0031346001196917326
-0.002646502409310567
-0.002987600622463866
-0.009446070218265658
-0.003980958143067799
-0.006550260242946924
0.007520067714326242
0.004133028508155766
-0.0030191882597160862
-0.003973434665967042
-0.006613319982335133
0.0017433849532200554
0.003927739535182197
0.004676207584081599
0.003605717289009432
-0.0037342963109977113
0.002279370020797916
-0.0032598407080612754
0.0032049356539305632
0.014236575369959226
-0.005162346883260177
9.691512985232915E-4
0.004241672532035298
-0.004741829770339774
-0.004762862820833483
0.006363157863846667
0.0023493374877802957
0.004030155261048057
0.003351286868369212
-0.004768583929786334
-0.0029012741380964693
0.006241560480738859
0.006681029602108747
-0.00886582903635514
0.005341157583661976
-0.019929104369331922
-0.005169219549121941
0.004907489686280151
-0.0052299946174448175
0.0035890522011219187
-0.0026303812849727045
0.0037423297733485236
-0.010253611354081447
-0.007946817861673255
0.0029976560533309543
-0.006144093839366532
-0.0015521834938295152
-0.02060317891349086
0.01892603098153306
-0.00172240189477932
-0.0027531821590212283
0.017254301994598834
-0.0020164785880843624
-0.003091553913287867
-0.0075767547362553525
-0.002606780921011225
-0.004521430395007253
0.003636684838033896
0.003115165598364435
-0.004289128840229739
-0.00545046516921796
0.00480844887968986
-0.0032745645785827336
-0.003795217795736796
-0.019994906520016672
0.0033535811271192435
0.004725351265456001
0.004239941912240309
-0.0018271039020413518
-5.398569748401965E-4
0.0071018249340846305
-0.0075496235511375385
-0.006992431504197176
-0.003518902993301787
0.005353048731011041
-0.00811995227346503
0.004116801767598494
0.003280553567966468
-0.005431220020932624
-0.004754513758695732
0.0024711340183306077
-0.004634064544646908
9.198677594785412E-4
0.004884130603913206
-0.004498240439298397
-0.004125682414613185
0.0030670552291271825
-0.0036568532992036435
0.0159251416592234
0.002494217715164318
-0.005908598372938501
0.004756505840535549
0.014156789133770241
0.0015954293258193541
0.002328067048060959
-0.004520978940641848
-0.0028662694910145566
0.002542197388627772
-0.016038553425746983
0.00209481535830754
-0.011201312845130705
-0.0033140657777278974
-0.0069956523787179405
0.006308970995887369
-0.01512887283737498
0.01272057687166295
-0.012404953479677043
0.0019010528702115054
0.004811004458756172
-0.002388541183763683
-1.6579883479524382E-4
0.01321301524063732
0.0066237147403617625
-8.877251527516306E-4
-0.007860349842649762
-0.003038641477245218
0.0017119258358799481
-0.0015943081768719012
-0.0017086597576346887
0.002251549348456612
0.0032675979917640625
0.0020283871331326425
-0.0059137046757856354
0.005873500940452748
-0.013140348528495865
0.004361925557297769
-0.013697679666289875
-0.0016995449540189883
0.012679234651041552
0.0022323251896047484
-0.010150393393276894
-0.0026724248378030913
-0.0016570546781697652
-0.011556427848960615
-0.005886971658102804
-0.0021147660172448767
0.007818410563368274
-0.012351913580448386
0.01416978899392287
-0.0025190123311804357
0.006738676263633911
-0.0011889600983681563
0.005076968406103774
0.012664345849833685
0.001617660578911729
0.0031050531626853773
0.01119237304588075
-0.010594052531029439
0.0022433800795303095
-0.005124296970801616
-0.0017054975916307627
0.011159755067285894
-0.010675892013523277
-0.0022092511709372506
0.0022389366106208013
0.0016175974278371213
0.010191326573870283
0.0049469802246120045
-0.012111854085077154
0.00400009106944351
0.0024064502013209596
-0.0010619341392390674
-0.0010803806682401838
0.0016646945475184596
0.004962131951567669
0.003831926713740571
0.0018209229207936382
-0.0012737427916528425
-0.0030995510493329573
-4.5076210177243293E-4
-0.01173790983362623
0.008893494556526828
-0.0019622497130499677
-0.003889311080518216
-0.0018555656716791433
0.009154352645404248
-0.0090521397389233
0.008338618541977946
0.007824990285751409
-0.004285919425971009
0.005126339455868097
-0.003125949790409492
-0.0037989138503845125
-0.0028276146972297583
0.011219208872873001
-0.006873507048378047
-0.0011003915889863255
-0.00896678002989181
1.0401544657880706E-4
-8.645785948284963E-4
-0.0032261277255397425
-0.008369654227532676
-5.532483300001336E-4
0.0011512426235028065
0.0014739287897719102
-0.005977105650354486
0.010322900472193199
0.002617434181782543
-0.0073608483534021996
-0.008515023299185145
-0.0036795840689341644
0.008051342966196938
-0.007665549723208791
-0.006354661272985645
0.006571315304270337
4.089420136583591E-4
0.005679802378019567
0.003714370939691061
-0.006494767492904212
0.0011464092788672393
-0.007293785358479524
0.0010473837380797727
-0.00822884705509217
0.007696648635593097
0.001865397422447556
-0.0075544146345931555
-0.007083150740084209
-0.005848680635850254
-0.005660882897782416
-0.005173644462706286
-0.004402810814358461
0.007910295780900188
-0.006799548637096424
-0.0014213553265226236
0.006161323766344987
0.0031868531629564985
-0.006009102408817305
7.010153487325693E-4
-0.006272585636140716
-0.006455220477687899
-0.0013483655583862498
0.00676624190098273
-6.439273714197102E-4
-0.001939603828473724
-6.285250638050181E-4
-0.0013310847979522175
0.004853878920066141
0.006709294478559669
0.00679219800638754
-0.001376110621901263
0.006303333017921713
-0.005134420337443509
0.007808076908353882
0.001554450933626447
0.005543242530940516
0.0018937454643777234
7.374001147612657E-4
-0.006226613525828769
0.005759712373427743
-0.0014833905651489572
-8.583420599588002E-4
0.001866453394374075
1.3596012110917582E-4
0.0019591295948566192
0.0022661503232346003
-0.004644401857001529
0.005269872749854891
0.0018463345524589007
-0.001613625836604735
-6.880614613333573E-4
-0.006949705390445465
0.005012363273491841
-0.005603695000138086
-0.005348413673363283
0.0013291362899828761
-0.003003693260375831
9.553599689734466E-4
0.0027426265599343348
0.001453755101648903
-0.0010350613194792392
-0.003747509279519277
0.001311918533173197
0.0047703077353081925
-0.0017200646798180852
9.710873815206253E-4
0.005259031473535295
-8.489164178185775E-4
-0.004614322666130139
2.735623483140211E-4
9.477117567134096E-4
-4.749675096193609E-4
-0.0043873507119152125
-0.0042206249707693235
0.00280961887503461
0.0013895001590448514
8.766212539306356E-4
-7.552331363239308E-5
0.0034805846354546478
-0.0010509351354386087
0.004186601480308076
-0.004197585199042407
9.090711832914137E-4
2.4955381229265617E-4
7.351328169803362E-4
0.0017031399952201513
-0.0013711636591074217
-0.0024701230611586665
0.0028025621571049846
-0.0030625320365729276
4.859282853764544E-4
-0.003762680300777569
0.004115480474242128
-0.003693550022399148
0.0020569712517051215
-0.003609028736470942
-0.0033117803624000586
-0.004515108201252351
0.003713151285177443
6.096693983737823E-4
-0.0011486420677642713
-0.002878872987177743
-0.0010585005415546388
-0.002968519097608174
-6.567615675587284E-4
0.0022120723883347743
8.987740944436301E-4
9.324635037188514E-4
0.0012794389162900778
-0.002636246926462988
