2
2
1
543
0
3
1
1
1
319
1
2
3
542
1
351
0
1
1
2
2
2
4
0
512
4
378
604
1
372
1
0
317
5
513
548
515
4
2
513
1
352
3
0
4
542
506
1
352
4
378
0
349
0
1
4
4
3
2
2
507
379
11
1
3
5
388
503
1
0
5
0
4
1
11
2
371
541
334
521
3
347
0
3
387
6
547
908
5
350
4
2
3
319
0
315
4
4
5
2
554
4
3
519
5
517
509
542
6
372
373
506
564
2
10
1
1
730
392
506
2
317
316
5
2
553
301
5
374
3
3
6
4
2
5
314
3
2
528
550
542
327
373
333
5
9
1
320
549
595
2
8
3
0
352
11
900
0
351
529
391
3
316
4
0
331
314
0
515
3
7
291
376
637
1
323
553
327
328
541
334
505
673
315
349
336
337
390
562
5
894
509
342
8
318
313
522
4
351
2
3
2
348
669
2
356
548
2
3
354
8
335
338
1
286
6
384
345
4
2
315
3
823
520
1
1
308
10
898
0
5
0
394
317
555
9
5
7
0
508
1
2
354
509
307
359
1
4
317
5
2
511
339
12
350
8
656
314
1
514
672
365
351
6
373
314
816
318
811
2
516
517
0
299
2
826
548
237
13
349
355
1
295
8
344
10
0
12
62
356
346
344
375
375
392
11
549
504
483
347
1
319
899
523
523
374
360
3
534
348
9
0
350
313
4
2
6
1
381
4
308
3
332
0
12
0
731
543
522
6
381
541
2
316
316
521
8
321
21
11
903
2
783
503
339
552
12
539
529
314
556
10
312
354
676
2
563
904
733
783
551
337
289
541
3
0
341
391
299
530
562
367
338
511
7
296
809
339
329
346
559
393
8
9
316
5
570
1
43
634
64
370
1
9
5
320
512
510
5
21
10
348
335
588
514
382
355
1
386
348
9
313
368
7
504
4
4
9
326
804
0
640
538
546
1
513
63
10
383
72
387
7
2
322
7
12
558
6
287
322
349
26
774
69
349
5
314
0
610
508
555
290
2
17
552
4
318
530
11
905
361
3
1
389
334
366
289
218
334
365
286
375
311
351
809
549
326
657
384
388
785
71
20
652
614
71
285
1
12
612
549
695
537
3
709
288
725
332
4
4
508
378
551
6
294
5
646
904
654
714
504
2
514
346
302
673
317
700
4
594
6
427
4
307
315
406
77
300
514
11
347
637
389
3
3
557
9
424
4
300
331
696
214
333
831
595
509
559
804
4
4
1
3
4
62
896
62
288
657
56
235
1
72
315
380
392
10
2
25
897
76
352
9
417
503
550
5
31
19
4
292
768
681
546
26
309
674
11
918
5
667
59
521
54
4
326
679
519
381
909
2
560
552
503
667
632
730
295
731
658
5
292
8
319
536
2
10
371
291
376
420
590
308
292
562
10
654
29
307
798
911
558
297
10
405
39
21
292
305
561
507
569
0
637
293
641
69
726
541
607
217
337
11
322
376
2
41
552
539
572
349
428
237
551
563
1
348
9
652
556
292
1
808
331
381
900
79
290
13
327
292
396
0
284
346
304
8
218
218
320
3
82
79
6
656
322
288
722
50
65
433
385
3
330
312
708
630
648
7
413
350
779
357
399
898
512
391
545
388
293
12
290
7
10
720
683
2
672
295
37
436
418
776
6
57
319
617
391
545
334
62
295
1
53
368
326
5
304
805
308
7
331
31
620
294
305
10
340
690
39
1
727
808
64
3
12
48
535
323
338
568
623
438
194
3
356
318
2
344
370
296
358
426
910
815
3
292
658
746
398
337
284
335
28
729
540
9
500
63
54
674
678
567
612
73
603
645
414
16
542
327
519
626
325
26
303
537
593
347
743
8
353
297
335
520
46
310
736
560
49
599
235
289
664
374
652
392
18
6
510
525
310
525
311
19
640
344
368
61
653
335
659
505
377
12
635
535
314
213
607
526
6
11
505
57
404
397
21
78
218
341
518
342
570
235
33
306
541
669
766
607
338
51
46
11
72
396
746
2
51
