-59.512378950731986
68.69879537548566
49.777439349293424
-43.40984802162715
40.40623397219488
-37.894121131832215
-34.7437471292209
-29.906508806202474
43.947850330278406
55.255954201048844
32.00069544360408
36.0003718311922
-25.10749959434742
-40.01916280940361
35.87972457951145
30.85574233522928
28.136738227127353
-51.11257945575213
22.934097795848636
-31.756815426361563
-18.420095170603812
39.440203171856446
-16.898935373579647
24.339248986297218
32.712241699342705
-17.760335901512875
19.57869558306685
18.000044723838556
16.63162583756933
57.753857696689565
21.7897190714793
-29.97824887625138
35.727950964816785
-31.48469843777331
-38.245039438476866
-24.270373852668712
-23.50326392080829
37.41426469904951
-22.46548844529001
22.453387417472285
29.406613865832192
-15.367849708341264
-24.028928309201273
-12.96784928055683
-33.45701603903637
14.12501935290018
23.656537904386962
-20.330537474325915
-18.618190366256083
11.718552767313453
19.378674054072555
-21.827198006799595
13.024580118454965
-20.947739174629938
17.215005421162875
-19.05004222354717
24.121167550008906
-19.44440221317061
24.449041505940134
25.328987058539493
-28.682796871590398
-22.18821009422207
14.0701164530321
23.940082013997582
33.82492748625884
-27.28377370428711
-26.61426874988505
15.192260128863731
-19.29045079443151
19.790662486263564
-20.102023611952205
24.276523801471335
-11.22797719369511
11.283104650456819
-12.778881740451043
22.750036568159665
19.303752630861872
-22.436643687508
20.589286933881926
-16.121169908501503
17.46736950181929
52.3351023652738
-12.756509919572805
16.98171207258915
10.085000613885349
-15.7331499990656
-28.06521545230248
24.844384788189476
-19.22970521009795
-11.747159634354214
18.243291450575317
-21.892549359030227
13.71013428919282
-27.352651720939853
8.703560426030947
26.51117214772695
-12.517622563811152
26.098020302887193
28.25407887915176
21.313286911435135
-17.009433450178012
-18.49150294509753
17.959320104133436
19.885497526793756
12.074995809497707
-13.085435725822967
-30.942399333411302
-16.066098809746656
-21.588635299208658
-14.67430418722954
29.26488143017047
-19.294999699258412
-29.529986502961258
11.146793956072257
-27.21779953214288
-17.927020407455785
-15.065199301620828
9.962360364042496
22.782106794670717
-12.400433524319052
15.95016219508082
-14.445186034452364
-10.275111732308778
-35.55849420972464
-7.157331669147059
15.814069217552428
-13.570874529846263
15.957832347459476
12.316329560746512
-12.938441677886587
11.195008926827112
7.3315752838721435
13.931230973986228
-55.993074687135106
12.926032314992216
-9.590576716123397
-10.418896152645873
-17.944895549771157
10.06254748788391
-10.831427283472625
-22.117439791528664
-23.13547535330051
-12.26291122262006
-20.534097240728176
-15.005264905715348
10.332660296728681
-20.920807932138796
-27.10623727938962
-14.52694057279756
11.090823740814288
-14.465963536290749
-17.717203126424337
-12.727800529417907
13.741409764016744
20.414922735770325
-26.85902652462914
-12.793375594180237
14.39537470022973
-15.477341219722497
13.47414670927555
-2.821283719476293
9.858880621528806
6.48388299371234
14.272899442998913
0.5643395926700815
-20.91631998194312
16.05184155624137
-12.301945541576313
6.220972144198467
-21.876323600856423
-8.227472672536384
5.501322837886121
-13.99769352186757
7.449469449623044
-22.623839811542314
-24.48089806582712
-15.044002450353274
16.348367224513307
-16.41978579772057
17.57678755082415
-9.074503518716377
11.190306496499032
-11.094730236310124
-1.1579695227228606
16.75986056647847
-12.693181468581946
10.617876208322436
13.259671792558082
-12.905128192942623
-18.094017744048237
-3.4168003273377607
-7.322057693209547
19.864348695819523
11.131354205212702
-18.563498799620252
-9.973351162080405
-22.752731904386707
7.600890573759373
-39.403148433669905
-9.000633425078366
13.574571123060604
-9.310087749868911
10.592897085603411
27.566399977129414
-41.73723404977566
15.696089032806336
17.300731401643432
10.366519727623762
-7.434740220473425
-9.51663672678213
12.078508942919234
10.912175715364775
8.368521994310766
-9.46260605751877
-20.341378226527173
7.778751889252788
18.59826943596363
-16.533186292331138
21.854411919011024
14.025742684504607
11.62576865243215
-8.973490482095958
10.011927675041784
-8.620483538999803
5.271317396840337
22.390698086600054
-9.73554134031382
24.294801775799012
-18.109228614015183
-15.609001953240439
7.90361260513684
18.74212270591849
5.025584032994803
-16.038326268894476
-4.101852472620902
6.812011773283131
6.457653933517192
8.017839957699824
21.792095545265287
18.737769054825513
-13.807459710329907
-14.139453093640803
-16.66646794298004
-2.397716593436736
8.112753242455582
-8.499179225983397
-9.718419256908888
3.4701344145512425
6.515001848750278
18.167030266035113
-5.942141811666941
8.239755087349664
5.80824326480044
10.9703048394014
-2.8208319567874423
5.820889998324693
-1.854759814542121
0.36214556387741664
8.877788746599492
-14.033865691505582
13.572062370886346
-7.296744054824104
13.143281973930703
-8.119432913660328
8.351534450985719
28.758797624655227
-13.183238107902064
9.51086060609993
-6.64379570993699
24.51502457433085
18.770886323422115
-14.933278946509766
7.624760317761036
11.73838954317264
-17.135058832083672
-12.726663650966577
11.419790478772956
-11.449066007321063
-13.39640680373833
8.35998221986515
-12.131779204480825
-18.53858638018927
-12.581453890403438
7.126358234912389
-14.848914231405411
10.051020308846349
9.929809530655195
3.625222068056538
11.794394807597566
-1.56196839393617
18.95828523154529
12.047498334027273
-8.898815463841366
12.259846533796589
14.502789651274771
-6.361327581533231
-11.694378722682227
3.4838015935182693
6.319475710828755
-17.468870177578744
-6.173433471029943
11.893564893440615
20.079855235353843
-4.634024211891829
0.9861077951462545
8.643528057842738
2.063210184192204
4.779653930228258
-23.15085713763197
-5.1617608124315835
-12.822146691979562
-20.69392097584846
8.120983145981937
6.4486247906178535
-14.156460408432357
14.358421689334639
15.132585868090132
-23.328936869801947
9.408076280633587
12.856408534777097
10.642036475474539
-7.924142552893637
-13.532636027678187
-7.864081857733543
-34.42224699817761
13.833006692261046
-4.708641124025812
-12.079891164530329
-3.588816766051696
9.462561156545918
1.753686370361917
8.196653477091326
-12.889476874224556
-11.742027997004907
-12.318507567090082
-13.382804473669614
6.411079755579579
14.086120296366296
-9.215847764332512
-12.831919979562874
9.584087749450278
-2.634804134536409
-6.014807269351297
13.294838865000571
-9.012116672017513
29.87833617640895
-3.711951549176728
-10.060190039642258
8.697167539695048
10.95946824320117
-4.8819977900368805
-8.803543448609613
17.68848528575226
-7.655269135157665
-10.10221182260383
4.962186102386605
-0.7195820460439059
5.769101173648536
9.012482891271535
-2.621284914792279
6.2269050910985415
6.3406785304261755
-4.5253031830426185
12.23329750102278
3.7813142474317796
-7.173773084429729
-6.063457480087066
8.23399835465659
12.102408713849757
9.021245312364313
-8.644175674105384
-17.772981971165017
-0.0950451670691203
-6.243882938279025
-5.793138097864834
-8.360881467460045
-10.128378277092482
-18.254723955444547
-10.217078639249067
9.386583424332873
-1.0955182128363663
6.139221040187501
2.347849420307352
10.525859261201235
3.551792695895085
-4.503372593809347
-9.803274064714824
8.176793536651292
-1.2887736150282925
9.53492423198038
7.86486657128923
-11.05841744444615
11.194343760669735
-9.765785120483716
1.1138975392534702
9.430366759479234
-31.30519151706827
7.138519535834003
-10.599998334529449
-22.10196442731401
-9.155198026901187
15.730279405490935
16.894126045270074
-3.6298868820065575
10.595141273185343
-2.0902688787881214
-9.814805391519833
3.9862505780551056
2.9208008671798953
5.684382055670239
9.713957775398123
7.694271240248183
6.077904890157907
-7.731530945003506
6.374332318986722
-8.666131910452304
-6.746001655374892
5.239381063064709
-14.149096419889709
-8.517683948192882
-9.585438574553503
-7.180499210405875
8.5181576647614
14.45008191153792
-4.410043897664369
-19.90176738919539
-12.811361554105558
-4.209699340059498
-18.15478096226517
4.932047709400262
13.129427800694998
2.926461509154791
14.938066391415935
7.61908854390223
-6.840244498998509
0.1474465178903128
-5.5046536571710885
-2.416859019572003
3.33826650243709
10.683835368670058
-3.4724849590907954
13.051320187249068
-2.9128672027267637
7.169079946205472
5.3762388113087765
6.141165993830264
-4.481901182777103
1.0789697818900734
4.298909907806421
6.387620593801618
-20.659157461928285
-17.758146329690902
6.15113609489247
-21.9473825696269
22.13522924105023
4.0446547487723
10.107983124833789
-1.8340041729553267
-6.388472031811654
-2.1665653938379124
4.970667702149209
4.881365923973256
-20.194966638392867
-8.16379093188613
4.950073329411253
-3.955135281407223
-4.4893975387053935
-9.464509457404384
8.279874687987803
7.075595021454103
23.411062300476058
11.831753525730704
6.6340509217723405
-0.6110024213063803
6.931316851696496
-21.960017442320986
3.6390426077373985
-6.386650333279947
-4.635757653068599
5.5545388814470105
-19.237884065315622
-1.3015849250936733
29.460462529759564
7.499694589540654
1.182135532285462
13.655765436950174
7.851797515284935
2.862098842368737
3.4950277628982707
3.237323960745004
-6.703658341556046
3.4355351401848084
8.07642276906672
8.410975024724456
4.278750596912585
2.2656759713844754
-4.164096087944328
-1.1356873605330673
-2.4595532410989915
-3.8039238102383717
5.238578486261096
0.9480097629225558
9.0515755532862
0.7643259650140922
1.9890096771251604
5.507061029755003
7.543258928492411
0.8944214158266801
2.413797353515798
5.927841117249989
-4.576483098272716
4.130167339503315
-2.535998086656127
8.913791519896401
1.5648986469891386
2.7100696367107453
0.6304187558306635
11.848975072245992
1.7410240962863732
-5.248169930565386
0.4108299730895523
2.505698699402644
12.457280981030024
12.430119803674305
-8.105713321016559
2.613426639923549
-0.675674449877455
-4.339837681155498
-5.175391954013861
1.0434337145904673
1.470110712961069
4.424508408677248
-2.2980892721012673
1.795473568499896
2.0592498074462804
5.312522591880619
2.739264887631565
1.7751785912807272
3.9307407608915126
1.2032117380641798
-4.332650116764889
-0.8185662908677568
0.5257764208093655
-2.7094436771454933
-1.1915659432807089
-2.11922797156577
4.315678140873456
3.6867521532733214
-0.9065006007947423
3.164207348123296
3.0534263424327586
9.100041568130395
2.041860462850769
-0.3804532108742518
0.7322530104675595
0.45514572125945635
1.896621993558442
-0.39172210078887043
1.0956841948901208
-1.1222441382096786
