505
659
610
550
531
549
509
538
657
772
351
540
506
512
606
534
500
779
765
775
666
497
718
537
670
727
0
550
544
778
718
348
719
368
714
660
544
544
511
512
665
606
543
774
541
760
548
521
721
608
512
783
664
847
658
714
316
740
612
667
613
738
767
610
762
503
310
502
854
780
682
505
542
336
0
337
726
614
536
677
663
546
727
753
665
711
825
759
721
606
554
710
388
542
623
359
518
679
349
487
941
774
626
519
540
844
466
497
680
0
773
716
972
529
532
539
542
485
405
513
386
557
358
672
750
659
320
582
537
290
675
285
439
933
614
522
300
715
658
388
768
794
583
380
927
774
492
765
674
879
327
670
582
722
734
372
789
432
516
608
291
896
623
418
318
541
571
548
355
659
628
695
614
404
690
871
392
657
914
621
803
931
758
488
778
663
883
838
620
891
593
700
778
770
761
456
376
491
779
441
622
712
970
840
653
663
589
384
302
655
633
663
580
698
459
779
564
769
375
648
464
760
980
395
517
458
374
736
681
918
924
343
315
600
629
288
706
572
769
531
783
897
679
748
438
666
324
288
754
675
696
434
436
817
911
597
666
626
702
460
334
557
791
389
772
836
489
790
406
814
643
579
582
389
621
753
749
870
599
319
583
678
897
392
499
596
913
756
651
315
839
484
510
724
707
420
770
356
717
584
944
723
374
738
393
437
768
827
682
476
953
837
596
712
606
863
799
816
778
736
633
537
950
802
454
313
697
686
710
660
773
692
770
512
803
755
361
819
698
682
591
769
809
815
556
813
785
949
356
611
600
929
860
920
614
558
888
812
830
696
766
632
853
896
828
831
801
722
1202
787
730
609
830
946
820
894
306
827
897
787
898
728
1189
618
878
719
700
862
374
1046
816
328
510
487
465
433
605
807
837
751
799
965
857
326
817
626
1197
736
630
918
770
1178
931
429
501
402
661
814
476
623
933
955
1332
393
817
895
867
921
579
811
