6295.455248446656
5511.298665118266
5963.952495729911
5968.747393991604
5971.56860710129
5960.376635088063
5956.301958257932
6287.468462517794
7169.50763766989
4586.852305096091
5803.494806561919
5826.076589038584
7206.349249118855
5824.496153736306
5816.47110714199
5134.050766385301
5827.16598395329
5511.989687427845
7174.87212813817
7311.096164884057
5826.66085196118
4551.900320737607
5812.832479757703
5816.093899248024
6917.088002346795
5811.013435575653
6873.94337295979
4476.589320939948
3823.5537508441794
5789.571702456985
5970.123830106837
4142.7901530524905
5935.009645493062
5420.144310254107
4575.964689779604
5961.289805081042
4622.531032328144
5825.674781926545
5818.020958263301
7394.584722589605
4429.410833532881
7185.811635703001
6218.219884512334
6207.562076024529
5929.976919313143
5111.205697025313
5943.179086820964
4218.382697758451
4218.90766791295
4209.3340067323825
5294.575690400885
7180.627477965637
6933.373295053502
5891.307930057872
5662.146881927566
7298.367783343774
4816.402803036903
4869.321974608491
4539.0496936858235
5900.714679220826
4316.62554360869
7238.501820303325
7330.00901287726
4845.454167697558
7142.361829157792
4832.531315436144
5134.265864919787
4818.789968650736
4218.067276556605
5940.787032469327
4781.302074928468
5000.775305608105
5807.483721883857
4965.196970471158
3619.5878267219446
4820.435189545501
7276.430925384273
4180.242771460883
4318.118268928844
5003.737128147035
6777.4592913690985
4217.165785311632
5733.93801707717
4819.080727287878
12832.856129967975
15340.10389862256
4167.214146748341
5968.182070699318
4335.959127023628
13810.013968642876
7292.712640201439
13482.294173364218
4802.0268270823
7191.613995302981
5087.052564631808
4217.322548186698
4857.596990083446
7314.076175616415
9128.742412829546
6676.194677589159
5074.24702879159
5134.792267661598
7876.121565387434
4844.407611405543
4238.369434611214
6873.19794006719
4641.819464327021
12407.51340208906
5818.735618432342
5763.194421686346
5714.042988027529
6975.842667712167
4990.816506563904
5966.549258438184
6286.445878822703
5437.772436548131
6408.7582366941415
7217.113250003698
5485.587709865525
4219.514027486644
6858.819145251376
5602.021243778164
6863.536139953391
4614.659999720561
4818.516232215408
5011.209051263113
4564.602981185223
7275.935390729734
7317.417940648049
6869.182628979509
8541.285700260205
6415.734103661479
3786.463524476322
6417.244903673436
4661.2887861630425
3638.780243574571
4823.333559895209
13805.534679599363
7131.888586492777
4432.423685043866
4586.881188003841
4398.902582807237
7275.812759689587
6879.664061452897
5613.257716172629
7227.028817997258
6212.727719453257
4463.215041855104
4488.218283840478
5722.1091997712065
3641.371184908236
6465.623762688025
3620.6389315520087
7275.757703015797
3266.5146041640564
4816.588759688757
5417.26049544195
4217.729034835468
11331.484442910043
7275.824876743671
7115.843459653787
5815.523581278551
4817.787312193758
6827.164662541323
7297.544010855823
4820.806081163603
5124.348243455161
4412.082842099797
4220.248886512306
7420.180683963946
7456.801789330355
4818.115063516389
5491.468666311214
7751.1050846381995
5416.60185287922
6104.476951382599
6275.430030961441
6981.355256886124
6784.170653464703
6076.7347228201725
5613.165414721717
4489.292979359826
14444.782204363135
12833.268214401292
7354.455050277577
7310.8635588682155
6292.87498535292
18124.1561165304
5958.809564194998
5816.828644334375
5110.4422291812325
4246.897347448791
3620.7492690651347
6131.873493080331
4218.515838274902
4818.039964975989
8435.93155798189
6334.353438134541
3803.865536764805
5817.927851838141
5122.595011768163
4223.768625351921
4553.412216425087
7320.009714864876
21437.194528611242
9075.268422638594
4249.556794692844
4817.57861209457
5130.415759857762
4994.413892049624
4217.922557945749
7275.995536853372
6076.541701449564
7371.631730343617
7298.657799980141
4460.586875277615
6968.935942140909
15134.893987012654
4839.8061556562925
4817.03734406421
4818.525549343405
4217.927076054784
3466.11456144462
11593.622905092101
4225.728898330303
8546.824854211356
5093.603699003793
6313.737741077927
7694.765352595196
4220.3369453163405
4217.408683963073
6885.340252931893
7276.195166326943
7301.743169773211
5686.643170849018
18825.506686074343
5122.451326342533
5420.592731954791
5417.892746210968
6676.784146547278
4218.205065368272
5503.844309284626
9075.259351197874
7099.35191156263
7745.5934496097225
8713.311791035074
4424.316286428727
4420.511788498953
9048.998853893576
5419.707063577341
4218.96015845705
6076.486488173491
7223.068817972477
13156.328449031975
13487.607464976018
16908.148510937943
3618.167140536748
7212.294246585521
7294.406852557984
5015.58133573825
7152.947511033825
5101.334908164463
18878.52880089541
7308.163970413346
4458.21751374994
4861.329624893688
3175.756029368246
5608.004529537776
8419.383101231078
9075.452696131455
6676.210255905861
3665.234038519771
3218.4562580959832
3602.5008895608103
16208.408118458434
5822.310851948698
7875.748680799738
8308.689802656345
5417.569480621257
4877.1355617837635
8628.04163899856
5921.092063405868
7875.886943130961
3624.314200495561
16213.517218129968
3818.2285057700005
3602.607140259012
5710.078090956461
8475.351564621213
4510.743795454559
5076.1164251165355
4346.374146517513
3657.128040513056
15952.055892863262
21457.7632641351
6676.160263450402
3189.953191386124
15882.4491204208
4877.151671360406
5512.031771717896
7708.491054779916
4816.944302114608
4448.168778952705
5504.711057704573
4441.148892182076
8475.645752709363
8476.41081640249
4352.9180078619165
14640.118411029025
7303.885450848182
8528.962201080949
6274.157206585088
5074.7826878379265
3654.706418976222
7624.91246657075
3669.549343471788
6676.554300933711
6913.587669070147
3678.29335293453
4220.875501587308
5569.115132210759
3172.773490252368
7815.938213756302
8582.004681315331
14115.716697308764
3669.108878448518
8613.532365099343
3326.300387954236
4823.512471698607
7875.565458780372
9069.034331981346
6019.995188863029
5423.410742698825
6676.36007097676
6202.981590449752
4316.420954730061
4199.00939709912
5742.481638842558
4949.856665288563
12370.788130699266
20976.31071109073
11602.175863323666
5463.771508690533
3858.3953980108945
8475.450685917966
5696.233438346407
16243.154045170948
3617.2852642917783
7354.352961767976
13618.360905715435
7838.344841437359
5166.883459126049
3520.4540962341375
5476.832988191457
5417.070974069552
9358.31518253623
15955.897314152464
17158.46877498767
5417.133835338996
6973.9094271908925
7875.493554721735
5299.782396491754
5674.376812312271
5417.186107933544
3163.9700892225096
5075.635865323323
5416.19258344493
5012.048890813318
3376.848933781395
4493.876655998625
14560.948906391319
5618.66276384386
15768.763109005442
7149.146098282583
6892.550802030889
4497.723281387859
6676.1032728215405
9075.2080796598
4416.362181162055
9898.986567718031
5814.124575755941
4474.506336284447
5289.3629255317455
8015.061553018083
6861.74102920418
4868.716314692853
5949.512274573299
4061.6936621569544
15468.663539741709
20361.141483956304
8566.611278082586
4462.988817068134
5418.862182673347
12309.174504597991
12516.388270603671
4877.867438830989
7492.348111765503
13610.901747743686
17383.48183963098
10067.932582109714
5417.423290840202
17423.01371096345
6018.210279045308
5710.818255557821
6628.880127419174
13663.590895084712
9076.248506083151
7740.663057763517
3153.3581031107874
13777.80592261037
6226.906405462815
23576.97274322786
7377.35177730299
12822.794481044415
8896.67960384001
8304.049001194797
6135.9735862802945
4816.788912902459
8760.355722808992
3711.153877203397
3775.6281673188378
8229.899837915054
6727.614666699439
6902.656277826833
3311.1198377550977
6037.669916408777
5482.567798320427
5460.816754763127
11909.553094630375
8244.886001096074
8205.06145902441
9637.92279422998
6124.359977728377
5158.63939766051
7653.482660622146
15252.590654057312
13153.427069261472
5066.0135028616805
3048.428436005015
4825.686878256441
6681.506478939115
5058.001685835925
3477.1047085839436
20942.00694923423
4949.492834520516
5084.943505585848
6734.59398874254
6222.333241741048
5722.2153892347715
3619.320770217125
8656.584086424811
3766.922345386624
3662.978487149571
5034.839577882717
5021.071376857462
4371.3210428919465
14083.999248463077
5030.8966404174835
5547.111978310191
5392.817232459635
8900.35495937264
5395.525964085896
6820.381798474443
3113.360782920597
3866.303202116243
5239.655383047527
6293.931047146933
3596.965580961069
15420.39814841984
8036.989879354222
15988.073696029434
3633.15631392497
7008.724432669067
5587.175427857306
9059.572322458122
9081.227058716058
6016.340682419604
4530.724890937027
5314.931149700611
4799.01320535249
5269.873536420462
7225.712801580887
3661.816664012396
5684.525331182935
9551.206185171459
20494.98342985522
5417.913767061589
14910.919356706801
7026.356929218017
4653.0022174993765
5482.238787234094
15730.985491777274
5310.960583425256
5368.429655496448
8475.31420114921
5619.026740325367
18973.19723821725
17546.30197185053
3910.9894371153073
3041.017309934279
5004.679205853886
3068.636564143625
4958.4699166081655
6060.675295123587
5058.13001313051
3087.9031854177665
5747.331664387725
7246.792574870717
6777.331827137915
5270.796902528143
3631.6715135969603
6130.234166636561
3596.1218764840987
4863.831721457412
13689.167512118927
9272.58434684252
5534.464736844775
12456.435716797201
5228.061263412294
17487.882111810548
4819.98416040897
5574.088791092494
5293.375278282607
23694.58871465061
5315.32822848011
6323.775198343662
8602.080154728412
3673.23326578354
5133.095509339748
6067.887206120677
6406.345405035581
8147.7366582801305
24858.990006327826
5743.115782991281
5026.959782974162
6016.13159589276
15520.334542564218
7303.557796407721
5477.129283320808
6234.7844873297145
6347.075710462242
9234.94112651733
3619.669099127137
4807.009740308103
6201.370397794025
6102.367753988633
5568.5069145918
5842.296376697043
17194.050861298143
3662.6913661936464
9675.036938571908
5492.4830487235395
9675.42181795121
5561.096418626626
8270.821702199019
5386.429398191011
5429.903740796957
5399.1669463149965
5117.194869395046
3011.3440749573797
5638.604457789768
20513.36093477035
7150.866808112752
8550.735154533133
11497.17422432901
8594.39296816777
8287.217960239237
5221.077871439511
15893.697337499452
6548.04490802536
