0.021149789297463775
0.023007086769305046
0.0204332070529759
-0.01549871271591207
0.02149478465865934
-0.017823273088901997
0.01920063232516955
0.018503231071247895
0.024940669885922168
0.014829317217002957
0.01594416039738319
0.01126026930223506
0.015996611655766567
0.024533917954222356
0.0123212094839609
-0.012532574880237717
0.010458253329416519
0.01184780341619282
-0.01998178876789921
-0.0201497639296969
0.011729309860603474
-0.016254017810181598
0.00961874318742175
-0.011916336735502173
0.022268878707051642
-0.011988347526310622
0.0292185772476746
0.011708277727829465
-0.013542470166240475
-0.019201101534244307
-0.010410053409166736
-0.0136853819988513
0.009985508921545145
-0.009910024847134592
-0.020153754889006472
-0.025343690462653574
0.01041800997271925
0.011595648597975126
0.009671294020033397
-0.014081894377601508
-0.014378111076682
-0.013414599031372865
-0.007668460170645367
0.019428940162482297
-0.009636795396572131
0.01134337847508734
-0.008669731068758268
0.010945469992636316
0.008087054235511117
-0.014850981021634175
-0.008518064644512505
-0.02719693326509631
-0.008786995414837004
-0.007525030317709241
-0.008114570448430865
0.009198265092718753
-0.01278997565907311
-0.01574537810430113
0.009678508271832222
-0.010175925665366067
-0.010801705760159418
-0.034671562746408056
0.009178930613869441
-0.01630713356350426
-0.03088384183439641
0.011076383373456046
-0.014941395593355306
0.007085542777328264
0.017290942536349697
-0.011538202569284912
0.00947599792772625
-0.015074612603928008
0.027414896783858642
-0.007298694491352971
0.013340639048127783
0.009801080795502395
0.00615280764887248
0.010891345014808007
-0.02156545581097321
0.02375996896286935
-0.014640025263463146
-0.005716840281100743
0.02328365533252455
-0.011628941681714366
0.019190079000994127
-0.015163183289833657
0.009481819296137397
-0.006103688814233845
-0.012001073752185126
-0.01112442410613036
0.026852710624382183
-0.005658929157098309
-0.018965370095152298
0.013460987311583154
-0.012139962704600714
0.01660838122382417
0.010237321488096165
-0.007108149633969359
-0.009444843867342338
-0.015738801184092824
-0.015324802624948008
0.012650985676864672
-0.004203225804456322
-0.006447370842558116
0.001983320262632754
-0.011135324722683887
-0.014653148861733075
-0.010577806567205535
0.0176078878594735
0.013574970768001023
0.02242757692515651
0.01092259691559769
0.019248973457391388
-0.009371675060616414
-0.015949671052605422
-0.017186469031997977
-0.009462814905908558
0.01266451707567051
-0.006861773750193219
-0.006135797353556007
0.009035814331584473
0.017682206789138108
-0.014063957088870168
-0.017251645703721112
-0.019987521125040802
-0.01693057337280908
-0.0155602440419065
0.0030157819447836766
0.024011340268280865
-0.008693493238522572
-0.011184894872244425
0.007778706331015152
0.0068862154496463325
0.010515538736454947
-0.013959703520826075
0.0052775104725349365
0.011451230989369638
0.0104780041077368
-0.005816442037008119
0.010207004976525814
0.006003620508615972
-0.016174939602901107
-0.013561172337865163
-0.006616383708432189
0.0035787426470245327
-0.0027065230510444193
-0.020030047847012362
0.004282322958371063
0.004244201794706329
-0.004038111174040896
-0.0038286504818884183
0.009111484945207695
-0.011676994604353825
0.014175170231871361
-0.033101719613942746
-0.005827895853921772
0.011236342728908081
-0.009472728950000817
0.0056881054979153545
0.013165353418551774
0.012792564333430675
0.00407222334189456
-0.008770804059758395
0.006277358576791597
-0.0022013555056625556
0.006201021700923965
0.005694659606758855
-0.020339965812613308
0.003998033359467091
0.007687787512768296
-0.02039468072175553
0.011600365156093001
0.013098923086920167
-0.008565141224647656
0.01619973307581863
0.018422007108625422
0.010538375432815468
0.01626906313261327
-0.0036596880509563758
-0.015036213273940528
-0.006683095624569851
0.008235254945568298
0.015340776455201042
-0.00819724020659694
-0.009815101115376148
-0.006901530744031669
0.003035625231039822
0.0021956347087216865
0.0055142639992865694
-0.003220288693447779
-0.008651999806053107
-0.01353147742198717
0.008453405424135243
0.004003617517931751
0.005405739981723801
0.0028217002432449913
-0.009999387822660947
0.011676196899916497
0.011714387130328784
0.015410505544783392
0.009395433422743063
0.003984360111397918
-0.011877332874117392
-0.007976921295636945
0.014728423822102973
0.00413022827917017
0.0149159613365718
-0.01743558013445538
0.003582287523605119
-0.0023755271958276654
-0.0052407511737088625
0.004552011854189292
0.011201403876472112
-0.005090318950625616
-0.003099611005511994
0.005916772576823434
0.0026708261569318107
0.0030978631200195283
-0.0075852632675968415
0.007740146677749887
-0.008488955382539737
-0.006093037770987645
0.008903377120823428
-0.008635760028866738
-0.017945741936905128
0.010223144329995132
0.009393083640640528
-0.007727692067909494
-0.006248852283218226
0.004931371885326778
-0.006060820170496725
-0.011024156844203884
0.008378825464670725
0.010574977257043048
-0.009273800331168949
-0.004414822844874756
0.015857201231582792
0.009310992837242345
-0.008374657989096047
0.009934234072754098
0.016825368054989322
-0.007215753146146526
0.011154215756468373
-0.0074639013995546405
0.00945458485983663
0.004757674474682166
-0.020179386440408807
-0.005249881902761099
0.0130929374579589
-0.006102899268181078
0.006147577363086558
0.00589066370809916
0.0057221469050125935
0.005749596812646942
0.02359919390895331
0.015977479640874613
-0.010621047729671915
0.021044374322297946
-0.006787686609987204
-0.0052465070396575395
-0.0017967893682658597
-0.009603588475660143
0.020946626874929555
0.004514620299633723
-0.0050773017208963845
0.0053690957494239725
-0.008186199189418469
-0.010440451987264043
-0.005691194884996777
0.00233863595466719
-0.009967288464874421
0.013534392063098019
0.004508203260871523
0.014567267766381212
0.013981659356529412
-0.011024195044202326
0.007868286760503523
0.0034134495357921704
0.005696264498034587
-0.008546046472696361
-0.010398126110626075
0.005326146302106316
-0.004107438829907836
0.007548353829774919
0.007523242354946039
0.022527207232822564
-0.009361422671626157
0.007224625174595776
-0.0035704610510314304
-0.0031516377657533423
0.025945376435198383
-0.011488630536313299
0.005082626060402007
-0.004980795311872725
-0.013329834265558772
0.005014977638964917
0.0058630673500238845
-0.005059980242110165
0.004865542675995568
0.004368085667828689
0.0055242137292422664
0.010467649728411675
0.002958178295257794
0.004383911340931898
0.004172301087478274
-0.002227219744776268
-0.010069214554363189
0.007014026608467629
-0.003070760178031739
-0.003569761095878995
0.0032141264497843234
-0.005203098962641111
-0.004058540506911434
-0.019757638796817578
-0.0026612291266726084
-0.002688808265150738
0.007157757723827341
-0.003958222251717149
-0.004712928069644508
-0.003071956891593711
0.010536709517932858
-0.0037149932541910035
-0.00863753489795014
0.004077892499705862
-0.00861440520472824
0.0024391801872064864
0.0018023068118518733
-0.005709389251769995
0.0045226937308640225
-0.0033095762648248156
-0.0035266623929739982
-5.095914580423237E-4
-0.026107960137448066
-0.002394339004848054
-0.008543122493342277
-0.023993440844182944
-0.0020196199779756122
-0.0035473661800106797
-0.0050251058947873226
-0.001174457453121573
-0.0033708624530314492
0.005587014220430268
0.0040136143017141844
-0.007207111781948883
-0.0018247172254389126
-0.0016956055825316757
-0.0037039222542162003
9.28205731465787E-4
-0.005260892645139626
-0.0014961602289720614
-0.005937128068414194
-0.004014156890993229
-0.0032945597852458057
0.00782926054442427
-0.004330093793638315
0.0029204416847358836
0.004225851778932587
-0.0032539258512065358
0.003211127870197518
-0.007668055582684208
0.008645968425289882
0.01027026994416893
-0.003113354295650098
-0.007622770347510076
-0.002267279194034348
-0.006795083059120212
0.004448238885767573
0.007059043593583606
0.013862429024928869
0.005730066261416075
0.008789116108765314
0.00339399868183356
-0.002893904951673342
0.005401087785999336
-0.005127976699840948
0.0016640528119791394
-0.005358503979853653
-0.002474865005989887
0.005427132421221833
0.004970986707719013
-0.003794991340985608
-0.00398749195477379
-0.0032050549441973524
-0.0034654360903879546
-0.0030035720014542746
0.014419317661603011
-0.002463448618691741
0.005542803077588365
-0.001399718831373148
-0.0029497179331168387
-0.0015703450459070825
0.002180288896389356
0.0023336167119082348
0.0022613481215816265
0.004553094126034994
-0.003210025021076683
-0.0028364253982079714
-0.006358372105574106
-0.0011265492872138698
-0.0018162203225903883
0.0026582537206865436
-0.0032337910198111013
0.0022803954985845423
0.001645179831148339
0.007828247235993667
0.002105105569923163
-0.0026699340486304284
-0.0014482890574318997
-0.005825918364074848
-0.0026644774106179274
0.0014596922113294002
-0.0020703682286711393
-0.01686935139948892
-0.003723444536132926
-0.0060082109734908235
-0.0014944777822405296
0.0025141514403872827
8.016290362089463E-4
0.0039787706469589824
-0.003658206998452011
-0.009252351826169384
-0.003517607630128653
0.0012019184915801199
-0.0017227900767396076
-0.0010447258290377918
0.004110949409365038
-0.0025639244064112224
-0.0013104493042466493
0.008382692157943012
-0.0016628939411245521
