-61.94682344376088
74.23732098120205
46.61877074921901
-42.8136236630387
-33.02927856138831
-40.19986671883541
36.25819517839967
57.8686656448008
-35.08378050930484
42.13427908244781
26.132975735951714
33.20495958407425
30.97173474841579
-22.276000151643814
37.44838007926177
32.181612578116514
-20.68759643881433
-50.11965900710691
-34.648262028343375
26.978917631769853
-23.03495852112297
10.813078160058755
14.702192761847893
-16.74450499492813
-32.66587823311369
40.48982304870344
22.97900538937696
43.81131956638547
-12.833331210819257
-20.499420735059715
-22.367651219391057
-31.060927146289366
28.23619567618984
33.09608325958422
26.93585591066207
-16.53183612946261
24.824188035562965
14.469229746623862
19.762777215036333
-19.45634331517587
-23.290237276309835
21.798371795033265
-24.972753055464217
-39.89609981887925
16.64257945689233
-27.50800745937687
-21.16918286490776
-23.54697698232349
-20.124713491618778
15.324566697333363
58.09475776739522
-15.133915790494846
20.838286651775192
-20.730208561752463
0.5229976158437013
21.751576220934304
24.175448458624853
-23.32973774474179
16.42063702840415
-24.346142582049016
23.685224321207198
-27.37626308639345
17.060272526117306
-13.783471856634407
24.900834866323855
22.837303746844892
-32.87909211338846
19.688864264432617
10.87628003587181
20.891513282617176
-22.072680627198842
-9.371743109304969
16.795795937588863
16.782082528518618
-18.381485294167824
8.489601766159007
-18.910412361584683
-22.799566280829904
25.84057122876497
4.874886760018303
-29.904361756252072
21.85084244239599
21.97808411684043
-21.527844924332097
22.29579023440393
-11.620227918320772
-16.230792841250146
33.4123733411985
-14.435465952757658
14.14642295339858
-12.121274702111332
-13.260374478958155
-16.281920364952015
-11.05645061913613
15.621412868851994
-13.380772677252633
-10.06626205011842
24.557236897919353
-1.018745041900828
28.73754700258225
-11.178848875467223
38.403639235183505
10.342443535352485
30.271286156719345
19.899992179662302
-15.025594989271198
9.953363110700009
-9.873393819628545
29.050378086278425
-11.708051132649558
11.698644109100503
23.109666257657295
-21.293396162059423
-20.91214211192422
-27.038388616155554
-12.133332202393765
-17.879645117581365
-32.23221902564167
8.063592791856662
15.02054901135152
-13.751758713187737
-15.38295908191136
14.761961900837475
-15.978477843002853
-25.873582894143176
-14.793800716973898
-11.683189437372468
14.971784226005887
23.19556693268981
12.07587199807128
-54.99659521551044
-25.963804762980708
-23.295907200957952
17.675495757181576
-19.66105316291169
-18.19804829835101
10.52089310123398
-15.86351948069273
-18.181123927216955
-17.267222339470116
19.86486238230912
15.629518510517846
19.432120636623193
-29.841450127764084
-24.129918082326107
20.511995427139713
11.067264873766435
6.826524077011745
10.363222525271713
11.654800289163221
-20.994490984683765
-12.471019637981243
-12.625293578858097
-19.36431264611231
7.511935431275038
-21.108279122249655
10.999451056418827
20.435887156373795
-23.314570662149663
-12.807637463672217
-12.325729826620638
-9.614212974320546
13.74192960573473
20.492910135877064
-11.580301364606632
-6.6645506919702315
12.791429181623402
15.918476543281823
24.04521131318327
16.31320280017455
-7.855685222648659
-18.994731098858775
9.962837842097349
55.38690878071668
-15.759700484913097
30.07050697797953
8.440187793360815
-24.381671918452117
-13.130229450179574
-9.014879898555506
9.86047263190892
14.254302003836383
6.973987946478955
-11.803338391639059
5.9457285528397845
6.913900295638694
13.550221234761812
-32.53572383650253
5.855838585911725
-7.234738655523031
-16.422936087832742
-1.2860187414962005
-6.485141307869664
13.729322463148156
-4.335862610536284
-13.15092106417996
17.491037931968336
-6.301954820587678
15.521695391897856
9.654364587661231
-15.749810721416885
-14.090112629127637
11.653207718184877
21.652138258430544
-5.777605708231644
-30.366891171435526
-40.28236047526463
-13.437271099545132
21.117213175322014
6.913632547059865
-3.8845524771114746
4.540631562392338
14.334680085463951
9.872815433545592
-15.216808025003857
-16.847992278825178
7.544576385515947
-9.213333811213596
8.778639166903357
-8.548924807697595
22.674495273723526
20.142724698965978
-8.54658320836285
7.828189416626922
10.596701036299592
8.157142257045948
-17.674729936663717
7.819300310046938
3.4883796338467676
-14.584645633200996
11.728713871145397
9.580088007388579
14.11265348181076
10.440043172228684
7.643511336015413
-3.7866801249324156
-9.546227964420362
-15.134595053003977
10.341258814459614
-12.79397559467764
5.147203799977359
17.770319696766627
12.482120414448596
13.082597162119212
16.23122010441586
6.991756707308013
-12.906369995067015
10.902346952870953
8.06160769288457
22.469698787061994
-8.492584146667866
-21.694381571246137
26.18335918419159
1.2101379480665173
10.614718055253572
-2.398934340122905
-15.281341248744832
-9.907308409023646
-19.42005634553478
8.743050448047951
-6.413904220903158
11.08945636582884
2.625311352193138
5.977811885200396
1.3954011814809748
-11.048411663539586
-5.497563323913562
-7.248270499431596
-6.884461799428429
-0.34613199682854445
-9.368115988295669
17.561663434836714
-5.045282326397903
-7.522175446619324
-12.577334874797662
5.323988948093069
-13.192776578138934
-0.03476620130527772
-10.79331711119208
-9.770897023368297
-6.7295483397406395
-14.889942102851805
4.4095100739147846
6.195356244457249
-20.042319951298303
7.964358451344327
14.967123175092611
-3.472413050361274
7.046912379993835
-8.555174530095323
17.09579123078213
-1.3830715200725827
-15.885234060344565
-14.98107422241032
-12.09387887708306
-10.008658002116606
17.306105065447895
11.992305559244267
13.211884264052559
-14.86293432576193
6.895115643076506
-2.035324821412969
12.336437934368824
-16.793764321852592
2.4594609878131584
-3.133842928924126
7.65382530853429
-14.556996552877829
-11.678689712595476
-9.579711860563393
13.440601990751547
13.793455974894316
-22.79593786624752
9.983215974370015
-3.807107471265188
4.073005781170434
-8.759068902402259
-3.5051185642621623
5.750487821687105
13.355231136596993
9.875810915212647
-20.93605370999442
-40.120724007311665
4.10969643350299
-14.055901202118829
12.957158460600022
7.930276811684692
4.16871334607199
11.663641872670075
5.513578512583941
0.2906813900327207
-3.613271146989568
-10.65057754677518
-5.663587824943345
-30.390527156203873
8.331491851263362
-16.40374390241294
-10.523630806146432
-16.306185368739264
-15.66098255889697
8.08401123512609
-7.967136577183881
22.08158204117989
-8.888218917351539
6.718986044861191
-8.44073610581893
5.706583060506157
-17.347168748724684
9.877752812197599
29.224400512372164
-3.2890572483246685
14.818430191031347
-3.911425348063948
23.20495789466305
2.498143409027859
15.336368114702164
7.953632557778163
8.545502210694396
0.09977532471275533
-6.350072161052203
9.15178142897852
-8.072140390274042
-12.864819400158769
1.285596905554171
15.016422783219152
18.87077531141392
-11.690431512726793
-11.825184035238518
2.170352018630316
4.265433497882856
-6.979920669624622
12.561419917786093
3.832349439730248
22.57735944202194
11.972267899911103
-7.627441683325982
11.714808465418075
-0.4571219279958382
-9.269508953452414
-5.416635160376798
4.841297804258281
6.505090798550003
-5.891117288842457
-8.984989565984876
8.701677078943433
6.661218473702809
-7.6579691321161505
3.1231592841813893
-8.643505477595932
10.682329066795706
11.67101759427619
-7.3655904444385305
-6.594899670387601
-12.065402855455885
2.189336422353772
9.703403348156547
-10.048217871574685
-10.482521521560832
-5.728013274053977
5.328242667822659
-8.226833738725835
5.568425085292832
-4.388779409048095
-16.24887122504944
-32.4095213397377
2.4313497545471856
10.499863649009875
3.8363908400626454
-10.034967997801544
-6.713355299150031
-5.996489295511119
-7.0607569852423495
4.084159296533435
4.432834370500492
6.593181885469758
-14.20044847314072
-5.8030114240706645
-7.91514239255559
-32.06340830894498
0.3403504762287925
12.821006021219539
-3.367513282925573
-4.591564533466633
8.69875893089018
3.6967707879440694
-18.792180771604606
2.5589550448036547
2.7484115388053736
-13.410846521651164
6.520916113562403
-12.061451513763943
7.7081628556539545
3.5041575906525058
-6.994978608874501
5.198310350979777
6.200177130962056
-6.642546160579114
3.0447135803811944
9.586445779916716
-2.8946040035228235
-8.125930672523006
6.280366490485031
-2.4256843773121988
-7.489145121841789
8.402091489902949
-0.020915871551284687
13.837602656633706
6.303331611158702
4.542632964921342
-11.970242645274705
-3.408866149078827
3.0252592357195778
12.325988652415075
-17.48188595652168
9.121948413315227
2.185071190275118
-3.6651088332999633
-9.149042756479012
-1.7590461427453141
10.209581816546232
26.671667674088432
8.514664728971635
9.633458622837633
5.332801015048124
-0.9231527438305104
3.9056547483414716
-16.890905847533745
11.21712615338283
-2.7908241006833583
20.799244800772797
8.456072422421808
-5.255470525069686
11.59534455212146
-4.723507314816523
-3.0914950985948124
4.78285051522324
0.3577495729866114
3.7337777064815327
0.3282633026605046
-1.750427095524224
-4.51895484217786
4.778597458681032
1.7030570056564671
-5.163947749636396
-25.14968685364239
5.128475913854491
2.1734059225864732
-15.51403488149596
4.179887180397574
9.077090455748458
4.626585244607156
-3.5923938337747243
5.39114531282158
6.221000799903484
3.659102846646386
7.146707301887363
6.763929990948564
-17.954261978311617
0.3696003866287001
8.659365747938677
10.212806010670919
-8.078029891350527
4.652521905479167
10.90531448020428
6.624947371820337
4.715839577255322
8.931791755802855
7.7483454790712285
-0.011004734964954271
-4.761357793152756
-8.920939491691666
-1.7008187764100415
4.0991324510108065
3.5985268075104506
1.1038933149020687
18.081388450790033
1.6596671657833533
1.371662277143818
-4.969958506696477
10.381762353592675
24.792454214948663
5.710122403072046
3.0356097098417343
3.2721166788946583
-24.69074227205323
-10.750512456073189
8.923518340031402
4.290477681105581
-2.9362240091411156
0.4082770409057409
3.1028033903189898
-0.11532232635981479
-19.762880611992486
-12.733368298416435
-3.2365173056003047
-24.87968266322926
-7.686485912917289
6.038803767745977
-3.9068657986895974
1.4170225887864432
-3.6457649513633257
-5.913947401102492
11.778210028539045
3.44845675617582
-2.835293597846155
14.742274092807328
-2.7455377004454253
10.200723035281674
2.052603635045023
-5.417502350441858
0.5278416778057073
3.7824269824700725
1.6283797057434612
3.4310905541370085
3.757564951303251
5.096049762948796
-3.735998524070268
0.8184850697152312
9.634008817659998
2.82252533813387
-4.966694658094771
9.926769164442637
2.7571260388363488
3.217286636761026
-0.1798452253609554
-1.3507975767713578
-10.951838214772584
8.91962310587314
2.9601145320060698
-4.21197675423456
2.0260728268273143
-4.2399911160581985
6.521634551696497
-0.3294416499285299
-6.952856864128085
-2.7165013956866577
3.790984995359473
-20.387491483257886
11.184717014467108
-1.2780806995018141
-15.921099966087885
1.8589067933763102
-3.4859349121310617
6.30364587298128
1.6623936000761455
4.219346948121033
7.125312902173195
-2.345254545477064
3.845899382059246
0.6448332142659201
1.511031943747478
-1.3261453064238848
-19.300164006299006
3.8622616501782177
2.689930048673793
5.68066907585497
-3.7079446189967777
-4.236322960683204
0.5250261028362161
10.019602839928702
