1086
1070
1221
1226
1242
1080
1068
1239
1222
1229
1079
1064
1076
360
1233
358
1077
1236
371
368
369
369
813
360
359
361
1218
357
818
1232
1222
1238
361
1229
1225
1221
367
356
325
356
368
1249
816
821
1215
1233
1230
1082
1214
363
353
358
1242
373
905
1223
359
1083
909
372
339
906
1236
1267
323
350
357
1070
365
1210
340
1232
1237
1209
1216
362
1239
367
1210
338
355
1232
351
1243
1037
347
365
1271
334
348
373
286
326
287
1036
284
341
908
1148
1145
1084
321
372
364
1213
1248
304
1212
1235
349
1227
1236
347
335
288
819
1236
1153
509
900
349
820
355
1246
363
1142
1228
1254
284
1237
377
362
1234
1222
1315
1326
369
349
374
342
1316
337
360
359
1056
299
337
363
1059
339
1071
1329
305
312
1052
366
1228
326
1224
366
513
325
298
289
1323
1315
304
514
302
327
320
418
321
1310
507
1175
1205
1051
1221
364
333
1233
1244
299
1204
1086
1330
1157
303
1086
1068
420
1302
299
1238
1238
280
1256
1049
1333
300
1190
1304
391
334
1053
1304
327
338
1236
815
335
386
413
1215
516
1241
528
359
1338
1228
1211
549
356
1282
309
413
1141
1060
560
523
1207
1087
1063
1097
1243
272
1149
1220
1181
1103
301
1294
1176
1209
1321
337
313
280
1102
1023
511
1229
1250
1241
1302
366
341
551
279
276
548
512
329
514
376
1323
329
1144
388
392
368
415
396
1087
387
1229
1221
338
306
1301
1240
321
299
416
1215
1320
318
416
412
