736
676
613
811
505
682
673
509
735
809
680
503
674
524
506
566
612
661
671
664
543
805
322
733
612
817
659
317
828
673
896
356
366
543
311
558
657
534
675
505
510
902
518
357
669
656
672
889
365
894
819
333
663
353
314
723
818
514
779
379
511
892
336
510
767
778
373
827
710
358
550
368
658
301
291
796
323
739
527
711
981
720
713
751
810
976
705
714
972
372
670
516
726
714
660
821
712
612
506
525
560
319
664
1058
614
812
727
288
769
662
914
779
905
765
776
898
825
903
829
858
506
898
736
892
798
681
518
940
789
799
781
713
981
554
672
893
715
893
599
779
671
769
773
783
782
974
321
812
770
642
676
722
655
701
823
960
302
905
806
669
662
318
737
760
797
534
732
545
773
723
559
911
614
352
772
894
812
945
720
894
834
784
902
766
819
764
854
822
765
545
748
811
530
822
766
830
736
918
289
771
332
534
375
803
697
741
544
808
361
859
784
777
685
716
736
708
766
1062
669
598
290
699
510
773
663
725
607
384
289
768
627
655
626
655
868
680
890
893
754
678
897
762
717
584
722
785
719
893
520
795
680
811
681
684
516
861
716
741
820
337
673
773
657
557
796
710
607
685
586
292
1050
906
725
907
793
882
903
726
777
750
722
686
937
780
754
786
735
528
715
676
724
668
936
710
730
767
696
755
712
792
702
606
642
719
626
955
817
951
664
919
894
671
822
775
553
553
766
760
639
796
920
751
895
722
677
1214
1064
613
603
718
889
788
867
914
866
771
303
657
500
741
627
979
1003
852
501
880
972
711
795
823
809
860
918
757
783
308
614
582
1210
487
662
883
714
965
584
859
710
599
863
811
624
740
944
944
543
733
970
764
772
807
661
843
887
734
1204
781
833
656
597
801
582
302
851
791
710
940
557
684
881
837
910
681
575
887
1326
604
776
879
788
669
952
807
374
926
670
293
931
936
1067
857
928
1021
283
315
1011
743
578
910
714
668
732
798
914
926
270
846
896
1212
285
1066
661
840
581
762
933
768
998
645
926
908
276
858
700
968
1043
788
840
1213
884
863
550
635
994
1059
1164
672
1201
946
860
925
896
1209
831
1063
707
910
1018
835
903
658
894
1127
1018
885
1077
871
1192
1208
882
928
