6787.275551576738
3578.765560206886
5304.256029933368
7051.765917789756
2705.8906328636594
7094.795327132472
3259.910956386383
6786.246326102898
5618.445817253105
4685.04280124786
5963.149007047874
5267.108147734255
3214.5056451220903
5026.676539694124
5019.270526234775
5888.144310552773
3249.78257712885
4089.8156079790338
3216.5686933364236
3254.863461464521
5019.566917196127
4211.934140898518
2768.593977310725
6186.308789451001
5599.487203754987
4414.502481995665
5294.683020967846
4032.934411215286
1880.7788548238625
5295.557066157015
5803.841027895027
5018.447524666719
5017.28004266904
3226.680015723702
3224.105634201233
4980.341540005199
3220.8569179731335
4469.794650150773
5621.241902353085
2949.259419084199
5130.491621018028
7407.614961727031
6488.143387680585
3826.0142403676377
5296.74847831596
7436.696085631402
2710.3789551817326
4409.923076488588
4419.272059667763
2719.9028851955304
5605.403897196516
6490.338109361423
6683.198852422553
2738.828251748839
4653.118537116327
5014.5009380742495
4149.258285114319
7673.950245388034
6463.953392191625
4704.940213710393
5809.314636668929
3869.795916082308
5049.780893560697
3219.7083597286664
3817.282530942247
5837.062571741314
5584.327215301852
2818.7844848375175
5613.605371209235
5054.86194704306
2169.51059840803
7097.26635091856
5853.115772596785
6479.611901239832
5309.844554469808
5656.376971109202
5020.855449159962
4662.533723167934
4984.3290644431045
5800.23060831221
5285.041256544316
4067.1106654134223
7697.265141425611
4395.04941090701
5021.987594435949
6274.262461245909
4426.677915864667
3702.848462973681
2581.618242792756
3780.3443963114955
5857.869115742984
4403.72399821775
5288.145985727584
2218.7854479408284
3226.0456074976846
6115.141689936674
3225.854069055433
5853.434708870569
4683.404202088428
7683.18872994565
2598.7147434252124
4044.4733865635976
5024.103183736788
2163.8916601910496
4690.34235791446
3245.6289349270846
2623.5141043092317
2715.340090964667
5850.475561941379
4415.005910476595
5148.212164766502
7651.764935499163
4630.556734272496
5674.263195243076
5060.57273093084
2704.741475934713
6258.014437586084
1882.1282606698776
1891.4440442354744
4714.766160360994
4085.0443405804217
4530.492377227409
5283.402500517843
2707.248719634719
7149.25436592032
4764.579953395791
4639.210393628973
2500.5301363085823
5016.567090202728
6101.645449895768
3803.7243480821226
6483.1910660727035
3215.7541713835394
6485.038585193619
2732.841255334541
3418.7840134897106
3969.6375237282327
1926.9833007895948
4729.7340611113095
3377.0495452502682
3795.0497824176896
4572.283222482755
4574.940178874441
4413.608862697138
3977.0489205864583
6313.171436703823
6495.554410350892
2529.4817268747443
2032.7259062592545
2494.923139054581
2558.114715343306
3872.4009347321257
5014.3907764419855
6018.464620770447
2153.274055473215
4707.104947047126
3250.2550417141742
6961.088429005386
7421.2387072791735
4693.645877301134
6483.399889773657
7986.243897810238
3382.435774080786
7053.1135061013865
2771.4745422057754
4053.4360495844358
7712.30987999147
5286.156421321756
2610.3077096221878
1563.8923779919817
5005.405657431644
4062.53488054238
3849.781734382156
3971.5025350906094
20970.59436992512
5621.987120371528
6960.238799296321
2674.266726041885
2732.5282487309655
5303.364147377074
5293.261016495861
3832.1815552046
7072.910960483516
1961.346774756268
3864.220107141213
3994.590049749727
6398.5032901870745
4428.604171451658
6400.229919963486
22410.93264637966
2349.2597024891047
4304.704064877078
3379.7628541982876
2691.567883108276
5007.417067685616
5444.623329529155
4778.763995108341
7062.528691132199
2513.6238314094603
1903.481630428013
5428.322107291015
3368.5931312383873
5617.279533760306
6248.773328557976
5303.4221826406565
2363.152903781919
6024.819168964691
1911.359471545206
6090.099699288153
3264.989591971647
5293.6452142702165
1866.6686044101339
6927.106884599706
4014.1053044770915
3331.13515310844
3800.0418443466533
3974.288448422583
3979.762235303218
2569.6149227545343
5885.0398213928
4050.1116583201137
6923.778364343138
3093.6185339498784
3201.4807137565476
4640.396113462658
4419.568167580038
1897.070260752121
4047.4892346638603
1892.4900721962022
4579.761504484565
2946.575869176159
5001.5518782240015
6146.140867791847
4999.488966099311
1913.6242194507531
5895.555557665776
5050.252210932047
6953.992663282269
4295.875254585805
2716.0131021521343
1725.826863983937
2632.725635701211
13713.972265317418
4047.0371098035785
2740.9566006669716
3255.422929133578
5586.2483750888205
7557.558246264812
1507.2500783434753
3815.006601654547
7635.258609419931
716.3778030139663
2692.0994035134104
2867.1672371451928
5840.137654563559
5525.048366322509
5899.493764241984
5894.682161897752
4455.421071311402
5607.618311665189
3143.5864668097415
4718.992664846214
2343.6389520464313
4549.563953060326
4001.553468143125
4281.731042316695
2792.2950235328053
5889.811252952568
3098.3370003804084
7201.356221217169
3091.7547163649056
4712.314775677068
6954.491949578837
7640.130216466026
5010.878127643752
4349.00565186721
3335.620890895749
6199.486750090171
5308.331686056338
1003.859369378053
6957.558836669294
26331.625637595294
15917.201233508096
6218.445110648227
1894.923591568505
2074.977626123686
3217.2837835839027
1107.7403378571319
3265.6332500845297
7694.794493904728
6479.374515623308
4847.5197081251545
8074.26075389619
6951.502853175396
4815.728750369375
5078.582913751437
3085.974653157455
5628.928087848607
5591.305187270127
6214.388448060376
6920.457697465723
1086.637435636424
5018.409283972153
6467.105128378917
4875.602759962693
4053.1196333021217
2101.166364659062
5650.251843598188
3218.0563421388724
3999.3098452590857
3818.451091127332
2733.7611527258573
4424.104415696091
1998.715081038074
1743.6390496588742
6996.95133567946
19760.28181477031
4155.752652806916
4688.147692609201
4424.325834115534
7068.456587072868
6462.529386150928
6927.900588245435
3426.4799423774484
1381.618825060786
6131.156434665363
5862.530818815245
1397.041509494379
2048.9237626955824
5313.197111549223
6413.1453708879135
5251.768779877597
4298.110207153479
2648.923549266081
15637.846049416088
5490.100870276508
3968.592498910427
4640.132318689927
6447.7784547666815
1155.8216877884981
4464.219605755916
6556.172785267689
6364.730511059367
5003.723709923199
5263.956251971907
7525.956003827769
6457.867642551487
7067.10446356376
1398.7153139805907
1448.923980419124
7565.497784146986
4437.866900182761
7200.317577879323
2170.387623980315
3280.4926537021147
4891.878376522653
7598.501967325039
4585.896554371398
4496.705186300467
1058.1936721098416
5290.498527344998
4300.324621865925
4289.6837001479735
2074.26694429752
1707.7401577715343
1303.9297377895673
4449.7815363622685
4352.017877103817
7190.797944893557
6736.1118394130945
1981.618591514489
77202.26134103468
1372.521067146546
96775.786688128
1285.0128418398358
2532.0385266570283
6021.669012633694
1474.9778353880974
5693.153370419606
3836.82088619275
96175.78808028117
6269.423315974324
24031.7830900974
7782.132579753116
3736.1736295475366
5630.115406363356
28071.042057408613
6746.139992983193
5272.297209195292
1338.9625675056034
1430.1855811955318
5272.9152893502005
7640.393631659774
2499.7077286077247
6736.35804904782
87753.67845585565
4053.2165033754777
3675.982226248584
13585.042549514714
1755.8215356632688
4736.804624903671
6413.415187155005
3816.568425758019
5904.2552109917015
4056.252373884921
6209.919130599858
6134.861738968324
7317.907074182253
4418.055296469333
1316.9421504508762
5405.6443045907245
2701.166137922949
6355.61574726649
6132.462196014489
16517.200738035488
17991.690625554384
6357.406560748447
5317.954978719376
3269.7971878384947
3374.2890772887054
5673.938524795967
2060.1813180472927
2480.7785810159503
4631.270584101494
7542.755375934565
1293.986567369072
6127.905538916361
1686.637252958924
1143.6392131838809
6419.831228964795
5036.699766188673
4059.213329675623
7731.771983222114
2486.724449636901
2196.8307552274173
1976.4831865974293
3743.586315061737
2013.1474618792456
4170.567624609436
7836.708480320631
14825.848299928479
3825.108831193571
10757.72861613626
6131.339310997837
1778.7668254462972
4162.208104917026
4766.512076771388
54130.56876355513
2687.7074209459724
3187.2821091156547
