6155.678275520119
5018.262730319791
4667.307295734812
6147.0407035150765
6146.975289933321
5844.1151992701
6081.6647289382245
5711.062415522788
5828.1141618763295
6630.682900398869
6155.518433516054
6554.475887856264
5830.835930815934
5120.870234380972
6642.165908738967
5227.759879220496
6620.008385555608
6156.205975911058
6042.177260021843
6672.067154014082
6596.755499355076
6657.826639569864
5432.5127999272845
5117.374410781378
6305.145488940365
6149.027350303644
6311.0536420706785
6762.7712654486695
4951.407231130236
4679.479953599733
5111.08043443853
7126.285136040493
3322.6448574388346
6588.770731312184
7076.175025527624
6300.955086164003
5598.509886902459
6617.693438819173
6633.687729405389
6033.698905777155
5442.192834439955
3798.559986115668
6679.356059115153
7197.096858471283
6665.208906340825
6768.763580926241
7067.975357917039
4485.473547019586
3818.297495716432
4067.321130857937
6622.898705414632
5720.8521842932805
5820.054131047622
6625.526435857483
6628.680203825367
6562.14204760897
6310.820331322509
3035.1282791182607
5707.4793415893255
7958.268454704665
5700.966581350801
6747.856376991225
3034.9892262571598
5481.680298762509
7071.392586208682
7079.361641441032
4079.016106549542
5788.624007200755
5034.090360466321
6759.801148933703
4691.386698922017
5110.847741708572
8076.432520027096
6625.435182766136
5829.218197498264
3035.22793892193
5311.913104229591
4091.1218662752117
6147.2562306980135
4500.274176783866
7261.581071507024
4759.513142644377
7076.048900580923
5704.416264623337
6483.814646473503
4691.11020878899
4998.5257572514965
5536.912649768741
7264.165491097487
5962.15656229146
4351.420735731604
6632.486207536325
5082.264264331424
7742.06363288217
4711.930942595133
4757.271321734256
3850.441016851507
4965.138628719287
4398.544101915375
5097.309170536005
4983.7422946812485
5399.90841013588
6826.08203526632
6502.69989295416
6320.843846643568
6771.894099181628
6755.672485190653
5178.884118911304
4505.239018684906
5565.122873681123
6755.5110170743565
2697.3511599402177
6032.497568237784
6745.230923753754
3958.784933383809
3765.1680996658265
5650.403401478913
7215.580898873643
5275.107967665885
7083.804830190359
6672.660170106235
4418.281055644406
5075.79976802909
4774.319546867707
6476.184087800342
7210.097633271838
3250.4552631862616
3834.124438373002
4693.745954516888
6317.3468191751035
5293.729997665478
5319.321378622589
5412.499598015526
6756.804982466148
5275.744297856182
7196.749161742022
7272.063156261865
6475.722097845712
5191.344993439677
4174.3224840962475
5114.325719932588
3275.840619653644
3234.1380943071927
5855.723447057524
5453.680627734987
7269.402223636787
3887.9415805983353
4990.740147888049
4450.42476378242
6156.813576373512
3047.3312275159997
4383.759518334159
5341.215289339913
5441.998594668348
2810.4540509761014
6471.402256113687
6632.617095837055
4522.627866396039
7265.204769268766
6198.500574072421
6747.251934429445
8077.556877150196
3783.7734972225066
6573.0469976433515
5321.0940230572605
7723.162905913991
6218.23945081783
3048.104769476925
4767.786668387907
5778.872830947469
7243.515087147411
6312.646812468748
6747.03294237189
6165.111722862407
4248.082987616118
7173.042808008232
5462.783634157008
6304.405168891453
6136.904601191604
3348.835769995988
7136.592073446333
3059.4623167918476
3865.3508650774997
4167.789212866808
4469.327723392239
5255.734475314684
5838.622200577604
6681.660849097831
4091.3970135291506
3992.4025855288655
6733.287930302443
6310.926267265549
5492.7287169955825
5190.294111681825
5428.220774891345
4775.996847480968
3634.9807677971953
7257.823115642324
5973.0611569052
6420.048546176151
7116.189276588832
6757.067646274973
4159.517991800195
3905.248922460481
6834.814059995862
4472.218600521988
5054.647979235636
3922.6340757636876
5188.63229209149
3852.0099459849453
4497.314438600745
7080.491023902642
8049.829583991425
7123.168131335885
7248.50775839492
3948.826774013359
3854.669215902537
3659.4570903444132
7117.237677162202
5050.410660661521
5070.102184969037
3119.977213369737
4073.8544265423693
7256.464384960361
4087.4981831365185
3428.129522216288
5051.985380223225
7764.249134039847
7763.784070228832
4808.146748829382
4936.922592637569
3576.0070918073448
5352.480570359412
6318.396528224401
6746.969039872244
5307.663577299199
5996.766563483208
8096.823634243224
5828.710421469199
2650.465879150546
4501.095941212068
6536.596744978877
4298.258720866465
6615.83420052
5067.409027421605
7130.446339539578
7188.76436983789
3151.4381131370533
6317.2499644286845
5442.931890251845
8028.484024049986
6783.711627868382
2893.775419079619
6165.56544992284
5464.189326873415
8106.9888262408895
6718.649399187894
7193.6514942042495
5634.07823370972
6929.673884093313
5072.215439866676
7251.323894714893
5875.731766443692
7041.050783243848
5565.323886216621
3648.0937863435
5583.7261448744475
6558.312774610412
6314.297769427289
7139.013113080336
4451.995424371485
3647.3237092711656
4157.275530251634
8092.044049992068
6839.434453781423
2770.843271435087
7141.96221782342
3942.094820962651
3901.1025439908417
5988.781508282835
2434.9998417081056
4845.875863699212
8466.643983397473
6118.653243449937
2748.8469352734555
4512.802797201403
6836.620124228929
5457.4470948058915
7523.00747658178
4248.91983632332
6307.4691683985475
4419.415089457117
3674.5448864819123
5201.543762523085
7272.655622093008
2863.48791628771
3087.661159547364
5267.731184848578
6633.168561968625
5104.433072115964
4485.393560985232
7758.302404749457
4102.3815583478645
3054.7725317786535
8127.024982195425
7529.668136115647
6756.202245656904
2540.4145150258087
5853.753119735042
5241.066036649497
4336.93220182971
5650.407245041395
5292.695498803568
6603.882467878853
3643.3617771460986
4848.076694477236
5574.02008747844
8550.94516300334
3897.326132076293
8196.021744318901
5416.055299931896
4254.753471649271
6827.174219307403
4243.351782523743
4675.75676450873
4245.8835986496115
3858.7997810070196
6305.13616819891
3957.1469608533002
62554.55872366925
2467.4725451127865
4143.974763795776
3736.9391678896764
7125.986043667911
5100.98222044404
5821.907013581529
7511.2170689344075
5911.897274243747
6540.756988437319
3511.958305771106
3645.8943439076897
2846.74779299471
3900.281947388986
6088.329381059312
4434.107478870159
8450.420848911128
8488.222723917494
15196.924566478365
5291.108092966622
13433.91655141335
7093.524774018856
6836.04574865167
3392.406216359423
7147.789954967778
4578.902684956752
3889.4170819967285
4120.671737529325
9911.207345756115
3970.828159046232
3475.7733820017843
2170.851407608659
3654.7623385480747
4918.668380518306
8073.17149735328
7075.717472035024
8081.140211175683
4158.624438385477
6511.887406753402
1957.3498885907259
8111.213699989875
6900.106095648368
5819.6056894849535
4888.362538976069
7744.196271868234
5582.638722400224
6329.681816685154
6832.07927200817
5217.0390576748505
5462.7224873682635
2210.4618873151103
3297.339379159414
7717.232434610092
7573.744199402461
4588.649939819107
3567.7961724639213
5444.874245033568
3118.6861619811375
2448.1128522118393
7147.0547800921195
6808.927871632346
5503.956820794234
6314.709278071331
3978.7056964988583
4075.7668228475586
7530.380103446254
5143.597847036884
6343.288243701325
11415.174566219086
6725.365250175002
6917.239699738918
5433.715282999126
6430.833172697716
2448.9489020047376
2487.6684068925283
4007.277369830053
4453.021817737429
5478.64190944532
9479.725617879982
12734.058445402026
4854.747747889073
4055.7538852791354
4079.4920253740656
3860.1087848159673
4469.985746697046
6593.65495177334
7118.154322732166
4470.107193363781
3869.9869426673386
8111.748751064198
8796.019720050892
10530.367679769348
4498.285655403068
6845.059409003439
4111.94681774549
7089.442547618804
4465.349280086947
29710.28459010015
2435.2379141005913
3455.7594047322386
6751.1516241212075
5094.034654764711
5288.551681901213
15946.157844231704
4768.572917922633
5056.5854539241445
2548.849444044937
4844.1002685632875
6840.552277684123
7242.164021904214
5790.283560994187
4454.655857577388
39056.949549281344
3943.7434105968587
5488.343608561118
3872.22871982017
6536.8931852409105
2758.8034911902864
14353.794767280833
43104.36132383397
5185.394780546024
22744.993509600714
5470.924066155121
3258.804922230599
4679.002681738458
4062.6621876899208
7109.196307959514
3904.2003240187673
64202.001156189064
47450.405054902876
6183.715161116376
5618.247566687724
8632.114476649193
8526.169927339837
4548.823715814704
6335.897092806685
3140.4096420190617
2841.083281094213
13263.255537998795
3687.658940811643
6749.025463091465
6320.136172241591
5746.955557830243
61954.567445031505
48650.385845975834
3982.6336324087297
7096.921470553874
4175.999028489802
4783.421615735859
54115.14014882487
6542.065384243726
3958.9863734189
5279.477203237121
47841.39937543532
12396.14696271885
7440.550146452542
5714.308664832488
3917.4518231476854
11405.483896747797
14827.59114037514
3426.5901070995847
12071.447286506753
6007.084664306527
7094.919126618496
5999.75100931402
2766.348131666027
3370.833423527329
3574.3290022652413
13990.267025905516
8471.258989885824
4848.914516973452
7140.752652150261
12401.212183431382
3260.1150384957728
7120.714621831502
5942.448367442368
5791.343141035761
3045.905563304823
6547.058749718348
10234.321828165359
3887.4532013306343
4747.62854218885
2875.7784856870535
6400.19345217698
13606.430959292218
7841.665850977087
5581.091418345702
12746.153922154841
9128.433891585213
6476.058736141452
18906.625950762987
1979.119344583796
6751.37846211132
7736.590168833739
4326.393803000589
3441.0802882846097
5145.382097610368
2504.836736915857
43704.352483187955
4655.7452937064145
7279.351602836025
5795.226067296676
54715.1304658362
8015.358176352649
6489.452360242654
2618.318461681951
6765.107609726326
5594.593062676011
13065.109884070174
3946.857866379327
3184.104495194133
2519.9827037605814
6688.328378445193
9500.78494191908
5848.057370351672
2675.8518971903864
5551.3936660449535
7778.94602033381
13089.789451638468
48050.39424614613
2855.763862352324
9133.18354144948
66001.98058864732
2638.57452625971
6604.677722485286
3930.5993060559204
7093.251243671661
7158.305421881516
7128.952003174042
10256.165845533342
13967.161975903411
6493.703897852512
4365.155046443165
15157.311218616082
10777.229087964102
4762.515692767215
12842.468293075664
2263.494157151263
2228.1424635767758
6467.984593838476
12391.726230809689
61375.20707657775
9159.294864582436
10512.662309558624
28902.9965713838
6455.714718693838
6900.953094260267
54216.335329419395
7517.233389558423
2444.1373943201615
5109.649134223386
12734.3407951272
3928.9567372207925
7958.150365155583
63154.55071967747
7747.052809419283
16955.954353898425
7731.870593022433
8183.941684813016
9195.680518150628
9157.61617150444
4843.346580684661
5134.896027829029
6849.954281837362
54816.32570940209
5941.213105050645
11639.860791256666
2161.291819034787
8527.398683491472
13200.576980908843
6833.58126086348
4475.811272704941
7117.409084538366
23134.287237875844
13939.33942257417
1917.4978582515107
6539.017547106659
32808.36587371848
6344.898845488696
2583.7901367632376
11431.948874338175
15674.783010496043
5472.75984814271
7721.687270241891
8518.696721762493
13583.18867748395
14334.949656340705
7396.942822106211
10869.066003191045
8523.894528708188
11236.99906425455
5126.436995572913
48441.3895933742
5952.479355977068
4191.500230725868
5097.987143333139
6547.794876875045
5133.488246306142
9969.136618386594
27547.76392921744
9105.3982336254
3856.851057141436
4640.259528395958
3948.2131681714523
25271.238207046783
8917.22788379667
7810.271598998434
8505.400291619038
2685.3883307758542
12402.87464497543
33331.158717435734
8173.750423893863
8191.8261593484785
7097.673397359933
6530.450575215432
1947.3519885851292
7736.887687469719
40784.47756431257
21409.34770806962
6352.299537870042
6227.17771548207
2050.4712416608813
1485.3917454208008
3841.6770468543837
12881.540864454966
1838.3437612532216
3067.463603250165
15636.398189504525
8598.860792610061
8642.317576284328
9486.117523693732
3764.763415994554
7993.618665459295
7233.686961143286
16482.083073843056
3091.006702759515
3902.362057826294
42562.52662211165
28303.00687567046
3751.430983444017
2579.1148468920264
7717.407287112913
3493.7685802936167
11097.763622544018
4830.013188592879
3179.1129452831938
38456.9605242811
7093.699806096239
24409.161726416743
16879.832860002287
3630.9436847265365
4628.034795839834
8483.886768966502
3165.177329026029
13779.86526049339
73903.90012561115
13419.03227224581
9908.836434021405
7729.316316292964
11669.140539385837
7673.314204454023
14748.37078052334
11413.14343758868
16841.188931447017
12871.811452731688
3175.577384333826
2311.971947281656
19854.98949450438
1913.2016534916374
14404.772655377095
1600.3264002992348
5087.443856289709
2557.3487751593048
14271.110126920727
14318.807429423
11773.308131520142
13555.968718034428
9900.090929713308
14762.144207630135
11347.226707738166
3820.9433025677104
74503.89365518701
18847.79985669739
41962.537654414285
4903.960181143428
55092.1299460427
2215.8959833496774
5518.660075038785
2062.3703155590956
11061.877201018378
14632.259951810634
14849.002409398609
5008.321547888226
12391.962216371296
53616.34333430195
2038.5770646657418
12527.568838941464
3044.128337872102
5717.356660851978
11736.051728851597
13240.642444113219
4174.705317584242
7428.842888633531
61975.20230404024
60175.21993659672
13632.380072906075
2473.3575100136622
4458.798453811783
12517.074880715763
5507.6586724592125
10776.70320214472
22965.123342891973
9891.114006360189
4749.5530215701865
2208.4595625825323
8202.089513785704
8529.87690354509
32208.375056948815
3635.2201059429667
9475.605105347113
63754.54526775096
9311.210782190385
10349.430516983179
9303.633833660955
13094.488322318999
1396.671622342413
3718.6820577580397
5552.592293448679
34381.07428870317
5814.619028213707
3648.928868049678
2570.258320134226
9484.683813042373
14428.382908510166
8512.885628331023
8123.006643344367
17554.088599725765
11706.054333387312
1952.2060561647713
9114.431764673513
7130.30480904459
30204.38970918835
14256.39670490093
6798.499291281676
43162.520232061426
22009.34223501015
13207.512782675623
15589.851465947397
2506.5217417888184
7024.052693356139
2503.969329117806
23247.990622972946
14331.825926465535
5448.515357588746
24461.902699673516
2454.782037345561
4857.449869242769
9871.490093321707
6824.115063485824
10846.863733870623
8628.046766509258
9120.69328569423
12739.531304027672
7106.168764187345
4641.072395496056
7725.984366748435
3959.0008954895425
5893.714735171615
6232.0829665383235
3305.260799863688
4335.260913541378
14663.495867539918
1943.6566387902697
4460.107257117264
69081.74541382966
10818.141078119103
9851.234157139415
1905.1522382056564
7125.260935622607
5100.27352264872
25042.580421454284
7815.57948142372
5480.543336200853
16519.97973566807
20619.140350474998
3118.6344356790873
69681.74017035139
32731.168333194913
12074.446808015073
8317.230018424843
8261.34594681059
14714.712926977802
5790.18811597037
7162.1387361062525
13237.20294212365
17030.75449447614
8485.036124940809
23281.51790592139
15748.022681058155
4716.308029883363
1232.0848516115268
9947.869388323585
2443.8955792421166
13754.669692218746
2826.5916268501137
9112.884370395988
4726.408314053028
5992.418701746882
42504.3723036436
39656.942495719246
18622.19235038115
1947.4775640375676
9338.900400307215
8553.600373719348
1904.2651419576507
14133.689948810856
10285.404106421396
2536.9477883002196
5675.795892411242
3104.2524896287396
5544.2697956744905
6923.013598576872
9015.488497609125
54320.626766010755
2445.9149896808053
2034.1524244268942
2911.9668114549418
15103.38065263872
14406.327528218095
15559.310361131846
3157.3482394291573
9164.466535813279
25009.151935966296
9903.497011465546
41384.46733025919
41984.45927966635
2697.276034031938
10021.690418878186
1906.9801572628342
5836.130848274839
4312.58610091431
3703.965394406137
4830.9033677639645
9594.617478801802
4028.0352779077043
8279.783647096994
18118.627923206408
3557.2806256527747
1847.3471923629006
11372.579637015297
5577.863822774665
8100.0962668067805
1917.5595048370465
7026.583264417191
7934.85438116184
26947.773685602046
2147.7549663645777
39329.23929087068
2542.228393823404
9330.373450086297
48298.892754873435
5291.386457674642
19222.18964790885
1438.5801078425518
40026.070686384526
7121.689010692496
2115.8267066470426
5194.939393248443
5094.03709914971
4095.017214942088
5467.440473308381
2518.464938897587
6237.072370972357
54492.13725504671
9456.703252745097
6437.9660857786275
2536.395149232909
1370.2597069632018
73303.90758882022
70281.73415569236
1904.837827517537
24671.244048181474
6088.8213439427855
2500.5148504494196
11123.689657621344
15048.873294955096
6640.22140362366
13609.628695848674
1835.0067417533403
1547.7563537754029
6155.545912695255
12065.675498008017
8969.819616835479
1952.1103905085563
16334.95641493141
48273.58294341905
1384.1059755860488
6930.385360643161
16443.704389491497
3074.549438758454
22017.380152934133
5278.997872816374
13084.969467711588
8186.349679325864
24549.51079966957
17309.44818902112
3704.2510537225226
1296.820031516385
12062.69278971019
55315.12310577713
3164.7641241259785
2581.087216956323
15340.170511622811
14226.401799333089
7810.096140351751
4648.52555549268
61354.574827569464
8055.005508964297
6468.297356985494
1950.9384323787556
3181.0864206838096
4642.1373123636595
6415.6385820501255
4321.310790867903
9838.344186568784
5802.8229887665975
16077.434419181796
22545.392410495988
8187.058239317092
7723.208684607402
2792.4153830825194
5447.497050424501
16624.255992331742
31567.927449954535
9164.506278319239
2634.147723738352
15492.307952549583
11764.42052257204
53515.14917400143
21046.435506756963
13400.567486565773
63602.00899151654
10229.463685101122
34118.829464041475
3880.1653743322804
34718.82076651397
13233.38139553016
8534.853173448564
4915.568619142404
78354.20906834822
30310.276807629365
6428.107224220823
9712.707379728434
53720.633260882314
15985.177521768906
56779.58724309051
4847.498424730086
3152.2056299763276
7542.201402763237
3870.118695085618
8417.41534780197
16516.351556099118
8955.656924567631
4168.577277708921
8129.666854449731
9460.822630916979
12074.896392930366
9705.508737624115
6702.458379141286
2225.3255391417783
16557.71249267912
3513.9511755095973
35788.87181437188
1233.851452406989
6927.302806386662
6078.293600623612
3136.9440459200714
4267.44637195505
14323.63245443969
17306.14565669853
2806.8997553440504
27354.59027691549
78954.20306057262
5806.983790122463
9517.224470012134
17271.491821336152
5902.029517828073
2598.5796721627426
1916.514818226986
3888.325447573995
6909.2020470814705
1505.763736033303
17236.09852821224
5954.488667566095
6828.844136430746
2663.419464374179
5785.30762966546
10511.205237041713
6406.361461989767
15930.296724823444
14038.88906761715
6535.561237069032
4318.676346306674
40184.486768982875
5731.847904400166
4356.059525152578
7997.465096555446
23734.283420458785
3055.5877496158455
1916.9481029145793
1984.1053539867787
7742.058742836281
9727.168520871117
9839.756824807731
5253.054418005279
47241.40959612163
1828.599482097064
11473.528554221743
6426.584325095048
1833.8501588889128
15237.91554597496
2186.842094892331
15643.229122827679
10695.84123021997
12850.371356277845
9116.393575125649
5799.82447197203
13203.917589830031
6739.269033255377
6309.212014160544
3885.4831217315977
2662.3689009939612
6347.287683241687
2497.6488904025737
5860.085535321659
7089.457836452491
53892.142901713174
12073.766315475848
6331.845225663031
1922.6551200317076
17182.775859827474
15033.06385685738
27948.061853304498
8669.888497399112
15260.949639643675
7954.712278014603
12519.829392289981
13636.208653026879
72703.91477183701
1825.2062060637247
9486.209646392163
7974.378533640282
13963.26972892915
12878.489872312473
2746.547625653174
68469.38705347631
13929.103085166482
8733.444052703018
5584.7626434695085
1232.5165188075935
8653.681551507174
4794.474003517314
1859.4772378146022
9369.996114633072
2447.3409064726725
14820.310294566736
89429.2702034139
8574.377873421301
8116.886981493779
9749.284464950366
7645.902220371422
49041.38405207578
1995.8635998680702
2122.664063732014
15577.521939955637
17795.57033500337
12400.548394460133
3845.178927042359
3218.309968634251
9429.985438129415
45977.819704048416
13900.438718550931
1835.805384690006
1344.100110059574
2467.6002054008945
5586.261525676885
65401.98563087195
6371.077994014022
9991.501546649108
9625.61484837924
15175.691486042537
1570.855527451601
5800.492819748071
10044.741459057204
628.6003451134969
16918.099207131752
75103.88923880023
20290.295995735993
1833.42838607267
36683.5139727151
20521.23431785353
6710.337261268516
57379.58347117717
21388.12502737358
13079.062232796103
2773.728811745222
5792.307715017064
27425.466975193496
29110.29623804964
3195.862124601342
1922.4600212214589
5925.805481405534
5454.747007090311
6635.81559206681
8060.968117326078
36083.524489061805
3148.84893142844
6235.221443970103
12280.689241539947
7890.667514180259
3781.0854958067907
14733.684480364216
18022.19485925734
37316.21893000168
4618.132039769982
6166.5817772378905
7436.043827054058
6292.949368243764
13210.911233661744
8860.824870174018
9684.696601267138
9246.111681647335
10111.053547743337
21121.225972653083
2575.022563513959
6047.827501086471
10839.870147528025
13098.509771802977
14647.624572705641
6573.573816233719
1848.9547743998342
7117.657753586985
18064.826732289916
4262.797943136156
7675.3124289100815
1871.5939001502636
4994.5938737167
5577.270587924907
9603.350907987653
3487.4640048160936
11395.799273892279
55692.122176414516
11682.54094857997
5165.379547289766
1225.2069144920993
17820.427944282485
6894.107252953161
19151.591845120605
7743.6992607845405
1848.5895184482429
7070.284630829832
4881.698956189974
4524.582647337551
39929.23202697432
8011.296583243934
28548.056496725952
1844.2815433728717
1970.2587375283383
3048.9393491647393
8029.867266720931
6797.801083269799
6228.846080699565
1843.8975412432344
1940.4198695829148
18204.435906950235
5984.933814415752
11440.375841288605
7142.060585261987
12399.077695959279
62575.20053267504
8143.894354507065
1911.1096372705053
13495.76933544715
43887.2154124023
8343.697105172636
5628.600062508987
12817.390087998794
9592.733112827633
4456.591240070159
11755.550101391547
3410.446560722256
9728.432376946892
4483.422914908368
77154.22235165167
54379.6069563347
7488.940096615696
33518.837217912434
16150.347453128803
9070.010720919696
8734.293924898499
10831.481272659119
3103.967160522613
2435.138779820388
12064.269379018097
3784.103777800189
5548.652486246323
12406.001321762313
84121.55304351785
5085.471021584323
38729.24692687712
18338.690161957722
3406.8988074377476
1955.4997393505569
6692.710302452499
7858.36871278612
64869.41878781863
1831.6932311697994
7899.530841297673
7724.857595614017
4467.341283475619
8802.088346304316
6479.371224059251
3644.1172502999125
44487.211391933946
8260.827806067096
16993.514528709777
17782.770997911615
47673.58896544309
9543.535869588151
9361.991894235329
1841.61839576292
12000.515892730438
16062.587713733923
3196.670667924756
1267.4824559898618
5765.378177990956
14721.294737646862
14307.670673136383
22897.418307190015
49250.382496867314
1964.7662484949326
1247.9262552266473
3875.826401907864
84721.54840531532
9509.502239743251
14732.513670639553
10551.272481334101
5267.301771698449
66669.40343322828
2229.48957666016
10123.153263406624
13552.179061615781
54979.60251376315
2196.4568764682413
2436.7551981489396
7136.889590497157
4101.330051962714
15544.173422239492
24325.460654400573
10855.03175891507
17010.012353332473
6441.0539801621135
23497.416319148142
15217.687197361587
7111.885245874853
4580.014038432363
6716.751335849446
6284.722102010627
10060.821467510159
4303.96337472721
8700.095773738529
85921.54097456839
1430.9410135457076
6531.875839383832
8428.049401231881
6233.39049360238
16582.781553738892
2148.8549336644287
8665.472936408623
4487.44495052273
8376.192169806103
30489.953386548972
11138.303470222765
15536.35278081107
16567.240638105442
10572.50597839331
10767.615706568095
10012.36960832941
7135.556940911855
8333.309920819527
3269.991757580382
4348.081737164413
1914.2827154371546
1897.649679641238
5973.869464729899
4433.200254953743
12066.443782965163
6323.0227227733985
6190.758229414578
4670.339509610559
2198.197095373141
17148.086051456874
44343.39714109109
1840.5634163780094
5226.587139746312
5963.630976128817
17077.043458840035
5551.558413740524
18572.744177772165
99283.8361987722
67869.39147870538
33931.15599068072
20706.09094551233
8711.212712947861
16596.134639596185
14738.941578400381
24442.59032857938
2128.0454860600294
19822.187204649494
29502.99393578074
26777.664021784098
2413.7578577471495
21988.120980746564
54920.62324143512
12494.171754360128
45087.2072481787
3856.603301344396
18938.682820110407
30984.704343675126
1225.92604846722
72103.92044483624
3170.2576887757004
8288.733296636641
8651.603619923213
12497.861471511935
11133.778166923064
11979.2990999382
2796.456310022652
1896.6946426450354
6221.297105276894
4848.516422866328
10800.24346712103
4418.443529405318
37916.20672783265
17995.41204753259
8716.584711333866
7592.092165533967
3876.694125447897
14806.172639847471
10843.245197596945
5741.975244849218
4504.063998336515
6796.944545879901
10491.06209654542
1874.5639247473073
9934.599348826272
6176.356033292385
14786.116870398366
1462.3729799112302
15087.076705317451
8233.50445953001
26177.66767921364
8179.907110403461
5914.849618516138
1860.4589760761962
5801.2039058098435
6428.705336823291
9857.312899164113
7197.28267204756
8826.745764340514
7500.099592286413
57979.58121472655
98850.52209463183
12684.093341881045
3043.37265941104
8506.630615030112
4526.438388724298
11150.584531508655
6224.1167460787165
12848.015242226758
19777.05345469508
25609.14946413139
4384.10329821545
10225.9325566938
4040.260454624884
8073.546079423734
15287.641150996773
17714.85656949538
7634.0917214845085
7440.4908182942345
8609.128230755727
5560.389653671475
33495.76012714068
632.222301162946
8045.365522881612
55416.31672394803
9992.911393203389
5068.872654787974
36388.86724174423
6091.197875623361
112367.85755991613
784.107132008013
1235.8064729372215
8036.075450166821
9897.269085605447
632.0865460430133
113567.84913859966
9028.047485371755
2753.248274115005
28053.62054040281
1646.759234302268
1402.1823447516317
1855.5882594019834
1813.7584259870994
4133.246251281989
7984.63266320142
4485.002539226116
10450.10927089911
4719.862661796704
12521.834948534122
83590.43371362836
111767.86230421682
4877.955240161129
7424.113949325946
8626.750889836514
1943.7739828273955
16704.48972736854
6032.839072050817
3144.098708998464
5070.428735760974
5684.571514022917
5939.022175886083
5866.326580592283
3132.2138739335937
6004.684218334622
20809.267426937648
7741.9602744379
25888.32757320735
4156.1481023639935
14892.310502840633
27453.627384917636
9543.693535530792
7659.108433630519
4534.8976185748
2441.616589655051
7352.1699093352945
57050.09467979828
10521.248747642785
4391.437144744058
9765.807856117754
33781.08657021179
8646.924981754217
5989.291869087883
41708.04628744745
21721.223875803553
37460.73471225053
4276.954940471319
1564.500142545837
4873.643346792522
15488.949270972233
4470.692084002304
18533.5341993741
2512.9148192768116
19646.488368979855
1930.4804097854844
10529.998151881811
8648.787797254896
17115.09639750251
10543.614339747786
8298.83648086354
4872.22327284296
628.590848929341
8710.748728863227
19581.601054715593
20359.29157409951
1845.8278505935493
18341.982044639055
30967.938965551974
47777.8031312177
1886.2822123692524
1244.2836106390048
7416.492002724171
15113.078526767018
4697.9282881868685
16095.382097276171
9503.209050324236
2794.4969250363815
16636.1051162542
8710.219179527588
11087.824692422588
6132.402208083528
2440.5615053038055
2512.6116391545706
40626.067697568426
96450.54177575155
4681.970709098549
14691.83102884735
18678.37767047347
2194.4971891888104
2242.0415430903204
9476.511564955374
3050.8457753134294
9930.369858860402
44304.35002808559
60202.20705080213
18225.590120767036
18332.518594422643
1364.767828152765
11444.438897046633
2203.0078713652542
3071.593433057039
5993.6601563001295
101683.82145075791
29889.960846399732
14338.918984737806
56450.09740377624
48459.35813960319
14715.576442716467
55579.597354393
5845.628366607491
67269.39715827984
5857.556032969192
18279.00261404099
2610.1711750515083
10306.85069725277
2717.1365555258308
7797.095677691226
6151.383282506632
2492.5284967575335
12578.290881617535
2444.2809235810328
6931.843986168944
24097.414754487723
6341.73411312208
15634.254962657118
2075.857933692325
7143.701001981971
2760.523490563906
12844.946844979833
109967.87466293074
43143.40910135039
5977.443794265391
1235.149704401831
5672.266932662525
5797.311309077678
4564.68254199295
5741.462383143886
10703.205523156972
4533.489631828297
16962.3176736558
5802.559442624229
6211.050849080568
2118.8098522809228
2670.086520022172
84190.43086332649
9072.809973696245
4878.474349062919
6703.951970892046
5826.585655554283
4553.148058787192
41108.04860698513
16092.304805964572
13758.855535407589
4107.320937274698
4239.191594549772
1833.9076284168148
83521.5578684572
2429.2908121104797
1996.6713209353977
13434.139378195756
69069.38442338275
56292.11528111309
48898.886984698365
4159.5142158637445
617.9846821530689
6821.331446031913
75703.8875602238
7508.856452153668
1254.7916837543812
14121.2983507121
10491.113620314914
2491.0078729426345
1410.177604663314
47859.36088815555
9880.500650607606
7437.066512441855
12492.701556401747
8783.939651869938
8652.913688869656
43743.40170985425
3033.3924663463154
6104.1255831813705
14769.120286233558
10878.751398242373
18758.61687314458
6105.487353010255
15515.08562567835
7700.620949955202
43287.218868578915
1583.493156693289
4765.772727209553
1240.198070453351
10277.19506425888
8516.395453383566
21765.137517930394
9721.161464338795
757.3528535096831
25543.67263772292
10809.469669455531
16024.023185051503
16630.193823667712
4018.0165856641875
12496.605713038887
4465.821269769858
53779.610197622904
6502.79724526599
6248.2623070588315
22297.420476256986
7441.073278613979
1835.2443475295913
5668.871869652566
2530.4788600630104
1239.2569285181178
1850.8461787957042
7026.512064252319
2255.7668240555704
9920.039875927772
19210.811692569157
775.579641792516
1909.090637302986
13837.164226571675
13177.408355279367
8070.000678065176
10457.312503122908
98683.84002931374
32184.692635817886
12178.382744099452
1911.655928512037
1841.8115495151626
1628.1468854860009
6832.753801960974
1887.6743298493989
110567.87117527013
15195.283789486903
19017.966288725464
1406.2908419514881
28147.75570226463
5557.428824153667
1814.6205816955182
9135.871512432002
9444.743109514826
10350.533958293901
1241.8136548564746
5687.41007831747
5013.878106054469
4047.3429289262313
14016.098346607036
6223.733906042777
9900.45657508634
4552.571758116133
2722.656457528606
4529.75348209493
11743.253787783939
10500.088932083881
15131.30016960289
35660.74832371077
33993.45961338813
7509.195749662194
8535.874314221797
5516.238597810668
9930.002049349305
6356.893435105427
3667.454300036822
5615.438780908795
12494.909726634352
12178.013517329737
5822.722398774981
2518.689551988336
7403.248399135439
20788.130111969338
27141.890633832612
53510.589526997275
8673.171312523877
42308.044037278705
2226.593198125733
4260.798113072797
4319.111930639973
19046.491520433457
2085.389280626554
15620.889482802757
2241.085566070491
19452.800743976917
21697.422573810538
5730.4695928504
17989.635857865836
1213.7720626306682
47177.80727171945
1845.9203851439856
5790.387518268969
7904.118941256199
6018.589458550568
4087.7361708827543
13915.017700839993
1951.6304566403599
7123.421365367613
34619.344035450405
36260.74466156997
1326.2139978051075
7549.389803760633
617.8532748401632
3067.5986332164543
4784.378386652886
17742.357069367274
4802.382779803789
18812.202336390816
6900.662557934151
1828.3124218120145
4430.184642856178
33408.36348992794
10103.20719869626
67423.6141903317
42687.22137761263
90029.26482102052
7319.822547203299
806.2914184250924
88229.28232123026
3795.861112340612
27741.887086356015
5010.869427326431
17037.962098251846
95850.54548800022
1245.828974606741
1839.2558766723607
8323.160686214149
54110.58753798514
2505.950769232068
1405.1935809480506
2443.4453925676826
16202.227059795425
26853.633462670696
18597.292935339938
13429.83159470917
7232.483935180139
2448.9692642970413
6240.39552866657
6341.061362226241
20498.098414943863
13823.259964977407
8137.024934927137
6115.687212306325
10117.222367470706
2575.5783469208536
19787.26937037216
8812.016387356622
112085.75823125742
84790.4298391874
56016.31047142397
13445.979547927667
4919.071812915138
1240.5654644134067
6240.364146081786
3108.757760685615
110285.76294046825
5798.972119768246
11650.102313152101
8611.296449340067
7177.266944744853
7626.582964294489
15582.6131365279
1342.231386193403
11694.704827343356
40529.226860426825
18756.551470573428
9128.956107391934
2718.674396423807
4495.447810125477
55915.120237065494
3522.097960050714
17661.364682486263
1210.6718195848368
3265.354586805764
8921.002367350608
6144.269680122625
2529.6749627541167
628.9133622850973
46577.81313627136
8503.296012414245
1231.694531815728
15616.828344517253
55850.10045750779
10060.925494534671
12084.09727040462
39116.19384896017
12180.108922827472
5917.232661769158
4516.96980654776
1231.9505546968385
64354.54350757005
4381.085061643487
9607.471685709641
63002.015101609446
18639.32048347201
36735.41247653056
866.1603664853519
9252.912866833616
5615.131036819483
9794.834912751663
1427.0516133477036
18704.92982150805
2559.2060709891216
6704.123029521314
29245.54113700675
37760.642317522346
633.7097321075695
32784.68855456161
1236.8318431619512
5649.598648697182
9863.11957581636
8574.800952809788
17119.382125954828
21693.031905632943
4026.5896387362895
2246.754836445945
13458.076776032787
2173.7293202409664
9655.14734558872
19538.679412571986
4565.668186363255
7462.940826670625
9807.199163082385
71186.90782008048
7949.79765479191
3062.4134101775016
1231.5324989040546
4835.86146878946
16009.622614070824
4971.829475674417
4984.76383080381
6408.2121462028335
8036.043522927624
9179.20250827588
1902.8479944091573
13885.613934342422
5852.68523967915
6901.9758233250805
4384.01089424271
17836.096865052357
2504.259313703248
11979.77038841724
4174.538388204237
2440.8454071742053
38129.253168352836
57650.09248532575
8624.39349679002
6238.327784524186
2749.802915282795
26946.009939530595
102283.8199534054
17422.196763480475
81190.45228098232
1238.1810182481358
12724.389211188069
17892.298869075043
58579.58075792257
712.6124542143277
23847.98942463311
17496.834119121886
82990.43802571423
15713.072727767618
5548.026902021908
4892.747487266231
7730.303202518614
87029.29162455058
6250.406478854567
20739.515746607685
1236.5252112563826
9520.035504150721
1827.0933740490689
60775.21361647348
15106.481793368075
724.937732120012
33393.46267696339
1867.742889982275
5948.039971474856
15921.290661959667
6704.161417028842
54050.10933606324
10044.380989087993
3106.7852366014367
16122.986779817473
2428.3122418224043
3198.571778318924
44306.84991309866
4954.145078012205
81121.57249396927
7127.777100279737
43706.8524372505
624.4913890101544
10198.66338791227
52910.59236676197
734.4367082899448
15775.373830975997
883.3581794975646
9253.68137407072
4835.517200391394
4041.0772744195624
4350.895891165683
16313.068756194685
1880.1239852317012
85321.54428976035
8730.37562831024
8466.051735329143
45873.61397028763
2449.976784307863
101083.82413138238
9918.530181392547
16782.675453676842
1522.667334237462
9482.150691959278
6841.073726292016
1213.2074339463682
5732.803646604053
4394.525471843379
70881.72880550759
1243.8992720147094
15472.95643578637
7528.003001383646
13483.193029400834
16234.249692293939
17038.503965533313
11400.51994272811
4113.986266257867
1825.9254378489136
1377.4718832742028
8455.196996321034
1379.1225440813382
1238.2061955792929
3770.2570713035384
1845.8744019949834
1375.5788062394604
19278.152678830957
71786.90501466054
19770.597298875768
35193.45460868068
1263.2262791443786
5037.074189373339
14318.727878110669
5814.724170518612
1828.5899875785012
2455.588099608261
91229.2583555856
15509.820673834562
8367.509520599277
8769.447941928986
633.7322035572097
10094.409109688546
5770.800778614632
13424.79081677138
34593.456812069606
10579.886841334148
713.5433402826192
3068.9520667028746
697.3757490050377
9534.861140337485
644.7405994215422
20977.040338512554
2428.599275367766
37160.64422993825
3130.251943057719
11453.877991632437
36135.4186330687
1014.4884648466575
1840.1368722550403
44108.03927927103
9772.944233345406
10178.360666761464
15184.987800041148
17180.171242357625
4265.590772440928
40508.05083807447
39426.07756481752
13579.206947463685
1273.4620065202187
2791.9282547093776
10971.167365439898
617.5533819706587
6996.6904825672555
46287.20050101499
8923.158711710847
2584.1051230720614
16217.518111381652
695.3431206349568
26488.326566794072
739.5912551014549
45687.20346978586
8751.17349618739
18027.62705565936
18809.837729496925
8586.974622096815
6803.691706895939
1836.755818215866
13167.716100681075
4384.857628775561
2723.3574832334666
15696.958223364922
24139.76703114455
7048.248634225351
16104.858621121823
4370.256852648477
16885.04482547486
7772.624242052785
18446.496783976796
6911.222914295651
638.3752377626022
1844.1423571635723
8593.618273019
7400.055064777305
1261.6810697387145
4395.860399426501
10143.693019723796
1223.2421233909024
6950.450805314851
718.1879498547753
6837.068485295409
37283.50780063773
698.466697505426
15829.055274739694
5942.9608533792025
1441.5492116482942
7284.558339038135
28025.465064044656
9471.649362313361
5661.541889033968
11753.74617061441
3003.980440493383
708.7038018932274
8669.999530430268
4147.633691719712
86521.5387354606
28567.603223066795
885.393314643781
2753.5739131642704
1210.185537487895
719.4848632166385
2164.4999450178616
2416.5759128464247
15670.328823569915
8677.55675094612
752.2068886638514
2148.6886769592725
1926.2122945640126
10943.760847607664
23239.58138056006
20106.09441622103
14293.579069754642
3602.8703999241893
12567.719852431124
7083.667182969537
32793.4656426897
18156.55609874651
8871.652862370383
1287.1214463567765
6830.60170863616
3976.2564546362382
1317.4409542015446
1528.047311630826
90629.26072592312
714.7346479579838
17715.738473243
95250.5481125842
44906.84886914673
68023.61175020768
2480.12378981145
45377.82585227208
13110.464041130675
8109.19533398323
1414.2176267319185
2474.55780235689
5353.640440319327
731.2225322721314
3189.652806110925
5953.64023068888
79183.04052475531
8980.126979310293
72986.902239068
1835.1460976392038
28159.380850895635
101250.51083819458
10890.80024650874
44708.03877666335
3814.4272706720535
1817.1582899294285
5124.580745401198
5973.243406877894
99450.51772452162
16229.558830792996
12752.86891812635
48377.80146833847
827.0038013741279
10480.50023844727
55250.103605536824
7528.04283497906
3122.395768816159
21022.18475284107
4187.087618631327
861.7783775932273
2018.3225367566145
1813.7947031966055
9964.184872446815
7303.951600269727
8734.875077698212
28653.6151080755
9280.878047779488
1296.237593778411
4757.455341649566
2689.3449595654442
8438.269086515686
1839.6819979137547
5740.654519356436
4471.146704676181
631.951962216315
1918.6911325569374
8903.21076477631
628.335662252921
9714.430370213548
729.4804299646923
633.9082989964992
1843.3858525021071
32963.640171547544
42908.04201896449
2632.4150921758796
46887.19871610207
656.683112237078
39260.72549159891
1284.5827628986667
7740.752449504256
14381.919937550983
17218.528160526424
633.8525082438241
14679.126515028693
7660.8325322612445
2998.32295609436
6302.963408409842
8558.149368088682
72386.90310023514
1063.5002581794345
7298.596782039084
5009.724683670657
1842.3949603093492
6849.860764077879
5540.294286051005
717.4414219315124
1856.6233084618611
1817.668977458902
8023.728060993967
5043.0757676610965
20670.07612428866
9399.955381896623
658.8296505899277
7304.120459567852
13133.457819119658
3423.868080485056
39908.05282022484
930.8531799714585
1224.0221521203528
3170.3384932377585
3463.4848904363716
16609.620936799776
20567.944195633543
24439.5726918518
1329.8599517866678
2761.29127007334
20181.600865594995
1318.1876640814908
15527.87281593735
704.753505397287
5710.83175861383
3133.7741297006874
16692.301782094455
1831.9491335629248
9707.238867286354
777.4724087254199
1324.9372074667797
17370.19802497873
1962.2950305181514
10077.85824351319
2223.8689974202357
12754.347821849862
10065.2014739675
1092.5633730909572
25039.56965295874
9720.691929942692
2967.7355104188564
11129.99632923637
5457.512369850834
1610.466289051509
4869.116615333951
12875.719352690126
1828.6919644138181
723.8729460792014
4911.152536164125
4418.190538830494
39308.05442121162
1832.5152498090818
7517.289578127672
9038.81768534701
11992.476406870435
28341.883274783726
1267.6035421230395
9606.704673777169
7716.188080392117
2808.459408632813
4334.400982158794
1475.8599856028286
4923.996409845979
6987.7986006172005
14344.397800122188
4839.302763959439
38708.05554579185
1049.9537993864021
77383.04598517035
1010.4678977846402
30141.876400346842
5831.381210595306
114767.84399179353
1278.6474757188778
1859.1410060090784
81721.57010314932
11114.802910028733
7735.556713789806
643.3558321416589
2440.1353076126666
46850.414916596004
78583.04168430837
11199.951839963522
2542.3945383270666
2010.1744348946345
40112.125180545016
20748.2466802398
11850.605847575098
6373.261550334829
4590.312485537067
76554.22808889748
627.0927221003792
15713.163365297327
1330.481578743583
2900.9661789163706
19838.640456058263
5649.751395080458
662.4669694607778
11852.679326832256
1213.7587874701562
14872.435051061051
3092.763325549524
1293.781052068804
14898.01679995654
7449.953355420467
9506.840576885446
27954.585273064957
35219.342532670285
9656.267609760407
9999.95449735601
13352.86400749465
7096.833896887361
11172.479025084382
71481.72529593449
8137.40269677467
1286.9940206210936
3032.640188713012
8052.915678009976
18850.242860509556
20422.18546042062
13952.862761623112
1220.472477203841
3815.432264370294
705.1727703113822
5613.2575224189295
79554.19842059558
5947.631474828876
4108.535148672547
1331.2220632962392
38660.726815412214
3281.387595687112
1936.0023077049398
6350.075301173075
2707.153436838722
1215.364523734329
2542.3974879465336
637.2548969561876
5556.328754813302
1286.2831422515123
6802.122339888733
4859.843388154813
693.7812820067538
7816.266278485988
15367.54941394916
3787.4311697842636
1243.3554278550794
692.9183072623099
1919.863215399402
5794.384829309306
3191.8512288638085
700.359611015414
12267.360695140365
1223.1780121814186
3100.104107301897
11671.79903793241
625.1079912590226
2243.182460205624
1304.7531749169236
1392.46098970227
6836.810322808799
2912.0534986314133
8128.002382952917
15974.238188486264
7432.077335074515
7574.862742971607
1260.4597121046777
660.7669977181672
5737.957264168137
66069.40958006193
11384.859681695654
6356.143289674172
6741.922159626917
924.3448783928271
689.3337258348326
14677.41841577927
11161.939623569722
16254.56620716583
1237.2477617925708
6154.141867287681
9956.896622600165
7748.78337476422
11654.9848057633
46473.606534408354
2970.5253430533708
12732.175834923622
10916.056012151077
2415.408201792678
4926.091929045142
2030.1458297135532
1304.267611555072
3062.1616649016496
3028.312164597983
32193.468188232917
2183.4922825685226
640.296320838685
2638.28610184367
16067.21620780076
4834.511170216093
617.0737827694861
2803.0075570707622
842.1421785236631
1830.7539653015986
5612.644349576873
1313.5431059884602
72081.72423952671
2212.5813801594095
16141.873645167381
37335.41084366845
8538.508118881207
1230.7546307848093
113285.75685759968
644.900362953044
6899.196420331305
5462.456079056857
2428.5896916513852
17607.76489657158
4960.391631087955
1362.2954454127585
29959.377477720667
613.7589989498375
1242.543989911545
3223.6766038662104
1856.631319852985
2665.1999083357755
21892.670868073437
4838.748772428861
8303.212066100943
33384.687161693815
5061.566669702036
2949.68227672087
5210.6047488283975
1210.3505218062573
2169.5067832607992
673.0636543157052
1210.231410812783
1274.696609124524
2825.3253460636606
17091.23130853146
1047.8658390942048
18382.76959807797
12180.510023200794
1330.5903265654608
636.5262103029237
11115.056790256296
1386.7166341807185
2786.841966261526
38060.73009243363
2390.045991978027
20383.066628291985
1340.4633121623044
4329.355283078686
69223.60960528714
1886.9932520731622
17612.063644687994
640.1985559195175
2667.495607194793
6229.067146419963
4859.098510931636
100483.8277552807
1333.3124096258414
6032.1296074333195
5533.773516910592
2421.513515438133
1424.1921186610232
5559.674834374745
10600.703369117224
5810.843257238104
2275.7817689614403
4010.4464662637824
1271.8026634116754
5818.6916565773145
124660.97947914522
1228.8340498342038
1305.525399821969
4445.924483278635
1240.2709137482648
948.9187631403491
3156.8660692191625
5801.044480687511
3813.899249846987
5208.798996667448
2443.381253995295
1252.6981190330698
1442.1417404647577
929.0583030234133
4413.898757006365
1817.7067849283462
4867.954272067002
8022.784504205794
770.8063699075587
31584.69835774506
3791.3027059636547
1820.6950606601995
1849.4831423417183
4871.04478917866
1381.0897181799724
2622.383711717844
4415.873266391868
16490.16906973624
5009.183031210851
1824.7243983113856
5508.191649916227
3815.594978170018
98083.8429413695
629.2919899807606
99883.83193294884
689.6977691252448
14846.648491954751
5648.262880862619
1867.6018623943758
983.4945475541411
645.9240078410585
1339.5310937013269
730.5905909868889
10451.233754514613
1019.7348570767729
26754.601211189445
1234.6845322382617
13767.7138459195
726.2149755690455
1305.1724100996146
1912.903538235993
66823.61675282891
3815.873819803744
109685.76458956528
6823.731120300326
3175.022478542952
5050.468465907739
1298.466447909794
1829.2912009690917
5753.216072553379
3816.296779844923
1843.3857444040095
4414.4267634298785
19143.58800316647
11360.288522815372
1892.5288855668389
1270.5499149745353
3077.320662316735
2721.8927431143265
4415.594367768391
18917.346254683012
17573.589910929408
8060.785833447044
928.0488883988813
1497.3606053184299
695.097772087211
60802.205913510916
13354.347330432676
30559.37711648141
2445.3018743893776
54710.58702909587
11303.204326402125
1951.445452612469
1219.2014052323652
9770.811355541273
15211.345352837772
16365.663470433417
5784.266426119856
3145.0266245361004
18621.50024629281
644.2851777426486
4940.389902083476
2067.496037493068
1244.1444647382461
5051.271908078016
10321.161316394042
1097.8228440741577
810.178958277894
3160.318398891491
1308.0540394749974
684.5830185649378
29845.53839032793
693.7399055367651
4613.857397674246
17534.731517887783
1329.6757984929272
2614.7234121629117
8291.064312369928
4928.916232986685
690.9182835680939
1548.8586322706758
5549.312691022845
32167.922238593597
2897.9420539405373
4371.83043698064
29604.398687816538
4416.296189067359
2486.281915480035
3796.669948081925
1214.099735048971
685.7419391463272
1843.3805809087924
25159.388165548986
1218.0787063259254
14372.524231242058
4861.554603965353
23145.383099950843
681.4674827207881
1461.77813230842
7696.921198709448
54650.10663490703
23839.576944622782
1919.9882110575497
5348.040218257022
1907.1017167790528
701.4266878241239
4545.383594034271
5141.57417459957
77754.21575257962
8737.024159441833
85020.20879829097
7000.589364838555
666.146383482762
15194.83497944015
20904.84669843363
3375.18177050805
6950.378575777625
1874.869390133622
