59.48997198002318
-54.41892031689374
-54.40340748411283
-43.73364007900233
60.266592376559714
-43.76905545500689
54.221433347096955
-85.21207310406982
-40.11025953738223
63.694327431764926
71.49519490033475
30.24409392911866
-31.33912322231141
30.63946599125266
-44.795309929899354
-43.08663308280035
38.60079249106181
-37.77450244696107
-62.1228835850334
30.470738131797884
30.7005547247329
27.294210056756246
-47.60610544893206
-36.030840868630506
-24.597437554403093
28.69257370555039
31.36500621862608
25.680355249141748
47.648268529343085
35.95309557423148
26.388721365287875
37.758099558818486
-27.644836008202756
-25.908395726140352
41.74030565205291
-21.06782095767336
-39.56071106261729
-57.03831713136083
17.64379666052004
81.02472159367588
36.65091724277016
24.68048217964102
-26.04850718783885
24.35656420061984
-30.63706039265857
-16.044705349061875
-27.98530478289721
-31.575076380775357
-26.415551685017387
17.630232775379188
-20.949612021192628
-22.50658932475162
27.40640904957394
28.085891629732842
-34.522586112768046
29.704297350462028
-19.25052731095437
40.99171052556887
25.738160949371892
16.728983508727122
-31.37478996320815
-13.688384482266125
-25.23040097956002
-19.674780945172547
27.26511584920155
-42.496467783894815
21.97857901418757
37.02963751071569
19.009218781722208
15.427502889173235
26.073697536259637
31.393542804618264
-20.64422897261129
-25.21628315187473
22.23919344039651
43.063329054145285
13.52080921563963
-19.56991326581361
22.200667489261228
-15.345227306676632
-13.167306994201706
38.59990550019885
18.690515612650568
38.095453106780674
20.958392317683757
14.515387473281793
-13.007444909094161
-33.15614297993651
19.033984001652428
22.643630537956703
14.128378595283928
-24.821381981922134
38.05585140703928
36.74068876605101
-31.71621626895345
29.940435303844385
-17.781440149447008
-17.07305780322827
-26.417758120928873
23.117362179605205
-15.82648716354985
-28.339464392506834
16.225896509836147
-30.54425293400033
17.8327128223007
-44.174149927061485
-32.0065362473188
-13.411388429193785
-70.25117447889436
23.26701392495124
-30.90969411500507
-31.390301628016854
31.009059887366714
-35.74921147349058
43.04068847885058
18.414298620302464
25.701424055818848
-31.253659697353644
14.436742751473112
-16.473480672524556
16.06366867197952
11.998302028093379
14.849326151220643
-13.45181243926543
-14.474085803223877
8.548139909485984
-42.7787907023254
34.09598394058462
9.946396543123717
32.860169097251024
21.17995282235355
21.289955245583595
16.50372580758786
-26.351032595241406
17.184520093557172
-12.048829184056423
-23.780009657907506
14.51856121832002
-25.03753110818224
19.50416368034442
-19.635656887059273
27.5831977824333
-22.372029763071502
-18.160597781062172
-18.24927635479565
-55.22287990235595
10.052296907046674
-24.325124334857808
-26.4937595853703
30.735198860021526
-25.631150637823854
-7.488631840900498
-28.83524327854228
20.670768929302405
-11.680926217385249
7.129029593611338
18.701738119136692
-25.16598268230189
-56.313893315783275
-12.991797071398194
-25.282989416615155
24.647966197509735
28.190813119574
-10.954641284987252
-21.697485316464697
38.39495851732112
18.14085725917616
41.899001363588866
12.158759719532044
-25.44957319296455
-9.241335663258129
12.738494681795599
-19.318136774294054
11.928828746043232
9.628692782446622
-13.415647094176943
-13.730158035017288
-21.529387956504365
-10.027981079118694
-22.609215665386436
21.26208982366418
-8.8547922709558
13.109554722307475
11.866741451762069
10.636059094626344
35.861018619747774
9.153061599770435
11.674594097580847
13.801390360223019
16.441074352482865
33.1088033058911
-7.647012146099693
-6.960376982474916
3.3503528714776096
5.200295130028458
11.351462261452125
14.397972463430856
-21.91807960271539
-13.586003035087936
20.55116080155772
-34.85069067352151
-21.040548775903197
12.103349228708419
-31.80693819951944
27.761908307442827
-13.394173041517677
15.263591526556961
-16.99913483749135
-18.072645789527336
10.394700155858404
-21.777933406846376
22.754106097617015
-5.219009089481547
17.24790760020101
8.107533569055045
6.019541417752488
26.452754161568436
-22.42455362549419
17.17890841990512
-14.495902080782514
-14.199115576107673
-6.094383415790051
-11.316262952191334
15.833624682562492
7.629640331903162
-12.557484959706203
-8.654172220774829
-13.091718634925492
15.781892393226812
-6.201221770981762
8.564997680570274
14.611488209899754
10.610264049878035
20.159827860343096
-9.669045059140151
-3.992234261292305
16.827853470639514
8.20251982849712
12.462067563731384
16.795359786137436
-5.775857905254055
3.6962280954344386
-2.9682534764938415
-15.859003017431625
11.601016002315049
-10.426496809992264
4.608234879151461
-14.989708486629453
-9.289231033191689
-6.747239342842304
-18.27165147871309
-8.343484385738448
28.159159653710923
4.964699821078621
-36.515586934701886
7.330763493257477
21.379601601500365
-10.82425897809844
20.55776378233592
-2.4185907473805863
-3.815256931570314
28.57832586964694
12.489618450901792
-11.91513037751074
-8.759285858162071
8.763045726683384
3.297616663757836
9.0631370300069
-0.009671375638509602
1.2324973468801599
-10.102794323973148
4.447264531552166
-10.271846969921404
4.110691553216736
-3.1099110439088498
-9.298550064392632
-7.920149326095019
-7.260360175986446
13.660811806546418
-16.06144526528492
-0.7813754954183859
-7.156726673761365
9.461799391042653
8.254899402517609
-12.852257095553172
-19.71953687744891
2.645346825751816
-0.13103640353536355
-18.89258909450704
9.617712775859625
7.81605573252141
11.397571833998905
-2.366057433644321
-19.5714611969304
2.017529558788818
-6.944783181028914
-6.527946856825766
-4.086250883420079
1.8960089760886483
-13.171600550181978
