0
2
0
0
0
4
10
1
4
1
0
2
1
1
3
3
4
1
0
4
2
4
1
3
1
11
9
3
1
0
2
8
11
15
10
8
2
349
2
0
1
11
2
9
11
18
4
1
11
2
5
6
0
40
3
12
9
8
2
1
353
260
41
1
10
0
3
3
4
17
1
12
504
3
14
348
260
5
14
9
3
307
348
12
7
6
373
3
37
8
8
3
1
0
26
3
2
14
4
1
16
6
290
327
21
3
320
315
337
2
4
48
0
333
2
5
15
0
20
1
2
10
336
537
2
312
4
0
2
4
0
0
38
2
0
5
1
0
350
368
371
19
10
3
314
1
1
335
10
9
21
5
13
260
7
4
3
13
7
2
29
363
349
11
4
29
9
0
46
5
4
1
10
2
5
261
2
1
16
1
3
313
1
345
510
1
4
5
3
387
26
321
2
320
372
315
11
1
293
0
19
261
5
3
10
9
2
0
3
4
29
5
2
340
7
333
7
10
6
18
2
13
7
355
337
40
316
1
291
331
5
11
5
1
27
259
3
2
33
334
5
334
1
7
7
304
2
0
0
26
6
3
553
313
39
37
10
374
7
0
21
375
3
11
323
1
332
289
1
338
17
355
4
331
3
31
333
541
44
42
1
389
23
1
0
259
43
9
8
305
17
21
350
341
6
292
2
0
16
316
387
260
24
7
42
364
319
356
4
12
4
11
0
7
357
2
541
315
1
33
2
369
332
360
7
2
351
295
349
359
15
25
373
0
306
2
1
61
8
540
3
55
1
0
0
1
2
332
365
356
12
0
49
391
328
316
2
12
54
32
345
294
314
288
512
8
0
43
50
7
503
295
17
38
322
391
28
1
504
4
330
259
3
1
1
34
17
5
305
308
350
1
319
20
8
36
5
312
66
46
506
0
2
346
218
316
378
218
3
0
318
55
260
10
37
13
1
2
550
312
47
1
9
5
7
23
0
0
4
6
23
351
13
33
390
63
378
348
351
386
63
2
1
293
385
9
32
26
3
353
0
5
535
62
5
218
36
4
1
54
383
39
311
4
28
43
6
287
317
14
359
294
311
505
23
0
291
387
306
318
350
342
539
375
318
62
387
27
1
544
1
349
1
27
14
218
8
386
347
9
49
28
0
33
333
36
3
5
317
23
53
214
311
30
312
196
286
234
216
44
300
3
10
382
338
5
26
25
0
374
1
35
305
4
2
4
325
70
526
14
524
370
6
215
10
11
375
286
539
374
16
43
356
23
0
22
316
369
523
217
197
350
238
11
41
389
353
52
0
395
55
20
312
306
373
76
2
3
335
347
8
233
1
291
7
310
1
322
234
1
9
393
214
25
319
510
46
0
323
254
261
0
385
508
9
288
287
41
528
535
32
367
46
21
2
196
289
311
381
3
320
289
24
21
341
274
559
43
234
43
386
293
51
511
2
391
351
236
5
501
239
238
76
317
53
540
14
3
30
236
1
47
336
3
4
332
71
553
4
1
37
506
52
316
20
315
527
20
542
317
390
3
7
53
0
6
520
195
68
259
47
12
40
18
0
437
26
53
504
61
5
333
563
69
62
332
393
331
309
50
412
292
326
312
7
434
3
197
66
2
392
354
64
4
71
216
68
6
2
239
196
13
389
3
240
15
4
315
299
261
538
1
559
509
310
1
335
507
60
213
55
396
307
49
75
318
377
6
56
502
388
557
535
537
397
60
24
20
549
509
