27974.32796768287
41759.69892685861
55142.46142316406
62888.73303881311
55742.45948115022
62288.73494075203
54501.57253750366
41159.70103436183
34831.35434888467
21785.882250382758
15170.362661273028
54542.463501621896
53901.5744213699
46220.248233133
53942.46523134842
39517.91411721164
74768.96288672379
55701.5689694912
37089.55919652736
74168.96436246429
55338.32650545036
5857.126370620177
33282.99235373881
28574.326415564403
36259.5145794111
23587.11775761732
7265.908481627715
47395.157935983676
12422.63163147072
68006.77547660662
5528.338933628547
55711.692983311645
65055.00848777761
40559.70293655249
32562.23962654615
61688.736547934044
37689.557976194745
56342.45812935596
30363.20301875476
55938.324766936996
49030.01117983279
73568.96606281953
18865.482292451383
16042.882920753716
35431.352883141124
63488.73129016451
22385.881627469822
63255.01349309118
25080.20459827403
46820.24677169987
8504.797219552123
19465.48169885901
48763.68731781586
29359.523850832527
65655.00684932269
44151.63392489278
35889.563382598586
17004.86493484603
49363.686197328316
48261.93233045769
8138.797073111263
7883.7819166264535
27801.768456985104
27355.380242360847
19446.340168682033
47420.24546724338
53557.83375448552
10883.81529455942
17604.863864742445
7492.249398110683
67406.77681467665
16147.851485874704
18265.48284472846
17126.289462430002
6938.797555328904
85291.51544234007
30963.201976188826
98232.62626422754
42359.69727571167
32499.705182173617
7686.999313373253
16747.850780364904
32682.99380393077
37701.57569446699
5839.275238542631
83277.56815866496
72968.96769933017
54511.69523682295
8286.999015324736
79099.96073616129
8527.06345269383
14267.576127707674
57138.32214236677
20065.481165281915
37101.576834505824
7362.531421443743
14570.36358230961
38917.91611407397
8761.229058183544
33890.15058238705
64088.73009376579
23026.7360446211
5337.340962606883
7904.797479976756
7041.778865966368
6128.338783505931
49630.010489916465
111768.79294512444
12367.901178095628
12487.948690343846
40117.912824745115
63855.012117427264
25680.203938553936
9899.834897064125
66255.00571129101
33762.2356273202
6727.0641971798195
35690.14579992592
18641.35138743446
77299.96531956087
7269.155248596743
18846.341200423158
48861.93036154363
32023.870670199783
42373.98519608192
6162.532074607701
13586.12703855326
113568.78956490837
41773.98744635736
22188.718911528133
28401.767609991522
23626.735587761785
12284.05278371168
15806.31095082596
8387.253029298427
43551.63561782999
6787.898397643407
18322.901146528748
19377.110204939305
39047.408344307776
12683.545941472908
24126.08929934974
12101.096383631833
9237.418301319514
6913.4573729119975
19455.52642093484
75368.96187773305
6083.7826257993775
38953.70473451618
8062.010402162908
14167.89928653658
46195.161474080334
47015.93664610229
1867.788654640024
9127.063230971844
76699.9666850577
5540.221275574922
9750.265949324099
55111.69419385243
16472.971957758353
40247.405165422504
66806.77829393807
9862.009207535404
10350.265545060096
6551.20601081751
69433.39722348453
54738.32814283679
16406.310286882883
6313.457554455337
19977.109634208966
7515.743559352074
21753.19847111572
43573.98172199809
23772.53243988097
27201.77030567423
4961.06306254707
83491.51886838251
26755.381404467043
25482.47071415544
7462.0107694169465
10950.265182026458
46415.93705639279
15206.311489544398
8465.908085665566
34362.23511158624
17100.69176689721
10966.237252926645
28413.634375093126
18619.983640582097
20904.641020365358
20957.88336030915
65006.781917951324
64455.010349531905
5469.1558886958965
55357.83026950537
13182.331607443324
15514.458898477236
11822.63239035647
45620.249602396885
56301.568368866254
98832.62500611274
33520.56257937056
8549.052734718527
24152.486592223268
9262.009515383173
30607.112360585717
30154.30093430232
18204.862954086166
8519.111049702473
72368.96898884095
56311.691742670446
33162.237447202046
45215.93862454682
17665.48326513652
34120.56186842305
34720.56121989581
56942.45768180952
5925.250883361684
70033.39606656625
6404.717090836095
12089.828579962774
54138.329406759374
7865.908267764769
8077.193707693813
24226.73523054842
66206.77974384336
39647.40671388603
2467.7886088664304
8662.009949192512
20813.95242163326
48020.24454806904
53417.48925663806
65606.78099833499
16507.1323612339
33882.991960610954
47830.01515737573
6149.053484352742
18705.5738138477
22987.11933034869
8917.062007602051
98269.38672355843
25926.085700154257
22353.197649225353
101269.38213653916
10296.355536364355
10563.928043504135
68463.04779400717
15254.74909211337
5239.275636673424
8804.71626392868
49461.9292432392
13022.630984468648
101232.62215575879
32920.56326957427
38447.409679510725
6762.5316259502615
8201.921720247648
5201.56591936118
62376.20239632699
62976.202013166774
6561.730220657733
81477.5714557682
10736.118394668554
21226.737447260406
22426.736545326417
4727.912459053521
6622.5157563021885
8766.869944179212
7558.793283387953
23172.53354478753
10890.452893707763
6892.756929517071
10897.152703469324
84091.51765100019
66855.00526706286
18777.111443698563
41662.169376318256
16642.882175231996
5808.02056588824
7342.232301679216
41124.152906970354
84477.5664925391
100669.38302293104
29959.523427097753
8929.875402373964
45815.937744716946
8483.781661145149
43415.94133721701
15830.724631420548
59479.11735214368
85891.51461104903
23467.953418612306
1267.7887672842269
6958.793471820655
29021.27674775053
7651.35577337681
13567.899721246327
127694.38784131555
99469.38508267423
44825.08196053272
12993.064328751107
14300.023218579725
7060.577305166222
6702.445764285751
6164.706853655529
75968.96149196915
60679.11629323864
6361.408721035605
10619.419306725998
5549.053634385815
70548.42324058122
7601.565102693403
16601.300586766945
80299.95898787778
20665.48078840939
9022.515137457725
47995.156105829585
24726.08791483994
5361.730356122645
7001.922220362798
56911.690615527186
11770.982293802375
7827.162542936986
11164.419989840268
67863.04832596265
33099.70431943903
5504.798380004087
5705.23923691913
48620.24418401287
5937.340918277635
7531.019519151492
6104.638185411862
11656.022628066276
48595.15481864024
7558.0726100031525
8911.499529647726
4854.306652015832
2483.035549098792
12420.736195777728
4510.009627201369
5674.853471844824
7842.2005850809055
29183.02140239924
15543.302413490535
10316.745786702004
90788.99807776386
8241.156984118128
19163.948295952923
6317.640167555157
54004.882375268266
18683.642689545442
8841.156883678195
12602.473791733899
12604.7102435684
6968.666698589763
9214.722537819649
11802.282720000258
42862.16831896078
6042.0668987074
6358.793624644734
30699.708705988436
57604.87816896335
5961.17380342052
17414.9054926768
7036.310881248685
54157.83232082615
109968.79611971698
9537.362090066077
36290.14523184994
49963.68588428232
7858.834504069247
17887.764576872527
68606.77443674198
6091.133673579956
33699.70402930218
5037.83915562292
82077.570513158
36859.513791012876
35920.560410212755
10462.00910882086
6202.977183246132
6915.743649736516
4883.782961221216
19603.49894846796
21033.75828057672
8768.666414253335
32623.869782299607
7358.015253327872
114168.7887701086
86491.51404923684
6089.4528447352695
10542.28378641677
11153.319117756513
8504.74884188632
12100.226565828245
7590.830074679037
8204.716449755493
61776.20341663121
126494.38934149992
69206.77382014257
31720.564291377686
5650.900546689279
40847.40406917856
6665.908699697627
42262.16881773436
30383.020657893336
6259.349578363189
42959.696612350155
48391.01039794014
35320.56071222666
29783.020868341595
6259.102675962424
7086.999814834835
5113.457861413233
41062.1699536949
7443.819132086144
27374.329809791638
5804.717260555263
32320.56386167698
17668.031293819055
7759.451411431658
11566.236953165391
10596.660056582752
48991.00988501761
98869.3860156939
57738.32171587205
6360.361177355287
6457.1263177565215
8442.200464975476
58711.68911310146
9161.06192357628
7515.1338887528345
57511.68973575078
13175.215925994564
7820.9261398368235
13782.330833721477
8713.456838433267
4569.932551242846
34490.14898692045
128294.387306116
6161.062793044563
7164.256525531084
18640.423261598695
6127.06440521147
4577.120860148908
9150.26632528749
44267.86851134879
38353.706644847836
28421.277854684162
6408.938023770219
10136.118677374378
8494.718334299485
41301.34259116232
6142.721377257133
7632.242435189374
17506.834739968366
72348.42119294395
7047.7720822793935
6103.42660151232
6622.381835177092
12435.083669679603
6880.153475752321
12096.734743059298
7940.22046872835
7196.29105315951
11550.264926574517
5857.923879637829
5908.921405927926
8373.822159355206
8387.371614830665
17068.032333328112
9245.048536480705
9484.06093006556
7008.020186897068
6153.282764838851
6537.7108930862205
4644.8842635598585
97032.62886031072
3442.7071038079694
13035.237750878125
6579.712403617229
10849.929243661774
10903.418723526136
4658.513176313982
4605.0913934022965
24471.54339738721
20474.436084313023
8380.53118928566
6538.703474990783
14337.94085521618
6114.455972989395
4561.721798180475
5707.705767282111
112968.79057400009
8420.925639722216
3405.091479330312
6571.825652771047
67548.42780174575
28122.04213346889
8469.154775106888
5987.12428722619
33143.66909960922
4442.340057624232
35320.47331206176
77899.96375186101
3890.835443305189
8904.78962571812
7004.716887650857
54604.88169982754
5952.335586955569
7261.938151045872
28722.041783556637
7374.686441517588
6300.969186283669
10499.834765849197
13023.378059483397
7604.7166662298805
9830.47441094903
11150.006532740961
5692.757237571108
61176.20480640592
7958.015211890552
55217.48818825848
10570.966191545976
7662.854519921567
7803.833900320645
18804.862697728073
13963.75558448465
19017.662472728032
5534.928223915399
7340.220699648523
8408.591611763915
2919.30846092214
6897.589092223074
7189.114513975787
2616.9475226548197
7445.0487969443375
6174.922409209566
35901.57871287851
39262.17140231754
5171.339672445163
6268.917258786821
6554.211629146616
12667.338179349106
8177.119547732914
92376.20837388885
13136.11717327033
2003.6803583912076
124094.392531719
41447.40370023296
4642.707014182897
9617.663831155314
4327.064874909955
44751.63344996252
24826.73501928818
13619.022496680347
19511.161927041692
7896.787286577444
13148.644830963265
95832.63095773304
5201.922836778695
81691.52196268513
3892.7575556758543
95232.63162682667
82677.56934386033
7961.9794511962955
10786.999318940629
7608.805130644683
7335.443256369228
45020.25065343295
5830.237643156059
7001.565339523678
6000.988149704399
18104.378599362743
17531.793633314544
24067.953125356387
5316.044534507713
17081.03960057681
81091.52256910932
79577.94612626608
7962.559388640783
6698.369608371888
7500.9688878985535
47615.936570645594
8990.592160953054
79699.95963535225
1883.0356102811284
64688.72970640411
49591.00958238508
5998.501486848854
11248.962809236773
11779.950685075877
24853.80148799332
1457.5865649458033
7155.199205225987
7250.254684237728
38393.10798754968
13620.835946383497
5876.223821622058
6312.951376615574
114768.78824209927
29013.633764479382
3836.6260190070893
1251.1439480809215
6520.607460074297
9217.271336686497
3910.0096858892884
101869.38147808959
3932.4768810756846
33743.668931513515
1416.947709311205
6315.743752889836
99432.62389547443
9271.616686258754
9333.10507216279
49195.15438754589
8100.968756046867
12571.996122439215
7832.483501104436
7724.270224498669
7171.571308662806
7950.837999961686
7094.2047783288635
4490.835416669982
123494.39301404388
38662.171682056345
6187.756162937393
44062.16764676015
2461.8416845659426
115368.78801339048
1886.3950334308154
6465.797190119238
111731.78982637296
5699.491682263304
30522.04123380086
4281.755134528954
66948.4283009895
25453.799942701837
5769.932518669232
5036.625911654649
7411.44489803529
5787.9677445475645
20203.49800505763
4547.711324083259
3623.446166645962
113531.78913928679
7836.635161587887
44225.082811204025
17606.309198287938
6856.486518247503
6307.862340416536
7398.905314119907
36489.561278994785
52804.88330631067
28759.525476352494
3842.3400738098735
5249.020114128081
44662.167528807855
37843.94755977728
2016.9476142930268
84691.5164808671
6908.14710688857
8865.666962793366
4515.728999954962
3369.9326368587963
19982.744678216455
1403.6804177492843
29922.041313919603
3969.932589610812
20213.953820273637
7185.543981757392
125294.39106994565
5042.340046730447
19704.89557217647
2805.09153361544
5690.8353855615305
19059.9404490823
6742.232438429897
5748.351062311322
11456.76857014204
3661.8415651784258
67263.04887727916
17311.689714611148
5090.835407100576
69348.42523604479
48430.01291586992
8379.019825413938
4005.0914302287615
58804.877635594166
71148.42236824991
2219.288638283193
20189.757061023323
5619.596675165526
1154.6082954382593
5257.126670094224
7928.455387430136
25122.043946155867
4075.3384961028764
7387.898375994909
7025.470127906435
7927.063705613552
2769.9326908234993
4532.476846804116
2669.7428133277854
1619.2887051664525
12954.076871311725
8131.019393224388
19654.29274418146
90576.20975382776
20856.498014242112
6704.007872277857
4001.9230514661167
5680.412624612119
2819.288570686788
9020.925242002242
3915.7290362922863
43462.167918049076
7176.705067484478
6532.928420006493
19595.19159392553
6879.046760197715
70633.39473491671
5561.062938158283
3819.960773857738
14556.250513731547
971.479407380506
9711.152890194322
30007.1141318094
1908.4772703382218
19636.012143796983
6993.824334303134
5153.883241881169
12150.264829573465
5132.476839736242
6613.025596017596
3834.0249334188225
3290.835479318714
9536.118882243276
3383.9660602091258
5636.625873610999
1170.9745755476142
6764.70670502926
7497.589034435586
23552.487531618088
15446.656982586834
8549.798031418188
35090.147205819245
8113.456996343661
6032.483803528805
85077.56625014637
4574.332760677698
3083.783298391643
4583.965952985333
6445.67563062757
4058.5132403085895
4940.221418367356
13736.117032117234
5564.947951873612
6455.60333946653
3953.8833046606123
4802.318506604611
12107.171897918111
5908.466332172839
3272.938664386401
2768.8131801491036
17716.640226915988
3368.8131305380684
3371.3397966348366
2710.0097624017726
7021.93492939006
