369
355
354
356
375
707
347
376
328
328
382
374
358
346
358
378
708
351
356
359
753
368
351
655
655
893
696
707
704
708
668
611
703
723
783
609
656
379
731
366
923
652
660
538
705
372
364
659
823
532
516
604
285
548
839
848
543
752
340
781
612
705
347
808
679
845
508
371
540
898
550
375
690
336
344
283
856
378
737
509
826
830
500
719
357
828
767
608
382
893
312
735
657
536
684
513
603
669
536
614
822
818
521
898
772
345
802
537
412
375
765
559
808
384
304
613
500
807
360
789
918
389
255
834
658
678
383
292
351
924
747
678
854
740
291
905
670
553
797
605
896
377
505
717
745
910
726
650
722
614
768
554
348
820
672
654
310
289
508
542
931
806
910
827
674
718
655
294
916
230
815
658
704
324
288
661
786
525
917
728
727
811
536
560
360
691
416
612
656
382
649
770
729
781
646
713
903
824
757
511
826
611
456
914
811
536
709
647
751
652
564
532
546
509
653
800
609
894
846
647
835
352
559
925
496
552
796
557
906
790
388
379
561
196
656
667
197
850
770
763
544
792
677
822
662
613
748
544
809
648
856
849
676
810
815
650
566
648
904
354
941
301
790
248
458
478
905
531
662
899
740
934
510
513
919
921
807
922
915
209
825
635
716
670
543
673
921
809
641
660
665
786
839
719
659
715
677
657
651
912
483
797
817
215
656
311
745
818
292
752
773
721
415
822
291
751
899
825
701
236
910
923
803
1000
767
647
1032
727
747
594
646
1028
829
320
908
680
1209
499
547
919
609
330
850
744
710
352
741
868
721
314
670
724
269
713
790
548
556
924
486
682
744
810
865
981
559
766
565
816
672
379
894
680
456
24
734
642
955
605
919
612
800
662
505
372
907
733
828
892
295
622
540
805
694
840
697
784
217
573
731
671
210
900
814
702
775
592
733
254
938
539
892
769
849
851
925
811
771
749
564
652
722
455
818
773
777
20
741
718
604
609
644
512
682
598
910
842
627
564
658
663
655
821
617
715
605
678
686
497
809
86
841
213
321
823
844
804
218
513
825
327
897
216
917
933
809
700
397
304
499
817
778
1006
837
851
717
238
995
921
654
315
810
820
925
688
832
706
932
634
891
820
648
955
777
502
911
660
736
178
695
235
729
839
417
847
730
793
267
848
911
789
568
857
760
570
1069
839
602
966
651
494
605
658
755
752
255
822
810
738
682
456
636
848
833
528
848
774
803
632
769
687
624
899
876
727
66
285
1056
857
761
931
863
922
768
838
925
815
224
676
599
652
580
912
587
838
640
612
714
836
827
622
762
364
825
923
812
895
632
702
1003
617
721
695
824
636
951
906
693
723
816
233
794
257
283
851
644
616
901
858
286
177
926
948
509
557
597
611
886
458
657
931
838
306
772
940
504
350
834
946
826
370
961
778
812
949
784
853
826
687
1422
783
631
816
721
285
804
800
332
719
711
23
789
842
791
806
695
853
347
926
862
845
894
859
933
803
944
788
728
213
515
666
813
608
712
936
712
682
945
708
498
895
690
693
608
503
820
600
689
963
835
836
902
781
947
613
1417
742
932
853
821
827
589
67
828
733
778
716
196
916
938
736
790
852
844
601
732
930
902
595
917
889
793
553
661
194
936
725
718
731
928
264
835
967
998
916
866
17
821
807
969
987
842
573
606
459
1005
195
681
1426
633
814
641
651
673
733
30
858
779
689
563
976
927
291
743
1267
879
941
926
802
934
646
859
822
351
802
672
758
589
712
959
850
870
651
579
966
960
968
747
880
748
951
747
672
737
978
797
930
965
525
1414
546
939
675
831
847
636
577
845
625
717
534
956
881
856
915
956
877
996
945
944
801
575
980
855
867
824
952
817
744
754
332
506
499
953
952
586
812
949
773
677
752
871
927
845
185
15
996
711
650
965
771
963
736
793
818
852
764
671
86
208
709
980
866
288
776
732
221
919
915
965
734
942
562
1029
824
843
350
924
685
632
957
765
739
884
251
766
288
952
710
852
611
932
805
1034
882
839
499
1030
866
709
900
824
572
343
747
898
785
846
893
799
850
817
741
916
777
936
879
843
838
649
933
287
1032
890
718
889
597
881
210
657
698
