355
372
356
373
346
361
358
381
380
364
360
382
353
501
505
352
352
351
344
540
371
544
372
377
357
375
494
505
379
328
369
355
368
353
376
353
347
379
339
363
499
498
370
548
414
366
348
500
359
386
512
347
389
384
363
497
376
383
547
495
343
303
327
373
387
362
372
351
502
359
374
383
16
351
534
497
308
317
356
382
413
495
18
545
374
14
496
388
412
345
366
541
539
348
384
385
278
373
327
342
500
325
367
17
356
534
385
325
511
560
320
340
375
502
323
504
357
501
503
357
540
391
504
377
358
369
346
498
287
324
334
496
531
532
18
505
333
535
319
517
338
314
386
416
330
492
499
550
497
367
533
368
378
17
277
302
308
378
359
551
305
282
324
389
380
306
308
381
444
494
472
506
392
415
445
335
354
538
561
413
360
279
355
330
397
331
539
511
335
352
369
378
536
503
387
393
534
390
306
306
281
340
362
475
503
278
43
340
338
18
829
545
492
462
544
283
286
337
283
26
304
502
341
335
287
354
15
16
354
332
533
317
13
321
382
282
545
299
517
493
316
278
19
333
324
535
513
37
384
307
285
499
328
548
17
280
500
396
282
313
549
350
371
553
310
493
28
540
334
345
19
25
391
325
395
34
365
21
331
306
289
417
419
465
342
279
319
295
825
304
391
839
571
315
497
302
518
295
27
301
287
782
22
305
548
280
285
16
511
358
515
509
492
322
493
295
36
16
532
541
381
293
35
363
338
781
810
331
43
279
361
293
553
336
542
299
776
540
775
316
309
461
476
415
546
664
474
499
337
60
41
40
341
524
522
562
290
277
309
366
31
558
299
569
507
281
360
494
308
62
326
416
570
45
278
326
281
327
542
573
286
303
23
541
281
827
284
450
283
312
16
499
536
283
496
828
40
17
20
341
36
304
537
528
531
539
318
546
911
529
19
658
504
287
563
34
494
540
35
304
309
10
9
305
336
394
329
330
364
554
51
564
17
303
47
904
530
350
292
503
349
283
357
21
508
643
14
533
344
531
291
382
505
289
374
300
286
55
302
329
277
277
465
507
379
912
500
783
598
282
15
31
330
32
281
46
282
39
544
33
49
375
533
71
337
531
301
329
661
344
525
287
304
376
465
644
532
290
537
65
30
63
23
42
38
774
280
307
332
811
492
277
554
462
331
29
286
463
521
660
24
26
504
328
551
342
12
279
770
22
12
465
549
279
335
508
35
27
285
289
19
416
318
38
14
815
784
807
659
308
16
48
60
75
830
773
46
72
714
562
62
299
23
10
344
362
514
522
523
659
511
38
332
339
769
34
18
55
761
322
303
307
283
301
384
532
44
479
528
41
390
311
285
395
321
56
316
30
17
18
715
375
18
561
344
25
412
21
57
71
6
9
321
391
314
340
352
716
22
340
278
287
718
34
312
390
617
665
56
55
32
54
542
310
332
15
20
521
278
26
48
419
48
64
284
308
778
341
42
349
33
302
28
52
51
324
319
37
777
542
73
562
42
535
292
347
338
60
288
322
326
34
785
301
533
605
32
31
281
66
290
289
286
560
333
279
287
15
497
284
771
308
27
813
534
354
711
369
37
14
537
303
282
31
20
559
74
62
417
291
422
697
69
341
285
90
327
572
298
304
280
37
91
293
16
86
52
537
770
281
33
19
45
813
904
20
337
531
806
78
284
22
509
277
516
47
28
545
30
298
346
45
306
322
288
713
286
557
238
59
49
291
917
323
80
88
536
45
17
307
26
303
53
48
9
421
317
38
31
31
279
49
37
68
33
386
557
79
368
225
396
300
26
302
370
543
555
365
30
318
503
325
56
85
290
18
343
76
312
574
449
388
612
909
302
512
39
22
766
563
510
13
64
328
24
89
556
786
18
559
819
345
463
27
501
720
8
698
51
33
769
238
29
11
616
495
910
282
16
349
819
25
86
620
15
594
502
712
305
86
9
12
331
496
552
24
533
380
44
27
32
23
419
60
713
54
568
420
767
685
523
92
501
19
64
766
19
774
43
42
770
298
367
77
685
54
58
512
57
289
204
83
299
15
44
522
370
304
548
356
779
902
74
78
25
283
15
672
25
52
506
535
703
713
41
303
88
728
31
553
763
320
290
76
77
51
62
284
79
763
401
294
49
534
76
51
10
699
305
627
310
596
29
331
313
250
300
61
378
48
101
500
506
663
683
295
69
361
67
604
900
446
89
239
61
81
315
660
67
80
41
511
905
91
279
571
493
61
10
311
71
316
711
35
519
87
287
69
89
87
778
532
426
328
100
692
203
277
493
787
21
59
64
502
899
61
333
68
88
445
510
781
286
67
779
33
303
772
36
681
305
28
545
36
417
20
388
462
39
919
543
577
24
530
674
768
568
338
848
30
641
103
60
538
75
494
285
91
702
539
501
525
756
36
367
720
292
769
529
751
668
72
421
531
82
294
900
313
323
11
359
286
42
39
399
525
60
289
13
73
51
102
402
279
415
723
452
710
78
358
294
778
814
813
554
10
66
547
59
734
734
30
535
695
667
33
722
816
560
290
301
661
24
29
509
44
364
813
902
789
520
393
743
373
899
506
503
733
771
43
47
765
54
335
824
421
51
320
501
282
818
706
314
53
304
77
564
292
658
823
528
22
167
68
26
76
475
719
32
560
505
278
795
316
318
36
87
783
711
691
669
6
335
33
899
538
90
109
640
286
86
566
14
705
303
300
13
657
398
721
30
552
55
555
397
206
57
305
31
780
868
392
696
727
35
551
389
414
719
328
376
768
301
311
46
822
377
81
28
663
14
811
680
733
24
35
304
80
34
51
315
472
498
57
65
250
285
99
496
280
740
548
69
761
553
648
547
706
45
346
310
667
698
6
99
894
308
17
1016
250
289
565
544
752
76
58
299
41
13
69
44
542
516
603
15
373
716
310
380
285
74
21
538
17
893
514
368
82
21
806
73
60
323
898
65
670
345
39
75
809
84
362
299
262
826
350
513
228
44
733
19
285
14
422
703
37
727
325
94
45
556
66
508
745
42
311
61
315
334
227
47
481
76
84
511
100
79
331
70
537
733
81
97
47
1024
301
774
666
356
289
320
894
334
275
810
48
631
187
87
740
817
323
363
40
85
509
74
37
819
418
520
273
86
36
88
287
418
327
707
338
290
86
52
72
745
293
752
769
184
306
111
302
1019
288
904
13
658
82
276
597
327
66
502
920
537
40
611
379
14
8
773
473
530
50
657
98
780
766
289
365
549
902
77
46
680
303
329
12
81
416
278
570
69
909
424
229
292
731
43
765
818
677
506
86
666
24
727
53
792
664
722
67
20
514
69
363
58
87
59
666
95
531
27
366
572
12
804
536
507
14
639
812
54
798
704
529
397
336
90
913
94
43
707
55
74
542
393
572
897
348
661
731
935
28
379
207
776
696
731
826
38
386
718
12
526
385
714
253
763
64
110
68
805
293
303
701
674
777
662
48
892
78
760
9
33
566
19
737
87
15
349
309
519
559
316
679
774
600
780
29
387
110
534
709
53
74
775
731
748
59
564
361
684
15
336
707
907
776
526
41
308
99
404
94
14
730
561
62
822
903
707
785
1035
96
736
56
274
339
418
564
538
696
97
101
815
84
904
744
291
46
351
62
15
35
301
659
303
18
317
814
46
837
772
693
297
419
312
294
598
838
293
68
298
312
507
688
23
779
256
70
476
210
697
98
64
70
418
12
284
292
72
78
557
527
765
230
764
70
291
668
506
272
790
254
686
293
90
9
360
83
285
113
732
666
304
55
686
80
453
808
657
42
29
779
737
315
787
7
300
788
371
997
448
505
94
729
713
280
756
697
576
21
671
547
397
700
528
715
67
11
673
826
73
853
739
561
746
346
66
42
836
670
730
775
835
750
295
63
835
906
82
787
448
817
521
114
262
30
93
556
683
748
828
846
665
7
185
8
908
291
290
297
85
913
26
27
709
662
16
53
398
508
301
341
810
341
11
57
893
899
951
755
717
668
563
175
252
300
25
294
11
788
664
673
776
13
908
206
50
279
367
515
563
875
741
547
802
678
372
11
56
99
83
546
512
116
288
640
474
903
808
526
94
96
496
317
84
617
835
892
851
66
433
347
34
471
823
418
616
551
105
570
286
667
312
913
117
258
27
301
669
97
99
111
743
420
31
838
916
787
26
383
847
168
825
235
809
353
23
738
768
329
252
74
395
44
865
20
540
66
228
999
87
675
95
294
829
97
69
11
750
659
724
998
896
824
425
658
782
44
915
365
8
793
77
257
317
277
917
83
49
94
778
230
744
25
809
738
392
298
85
777
30
637
259
45
521
374
710
28
549
510
231
70
694
65
9
726
577
122
617
69
302
560
524
498
83
71
337
15
295
766
314
462
539
251
315
48
663
65
315
254
877
704
685
684
329
67
699
287
813
81
125
511
277
562
383
394
894
833
81
548
317
20
768
772
251
739
49
254
661
64
79
689
215
717
636
1023
342
51
741
692
252
53
193
1205
262
397
81
892
505
77
281
11
711
319
724
318
672
832
