505
659
506
540
538
666
541
606
610
502
657
0
727
544
772
779
775
519
608
512
738
1
677
767
0
509
760
1
1
670
511
726
512
531
606
941
789
539
718
356
2
660
679
1
513
614
780
531
778
2
537
542
765
719
658
508
546
3
714
550
665
613
368
667
762
544
606
288
3
760
485
531
710
626
2
665
770
505
2
0
783
664
769
774
550
718
765
847
682
761
512
610
828
500
2
288
544
1
536
0
753
672
894
521
722
0
618
775
556
768
700
614
316
766
768
557
507
2
612
2
537
707
285
548
609
723
288
548
698
772
318
711
933
300
674
717
715
542
505
332
658
3
352
727
659
532
734
972
510
614
871
540
766
343
628
770
657
556
487
359
537
879
840
825
574
388
554
2
661
714
436
783
534
929
542
571
663
896
315
2
870
659
348
759
532
773
1
854
725
488
716
328
708
965
518
611
695
518
608
710
675
327
441
346
773
778
844
817
459
497
663
851
838
772
794
679
666
770
501
883
690
541
813
774
0
621
953
670
522
379
896
404
512
970
622
620
754
748
680
513
5
2
305
746
623
641
931
582
387
648
913
927
540
358
499
306
820
432
897
489
681
702
499
392
769
320
549
834
891
924
503
779
663
980
583
433
0
579
509
843
504
466
372
666
663
640
529
1
836
353
679
736
564
583
464
2
736
454
750
377
970
597
740
779
621
590
439
478
629
487
858
692
497
717
816
1
830
440
4
580
458
517
362
589
543
476
405
736
662
655
827
651
665
291
1
749
425
333
712
286
722
334
774
572
374
438
721
460
682
1
384
697
802
371
892
814
582
317
686
337
373
606
420
595
516
633
395
626
803
2
612
339
599
355
787
707
814
808
614
456
290
717
654
373
758
730
839
402
388
633
356
937
4
836
880
694
819
351
393
246
250
803
837
1
746
867
678
682
409
484
492
807
918
499
944
755
2
944
787
5
375
791
508
914
336
335
374
770
759
653
582
888
437
376
327
696
389
706
747
696
386
803
815
724
897
2
911
830
946
700
900
434
361
347
675
319
895
591
341
672
731
1
810
964
579
732
723
389
333
2
418
867
4
596
1
324
304
819
769
4
812
783
790
721
897
880
623
560
4
313
1
929
584
817
666
721
780
913
837
955
816
290
328
860
702
600
832
685
593
862
889
828
2
827
738
920
393
598
689
558
818
300
725
878
571
579
915
423
799
623
878
892
812
973
374
840
778
327
599
911
753
599
804
302
1202
815
955
970
708
756
719
5
799
811
632
953
698
862
352
744
747
830
386
918
4
805
630
856
605
310
751
835
596
814
879
778
1189
865
954
944
552
898
847
854
728
863
877
763
315
852
776
387
788
710
349
653
3
744
950
380
491
806
945
3
944
865
591
1197
741
323
643
4
979
1046
510
751
660
837
856
747
1178
769
933
712
966
956
957
515
818
668
800
808
291
841
2
898
375
853
753
911
686
429
2
785
788
868
325
660
677
284
890
950
836
834
775
397
4
556
961
949
712
557
934
301
864
477
469
530
318
761
1332
911
1020
883
812
757
476
271
406
809
662
5
801
360
327
951
817
872
733
761
312
1022
3
626
931
435
857
921
812
752
910
922
790
932
845
727
778
736
600
1188
834
319
868
831
350
855
392
951
598
292
840
851
385
760
879
391
955
958
925
456
949
946
947
376
335
667
705
874
872
874
1029
365
921
372
326
942
318
668
4
801
803
731
318
682
721
904
840
909
920
723
632
804
0
3
248
465
812
858
888
496
795
944
969
979
792
798
836
1006
619
940
3
1003
965
875
317
4
871
904
798
1033
