0.024752666438255258
0.021309995845952955
-0.026476690798049183
0.02138058416486466
0.015300622482883315
0.012840004587384546
0.012095088695768004
0.015321634784811475
-0.008630875467518295
0.014814206544585195
0.016106880578917217
0.011808815810840867
-0.012282998638500332
0.015211410229577524
-0.009671441331748916
0.007700936831626157
-0.0194507264356698
0.011095272475993647
0.011866550617212394
-0.013607614930515903
-0.00992787721048408
0.014415592504273907
-0.005272591142740461
-0.013119022826637032
-0.009890804980313124
-0.011317358721225588
0.007453614502093641
0.02166304813450569
0.011871110636530827
-0.013994404322801662
-0.02475265332015525
-0.009671081331776155
0.01368679946155738
0.009303076191748723
-0.015954751921200383
0.015149632704433704
0.016122186663225218
0.006428434206505718
-0.009932926521551106
0.02069523215668783
-0.01349112599633491
0.008213685203589413
0.013405454533022675
-0.014113013888114291
0.0064278036852901095
-0.023438533716207893
0.008183574198695169
0.0096946994357892
0.009572869733899307
-0.012115997513737736
0.021628420146014314
-0.008071108350341536
-0.007444694660856134
0.015751689553241834
-0.01013080659130215
0.006378142751538241
-0.009048195768566617
-0.00662893428703603
0.009692412871478286
-0.02220057282853811
0.005439706078891822
-0.009554218943463661
0.011288579956889427
0.012223664286177485
-0.006187487524893305
-0.027553702345427047
0.006862809537898404
0.003241940047062395
-0.01640724933671781
-0.007795972857673852
0.006387127856401306
0.007801955233012124
-0.005722277584965822
0.011104443386586461
0.0037516123162336956
0.013260810255674283
-0.018214840296883233
0.007965460227198098
-0.019419392944641296
-0.010129464017205556
-0.01758893590172107
-0.005404184517446984
0.005030795982356709
0.013510828143474833
-0.0074066827255711756
-0.004966363404043474
-0.009504378156232918
-0.006746010360938147
0.017684237246499746
-0.002500702621861198
0.023666095670177315
0.0076119758887838495
-0.007345396818011799
0.003462671813711157
0.008257694866717107
-0.006502210272554071
-0.009562062603033933
-0.018541812851462967
0.005574818487375222
-0.014013185385714897
0.01153029265015343
-0.00680214658073684
-0.013204507849374715
0.016086681733473523
-0.016064506514651616
-0.005272308266186333
0.003404274488137142
-0.024984434635781275
0.009910679762032576
-0.0034128197260648893
0.012733573141666867
-0.008907860277194575
0.012156963097608178
0.007004489430595433
0.012785003815698425
-0.016494999019420354
0.007381582454821499
-0.009035611989295339
-0.0034386722549754243
-0.008123862302450437
0.0095873335383435
-0.009107886820488404
0.026940700960992086
0.006572745029613453
0.011807710749175793
-0.0067483873878020064
0.01220691699208888
-0.008775075234197021
-0.003770276152119921
-0.014184750536200197
0.012107854606909349
-0.003133928556330581
-0.006660054992443254
0.012024951078161868
-0.009238281760471072
-0.012591437287707148
-0.005298627963695652
0.02051480932968174
0.012843111630831195
0.009815082047769324
-0.007301119022626365
0.008315516077379282
-0.013632008393575468
0.004697632160689287
-0.008812052670697137
-0.012604045570497442
-0.0050129405759436665
-0.009141462889086602
0.00751503946226817
0.02752991854791061
-0.008789461467990535
-0.001123559643404557
-0.002288168308263644
0.013323014629756356
-0.010119298817556856
-0.006588007701238583
0.0065307266187706265
-0.007916006256648596
-0.01005278091980083
0.005614564233193151
-0.026581850486781397
-0.0062516120099735464
-0.002901838012550596
0.005535999498261886
0.014145444097574573
-0.005592175075934372
0.00324032530455814
0.008622751390920912
0.004552355336495265
-0.00614681192969918
0.009951576366698566
0.009389305813474106
-0.006237440835659846
0.012495320509590553
-0.007281961714629909
-0.0043698301499765745
-0.012425482068870085
0.008669742886167765
0.0110022536685296
0.013557746682126181
-0.0032840627355821285
0.007465358597024735
-0.00395558972168395
0.009333464498475092
0.012389923030697416
0.004014433054930656
-0.004745594216769939
-0.011289203742220848
0.0030488701206374505
0.01775761871379906
0.013268665524807792
-0.003745587790395685
0.007276601501523434
-0.005085833877366174
0.006673779741899327
0.004231512318218698
-0.01038795278729374
0.005458608372156056
-0.008648180513913844
-0.005107467505106969
-0.010440969481535367
-0.01227522555293729
0.01528860043960133
-0.03154715563742534
0.011808656672216655
-0.003120913303292562
0.005211459598680017
0.006609100075464947
0.005777829236970275
-0.007013576081661705
0.007168136214487653
0.003265634427858148
0.011163343979874346
-0.005885858901116756
-0.002426489720087604
0.011173682209148423
0.00400784349969346
0.0024754590788951016
-0.00899868976448462
-0.007508364721172561
0.008029877048579758
-0.005966469773714285
0.01136216313067714
0.008447451382849433
-0.0078504374752163
0.01225004017106069
-0.002334642003718724
-0.003414844386643329
-0.008586053026550437
-0.009952397496902026
0.004564304718277813
0.004633753584363163
0.007158002246009495
0.014569672239315008
-0.002155206004695114
-0.005789758746449726
-0.0058160212261914035
-0.005710618742061298
-0.005381975834314224
0.017011103321652073
-0.002390042692015615
0.005955942168408887
-0.00436890677948387
0.006835019276720044
0.01267870426195519
-0.008404072807322019
0.0029324826696044185
0.008440333970139173
-0.0244367624330802
-0.010722232780139939
-0.028127158935881344
-0.006871262239384583
0.01248139870653031
-0.0213613172093742
-0.008923007865520206
0.010011597713347939
0.007725119143062883
-0.022645062129842016
0.002046919634190746
-0.0094336597034306
0.0075585465160429065
0.01812112455490094
0.0023545479061568716
-0.006244991613145736
0.00476645681054179
-0.007842527511924264
-0.012446226950366108
-0.015903091058027004
0.014304804203051198
-0.005462153436060945
0.007594172627808321
0.01666186377972778
-0.004109187654361719
-0.012220768660226396
0.004377689235307959
-0.003884478856469012
-0.0036346050680191345
-0.009644951814581042
-0.007498494921591408
-0.006467914973882644
0.008274630470907443
-0.007463460714094337
0.0076327720622343794
-0.009961674078074243
-0.009648161578225308
-0.013563415346350412
-0.008826839658313126
0.0025191066039852105
-0.008736646124501707
-0.011799680584738891
-0.006840631688747278
-0.00534614278902571
0.024277981198413942
-0.0015654195589188582
0.022091098751311208
0.007520762957278417
0.0069507091741485404
0.00723760505935379
-0.007194842621397688
0.005171067585029482
0.005587107586957018
0.005049063655462275
0.009491537970990142
-0.013810967065695722
0.007299248785972195
0.011739481030108008
-0.00583584676374939
-0.005395967745582361
-0.011931220840293149
-0.0072551391184540685
0.009943225916168861
0.002232408195666589
0.0084983202043542
0.003411370566943122
-0.003524058474044129
0.006945750220753954
0.0085538989480452
-0.005591174514282585
-0.00662925809907533
-0.005042327798301429
-0.004147255691928634
0.02389376976739994
0.0037510827976103924
-0.013011713083241347
0.01928782370947979
-0.008676869405165644
-0.0012296392956553381
-0.016726907560865867
0.009315760068127586
0.0038979078367436405
0.007055537732927659
0.00322645446189343
0.004015768014812766
-0.0073638287292228845
-0.0027000762886193247
-0.0024783998505500475
0.002741541115048016
0.004612538946137886
-0.003915285289859822
-0.004357420110417524
0.00815011183956563
0.011199668567458576
0.007449711849812619
0.003967017285306501
-0.006299649380440656
0.005536221438808788
-0.005615391833815617
0.005184271142033273
-0.003645792152646789
-0.0039251158683139085
-0.009306440145113563
-0.004747933586721958
-0.01121917599934457
-0.014531049712029738
0.006970258131137315
0.010169871738989464
0.004819524042717102
-0.005474626564090554
-0.007628006164870506
-0.005037397851246475
-0.006289083259901834
-0.010561253218471957
-0.00900369468493151
-0.005118728536022615
0.005873719318045756
0.006758770629550737
-0.007940390600278107
0.00713446702838744
-0.00263359677611605
0.009900880048994832
0.0023125224227301144
-0.004924838730515914
0.005584863226235016
0.004808817085811076
-0.004234549030273927
-0.011548520953027953
-0.010399325119534966
-0.0019390000343553757
-0.005413427714548803
0.002594534780027777
-0.002868220302663018
-2.2740217823886487E-5
-0.005888424880138212
-0.009895599389565888
-8.41666706255662E-4
0.003324906608446395
-0.00592882985794263
-0.010562447293943948
0.003346462794713201
0.0035276430039093394
0.001155638143221417
0.005131740255102004
-0.0033777200911950856
0.017521548619759336
0.006642170101031743
0.006469309110029536
1.613620403947286E-4
-0.0032470118223639948
0.004395783287501932
0.013978069171171621
0.017572112760476533
0.0025582907946620614
-0.004375344705903504
0.008884065323959293
0.006810706528144684
-6.413146857669277E-4
-0.006033717745708977
0.004540389040910095
0.0017816833762660427
0.005621808604644118
0.01061741756674256
-0.008487906856071162
0.006110834648525374
-0.005353433667578245
-0.003009119463499388
-0.004573012470310562
0.004325852198489317
-0.0021010048091724227
-0.0064370661231267015
-0.0030810642339204916
-0.004373220850019849
0.00367757835608927
0.003246007608662522
-0.0030888572017449935
0.0041699216113081925
0.002131270041140457
-0.0022940215112597995
-0.018108927644978803
-0.006054911027708894
-0.010053569320222387
8.031508700436912E-4
-0.008401585782448177
0.0016295032015499972
-0.00486987763573159
-0.00663521472168597
-0.005050891443267072
-0.0030254408055328014
-0.007846557761182293
0.004597659426138367
0.005226217209377803
-0.006838496996874962
-0.008531053548081103
0.008590463197922888
0.006529163147988434
-0.0019508379748840543
0.01628614211024654
-0.0016626211428150206
-0.005751021195900387
-0.0047585032775852255
-0.002760389285979251
0.009055406690190022
-0.003735635291445542
-0.005360022514941072
-0.001956769487737188
0.002434043550856631
0.0018665255523744662
0.006104670004083875
0.0036812117609550266
-0.006502521458301357
0.01579989593825334
0.002485750929043077
-0.01863787256297225
-3.732718411967013E-4
0.00865301946728561
0.004354528982447484
-0.006093662317476781
5.862275248622915E-4
-0.013534177627257062
-0.007664722058642557
0.006945157001098712
0.012048430015834782
-0.005062574053719649
-0.004269774739839325
0.003359532271427165
-0.003150981562245455
0.007277549232125368
-0.0015124666014397193
-0.010911211001178402
0.0015449831319451991
0.003156336221084984
-0.002344996490517747
0.002440318870398071
0.0023013955908143028
-0.0071803272884972055
-0.014939518468205492
0.0035993603123424867
-0.0030051618761483875
0.004398493139409214
-0.007721371928465864
-2.722702634791992E-5
0.00692403612518869
-0.003469106282882062
0.0023928418650399613
0.009216587534294088
0.004008034051497094
0.006584021689680838
-0.007042428143623091
0.0013971800557721235
-0.01802206590086875
-0.00210570240369225
-0.006564871809508308
-0.007019774525679337
-0.013930356176547191
-0.005175957901257993
0.0025858889888190116
0.01981824516671262
0.001494528189253536
-0.0036435287788439876
-0.0043991913380365885
0.003113607332247776
0.004375546126794383
-0.004955771607338779
0.00958960847708093
0.0033153177058350015
-0.0018744149988183874
-3.4207426928818544E-4
-0.007853291421501936
0.011514283064333901
0.004581990188179222
0.005439345394133318
0.009478822203868306
-0.003907569272948406
-0.0020534165855121077
0.006792119744885837
-0.0024879808380619223
-0.007762362761827725
0.012263848866725002
-0.002377945659871054
-0.005007282998634366
0.012649911985690576
0.002682621853851686
0.010789488769901443
-0.00597833452623699
0.0052584773511093995
4.220849103021602E-4
-0.0023887898852177733
-0.002953102808322559
0.003743821002459914
-0.001088909917801189
0.0036961785383555585
0.005341553102207965
-0.008995463232387386
0.00798632993738192
-0.007624667836471969
0.0034277675538209413
9.228466192017159E-4
-0.0024360748274909506
2.564312892673213E-4
0.002893291263150066
0.0015844789791312002
-0.005681196026817038
-0.004469807961592975
-0.003228490485370563
-0.005210371794814174
-0.005648444448064775
0.002580602211470957
-0.002576687326183819
-0.006268554808513537
0.003276191006270276
0.00871994235133837
-0.002275391951159209
0.0013909362551019408
-0.004683178507866836
0.002354272020905913
-0.017468437855246537
0.002324795945573456
-0.012046860291183749
-0.006245789046178119
-0.004031876313141776
-0.0022132326755992327
0.006503654575159207
-0.014396376926282164
0.011031669623292651
0.0021256939228087124
0.0015155072057043762
0.01438409363976179
0.00567212648840493
-0.0011367893922386383
0.0053366931305873005
-0.0047478753033583145
0.005583983886620906
0.0041679627411588946
0.00805329511553719
-0.005288908150626347
-0.007957209463638265
-0.0022132136783383424
0.01332067771570053
-0.006925862897470053
0.026437185656175685
-0.004522541509071234
-8.951355072305751E-4
0.002570362481024922
-0.014000427530350345
-0.0024397075975443813
-0.006210460047832507
-0.02510301289362485
0.009722513487773334
0.0021656093874657637
-0.027607085763482288
0.0052687136209628544
-0.012388904976575103
-0.00168338638975226
-0.005542181469682092
-0.002387210337553395
0.0021192174469056627
0.010181580465303807
-0.016093421222660994
-0.002864391772125037
-0.005419528729698657
-0.00559202261029791
-6.254697906982298E-4
-0.02288754894264833
0.002378130428454292
0.0019590388427094796
-0.002274237402981599
-0.0065031982215388645
0.0011160456270790265
-0.0021777366257013904
-0.0034100676093707432
0.0023728008707401714
