0
0
1
0
2
1
3
4
3
0
0
3
1
1
1
4
0
2
2
5
10
4
3
4
6
1
1
0
0
8
1
4
1
11
8
1
2
349
15
5
1
1
4
11
6
11
312
260
11
8
0
9
2
1
3
10
348
1
3
4
12
2
4
1
0
0
353
2
3
2
4
2
4
1
11
16
9
2
2
4
1
504
260
334
348
3
3
8
5
21
10
5
373
1
12
2
5
9
10
14
10
331
20
16
10
0
3
3
0
15
16
2
7
305
2
2
0
6
1
5
292
18
23
6
338
3
11
341
26
2
3
314
1
313
4
13
2
13
7
4
7
12
4
20
17
0
22
541
1
11
6
321
374
3
0
1
5
3
5
19
351
371
334
0
26
349
5
7
0
8
5
6
541
2
2
372
2
0
9
1
2
369
3
3
333
9
2
1
17
322
308
2
14
0
0
5
0
3
387
6
356
7
333
346
21
289
40
3
23
10
7
37
387
5
3
315
4
9
3
1
312
335
10
7
0
4
40
5
12
55
1
3
315
375
3
350
319
2
14
336
539
1
10
10
25
55
9
307
2
7
308
313
52
0
62
4
11
1
17
31
2
333
294
2
553
309
18
7
537
27
288
1
0
46
505
337
5
370
46
3
387
345
7
259
2
19
0
305
8
509
1
4
1
365
8
540
330
320
354
236
363
292
7
323
330
0
350
0
41
0
27
6
359
4
54
56
13
289
3
318
32
315
20
1
369
311
20
357
53
333
373
259
6
320
290
350
24
8
393
4
4
293
216
1
2
9
503
6
8
505
12
562
1
0
375
306
0
3
293
16
43
260
369
1
315
332
0
13
34
49
47
3
218
383
21
304
218
332
368
13
27
49
317
25
9
2
1
559
2
315
314
329
0
22
53
62
18
9
0
316
357
2
320
1
26
318
337
25
70
9
1
302
261
559
48
328
325
5
15
4
1
331
33
40
12
338
304
8
364
391
29
538
310
56
386
0
11
311
8
14
553
540
319
295
520
13
238
7
385
0
1
332
326
379
4
4
391
510
316
0
306
526
302
1
386
4
1
39
9
260
23
312
44
38
3
308
218
8
510
36
327
5
17
33
36
3
319
0
0
523
309
5
20
286
392
3
1
26
1
4
512
306
54
0
0
13
0
507
7
2
378
523
39
3
291
386
12
29
2
557
1
43
19
355
452
506
29
307
341
0
10
3
23
2
337
504
14
367
0
504
1
350
340
0
310
214
506
9
58
23
3
389
55
0
55
218
332
0
4
196
4
295
22
215
8
5
380
312
0
544
528
306
538
0
316
388
351
321
20
9
316
12
63
7
294
42
52
351
8
1
342
33
511
11
1
2
3
7
356
317
24
291
1
68
10
323
314
360
3
390
1
5
345
286
353
312
353
347
37
2
382
349
305
43
35
32
11
304
536
1
2
318
10
57
6
29
7
332
21
3
504
318
294
540
453
360
0
339
312
4
50
344
26
21
239
0
331
28
335
501
239
542
520
195
535
389
2
10
502
509
43
14
13
54
535
506
41
359
217
61
524
30
234
309
336
1
348
295
60
47
0
542
349
346
76
4
41
58
387
389
25
394
32
554
21
389
510
381
66
261
18
28
347
38
3
35
216
46
38
261
295
316
320
0
260
291
284
217
317
344
62
382
385
374
289
14
308
351
8
40
68
312
53
30
541
6
29
7
13
506
56
303
1
25
550
568
0
2
3
317
300
39
5
12
299
213
323
71
319
319
331
5
507
323
397
47
4
508
510
62
0
292
14
536
71
216
10
346
6
33
375
30
306
386
311
316
5
6
291
3
287
520
390
391
311
28
549
11
66
50
15
254
3
362
46
197
374
527
27
236
292
40
4
341
43
1
615
214
501
530
7
43
9
42
68
61
52
356
1
238
378
395
274
376
60
236
377
291
544
505
26
293
1
29
300
53
396
500
196
42
327
2
502
551
261
5
579
434
59
2
350
240
14
64
313
729
392
373
553
287
259
67
304
502
512
315
39
353
46
12
3
287
75
537
37
36
322
455
1
539
678
374
335
237
30
366
53
234
33
328
91
315
146
507
11
373
546
48
2
394
238
33
534
423
437
37
7
47
412
28
507
0
36
539
259
233
290
392
335
1
177
16
32
388
233
4
288
508
537
385
535
521
217
393
49
195
517
539
54
76
355
51
293
50
52
197
1
44
37
563
393
382
23
501
234
69
261
57
511
547
24
333
196
321
3
345
49
0
5
355
213
72
2
71
17
46
24
294
352
63
