5540.805430647706
5532.797314940415
4871.818239139066
5435.190292328309
5537.522580490194
5435.806504292473
4869.898147010887
5435.209540426105
5461.883133716169
5537.011681414402
5488.833316516368
5535.536879796678
5487.884253759941
6754.766765156025
5394.619302066306
3019.232072963204
6916.719730184875
6908.596317861067
5536.019368120176
3021.2199905941497
6915.542288760398
5511.459904969115
5482.3966209248965
5400.212787075138
6765.64610169275
5408.595685440547
6766.519261778393
3619.2244972189565
1805.4128896541454
2535.70275636377
6758.791258042371
3035.23145881138
5467.469020433965
1804.4295162174087
2542.6769426110704
6759.668975078307
3035.2113991636006
8543.23791706851
5462.492704922668
5499.812568034395
8170.828472819642
3621.211706065959
5490.256318039474
5539.118085663216
5482.408772316753
2539.8906859345675
8167.545186841749
2546.9524744443074
6771.32694123581
6745.734814739704
4280.040252612436
5524.968598514797
8172.050588713312
3063.3889806475936
7246.087432903078
5435.57954040793
8228.385382883785
3677.8737436782694
7235.096222553501
6906.687350443075
3068.7256423818953
4235.297438223968
5399.304968526291
7237.992702911742
7243.113024618107
8546.200417991386
3064.733403566162
8178.80301814011
2434.70044576425
5399.014184824822
8039.331559822333
5533.239229591565
6771.646331541738
4278.92682501713
4282.308621816853
6769.266884953161
622.4467500283636
3074.635052256417
5469.896020158704
4279.183692268212
6808.31639035181
6914.570909224443
4324.564836370461
5498.29458322072
3072.664728969577
7266.675131992337
9572.925133774723
6919.58229683359
8938.307764045356
6732.70756682262
6732.257784614208
2434.6371880842394
3673.969203732637
5538.575522673504
5480.180215370724
5498.280409408754
5463.722330199049
5466.214582298639
6728.892918454996
3067.3973043556803
6522.092771947091
6931.185204221817
3018.5714115470946
5515.4518764166705
4323.573212624372
613.1321485938263
5836.722956551044
9594.242576649276
4279.845520551774
8333.413906289337
4236.09921773614
6744.501899417426
6171.7900087105545
5480.887628877698
6815.934904118677
8137.501827393839
8333.08360228695
3635.229273239537
4070.054897800501
3699.7318720325075
8408.746284345056
2545.509998557937
3056.4028805475555
3660.9435216181328
3697.6821597677867
3084.684828930433
8830.568442459798
1207.3585269284956
8185.618893589132
8230.569893687261
632.4561900258583
5436.394941500226
3620.3649992084743
4235.421218093451
2544.0850129646974
8857.33861303433
3648.4010101176364
4236.414163761586
5405.9518802690445
8338.30907227634
6859.318969749756
4055.2067895728624
8140.207787535307
8712.241980421455
611.3173077962123
5818.333923869459
5465.588305566644
4077.9263472527255
9189.177910665994
4248.3974579736505
8639.33072252001
6153.703250485809
8145.152505073041
9159.717241795186
3688.6971825108
9054.871830771806
8134.81593892955
3687.692795016863
4246.353224852257
6877.093602292537
7245.990887008519
5490.621983003169
6847.102548413194
3648.7919487157824
9143.236868788292
7523.930953454943
9290.967721544104
3621.8741898536027
9149.355021884348
4065.7779100983116
5490.637399311013
3618.940862116509
6845.386274905245
8131.18263958175
8608.130480510998
3621.768113909668
5451.918506038517
3022.5453999242477
5180.8250696992245
3721.3667313331275
5504.610858660558
7461.8676110715605
3879.2493650577685
5191.5287342189595
8116.480119966735
4235.207372826145
5451.9072410094095
7124.491805513431
1276.6416510870556
6193.572743740286
5490.785798155376
3061.1976759667045
1814.7194583413798
8290.815777567266
606.176066153638
2454.0318235715063
1828.2248237353188
6247.103515224153
7087.6007796719905
5724.369831954053
2435.9768991289816
5490.65271823961
3633.173363831936
3093.8634903768
7615.859388043108
5504.621719084174
3635.233790293663
7126.002272798471
5674.8018594323285
5952.942096654022
2538.499223530158
636.1973928802145
3675.9285235840985
1211.3119572341625
637.1791496868954
1829.2265489377853
5185.958096930353
3682.420958263333
6278.552970981342
6169.267835992061
3683.251934952036
5553.704171647664
6862.344443230705
5080.006387732688
4836.412898195864
2455.091748623528
4056.81794408016
4276.5078143586115
3661.9794864354003
8239.130726157213
9347.23800453936
5727.194309317706
2456.0882885583264
8930.489487379613
3656.774559753611
8305.356433537165
2457.030428542891
6883.765630398052
3883.3126229362765
6717.207715027887
7437.114954724699
6871.860068303485
4033.763485595974
7416.292785830872
3758.342231380421
4917.22350476913
5573.402548200168
5454.864905773757
1204.4458900726174
9247.096606251944
5940.819503096619
3672.356169426898
3092.5688950350973
6283.766181119402
8890.815556586864
5517.197308292898
8743.337634426198
5518.454660858265
5199.0265721119495
5507.533465152115
6606.896601497927
3700.1315633794056
5090.3110015933935
7694.306484412683
6246.788866452008
5470.795442629119
3082.6287323741994
4631.21685823453
3633.1628635736374
5538.620595180403
607.1078888403529
5714.694559383277
7558.996103768075
8657.642578009112
7122.091671315709
4148.073816347967
8443.909780160076
5516.566921020869
2453.835184601544
8406.893405838673
8047.099922169555
3724.225872441011
604.4556977509554
9326.163260673819
4183.907265247727
4248.494919954113
3633.1769005141673
4835.205961478465
9601.143206352801
7077.397736115953
610.1213270614212
1856.0653038432397
3077.885653190328
4882.419166335845
4276.060307968292
3035.8310853287576
8703.724763192393
8839.129313866497
5952.493655834929
3688.3578237191537
7119.988231541887
3679.365779390341
7508.596136394833
5131.187547394951
7244.159249092475
9183.89167768046
3687.3682056308867
7716.643391533633
3021.882701972129
6762.882733513534
