0.1616625837774753
0.1529865880054444
0.16408810410560512
0.13610821369535386
0.1945133287270921
-0.1131453166488946
0.10283990905394398
-0.08759115062634139
-0.09474148483936087
-0.07536211886957445
-0.0900545214732409
0.08515785493261101
-0.09999529008137495
-0.07221870278599299
0.11817232421371127
0.16555404301658727
0.060037576939809066
-0.06415583655480085
-0.07396315626936947
-0.09563447918586201
-0.07036863265509612
0.10922462306497466
0.10366588672164655
-0.07356500523055709
0.07758496343661225
-0.05602452724100227
0.06393452461454031
-0.04888406105905635
0.07019262378687953
0.1737948964786934
0.08760954124545037
-0.0795242444694388
0.07990170672651789
0.0409192628888035
0.12044550179801165
-0.07830380202398303
0.04854948077088526
-0.06869806955597108
-0.04049808573850752
-0.042310173790554295
0.04159104253290713
-0.03210222992023377
-0.05450784073226468
0.036370237983774915
-0.04863871579461192
0.10092353020692153
-0.0654762335859869
0.04918414676778183
-0.0678273849764148
0.036796409594597804
-0.0720591437377361
0.042591822427728764
0.05382226061970785
0.042051763775141554
0.034491053166115365
-0.06286244587488503
0.07525741625333172
-0.09219571426688607
0.048715476712382216
-0.0539841215087242
0.016742171086437066
0.09815738694429174
0.06683467958357972
0.007648739133931529
-0.05677802442344712
-0.0631356688793788
-0.061999358975310614
0.04726449393596506
0.06511817698708196
0.09615127989942195
0.301471995166186
0.15790229961465643
0.04788568809824208
-0.07256325430617529
-0.05593697853184621
0.0942370429667353
0.07096582167852213
0.024821454616868348
-0.03673179208409594
0.08187992756535921
-0.12735653158041238
0.16219477338439847
-0.06869491353853242
-0.027084641532228147
-0.19335269438312533
0.08191595499406551
-0.09865480135342179
-0.03576702221728854
0.050151694543365884
-0.0437538858456886
0.036453950779116305
0.2607285371227944
-0.059786678237896226
-0.03315131012815935
-0.04704247838345269
-0.09660044822201101
-0.019310107961187605
-0.228364692446162
-0.08078456850673008
0.043233076605356406
0.2251849809459028
0.036577673157461875
-0.059706012516192834
-0.19369752624155567
0.06467518556431846
-0.0457211620381818
0.16822144572530323
0.07006222911101281
-0.0583388018358104
-0.0019871605518494814
0.19436242870158674
0.04606922726236935
0.01369907011075196
-0.08618189347539927
-0.03585513472514479
0.03938834948539457
0.009147882487768703
-0.055569734491310224
0.13600388122323095
0.040055869361191467
-0.08695742415990641
0.09722778857888249
0.048790785510412
0.11507970974682884
0.0640270218507972
-0.016793152071350164
0.06438020758044893
0.0537643503112565
-0.049102787431943816
-0.07806162782572454
0.042783936368256
-0.07212481843463171
0.04993659758719157
-0.04292078609868965
0.16375235881034678
0.04176094692211589
0.09156355500647213
0.023290042025089736
0.05977997485774975
-0.07043861372121371
-0.03189925324680775
0.09471105647945467
0.051310956428853534
0.02177262152403222
0.0827372223817424
-0.021924922745508772
-0.03372703700579799
0.03206190719456069
0.055295612766917766
0.047598806703296505
-0.03549795319927845
-0.09626371180067202
-0.04446965418739708
0.07709909682754476
-0.17321740417649342
-0.04108859230286943
-0.16311725582238754
-0.039356525540092155
-0.057717690520271876
-0.14336648427117735
0.05771658885638737
-0.04211390776625833
0.05481072418783967
0.05922858467167862
-0.03588973478629126
0.12696779677152714
-0.1352622142607225
0.07388158417443853
-0.09148848885489214
-0.02569310117219316
-0.043653082182906325
-0.097123341316656
-0.02265991249232174
0.0676283909735662
0.04589082350527563
-0.10330381421836747
-0.1899951422413463
-0.03658902543610657
-0.009995822789005083
0.12852386894062692
-0.0523634628499767
-0.0536897251689721
-0.046571498897678136
0.15951503858437804
0.041229923754027044
0.033176515331910454
0.0898264195271688
0.04217829303087419
-0.03087146015083553
-0.1176539575561609
0.09514226270206765
0.22155110954325324
-0.09863311000177928
0.01628297128950194
0.047776068398128105
0.020022776445378573
0.02937467589313296
-0.04723119371840641
0.0664550778908805
-0.044774749708990286
-0.17043558207456894
0.03292003174067402
0.06930488270974554
-0.01794195487617389
-0.1971464580231731
0.027124045537246518
0.025472730599696795
0.05825083623708415
-0.2585801049142977
0.06303005510691465
-0.0751613278323932
-0.11056580031697583
0.0350799358589754
-0.08995497435651967
0.12146397158573366
0.1264247888033377
-0.2559847012495228
0.01317070910829104
0.049470807392069584
-0.07406072796970369
-0.026460399492786852
0.0015128685530372116
0.10719444681692412
0.03378303297031787
-0.0980984056097752
-0.13704753737367348
0.04859627207562734
-0.0017699391240783328
-0.0942101522359146
0.26794767033658046
-0.019049021021577458
-0.10217927218425506
-0.0022705679332356192
0.0331620652076426
0.11045438785000539
-0.00525537267576631
0.07276612097308599
0.06853917697947688
-0.004270217487624526
0.14726582360398757
0.031309809959662864
-0.0710261343179783
0.024661746612589797
-0.022552970085415226
0.0844308687234799
0.07528811177623058
-0.12498969093897178
0.14414363303787667
-0.026040152220681505
-0.07210662312596768
0.047998979724003764
-0.1012203710899978
-0.12146226111242439
-0.1794429896571083
-0.014206402056715509
-0.13570480992177514
0.00825713459827189
0.019057625475583446
0.03135465811019795
0.022028037649171096
0.03934564837872608
0.06312467086071522
0.18218714300262134
-0.05280320505751475
-0.055235942813593654
-0.04010084019766257
0.04842193666818666
0.021296492599990176
0.034979909121204966
-0.08489260302357754
-0.1423574454408325
0.06385976214907167
0.08548803469611503
-0.06689635618027838
0.0651962277524755
-0.10830585048212023
-0.022159669963306868
0.09279735607497155
-0.07116712275665092
0.06054045583119015
-0.03443410763285942
-0.16234558569106897
-0.04377753702824763
-0.05418564137253931
-0.04353336014043809
-0.06560949521495782
-0.050389589893251395
0.1214983921272709
0.037250306199443375
-0.035145943088674275
0.11040778396161646
-0.06818079249703014
-0.029832277792384964
-0.012106435122355916
0.009193611635145668
-0.1336684096921741
-0.06695235549034367
0.07868519954829795
0.13311371001802516
-0.13297247233070186
-0.2095999898517499
0.05184510385980927
-0.029550755951499766
-0.03709796504925055
0.05877014379608099
0.04962872945411952
-0.0457865737685951
0.22139831524600098
0.039065261289148855
0.08769343307888326
-0.019645207182669506
-0.047826171841190084
0.05034391010302251
0.1411804746214667
0.06763519850528314
0.062088482894609644
0.01053545373178146
0.053464346650695264
0.022804018898199923
-0.0608642490299209
0.12591066731876838
0.0684263357048742
-0.06393013420927299
-0.01776909863449181
0.06755883463431005
-0.07938571058789635
0.0592349819364406
-0.02616671630400658
0.11509239636172584
-0.03375307176411909
-0.05757282514661079
0.14115338045385728
-0.17575412762627807
-0.054407285866190175
0.01649544152757007
-0.008279430590374861
-0.013735970186553833
0.04603765792521245
0.1274696938996566
0.006094352061073226
0.09337833737816563
0.05108972439697391
0.010867522861290304
-0.01862762738054002
0.16686340926522816
0.04499034815060297
0.12373211969609628
0.017503084039518467
0.03905411628452212
-0.039798231274255205
0.04260885446641728
0.036150649588136775
0.10511453674009404
-0.008899177781151426
0.05708547287975361
0.04396667516528085
0.0975611550415436
0.054678308685690555
0.04178246762307874
-0.02670128232760741
0.062006660442554255
-0.09308958061945563
-0.10007242708192264
0.04050333492947167
0.10084894717237394
-0.11569395480155924
0.014504567375079028
0.007683234643109115
-0.07963672273009142
0.07076109673670702
0.035237256234451945
-0.020679107334084297
-0.020300223027700244
0.03574825651757675
-0.022049392897571553
-0.0771756152770382
-0.07360315644500388
0.08578228680819203
0.030676057550439794
-0.03701253707828782
0.04488743775992334
-0.050611757957699226
0.09212832023478164
0.08185364845670166
-0.04798518240158032
0.1185921640433127
-0.08235317590762542
0.008459284218325223
-0.04083391989809194
-0.004558411536919201
0.03238345758497842
-0.04459415479277793
-0.040650998631517186
0.032848916527925764
-0.07439176666259702
0.23829553399737866
-0.025480136152464677
-0.023333061126961298
-0.02833054942439372
-0.006422779748216988
0.02504662424272306
-0.02404186869229932
0.08483178508292698
0.07223914463965944
-0.07727720961785164
0.03097672746301469
-0.014988137857200013
-0.032147947672149735
-0.014958339884994707
0.07886009175676485
0.006964602705287293
0.01134501763051926
-0.08994137361305649
-0.0031382843641621296
-0.15385035073022765
-0.029786657993130287
-0.08174255893876539
0.06210204296586994
0.04410567015120328
0.021626875418889167
0.06468594992184411
0.08608058914293219
0.22753341836683177
-0.04033843737473499
0.018876592518446138
-0.025922628919505333
0.04420255092333541
0.07156675414449389
0.03089652689062275
0.10842091004429952
-0.020938823537703058
-0.04211332560521118
-0.1230193856873395
-0.052900379868933894
0.04739719184366866
0.12665514326559577
-0.07783644767155888
0.019065280558259082
-0.19174833764263663
-0.054222133548382415
0.012382988503020876
-0.01714932610471526
0.076458585689272
0.047754423654016824
0.1641485878738028
0.08405324067419633
-0.038225631584122885
-0.018725432161756345
0.04984410575660365
-0.16346067392211647
0.0354380026651352
-0.08032594966740451
0.0808885272456868
0.09691523103925405
0.11195917901053723
-0.03953269656401116
-0.011875786740119227
0.05745425794067828
0.09634592396112415
0.026973547036305886
0.11320708949943563
0.11348572296914615
0.053516767950496535
-0.09863401355318513
0.058054291273420384
0.02427223154528207
-0.00773851959064282
0.11159654231896153
-0.04861521094900562
0.04144438516277878
-0.11542974591044279
-0.05279774879487793
-0.16493504807380202
0.07527518668683969
0.09777294964735239
-0.12497837957005668
-0.12612893507062053
0.26269059415634943
0.04176385829765655
-0.0186649231547576
-0.08765627486120874
-0.01036681263751804
-0.13405440983805114
0.04107933984276106
-0.08834170620165235
-0.08783833999605775
0.11139640813554455
0.11779525762325953
-0.03196307211687422
-0.061145428492725085
-0.08664644434599174
0.006161041823506294
-0.18650912197988592
-0.016197180791648016
0.024177207058738225
0.06412211806602418
-0.13929072119515823
0.029393530705528192
0.009005401990270001
0.011946700069191855
0.04994898017700656
0.07260774758399541
0.01901876155368518
-0.11698986285462892
0.20222650193600186
-0.0710725926091114
0.05693346756862608
0.047781806826936495
-0.121683076950879
0.0594228640802039
-0.020699612969368533
0.14667605457463498
-0.09229856993385165
0.05336091413708188
0.08762955023882217
-0.019013348787660565
0.19296960380824263
0.027601381924972652
0.21017255888146827
-0.13181976760305517
-0.0926124643852605
-0.05429197585039307
0.061247693419808
-0.047517885616238695
-0.27115360523486143
0.07579947069730687
0.07860784809670224
-0.04862820807016498
-0.013001883022656301
-0.09720735778581993
0.060322894038959414
-0.05584557124768096
0.1240241181960769
0.004682060056581481
0.03709898150096391
-0.20298895520960555
0.1635247378615667
-0.02994738975946258
0.006300119511712575
-0.05977657245974168
-0.018027775909896657
0.07610708931770648
-0.03802046919441776
0.036033784973474
0.01952408482689178
0.042529813261237885
0.03606044267798713
-0.0508362914090731
-0.2748260438923227
0.10369622910743803
-0.07199670244176845
-0.0677290832102994
-0.14863622205953517
-0.034220139034551345
-0.13476362241212747
0.04423134742025876
-0.03861761990279986
0.016237005125793038
0.05751903786339163
-0.05026086372234928
0.07029196864956898
0.03550592518157717
0.08678027197120029
0.009380397015616134
0.037911211417246925
-0.05600907947674755
0.018871192318300624
0.0259408452485065
-0.0670337406370821
0.13760744930850988
-0.04331866702631024
-0.06922272841950755
0.22721060874830024
0.03122776549550495
0.03326285275412785
0.02982878726032769
0.0746898127668342
-0.012740260920723622
-0.0598018694705983
0.025515580321278975
0.27968706394888104
0.24864437869091285
-0.012932787651984806
0.0058510159769248225
-0.01877153982732669
0.07270841095466915
-0.006208872393939443
-0.02480271617007976
0.022004078342427506
-0.017438011734601726
0.01041561083287643
0.06498874194701164
0.07750698084427043
0.1397004961276301
-0.08764307096688459
0.028400139028280192
0.1009549032647804
0.05193418402527032
0.04851578159255565
0.060017200410222155
-0.059574001811586764
0.10189031423371345
0.11541881287459149
0.043527683846461086
-0.10314557379888699
0.02465662965998401
-0.2962793698490494
0.015714964569203096
-0.02225323180558396
0.09810841168377028
-0.16396216080835893
0.003553577356138042
-0.057699503448370056
0.0209717590303457
-0.08395040663244929
-0.026367114662550525
0.030414563797591783
-0.027567016600567342
-0.12424134379437131
-0.088270149819398
-0.08718217590401449
0.06295576599607548
0.008510900263471108
-0.010545269496918383
-0.043262403392065496
0.09642388132811566
-0.14920843274946677
0.05155172586052751
-0.091584516858677
-0.08755935197662375
-0.10352207802726486
-0.12259617752624108
-0.03710419034295009
0.04585392791878931
-0.09585800799451646
0.04962992578891961
-0.01664427595049925
-0.03164299360527681
-0.03970824489276511
-0.07175532210900211
0.16160882820818778
-0.08811023833647949
0.010802259199901347
-0.038504729351823544
-0.008644969931461619
-0.08706172400805688
-0.004317539956464782
-0.0184723080941591
-0.14009049157334683
0.07833562843569601
0.006581928959830372
0.1457229970610275
-0.010343887334596982
0.025784531944554653
0.06635657540192613
-0.08833322947716825
-0.012037604903659101
0.0695830787004964
0.08643750200175844
-0.01294971620809746
-0.08503143977517898
-0.22236240234925342
0.03231848789710667
0.021120485402837143
0.1393785576232042
0.018621100208594796
0.052495932818369256
0.017481890931745427
-0.00958195897535969
0.09014386512219927
0.08844134852104207
-0.0699260935400587
0.10272978684905469
0.15473383755174513
0.0599608365896865
-0.058856548230682405
-0.030735752481595848
0.031758580951777894
0.061707298158032144
-0.05346415107452584
-0.07099956985418306
-0.07523800747876482
-0.025755462500073982
0.02529279384719879
0.15089800472594425
-0.06792997934729716
-0.05724033790661472
-0.1259597164602853
-0.02318767763762814
-0.01586074089870949
-0.016057917157720272
-0.07928804510205927
0.08951599865432792
0.04999961058581967
-0.034660059756876284
0.29082703803592275
0.003857755712188626
-0.06145334381917409
0.17971160055716498
-0.01685476947338302
-0.025784013903029895
-0.0033912716846647285
-0.01717137341826039
-0.02963087753375272
-0.10574636781622185
-0.05911350051378828
0.04104977439750534
-0.15431287265278934
-0.03357432180231373
0.02968329664209699
-0.021153192499761133
0.0803155586465562
0.054010471619848774
0.06446808125844036
-0.1835883822461705
0.09522054187930021
0.01368653723189018
0.06877003904699032
-0.19176821918709525
-0.05533052899533164
-0.04560313196909015
0.03916002810059971
-0.021511715084108273
0.17673470231247487
0.018434703352405424
0.01745401729806454
0.004784354953794318
-0.1395240054319321
-0.020946495720122502
0.023959360740322854
0.09819127248612049
-0.010784034745626843
0.05887321434511029
-0.014327698854120802
0.07360636814032524
-0.08495727890170914
-0.05025680923554026
-0.23708000323124964
-0.026411674926862992
0.007224888248074408
0.015438121254810425
0.08726231504060106
0.013244683250586696
0.0918642493535868
0.048664569964552214
-0.040628405843111566
-0.2722127096482804
0.013464663964557127
-0.00705228093692644
0.00495167077623164
-0.01931687400902897
-0.08952230244357345
0.26550366785855023
-0.05485371969711467
-0.0028957128499006372
-0.07028669765773683
-0.05067182815417507
-0.051127321417243826
-0.3026982827722207
-0.11417910573635622
0.029596195796796412
-0.09863693061870825
0.04616096059125225
0.09321660751914913
0.011859524820862416
-0.060901810642123994
0.09362570436558126
0.09907630774137348
-0.05104916622840843
0.036315811603649675
-0.025837250590423702
-0.09313148912154938
-0.21780156496966047
-0.09625859390035028
0.05084998987452035
0.057840320064039476
0.043041510065797234
0.39636970579010244
0.09923413475738814
0.12107389135375901
0.029461479319572662
0.04950014266950723
0.09075032788743304
-0.02225340635672388
-0.10544204313157043
-0.009551657785406256
0.035393454791042056
0.03308118090519731
-0.05515990470870282
0.10946108969156448
0.05112978609078031
-0.04062410807193166
2.051100101478513E-4
0.006731031457837799
-0.017689129080425584
0.0758550009498392
0.0074482965658115114
0.0036478966725090167
0.0527258828348175
-0.006857359269318864
0.03307395314133135
-0.04754689344243895
0.053912610247945025
0.0033111422935717554
0.03876836889309806
-0.040337732994659134
-0.049485180188270285
0.05888027345586547
-0.036766106536572224
-0.057703240651792345
0.016532401417873176
-0.029018263773272965
0.08553636660972032
-0.007697709552069113
-0.11229901214065392
0.18658088252491903
0.020583650727452333
0.0733981552825225
0.04693978666105683
0.05836979215178355
0.056864805594613786
-0.004251539178406732
0.14319859535509766
0.10846627239949844
0.028632403771864507
0.026845517042254158
0.020620970036527506
0.05196610277977086
-0.0959137631235035
0.06099048342036109
0.008662467712777315
-0.054991103276054956
0.03140086293431886
0.0706578926368591
6.284884095389601E-4
0.05666050438903198
0.13571665413899206
0.003098621546002994
0.01034403438370892
0.08214586210462237
0.1013987865561412
-0.012308744106751356
0.025991389738083008
-0.052178276608303924
0.038917739649981575
-0.06254653593509223
0.1220930662096739
-0.05985260238605458
0.0940905926998075
0.019305050651311422
-0.015138503496333342
0.009423746446257875
0.004058507327063616
-0.08287232819725003
-0.06111226594215179
0.15720502397543726
-0.017113360481538345
0.04087734083628008
-0.013427377727581478
0.011577193659100005
-0.06595822016026497
-0.0011794269649452618
-0.05685344604083342
-0.044295903628843655
0.010869881941816524
-0.008061346824091277
-0.18093521601867749
-0.028382201257470294
0.006625605061802824
0.04164891281489271
-0.014117922641196531
0.008903764602442441
-0.04924577808573134
0.014283989454085953
-0.05188426992086042
0.0015263415286730236
0.08941882924234278
0.07634741657882146
0.12102809445164275
-0.038186310238380615
-0.10296375132890057
-0.03735848988141325
0.0734363269821808
0.019443263685109523
0.016753275516128704
0.026206639097646943
-0.060730661957221536
-0.12574656143345367
0.05400240813445062
-0.0012648196556662363
-0.024714047705177204
-0.092807476852816
0.03440471171844177
0.013391015116528375
0.07464447932675379
-0.02451905591719439
-0.1003337031533631
-0.08500659850375691
0.20943840059253807
-0.03757936766806187
0.037521459833120135
0.14185108184601591
-0.004773039203115294
-0.09837233623314189
0.15912004708266136
0.058826697667789925
0.1210449233164056
0.09765137862883139
0.07456691080427405
-0.013457488295374877
0.0916188167858567
0.1368772828833809
0.010228304377403992
0.032146445208778476
-0.13202145283966885
0.08932094438156889
-0.048548776585335185
0.02873047379339594
0.00490808798064681
0.11460978907466354
-0.12218731447169238
0.030568470833258816
-0.32492221223495904
0.0710510561645173
0.0845786271285737
-0.00146515490975265
-0.015470340206314725
-0.05344711821631492
0.030339683176965625
-0.001256690355930732
-0.04219668223199816
0.0705919266105801
0.05973327074805714
0.019712438041944846
0.007836905399838777
-0.05604840380610276
0.06903107804826548
-0.04971060957089788
-0.0478206789016331
-0.04813991624244689
0.06700597129727258
-0.08115496062208158
0.061794936343517265
-0.03917269674142414
-0.045807327461080065
-0.15046535675890152
-0.009315773062109555
0.1461224621234901
-0.015622842191190742
-0.10811591560315757
0.04263908534465563
0.017680227114589428
-0.05084560070988396
-0.020388718923310057
0.1185436600807987
0.04564919311150011
0.07733093092668707
-0.032111028691608715
0.016762276324783797
-0.018732801584402173
0.034996522947588676
0.037163409681482115
-0.04592086392241778
-0.06853247758771479
-0.00997157446551807
-0.08015498933602658
-0.02785041682020373
0.0966742021780218
0.1755599863547999
-0.10605401473863053
0.008090323481003324
-0.0678891672464887
-0.003300165310933589
0.06111426053153621
-0.09106024209167421
0.057058369150439575
0.04291617939979976
0.014173500714234476
0.024329088222671214
0.0563083319602086
-0.006574809205217033
-0.032237303941407114
-0.062333747269262975
0.0210409511332942
0.03321518686202207
0.003477347292336696
-0.08943851273109611
-0.05726343484377017
0.07743192194239448
-0.05193144462120103
0.06220442370946069
9.492233733092914E-4
-0.1464369609753591
-0.04766823875302139
-0.012246143698599311
-0.003068228544606859
-0.01427158559548747
0.10552966196249862
0.014522354451275988
0.04111635767379407
0.10131978328882671
0.012976020488190514
-0.029748263060610347
-0.035404097817392344
-0.05744747680527005
-0.048696488728384675
-0.052545842133598655
-0.17916606711114574
0.01868140370557388
0.07097604112617681
0.02115998946165327
0.14984165777654618
-0.11155799055899011
-0.07128796732011233
0.030709919200114948
-0.20222017230524086
0.04748422592965982
0.0016118246885777434
-0.07344044619987448
-0.08666685801384089
0.06677809417903355
-0.008236031853005268
-0.04576660209737679
0.08581574552995656
0.15657215259539714
0.025962138765575276
-0.04072730119566215
-0.03741599714950599
0.028478658934881163
0.07093624736823465
0.002983980174116624
-0.015100401426475467
-0.010441256473467043
0.054454375072276934
-0.01671451969910654
0.06793792265359434
0.010172238569628948
0.1326235846605136
0.1318900716781833
0.06837915415178034
0.07641007208898336
0.1006331798683962
-0.04502361761662196
-0.02144753754463253
-0.043923281977416614
0.06138478337013997
0.008868755795057666
0.003379821211931435
0.0727752685848147
-0.051433725979292313
-0.024779784126473407
-0.16356792158273803
-0.033197760193861975
-0.21329913081160337
-0.019908715305863647
0.1405716014284486
0.11377840633048111
-0.08484653094943216
0.058044636541331386
0.04268105849944388
0.0278882420482025
0.052915352276395836
0.0016093196359664456
0.08926993219917105
0.026603555581451745
-0.05516087309746928
0.05528367309209912
0.07485189298655709
0.15612627012025382
-0.06309636614608045
-0.05729625892357179
0.19753607957888347
0.04399355831040737
0.03924968859873611
0.08762072635284696
-1.1162724941817187E-4
-0.03520337651034578
0.03661449027875551
-0.07999679918148415
-0.016200326732646944
0.04046025874322179
-0.0674471647305775
-0.009998082212328502
0.0739319625556183
0.0364696964901269
0.0998130352876704
-0.08071766407650584
-0.0730482124544899
-0.007469576151688989
0.0669748956956793
9.830348129423054E-5
-0.0037291455058851976
-0.012217557198018224
0.033141098204216596
0.015399222065808252
-0.0998215667564234
-0.0060397380952573205
-0.013948740223849126
0.032605777910561594
0.008763230739881842
0.03503066129369311
-0.026669793726335524
0.038558022736094925
-0.04732891294492216
0.07047499972972991
0.07506481445725839
0.06901552212107388
0.09484081516044943
0.08033771063723458
-0.02941443964596737
0.0562520058436646
0.005391198196362213
-0.029536424036055647
-0.03287134256211585
-0.33025626274575076
-0.015334227344463174
0.09998704375129075
0.03332344929502345
0.015350308979193608
-0.05815354710641209
0.08108387446813167
-0.09456668674330052
0.08467412269606057
0.038545972908888025
0.08614310383378908
0.01105726120120146
0.03634587006016546
0.02092325460473729
0.10752655407736958
0.10179209576600161
0.05492176295379949
-0.16459450432280587
0.02733708431506562
0.055098490122265684
-0.028283786428886352
0.006504890083957271
-0.16202668343113832
-0.02675315653953638
0.08412097850707467
0.02579519937389113
-0.056100485666324335
0.02599841843160984
-0.044646693873445865
-0.013393006988292346
-0.031509692303104735
0.007101656399820301
-0.004226095207140653
-0.034816454999191726
0.11751576917039505
0.009881830205091991
0.1133134698104954
0.06359000074904497
-0.090049198549633
-0.05773814276909737
0.04889018381756805
-0.0016525166446118287
0.029394404851051017
-0.061044317559326676
0.026837042428699543
0.07048588370550378
0.15091104986165907
0.16973452941990883
-0.005867852803138764
-0.02528989274567572
-0.0298798256642907
-0.05855589397527261
-0.04163226963165589
-0.024368814611885274
0.11708439148173896
-0.035200673261554995
0.010511769757345055
0.04080379477794958
-0.0762275154424169
-0.12041156113039264
0.11185252243502632
-0.02708585630033084
0.15392411291598823
-0.05099638281125325
0.023742754395323078
0.04081500041001212
-0.10344852601517966
-0.03289978193399967
-0.04508167964916127
-0.23553668796818927
-0.07588952885353625
-0.03063329712645918
0.030841505215259458
-0.09692682992861276
-0.06781198085721328
0.0421046023568674
-0.02209925065292344
0.009928309074836758
-0.012912949699777097
0.07265695115933067
-0.06996736361451215
0.030542661866856516
-0.04482751437199549
0.05159608767166352
-0.06397790538352326
0.05246340437275418
-0.15071652574110078
0.10268365935338084
-0.14391601629157322
0.029185355170544585
0.038859752605662864
0.022275194916400325
-0.031409500363193274
-0.0010476842758970117
0.06509172007594692
-0.00231359646942158
0.0042969064320761505
0.02516099981395334
0.0055028041166520275
-0.053904650436251804
-0.10000632617692813
0.0257053967248932
-0.07930277756562414
0.042793430503739224
0.0038592755716430256
0.02025390000470392
-0.028572182120050756
0.06648707083442582
0.04613853703608928
-0.0818658632431451
-0.017068810880966977
-0.023744649179666306
0.037760551555439434
0.05117172343145425
-0.03831418610628521
0.024991459261058304
-0.009710535876649684
0.11117511581946332
-0.18403910795102163
-0.2075731292485548
0.01976640344442838
-0.0742837191231766
0.03580289617227723
0.0717648918486836
-0.03670208959368701
0.023086829564043378
0.018015078097703106
0.016190605112488137
0.015913781348921296
0.01832928906204125
0.01476286639976012
0.0639377956363454
0.07796055599354736
0.1092553107326639
0.017659237410493543
-0.004503082293457978
-0.0710809363648606
-8.958979760316651E-4
0.08997763197648043
-0.05850534097963302
-0.005709727305672218
0.012620433050606892
-0.196486657192459
0.057529656110063346
0.0024277567472705875
-0.01861612868228288
-0.003373432011616414
-0.024439388262466184
0.11018288701549304
-0.045671750404190935
-0.031930962106039004
-0.14910105887594352
-0.021490445561298015
-0.1977208851651717
-0.06231108568573361
-0.0671988676540583
0.04960109965812422
0.025753180961382002
-0.06298371816217829
-0.0808102146041748
0.030161422049107843
-0.09456310729250197
-0.06346196734507384
0.03593134944097149
0.048701224585738
0.10631874647169165
-0.008119385149865462
-0.048717369240622234
-0.037360903398139265
0.02182865980515573
0.013030880918921404
-0.003943562840447159
-0.0317906589648731
0.01195284449992016
-0.02896448909073933
-0.024625755205922393
0.07373710782282322
0.017603678864731933
-0.009422566808329135
-0.04368443816951899
-0.2948009086296962
0.004435656468570924
0.04323750993969132
-0.0379994768023645
0.0796320422560828
-0.011329963410364095
-0.023196502598866478
-0.05784426804262858
0.05525104218946657
0.11423581662641423
5.312743358744295E-4
0.02699115499677237
0.03170266202593915
-0.08598346036740857
-0.021123417543693887
-0.0454594677887334
-0.1793425565367445
-0.163903313683419
-0.006802452658980497
0.1140522865560472
0.012704295687022487
0.004422399619312205
-0.05988568712539414
0.10747212391525919
0.01304743804564669
0.007581069573213799
0.17221483218483408
0.14571274978393112
0.003451288986470249
1.824938735205554E-5
0.0018471877012525546
-0.012012835537891356
-0.04816854648332424
0.025568473594717155
-0.07672113211022571
0.02112835471904554
-0.006235693997340499
0.020264474727125566
-0.012200814788300176
-0.06724910815490166
-0.027149465621250514
-0.14540466518968462
0.06399615837146098
0.20695804173480237
-0.03324873867704511
0.11382157927150063
-0.10955357029090006
-0.07165555529623932
-0.018836167514263386
0.04459068970667845
0.021846883756476056
0.063465895034361
-0.10214201627474165
-0.043415119062486046
0.0013427806479355568
-0.029011822465288047
0.008676545009858766
-0.04421885971541112
-0.07652876982130753
-0.15511079006603895
-0.02706166628612465
0.005593421551251446
0.04938020966332938
0.02460331414376581
0.11219070625885535
0.005030344068482427
0.0640425340770371
-0.03135121092399705
0.05165267838494997
-0.021587040014029467
0.006321521935360434
0.08838556087735276
-0.06217224011405541
0.01902478081244786
-0.007495555775056992
0.06667931852640205
0.026904756785576505
0.05191410371423425
-0.00804465203733909
0.3232427764880292
0.06295355322062275
-0.06002543019631441
0.07047003970368683
-0.11360007535717799
0.05195618929394756
-0.042401701519200155
-0.00995817485661644
-0.041795379127330945
0.03186597528096724
-0.09035771255330069
0.2306342870370404
0.01874917560003405
-0.02776788140936246
-7.328351480095552E-4
0.014470561881322227
0.02128077653372645
-0.030908473036430104
0.02689028189402984
0.2183594873282913
0.016122927079180404
-0.035417777366780256
-0.009729449233224692
-0.022329710377943717
0.015647743252866275
-0.012687937554864482
-0.013056062056561131
0.05996964215757476
-0.037264499750701334
0.13660148181788614
0.048115287703358975
-0.04052942859166639
0.02036125919391814
0.044811943521498275
-0.01961643237164149
0.038716623876511626
0.0206716081525402
-0.0359126639126738
0.028175602369438103
0.07658005492379735
0.07676834300239448
-0.023075418967695865
0.007403257027669118
0.07357480702529258
-0.02986994896062431
0.062160784676274394
0.02336611484746463
-0.0949630141375989
-0.06403941584489607
0.004019411197454284
-0.15960643907043062
-0.16493447684300913
-0.017917489785959657
0.054738946575959374
-0.04621421917165646
0.010843213956600081
-0.0027341062165499802
0.018508971586005576
0.04532437310229325
-0.051678412428468934
-0.13216836820038547
0.03221684627909312
-0.027327932337703916
0.034980765492010714
-0.08364554264614824
-0.057027449383688596
0.022300079872920656
-0.024674455931845966
0.03803216294119745
-0.11659137176957815
-0.0021179802851351522
0.046490582240401174
-0.05560054121423111
0.031877542446540966
0.002396071002786766
0.04116619301681593
-0.010263648928696665
0.01629135169758878
-0.04613170697800257
-0.17097125380410402
-0.17171788090584103
0.004457784332179589
0.04202753881126841
0.024707293220643457
-0.023531983581550318
0.02098224376178638
-0.016533433483743722
-0.02411097002889349
-0.03255498948303981
-0.019531317475895513
-0.03369476289837769
-0.024784605002177194
-0.013777623733154172
-0.014460910961247986
-0.03167935233050326
-0.026062248116085488
0.10834805708002969
0.08043819205071534
0.0050265156025065824
0.004875761497370508
0.02310019865572866
0.03939225676438497
0.03587264554346812
0.05486092300867971
0.06608526167505353
-0.0014351276555756103
0.08106131549996087
-0.08666555567209763
0.02442695539103478
-0.007836561105586101
-0.044075333978315194
-0.02239077287255763
0.027961133492632812
-0.05631581348555031
0.0383750248715667
0.035878133009342575
-0.052115195969973924
0.05703594225638516
-0.05366580335227105
-0.06871715635323662
0.008019893226735197
-0.030947572112458903
0.022196773166397975
-0.008693968347685235
-0.0018724006037382957
0.08860226513743011
0.017500092762899357
0.015380303769422241
0.022582534779723322
-0.026117549229982013
-0.023955496101744383
0.05871333582154102
0.06582360492126792
0.20166662486704146
-0.04730488413916602
-0.03356268203805259
0.06484487851640575
0.08903081671720484
-0.04208305180794742
0.026735765789806798
-0.022302488210957195
-0.007909552986173253
-0.0026211734979942215
-0.05055061125680539
-0.006047337213173866
-0.015564103629014737
-0.04625997696289952
-0.02146484412224307
-0.04121565707942994
0.09283706206219157
0.041677270216432936
0.08185012608593242
-0.010059120632302288
-0.10093783019597749
0.09780153095595276
-0.09781544871469555
0.04185333012582263
-0.031231821137977074
-0.03581472756980375
-0.17273023635592863
0.032560990827092115
0.014963878450346855
-0.07934926558179997
-0.051343633943502075
-0.03554851319366601
0.03697067767654844
0.09927270571396431
0.07443536812111956
-0.019462997019442343
-0.1978749199404684
-0.05942769753432388
0.031191677450454973
-0.009713218731562525
0.05230330768325511
0.02532328734494092
0.017541645368883987
-0.03606304451892886
0.02779492157255773
-0.011794050380466683
-0.005618592058625113
-0.04261142133576415
-0.03335782257053105
0.11340105853806377
0.08108787751990097
0.08527371051727071
-0.025029338489480985
0.04164243443699827
0.0985054888928652
-0.015883834049412647
0.06939597899058167
0.17650837836472236
0.008971620087345384
0.005093241536096802
-0.08998860696236019
9.089781196760868E-4
0.10595931585899268
0.029657462937685005
-0.034172251069388586
0.010817557414154784
0.05790922508162683
0.016591717626346602
-0.022208603874847133
0.03859735199537702
0.0381838773294909
-0.04660970543265739
0.04073605650280109
0.09096267199359287
0.028962171063463295
-0.0271643395885493
-0.13152567316210634
-0.08283427357630303
-0.012067596085538044
-0.031936688582820304
0.025805282192493093
-0.019968142573458664
0.011787645132425811
-0.016136741058140558
-0.009926689108337591
-0.025687354383801094
-0.023577401402446584
-0.021862273535434247
0.008529923838098879
0.031744432658907966
0.03853804262016699
-0.08094465711783617
-0.14372622677122343
0.0016006300127661423
0.022493496024582137
0.027950898190118322
-0.025911521793556862
0.049198468933557775
-0.09960728652530829
-0.003571069259780221
0.0199610205074528
0.03139283946266304
-0.02012093825859534
-0.04272245020269944
-0.058513726597218145
0.18648423796156924
0.016943024720383993
-0.005491820969584556
-0.01340974127357537
0.020796964704811228
-0.023581647787148267
-0.049564206203214785
-0.02277961692914365
0.049589332327765405
0.08674775299206706
-0.017574851616534735
-0.04955287570359458
0.00415422514760042
-0.026584941411088955
-0.018848370184550003
0.035351755951505075
-0.043065316430512694
0.05646348285884407
0.09671820785906203
0.03253614048357415
0.02192109863481817
0.04541562513362514
-0.014643941277456782
-0.03041100603904107
-0.07115502360685365
0.10309910013290989
-0.02252163616628633
0.04059706440432945
-0.0036372150781382798
-0.05775264310990269
0.008250272952472371
-0.03475540013337149
-0.03405720589555841
-0.028742120762160744
-0.020238691644964276
-0.002901103279236263
-0.037358445116503484
0.018528463970039707
-0.007359901711251205
-0.04078352492545572
0.037050258076164584
0.08867731927727872
-0.023086810289798594
-0.05191406821368658
-0.02083404897499459
-0.06986164672782129
-0.014508163735570902
0.014931846829145548
-0.13446279232507208
-0.05565165953020684
0.03823566975977521
-0.04495036032492629
-0.06591211021643852
0.12001953612571345
0.0026755238825764307
0.0783932611610065
0.0319162394719681
-0.0017117682369049236
0.22088618078093492
0.006419444259821586
0.04204702194830144
-0.0029749238834724176
0.04129246246605006
-0.066037120132329
-0.017369285598476183
0.11919568686916444
0.021456012850430767
0.022612017478161984
-0.03182834198404401
-1.3711623324520094E-4
0.007475475224446685
0.01215341509452522
-0.006161850882802001
0.05389924167125141
-0.002974618277355397
0.0032713585426165106
-0.04617255783407059
0.028582350877059032
-0.05245745050706188
0.03162566192937931
-0.005075076605863067
-0.01127997063128115
0.008968414976884564
-0.033713693893731314
-0.01421311769245246
-0.023635235707643084
-0.004132805658936563
-0.028380093539599444
0.017455664125055503
-0.002965543682941075
0.009864313700605185
-0.23177777915462544
-0.04777010441872188
-0.06361336568943471
-0.025099060019467833
0.021962224918905936
-0.006585986967836434
0.013972002251690254
0.019181135776434186
-0.01486051010568753
0.06481221092044327
0.041717859943400305
0.2007554146105924
0.013414049750935776
-0.02379188180969271
-0.005498612840765333
-0.05274996744880249
-0.001977158384669406
-0.0029970487212719857
-0.007187021041952948
-0.08284039277747399
-0.03692121203697726
-0.009791942578287104
-0.08627637619088747
-0.02630508236766978
-0.0340597644547302
-0.026089608573122255
0.02951029022334513
0.024384682928140923
0.03896239622051534
-0.022091162377906454
-0.023303988169745573
-0.040839688096554624
0.10790649003095233
-0.07030730660131759
-0.041973090911842495
-0.0716871896728448
-0.007488138974678782
0.040926829950496416
0.06088917352931601
-0.043884815311430035
-0.012003608134160185
-0.047055474717496375
0.0186651423878511
-0.03960577153092565
-0.10986856032919784
0.05414739690423779
0.08573562128465319
-0.038186070961121164
-0.12278518380790882
-0.0024893550787843262
-0.029786771420315706
0.3191908964155362
-0.036941922192071375
-0.043603273388393184
-0.04802595498802876
0.00628977121032918
-0.0863534169287557
-0.009236869481272324
-0.029461143261765393
0.03632121085769687
-0.019304444849412107
0.049622642822989456
0.03807276381149619
0.05749447364243683
0.008503469680438991
-0.03077900122714788
0.02431429060150089
0.012427868524782794
0.002405853673579398
0.00988323485279097
-0.16946353939045253
0.022942927842800432
0.01925232650504532
0.04865089818048681
0.006512904812630262
0.05629093070952459
0.06796350319915394
0.028207999849030097
-0.016701096579102733
0.005303782084263562
-0.12328715613559242
-0.07861751875967335
0.007373216945505148
0.025352118513214478
-0.026426401861344134
0.026844314335509316
-0.03724388084567879
-0.005291507527436143
-0.016490916513541926
0.013821829209444745
-0.043510980658317724
7.769382105284794E-4
0.034556446321398156
-0.0030968720688018736
-0.019476468447775848
0.16392420150194123
0.015671318249111398
0.10993475761681437
0.022587652587451806
-0.1117703328860953
-0.035150008468983446
-0.07843912887901229
0.0018129115871884476
0.028729139514807014
-0.0373622440789228
0.05496063965029391
-0.00893192022488569
-0.1422902010251978
-0.020491327290561755
-0.09956596407592955
0.01849417453763613
-0.013702500342972853
-0.014336044016341799
0.11221851230251469
-0.272405349237107
-0.03687676887766546
0.0044928120021892745
-0.015718408533866506
-0.08043154501123038
-0.0990529046179856
-0.0014858557887365263
0.011335213689922265
-0.015226671437609553
0.03604055466795193
-0.03542541453165521
0.09489318085873479
-0.01374677203210647
-0.14299489362513393
0.026044511870824072
0.08756673801435585
-0.03016969546536911
-0.0010386360892934473
6.929800487697473E-5
-0.06499389222078583
0.018457873533993415
0.023960950192006395
-0.01859569563316261
0.02456761115087061
-0.09202668721748579
-0.20223308964035558
-0.10214923009181029
-0.2643183283436405
0.12177112740314278
0.012363151349284986
0.028725719918996192
0.04912045152761713
0.027978559844745832
0.14945268613611723
-0.04297467442731963
0.06616576755403002
-0.0255261708964691
0.002922380328372508
-0.07132752701314049
-0.005182731849237449
0.04301744710730066
-0.03967763064292304
0.009555287335337876
0.011970788164243563
-0.00967895320531851
0.024279612917689757
-0.06125164731503604
-0.06334576349323433
-0.04228664215516173
0.012624178727100564
-0.08082157008805244
-0.02766922886900823
0.0033092551790666383
-0.07303689088544402
-0.006510970685523387
-0.028306097202575084
0.025983620181280805
-0.024377444818957383
-0.2329194915861958
-2.1384026276772416E-4
-0.03332299468201884
0.0030552822664573634
0.040834193679385025
-0.017830488501412212
0.04752472342807904
-0.004663008447228586
0.11240811317064073
0.015080557307499383
-0.015011917994110061
-0.11641923744487465
0.016576187102093222
-0.0477472745728757
-0.0296551304404198
-0.02613384818226259
-0.03824934676757818
0.03185775343267104
-0.043833565702430945
0.0341614966930694
0.003103417449621316
-0.006051666478582436
0.012801961267360171
-0.09244414907635386
0.022690022070016448
-0.008342138590509467
-0.011819664300725112
-0.022471782019308408
-0.025516751113304634
0.0046215730383143165
-0.05722211544962848
0.048241924831165156
0.043134647878960514
0.013677747917134686
0.025752488167353645
0.013160556839026718
-0.11420062085545604
-0.03475956305067897
-0.07846040512507566
0.004026056508554972
0.005926792433659068
-0.018830495144704473
0.1480678123579962
-0.0406940302145318
-0.0532465161666741
-0.013216804685791518
5.892993910507641E-4
0.03940442206434047
-0.008738706021061103
0.025207152559314123
-0.042740471718745635
-0.03507867733308606
0.008261465816472826
-0.007068113913001639
-0.0280698135449399
0.031118580442662296
0.06564047865815353
0.022118669967434383
-0.033322964682088015
-0.031654691552087035
0.0015813520242130192
0.004686359774235894
0.01539410414481065
0.016171019097492804
0.021443317727584812
-0.13767573343706024
0.02896705312949039
-0.05123729818893955
-0.006844671716905324
0.12324263650595013
0.04482490275508308
-0.04733118292423719
-0.01525481276361513
-0.00715624114763825
-0.04041862733535204
-0.004681718070090004
-0.013126196851105717
-0.017083928509335055
-0.038248338180133935
-0.19018578783700493
0.002559165508467321
0.06792184843521684
0.030569003873740015
-0.007622851324348386
0.006210749998130747
-0.05224117690486608
0.04315357990063112
0.09566945847836572
-0.01574998832732529
3.6103193819279265E-4
0.01417602926773614
0.009985429855124113
0.0016974957655094417
-0.054670684213734506
-0.016727078498649565
0.05274211585522857
-0.01992870755806842
0.0053040007415987005
0.07210691460372814
0.03639608246085908
-0.040243906238248604
-0.0340887925572663
0.010984488572116721
-0.03771421525833793
-0.012122260909824732
0.042940333638726166
0.11806911348964484
0.04724607968470357
0.05224718103720372
0.054411665074294985
-0.006417472468704466
-0.175836500023125
-0.017164725999666515
-0.013654807667721371
0.009417540988596965
0.025253261615123392
0.007679607781286281
-0.05827625177601991
-0.0026261504147235435
0.09592035538488866
-0.013521433826945326
0.005076349907592717
-0.04310424008643628
0.01670321834758134
0.016163749771267662
-0.012974108414459963
0.014259785190233921
0.03959754505872282
0.005936602862109221
0.024971187062200386
0.025004320236214295
0.027241427697894723
-0.03916088302413664
0.014327815782930157
0.023765897589777044
-0.04016680455993552
-0.05941865174157777
-0.008178117052861823
0.17614328038488117
0.08182105349157884
-0.007020962930521991
-0.006000740730638781
0.07310390838543007
0.009826612703127973
-0.03419676961685999
-0.03560172658178612
-0.005291278402803775
-0.07894079799791581
-0.043531772730984734
0.06675229393049568
-0.1827122583146316
-0.11764117365109222
-0.00401088676358125
-0.03967035024764742
-0.035148107328255476
-0.019719076744268208
-0.017460375652474706
0.01036396314969324
-0.011882011854258743
0.011848591945510033
0.059016669917609836
-0.07050131727429924
-0.018348615375964876
-0.030670561813766106
-0.03390367433825714
0.04277948672733091
0.01756582465420115
0.01109625873407761
-0.0040973416973809264
0.0873277572051306
-0.09685727489428297
0.032248951074147936
0.01838766612358345
-0.041990469775086664
-0.01510957595260596
-0.0037297804174131212
0.036155812883629505
7.025156867603491E-4
0.013739585967160899
0.0010892174568034915
-0.01655317050150683
0.021586497050630125
0.2872204879620254
0.03124098315482971
0.04226350387084842
-0.037074159402242166
0.009474685065467213
0.025040211901533934
-0.06738741386074211
-0.012174286647225334
0.2163390167865371
-0.04864749346088864
-0.06590103789028054
0.031460514657311554
0.033817959786191246
-0.007448831074061944
-0.001940513980703569
-0.018068743754088425
-0.009008258231172829
-0.016840751651363006
0.04806877007492878
-0.00943878652291384
-0.07221909970913175
-0.027226222337421262
0.03160187180100739
-0.2451268205778193
0.010929327714422241
0.02005171909398583
0.15672150278597127
0.0054162374245292815
-0.02088560310184424
-0.013693267961550475
-0.026050337396515116
0.033895418288761366
0.020671275918824124
-0.013377940237976269
-0.003364598908823363
-0.05313397488468906
-0.024656124603784833
-0.008205449670283842
0.0431074166742713
-0.004659468216118693
0.04393877586497146
-0.003506147142363012
0.06414966956395209
0.1596455846562052
0.040994325607681154
0.033215634847611045
-0.0032123745138463613
-0.014028699432125508
-0.037362585450231134
0.019604721707864498
0.005178102025550414
0.02010001938950168
0.19311657284128125
0.06267775609438252
0.02475350281612875
0.019423375514486203
0.004410828910418328
-0.009034050556562081
0.054408981795731386
-0.0017637746576057301
-0.0257085948983904
0.03469591944265258
-0.010034493656242415
0.0929476323139602
-0.0015005343604735967
0.012931575345970853
-0.02841798856792512
-0.057196284940249226
-0.028730241367441747
0.02477449112864889
-0.0026995274976328244
-0.04398714986612807
0.03846057738171466
-0.003397775988095476
0.04205689028622972
0.005253635070389698
-0.0017504597063965506
-0.03804957060830452
0.007539429937263198
-0.0507291993565218
-0.013442931056313629
-0.08271364160184108
0.0488093306911048
0.010743644590141843
-0.05850586667837805
-0.014716698740429815
0.028057184478797435
0.01416801430815009
0.03464755441598592
-0.02199624624960237
0.02615178580572678
-0.05139781954769725
-0.027390375259132762
-0.0013180009970162716
-0.0027994560895587897
-0.04373310064218544
-0.0232949981143542
-0.0788651765959961
0.07359302464060999
-0.038584581355747286
0.03432614555477059
0.013214402218746334
-0.014798748848081782
-0.028025935865086254
-0.001119380921445723
0.006370369827113101
0.11766871301414646
0.028366315700370116
0.11400141125824809
0.01736750123634172
0.005887841853823278
-0.030322684804050495
0.008612653833046794
0.08163096508421548
-0.021343699336023647
-0.2913718406546207
0.059671745862014736
0.16561233744087842
0.029960045807653074
-0.04193815656483152
-0.03320465090689553
-0.09820159561406246
0.045032081431161636
-0.010260031565156442
0.04796326304387267
0.006891486114497649
0.019219332954315844
0.008268535862450478
0.2940002255239204
0.02929567933969331
0.08083184972214354
-0.039603476963058944
-0.003270328899625992
0.02754881232491767
-0.027062551465121938
-0.017968219251785766
-0.025083371311199837
-0.020029689315443317
0.04297965728917486
0.009659800828694812
-0.04349590340609199
-0.09792326187055604
0.04445760400971627
-0.008933231912131821
-0.004883167630777402
-0.017357404280979215
-0.04066197894813764
0.017232940679001843
0.03438012451823832
0.007780404664563361
0.04140619172413689
0.08226023932224696
0.05970541106875156
-0.017358557261090486
-0.00695558376221433
-0.023132658247721465
0.09319594902222803
0.005305309680787344
0.0331639938174766
0.020566574411443935
0.0147172794404674
-0.0149021955761966
-0.009948565172995584
-0.059161836518085084
-0.015500704789179429
0.09327218296247235
-0.2883916744036354
0.05331594192079237
-0.0345185035217937
0.03991131551715361
0.03551663932104557
0.016683728991756627
0.1152921272057444
0.03923679186657735
0.026393028761120117
-0.0036893458234514035
0.03229086985666057
-0.018366390679987146
0.009002830785672494
-0.046741772105012826
-0.054955277711960356
0.035311511196064384
0.01218014216067802
0.021542787112482233
0.07262893119874221
0.06816849458439149
-0.008423249091062577
0.0023884148668244743
-0.028809978762279406
0.02582413401814008
0.013991569497146285
-0.0015114830520384028
0.012568191258441917
-0.051781642389097736
0.05884805960194006
0.02344209188579524
0.011954529688702463
0.038022538521584694
0.053912361829616826
8.434577635985441E-4
-0.03182033961001012
0.029632504880292433
-0.10302162952019965
0.025492580873670727
0.020944961903727813
0.01072968595106606
0.015938754502629764
0.06906586994830619
-0.022437115303154384
0.005651364295842328
0.03223907351684932
-0.031117466372785847
0.07197212960612934
0.023036804132368447
0.02127389199345364
-0.005156446679866169
-0.011593735828844064
-0.01446997219950696
-0.015763400663904675
0.051117075840921414
-0.04080410643867102
0.04305843657541727
0.01682371654999997
0.032836269174320934
0.01381169773547542
-0.0027665948608885664
0.02245940935908927
-0.15374915534487277
-0.017760055519953386
0.10835752290080232
-0.044514081706788736
0.015804495209947034
-0.02342643704340053
-0.015592050122866265
-0.0038682693458689283
-0.03586903861324762
0.02809501777230083
-0.002961867498897597
0.02236886418839246
0.02303132445400953
0.03372983050077652
0.03868247754014332
-0.0179446320868045
0.08238701956997953
0.03931800716970616
-0.046283235904483015
-0.034279072251310126
-0.007252727058655931
-0.014950144424971279
-0.020534736622411665
0.06329322007117905
0.01914488323476578
-0.03514191295336056
0.04990826739840999
-0.05204434555908818
0.017600204798188662
-0.04842149167634858
-7.053353385116304E-4
0.011658402650530838
0.0040056107641429275
0.011661811900579381
0.001669114663646098
0.023935973998663793
0.07452325449225787
0.015590656517467473
-0.005009456941330498
-0.03772208333992276
0.15425971360392063
-0.059646016503599596
0.02905723153452056
-0.011126591978493229
-0.05554936064443659
0.03348789569642913
-0.007967898118122548
0.01105781607802724
0.07294722518794798
0.02396003588022307
-5.524863403933255E-4
0.04625150589707979
0.04296176783618972
0.03454421245688933
-9.82448824747253E-4
-0.021553750597856088
-0.008564436821017325
2.9653537720934834E-4
0.041498960342329486
0.010777616580689075
-0.0023023385512594466
-0.07990748038722016
0.004629807205712033
-0.023233810114131035
-0.0265785849726107
0.033676441531928614
-0.022908658466390647
0.04098131480880725
0.07408472602745074
0.04817777546873432
-0.011812760056028899
-0.06247683822561109
-0.0029985254200861175
0.1287312488189031
0.03707495157169418
0.009215768145900598
-0.0645715658423803
-0.021171813917126716
0.009114703028192464
0.02012385254544008
-0.024497764807558588
0.016592750147204214
0.009289384607751871
-0.0076725107498444274
0.06599661189868194
-0.013265288130021606
-0.02637106363376989
0.1116820912077603
0.005747429319703572
0.02252797360510744
0.01299304119410118
-0.14582194367280352
0.0026807184091484216
-0.023635457432446178
-0.039133765659656636
0.05916513991179523
0.012655022293911774
-0.02745978542026837
0.009205566817184522
-0.012272470602571663
-0.00683289251222769
-0.0016445307423218448
0.08429915498730421
-0.05982734511120612
-0.00830297148722854
-0.023250576501220428
0.02358571622703252
-0.011667291562489962
-0.00193646071885285
-0.0038627758460854245
0.01047459578735821
0.011222886916458463
-0.013303639471252068
-0.0017230331539341032
-0.003076847974024992
0.03267301578257497
0.07912379193883581
-0.017895558451566363
-0.018077694329530606
-0.021978632521413573
-0.007765311459571729
-0.005004635420500192
0.007246851976210423
0.05608232957361294
-0.007406962598614958
-0.03546333218438225
-0.02070788133956614
0.018268160645383988
0.034152901788282626
-0.01474950614178631
0.05349412949823034
-0.005767497451987866
-0.0018553074074288114
0.03575820722007476
-0.016335350673119548
0.02171982197388834
0.13803089596612178
-8.656074062432622E-4
0.006399939473792842
0.011387168411779891
-0.0064006814161065365
0.0073856555679784955
0.07143808268197485
-0.02026248168202433
8.418841475986775E-4
-0.0601276090832743
7.495072534762134E-4
-0.018426811271518496
-0.015575460514910894
-0.06398605439014535
-0.0119531764662669
0.006151322131569122
0.004027768357352757
0.014331297400792217
0.07091107543874005
-0.024855290259724674
0.05910463320810707
-0.02844578214919566
0.040373302124852635
-0.008913305789514592
0.1042578920036026
-0.022313764460702174
-0.12211572106606923
0.026028195782000916
-0.04660624995680722
0.0460142147659912
-0.07414296981168382
-0.033815889242246835
-0.026453629306941832
-0.019586636795933993
-0.027281866181474306
0.04010825216912718
0.016246210457949578
-0.029310819163348174
0.013677861988773311
0.01454347762546893
0.017687563898635687
0.05681494287467518
-0.8206447949511787
0.04325638535580256
-0.026465081470057505
0.05217749442306215
-0.05152800628843408
-0.03455152937369092
0.00793758769327686
0.004123457920425075
-0.004552172343612873
-0.022749283653415348
-0.07090660429415459
0.0027930264076631473
-0.06652761722066275
-0.010754065339959425
-0.0315252410019959
0.018274911856497496
-0.018310836703075744
-0.007985267413607352
0.03207974282144684
-0.0039298044751160995
0.034074217376305796
-0.1274768580501491
0.00844630089655476
-0.016670322513187497
-0.0054455905660500325
-0.012121264180704817
-0.5171269760849948
0.03638678832106626
-0.003557022745749285
0.12721968714310092
-0.040079188507790874
0.021582349044627264
0.02224173729612339
-0.07827047509165411
-0.15146138971567707
-0.8212506821130683
0.047663498627538235
-0.5405086844991711
0.010531518929864333
0.01279090708584341
0.03550234468297165
-0.028431304440104825
-0.01883921346993762
-0.005714538157024933
-0.13689964858044776
0.009477426030392814
-0.022569347011634322
-0.08603115423795549
0.012241375405330992
-0.001954156476388086
0.014164089308393961
0.03720338146062886
0.014716052085140747
-0.0417882111750082
-0.016863966388742664
0.006959755095522276
0.04089095796089697
0.02069849417288693
0.009889799256547184
0.016383511806532237
0.026541592911016362
0.003638832235094388
0.0332835714359687
0.011605383505654421
0.0507823958959378
-0.02183882493568521
-0.01800644580124922
0.0049293557561933985
0.03779308289134029
0.007884482282895245
-0.015998664496581244
-0.04268827696383233
0.01182553285015084
9.924781977665503E-4
0.013640148662167964
0.022462468074571584
0.0024515653469489055
-0.0029360249447920868
-0.009808879872127549
0.03311562850194312
-0.02729465084673827
-0.5887238409618971
5.445644120089612E-4
-0.011249935085802923
-0.033513892578146534
-0.05225243127468235
0.014854476620799525
0.03861628156327187
-0.008693676455047981
0.028694405791240055
0.02277377287897064
-0.11393090270908941
-0.11120413460357548
-0.13977298645435168
-0.0028944512103551965
-0.0023579744169038765
-0.590732722545191
-0.009986399956199316
0.03708394192617422
-0.42926120129760037
-0.031699345304076684
8.73791462349459E-4
-0.8602689293722275
-0.020518416180589617
-0.011217080625754253
0.018712914632875714
0.015686114071812814
0.03330497307243845
-0.04400040897970005
-0.011267298934933391
-0.02677051032189882
-0.0322512742307614
-0.5974846409530683
0.028607005033297467
0.011243315112896944
0.004234212385816169
-0.03143063706278226
0.005683175519344149
2.4280265762964608E-4
0.025170199883700874
0.019872590519754273
0.011857037296542118
-0.00759631417492774
-0.011514929910542185
0.016106046238925642
0.035113293367346046
0.008837094677857416
0.04867130756515011
0.029479658255824746
0.009205417049902787
0.006089278931978392
-5.33186276164362E-4
-0.043624349350257295
0.00931805981623176
-0.0032850567860025666
-0.0030170874152878405
-0.10071761598749883
-0.003424841424702565
-0.042584827270795385
