-3.0658178075862232
1.5120148891593523
-3.6844813825461102
3.5215928043792593
3.620288419854678
-0.6307826837716746
2.5067838983548407
-0.5125949809050991
0.2451680057971955
-2.7354506660901805
-1.5701319884180949
3.0603499196418786
-0.45700235033049924
-3.937704953319352
3.4715687182905666
-3.007803596563995
4.453967600580384
0.44732082666119505
2.9351582357391535
-0.8937682515340627
-3.705534768627597
-0.009483674805926594
-1.2484152565593585
3.2294346290496243
0.2054576943982572
5.520255161130999
1.6210114765093586
-0.730345556796888
2.297461168719723
2.0418050170181283
-3.1957140742691057
-1.4305596580910507
-1.5396143922775047
1.0090928951515818
3.3989782489568197
-0.39120353292562143
-2.9921596233143255
2.0871945465398256
1.0436491775924126
2.640414385761298
3.070530068275798
-2.6880008560173656
-1.039689515185125
3.932505235704611
-2.333069152186829
-0.1290167657571483
-0.0820344594639801
1.864979998582129
1.3636231070413312
-0.9635479065162499
1.1782865930132262
-0.47754680286401
3.323643378195313
-1.3062310957045806
2.860574302013516
-2.094211496599899
-0.12298512531655147
0.6921643350074882
-1.95590076263871
0.029860105844113503
1.4921930955801028
1.3144085393077876
5.346969072119396
-0.9295601305238447
1.614762711664447
1.5474130108573623
-0.2508412740760059
0.623659839514203
-0.7803579898423606
-0.09471267311290549
-0.7561306785871776
-3.8749780239818046
3.2199277323831788
0.7750034798468236
-1.0414594483682422
0.4654325526654369
0.385990969042635
15.578740414282624
-6.358298371641567
0.8937284715610169
0.9195925847347468
0.17884495062246936
-0.7940792723526746
-4.928052459472469
-5.06268747461755
2.068478013340507
1.3502792474565666
-3.9644963977381678
-0.2630505051236542
3.7193803050530327
0.6285993770785296
-6.36661450437882
-0.2605112533002721
-0.04285960084721804
0.2811128309448997
-1.4118480815788523
-3.5911434882890427
2.1491063757642386
-3.326429245126077
-3.0388103057640627
0.4336650287517115
-3.3789058366402993
1.4107295819577876
-125.87671386303133
0.7016346386846309
-2.04515564751671
-4.446896371090416
-3.621015831699448
1.5826602838961397
1.1329047358877231
0.14467366467275528
1.6542856929203613
-1.6298278460954632
0.09654137866714359
17.362364994334847
-3.1226488728424413
-0.0031395949764187647
5.713998802898249
-3.955677728766413
-0.059628171830970966
0.8860690610670061
1.5774233688043406
-14.070430139460196
1.0893472487322922
0.39932375587446706
7.107857505442575
0.25754770425125534
1.9717643947922796
1.855054928395974
-8.590736358599113
-0.3179433056521067
-0.4561452551261123
0.5726780933194877
-0.006031583053362056
-0.2050800711381018
0.19211445766585375
1.2120149790093329
-1.8901603786734593
-2.5846113736691025
-0.4703211687587386
-4.104002033073485
1.1367522528507843
-1.0906058749759182
-0.12032903723061113
0.995683169625408
-0.1767972945727976
1.541668858813857
-7.385259258111313
-6.844862174398415
-1.482476549211075
0.02979902825271104
-2.4876781769675356
0.004499443433391126
3.6385694739487793
0.41545516717589503
-1.5232360031791212
-0.4809648162117235
2.0220746662819566
-2.978225393135942
8.495565997533243
-2.266703628460492
1.6824288504564526
-0.3830189764613013
2.942727730654215
-3.7036543554062007
2.221915682403496
-3.060579478934099
-0.45121901994985575
0.9294566946481034
2.2728303600825592
-0.7216524461071482
-0.5703952067289075
-4.417979383383421
-0.2893838567615047
1.943718825163748
1.2336785426603936
-1.201577035773344
0.8191586412220163
-2.550631396604284
-1.578689288398171
7.562490641746651
81.25935628834716
5.735110914835564
-1.2138589540628038
-0.39388003412351835
0.943311267427087
0.3185043957131194
-0.6835839753285683
9.536727764378199
-25.1298161379833
-1.0043782277148776
-12.215913321828028
-6.0598504156874355
-0.11128935902779812
-2.5834647163499453
2.657930014496928
-4.472106424387026
-2.927679448113102
0.41278708621012816
17.62415739310048
0.1086498637110787
3.0372217077858457
-0.3046130711762219
-0.7784371165400403
-0.42206565138407903
6.2535438452206265
1.1452463994584845
-17.063133509646228
2.625837524215688
-6.083881367582789
1.9218333308693045
1.3102846496338467
-1.894535317962265
1.0267293422359867
9.992508982336844
-0.8394055371176066
2.363134094604498
1.3202454204993155
-3.5044882293874005
0.7180282424920598
2.004787167260893
-0.15202689066190606
-0.2557048833946895
1.6547302671660233
-12.718342306880308
0.06669808612125794
0.42214146942038755
-1.453655484211291
0.5210231508288256
4.8202605448012426
-3.2458409239477137
-0.8158865740552493
17.712599072926807
-0.20476937343807255
-2.772761147899266
-4.945032721100511
1.0133060822838182
-3.187795590838217
1.3684131554687224
0.3637562307978402
2.0193985471086475
-4.9665209888510615
-1.4109542339334982
-0.47642900553955675
-0.9616862437173965
-0.991552964320634
-0.08486046473394582
-0.14852701108102312
2.82049347415413
-1.7279240322920535
2.0577382419502883
3.645863298895017
0.24103998328011178
0.1464634687433971
-0.663264253407689
-0.33367873587631874
1.0357608698740919
2.5688409378432224
-0.3545131301021566
6.645858362053611
-0.9314292338445156
-0.4712036033820852
-1.0119431262282532
2.66532308717482
2.012907822665168
-7.460948037186006
0.34491421490308033
7.22094165094642
1.231234203259588
-1.3758048196023724
-0.021553651508177625
1.9505120096631545
-1.3859472274631428
-0.19011458751074323
0.37498472555485807
3.4637979639309613
0.11743664804545995
2.158853644542919
-0.4678601670739973
-0.7675542060907552
-10.71099420655775
3.982585982929638
5.206548558524142
-0.23461596153007655
-3.5749708022265843
1.1607456391782665
-0.3003807275818307
-3.4758422308578485
1.8631143150052758
1.690275306856975
0.3590552963064207
0.4684933738015854
-1.54294136502915
0.8321648332697004
-0.5309168722980138
1.8996292960482228
0.3559586112657717
1.263592167979409
-0.21652547761535024
7.876525595824813
3.1848444136532463
0.2035328563603635
0.5979289637693788
2.181724959603528
0.619396814348612
-1.0666454649203894
-0.953512140463914
4.56188984989305
15.118432451568857
2.2208640492816536
-1.10191353413542
0.2292737478130158
-1.929057919643226
-2.796263268509601
4.543115267990183
-4.478555353063338
-3.287707120726754
11.782740704689862
-0.6495073160825088
4.510401113404395
-1.2968893487978252
-0.8164568574142852
0.01609740818156898
-0.9252704329318143
-5.4708443287289015
-0.49144614152833327
-2.994647384297559
-1.6350084828559768
1.5546657043003242
-2.2603166058791517
-1.7370681438495068
-1.0074139131420792
1.3643555572037163
0.7423361695658428
-4.25018200557092
-0.671348317254252
1.6699238044347755
-0.7311285184562242
-0.19684483877013545
0.8231320753218285
-2.988548608353924
3.5942482991945135
3.351742654675936
-4.0585619070482375
-0.6333133889687437
-7.1054727620312415
0.814058165201254
0.6692768054237063
-5.816623392691726
-6.152840309390964
-0.013981797813735368
1.0262441019567015
-1.0065160339155907
1.5958671784714888
0.7038040581712002
-1.2260504402312569
0.3368707912350551
12.852107674407621
1.3890260588283712
-0.577560575826992
1.1793955951296176
5.698844665178477
0.8609690234206467
0.08700696115307166
-0.11634267172469667
0.8374590144518393
0.2396139286389187
-4.529747126975327
-0.7313458066326806
-4.269940923689081
-9.528327636689198
1.8979606074425024
-3.9045447932688773
0.5785419505590003
-4.698109108950367
0.27015911608622456
-0.9018493375075392
-1.0982115006318731
7.820446376234375
0.25515995209720194
-0.23665454476968734
-1.125627143971172
-0.7727692502661107
0.09120870991518952
0.05238184447987047
-1.2362500158274856
-0.2447350292936323
-0.47487936907636186
4.347427227263722
2.2394803711948224
-0.7734202107498678
0.8396560466924753
-2.316450717366694
-4.203186684353795
2.4713450419658436
0.40175146999289385
3.6066891481024115
-0.30836819459918746
-0.8283127341510477
-6.575085507695325
-1.9697768502712345
0.875229756256253
-0.33999430007729
2.3521931305515484
-1.4225706285351922
3.504536815232224
1.110356605896619
-7.598300189323192
-4.071243320378259
0.09619930287955508
0.2587597240182663
-2.62377296225863
2.693204346087567
-0.22915902366250063
-11.84972932091656
-3.324687563201781
-9.908597450720146
-3.7332129537868126
0.5888656318090542
-8.555010569370664
-1.2573634414453956
-0.9067973397386966
-0.6411313005669363
5.961598847162321
-1.8397250408223347
0.4659458856008848
-4.026601222182976
-0.814928331953735
1.434254318395897
-2.4607797213031577
2.5436759274048275
-1.6974308431464948
1.7156140796073072
2.4806662813063323
-4.116763225315601
-2.438904720005893
-16.26870104729363
-0.7758272891389021
-1.4933282034973874
-0.13346384032898762
0.6469073905852115
14.704890109673107
0.165032162712279
-3.9008996748102778
-0.34696253003380706
3.338130700771023
-9.050119691305873
1.609306375813362
-5.904346429225443
-2.0071293148615097
8.451749265342121
0.00848489197247606
0.6673008833484858
0.8688135470862717
-13.285071365190898
-3.8081089999879167
-0.7988745044323055
-0.8208843339964921
-0.3444181197186222
-16.91929264354487
-18.604578708628367
0.9786728017887187
0.35526171228946635
-5.445756005422299
2.273370971912737
4.416268959079083
-0.9414314561688535
2.3670543590622444
-0.27337177899023185
-1.1255456175364231
0.550061849705391
-2.2250571157341676
6.23710264703916
0.22202302160800366
6.335278794811663
2.038021961772623
5.244296116210747
0.3995396875173602
0.5483507578461556
1.5557660427389168
2.8042979822919345
-3.603272998015554
0.35495738881980143
1.145612148363274
1.9715324616857919
-0.3015128884473606
-6.833262582245374
1.105837074817438
0.47718817014899145
9.295804384486802
-2.7141600583828573
-3.1242623746364524
3.3910099286363833
0.5485946346568983
-0.3690333022701614
2.5678396161467414
5.107906962083091
-2.2322733343430787
-8.635798047943853
2.1490893734758902
1.1873037428807673
8.041497403220465
-0.45938517412983676
-0.6519055004457648
5.476840400043823
-2.044365933820455
2.649705621599207
39.898907247440555
0.8542126277900285
0.5558586273224569
-0.11645171795789824
0.8444064329480747
1.0045142939191738
-1.5823354965995606
-2.5886810007813597
-0.1530272252928421
0.32155318137245237
1.2057949516779247
0.5584644974270593
0.14604109818373248
3.611743455523002
1.4407806753190462
-2.6146306904624947
1.1185654317907856
3.123508444535264
0.7059747044727079
1.2318787963941604
-1.3140273393474005
-0.8241705871501966
-0.45710766975092315
1.0273560332523022
0.22427149911807046
0.5014430381883573
3.3888453234766116
1.9068295218656033
-14.05235679836593
5.655912427510646
1.1370732132862433
5.9840465215928
0.1742510564100479
-1.1486041014811619
-3.9256592886792827
0.3529594213494225
-0.3471464029026132
-1.3275048123987445
-1.036779196648098
-3.1830674985286525
-5.644248485821992
0.8246842832679271
-0.2712799818884125
-5.75295337516881
-0.2942888946760645
0.5283057957890046
1.7406621606449098
0.07347951572905648
1.0202415247451904
-1.6250866074331676
7.828882012897562
1.9737082408308988
1.7482943670784732
-1.708104649680506
0.3018125778209034
-0.12571062541143113
2.929099025897201
0.23469168377758245
-2.1845995874481057
-0.030922195343631307
9.176690316556195
-0.12235272604103781
-14.185399729163025
0.5929829284908089
-0.26248778001968215
-0.6680111382193314
17.815093475038992
-0.33472253689828624
3.1630711569988392
-0.2883903607794044
-2.412677355123409
2.104278164925199
8.951917663414727
-0.9825882946904456
1.994427569356867
-0.8186899307047527
5.294211141993713
4.446703125576216
-0.5599427230169208
-3.7536530887339445
4.356450900377253
-1.7358742905190763
-3.8320227472681814
-0.2292045096610019
-1.3046854753185906
2.9164944186763853
-0.10548139725019369
2.3238832795181716
-1.3199709078005728
-4.2969720541652725
2.9212382225708406
2.2969710196405484
2.496707566899006
0.5644164134773911
-5.246178398452725
-1.0258851285928454
-2.012543982922733
1.468328843006751
2.3235821362554474
0.1770491169529118
-8.935217877912226
-0.17851790139851717
-0.4201958627516626
-8.762839179450673
4.526802113289856
-1.387964679494638
-6.0004757033610385
-35.12308264670215
-0.7112890702989088
-2.2804303150031573
-0.9879566829203521
1.4367698577520343
0.3097434994066963
2.7172090812047167
9.755694343771411
-0.8337602421894693
1.7506022694025583
-1.0906335905723028
7.609564261454324
1.716737829097681
-4.088726858623308
1.5382647365768554
-1.2031634130283035
3.9457676664582086
2.108495551333485
-1.9426812824128572
0.31805756048979456
-1.1516031856781968
1.0101976009926972
1.0734307843465958
-0.7104920728377192
-0.1234676824948296
0.49548772624083637
-3.6073752889233854
-2.0773937702280723
0.9752874773370641
0.6896055761138447
1.1772851895120466
-1.3124407761664618
-1.6452618956462146
-0.858960689723446
9.692293869273486
1.3986544152486344
0.29303452537934155
0.2544231958961248
1.091667689425366
0.42136177603470293
-0.5706946028915127
-0.2583931348301321
-3.172464013152565
-0.018933270045971753
-5.495113942594476
1.0683304351168048
2.5849202204058734
2.547653137535219
-1.249087237782714
2.65678464826962
-0.46205628679068106
-2.3461000075427862
1.6212436212860115
-0.5296813613080497
-2.708164530562023
4.381748137291396
0.4991002164249158
-3.4860228696950526
1.0230638610352287
6.504904052316777
-0.9147381747933303
-0.4557317399639438
3.149848395508505
-0.5146223995034317
2.1801670702152998
-7.286642770714402
0.13041232025291333
0.8840091368296
15.259254771511518
-0.40113424376341295
3.6599865820521265
6.575211769489713
0.5199429486918036
2.8312412963748113
0.05066433803437691
1.0983612622535306
2.4681883775687283
-2.592883246756827E-4
-2.427357920914073
-0.9475263332977829
-1.0503631231486361
-7.828137054531748
-4.989469861569238
2.97223557278889
1.0617878136425603
0.8184041253321
-11.010115061906786
-3.3335781068855512
0.505676951190203
0.6243586886039405
0.7792664242772595
6.0557824658254935
1.4833545270787927
1.4605867338206129
-0.7844902652604335
-0.5925990483756621
-8.105900555196659
-12.944774385145701
-2.1162397745209076
14.714918165035858
1.9174120236198287
2.979858378844879
-8.674216007285583
2.010432716437323
-0.7647858024156249
-0.9588889901011287
-3.952731165713647
-2.1488126154003306
-3.2033531932545496
0.35180555137861763
1.0229857213932345
-4.927921836167818
9.55793363284355
4.517088659579694
0.9475537010601681
-0.09700609951375136
-1.7152737514375442
3.32608808781341
10.495085847688914
-0.6446625340011275
0.9643930412558314
0.2686718768046362
0.7414969356762312
-0.8906349961245189
-0.9424963497744454
-6.063391130241928
-8.383045921875235
-1.1254747306056763
-1.8829741914772484
-3.1440637951268307
-6.423885696618553
0.8132249764890284
0.590154936768494
-0.37749361858255226
-0.6253518267070114
2.042821884557738
-3.938552206231089
-1.6745668403997942
1.4048467520344887
-0.42918968550625686
2.371413523770299
-5.165788692345863
0.0950603844666263
-0.1752989640411203
-0.614144896572725
-0.4171365746311895
0.5391388005725551
-6.67551320553929
4.406343024360466
-1.0729391477941834
0.9035379773896559
-1.1752188086921749
0.14580010472350893
-0.5339997070779965
0.5724642028831383
-0.45535397697409724
10.403874336528068
1.1444967944793676
-0.9998605489614691
7.1711313492766
2.5962864940050254
-0.4044771252468974
-0.24636804680339564
3.3911202585172497
-0.32159230604057787
0.22348143265346246
-2.3747386906825168
-1.7645573657331837
3.6665558412964514
0.5994409108921072
-5.34214394002795
-0.693228473009286
-0.3946470031575647
-1.5448992209823678
0.07808703295212925
7.429627970725592
0.7328139591275307
0.0072210240718658825
0.8237140529857147
-0.6293159335643317
0.3187218425870411
3.2487388318450954
16.631230850944597
0.7717362991053027
-2.5095855158174034
-1.6710324057833101
-7.433536787139439
1.0228982520365713
16.22996304762818
0.7599373673053695
-0.7637153660888437
0.987363740314536
-0.591581392570903
0.39676781115673676
0.5894003172419726
-2.312761142226448
3.0821267537277426
-5.063103986365445
1.6695597866830316
-0.7824796767369187
-1.2882258053316185
-0.7551148148373006
-5.012353264943174
0.3835664277396485
-1.2995245525097174
-1.6373752579216991
1.4355622213688595
-5.685186544336285
-0.832357141977765
4.33329277778922
-1.1481908616916623
-1.593495066147786
0.42357722574392
-0.20803310326011315
0.6051767632033674
-3.8308044134841093
-1.6567703725066862
-2.5675754492033307
0.46723694299353424
-0.4233383340143661
0.6557418678982168
-2.1089987048781453
0.010121116768598318
-0.5042745478894813
1.1883559740334506
-2.2392375528811104
-0.1847414470373934
0.377557011635935
-0.006164914680326287
6.598115979768092
0.034594653422337224
-1.1679708902736667
4.172128978423274
0.3577919641248123
4.366029188386212
-8.264342260927632
-6.597722581018184
-1.41278133343106
-4.879676750940782
-0.3462079597216262
0.4348608394052485
4.236181792981784
-0.19919649257860672
-0.40769541823212585
-1.7988595598503816
-1.5407059640817342
-0.5605683103778077
0.6278239220989132
-0.3334916003896534
-1.276197022297126
-2.6076451708528547
-3.0774497606113465
4.263143867203876
2.7610542529782545
2.321267402701204
-4.86148925130276
-7.296498804791801
0.07780701759978659
1.639411810845779
2.52528050773251
1.608336296101432
4.078422556243264
-0.8510384002948859
0.34177063522680523
2.8879600136518495
-15.820164568025866
-0.20297066884385045
1.8731245835978136
1.6844757200783558
2.9941273078582786
1.7264569095618847
-15.54752234233967
5.23017966789393
-0.3121661447073373
3.8518280617117697
0.2699410962131799
0.6600985131093903
3.8476943665008485
1.681197110094176
1.5087743604326522
4.9926294441591414
1.6980090447057807
0.36964932765826913
-5.516249942178606
-1.6746726138159447
-2.633643427056382
3.585292051242834
13.641127831691051
0.18225384485716706
2.3939002043388
-0.18914286528485927
1.2316832710425445
2.2355781763261025
3.694724740963048
4.880562509186697
0.42005861366828645
-7.20302057616247
1.9855492385830191
-3.560750706105015
-0.9892068155745036
1.7039546520464464
0.37732525413595863
-0.6117868873056277
0.10879192681680369
4.1763391268210945
-2.257815645835729
-9.280432712615704
0.2790451631638959
4.3095692851174014
-0.4914867106176154
-5.699034185721837
0.1445300403150264
-0.21485545882640142
-1.3151212035828574
0.026135767787579877
-0.785154569524308
1.2745749996176694
0.012982321284297372
1.7302623027852253
11.6136292493151
-3.6341985897278004
5.162856181359015
0.5124746212997834
1.3810657310144268
0.14372292200365155
3.546342388052795
0.5463966826158992
-3.9078271735116945
-2.1891327625252686
-3.0564803516773544
1.2925505090287186
-1.31814157495571
-0.48830477577473447
0.04353141678171222
0.9247926613578759
-0.21658868512911875
-4.895723638371507
-3.8161370240194654
2.8128344543096757
-1.1199171989530186
-0.31185260912777035
-0.5348610738297149
2.4307663141366764
0.281903024087028
2.1432322050979202
-2.520827909888474
-2.2679518732671733
-0.14562045396611192
2.507834324529839
-11.671514737293935
-0.12069855443708488
2.904210293567348
1.3314597271605775
-1.541864552096155
-0.8666742598820618
0.7183620507896022
-1.7289840122347444
3.979862540621736
-1.6916378089914899
-1.3687090156493151
-5.870619665704356
-1.4901226149621272
5.110730245493811
4.889786494699497
-1.133170429961939
-0.7106312784891848
7.072531265305372
-0.06613972445774566
0.14898204022387548
-1.8279004678710185
-0.7015785996970821
1.655042476795793
-0.1459523123265692
0.934397690816767
3.809399543811673
-0.9005983116309645
0.44338367470827406
-4.973295500756329
0.13958356897126334
-1.372761216355276
2.960554637017815
0.1727921840321404
-0.3094204757157679
5.9490031803102426
-2.8564082784157736
0.13922910028927496
1.135796762812543
-0.8675473589042488
0.70760663848333
1.4976359160401411
-1.7014725539465738
5.753344203489214
-2.8817181664220772
-4.689442310600592
0.08164515111477433
1.4260012534179993
2.7642815447597986
0.9991285521826093
-1.7259265784079678
-1.5961678457615414
-0.39412421257388236
-1.0016855527822202
-6.361154833465002
0.15561375299092464
-5.139433138998538
0.08980062414292968
2.24529768006205
-4.072347179683463
-2.1485979676617637
0.2629718051415083
-2.4303679325444727
-0.24603475086285012
1.206587590851693
2.7082350124899315
-0.8440491516426312
-1.9655783090768624
-0.4787470406548427
0.15216125202151282
-1.365191685530728
6.527721115554409
13.08616232698253
-4.309195938124649
-4.651138540343085
6.51807204543028
-1.3184060676750426
0.9696974711782446
-1.5445903883617462
-0.8392806903047452
-2.94638287279965
2.0866279126451635
0.09162033018727274
3.703568112415218
-0.024027060862985967
-0.14135000812199458
-3.0687811268669325
-0.11369882374954092
-4.851208519198467
-6.008068336018275
3.0815058094642804
0.5292391186638162
-0.2967618067847298
-0.4550191318251851
1.455049922560346
1.6091149429807332
2.653614328563058
-1.9737235073534556
-0.6650854247514784
-0.019865403906702113
-0.02518149539998394
0.12120963155812917
6.876029854250054
4.026664201752633
0.5302146557285793
-1.2170523514570748
-0.14091047014642064
0.34292625612431266
-1.285548317182901
1.6545498676425083
-1.399003376061472
0.1725828673434838
0.1343310641578691
2.781084255638767
-0.7578177662891812
-3.763091503528587
-0.8652868262935733
-0.16071119503902673
-3.9988101246089833
0.812740640581035
-0.05606306697384054
-1.204281166040156
-2.8228774391931766
10.501475847173044
-0.40180286253373504
0.32238580198795536
8.154880400388864
1.2510594473514278
-0.004420131993788642
1.733531208503834
-0.16938080799726582
-5.026442018627907
-0.8676535802080823
1.1801739895554382
2.2645523173262707
-2.8850050250363264
0.9608203527527143
1.2904220354915572
2.6176564431053304
0.11560810689417071
-2.7545578787553633
-1.5261592298632518
0.8413949923689448
-0.15315656328513164
1.8791740725671089
0.856094150847869
-0.6954116859122659
5.431028543836446
4.704514634400888
-0.12963500115030288
2.009531434085818
5.563384852808076
1.2733480752139348
0.8647958873546544
0.4306225887804937
-0.21566140816081142
3.6721724203221027
0.9867838214684147
0.37829382271298967
0.5604654885869864
1.215823821975216
4.406205298767923
-0.2804650212692715
5.5953532739426475
-1.0643717944279332
12.911449695489516
-2.8592691205807785
-1.051163541010923
1.5347152542820757
0.1825248598349306
-0.05772781487160881
0.17298207542544886
6.120976213027987
0.32563511003693957
0.794167916850845
-2.1124885222641256
-0.8134377285010724
10.512194926431535
0.8614541229683534
2.5051230580394273
0.28591192365967233
0.607059571875349
-0.5368664925324457
3.950812772733082
2.2116944934563616
0.501623533834437
0.18877829617787445
-7.15037935633312
-1.2790583440610221
1.2435753674268548
0.06656472135080417
3.3867170660324097
1.3524415058495634
-0.07210458437061032
0.3087975045261415
-0.690769495387089
2.0386922832881793
-0.377905879875117
-0.30006165295549103
-0.11193105899676473
2.2987617873143367
-0.03949347723524014
-1.5003171760101657
-0.13014611454657848
-0.4413563461638817
1.3019882515772412
0.18383166737850468
-1.450387998733052
0.32996419064179566
-1.381541159230398
-3.0991913435583918
3.1313900925200144
-3.2734061153164236
-0.8432352572695034
-5.146941856963355
1.5985397481017694
1.7218090030393756
-3.8826761355582815
-8.312928030912136
2.9084818743917924
-1.9207151978650805
0.019511293563815847
0.1833973301797932
-0.35196354284844633
-1.5341772432838279
-6.379575192872345
-1.7187176210845476
-0.515992407733453
-2.0349042009407787
-0.03094691739432749
2.3990580986118846
1.6709388721290401
2.055722514744685
-3.9811707627444433
-0.17232061915932204
0.5155430939179122
-6.719278219120795
0.6230039823612383
1.0239413422553407
-1.1504023784825308
-0.32283881575832163
-0.3070322281480472
0.7279246327379737
0.7098878657031629
2.5844790651538787
-0.7903576612061205
0.08726868550559817
-0.7824776427706179
4.830535984964704
-11.292738510572555
-0.016564844557899593
0.30171912709532267
-0.25808393371723276
-1.6953815508313959
-1.8824034744696017
-1.2548614173656911
-0.0966752476277797
-0.2595532714478201
-3.2920180317822902
-0.8476130869250494
-1.9005641364031436
2.594203103130886
0.18346024568551797
-9.33342576087359
-1.7178921373810685
-0.14673595255014116
6.468184209817766
0.42862019032877624
-3.4568533821852334
-1.3433395488844082
1.2119068018638466
-0.20498784984811114
3.7322729889329413
-1.1530585712979498
-3.0550545529522597
2.5167015900791614
0.7962712040610604
-1.1280037684827564
-1.110270313412754
-0.21085120178875333
1.0583436564584707
2.0349846293518787
0.18157437953529904
1.2901509399365045
0.29720719276852026
-2.5478721860848736
-0.6664994520401699
-3.939944402645196
0.05289856553876954
-0.2813831387243916
-1.0587348492411834
0.006724361993810904
-7.076378494202404
2.372870374845096
1.4970187880020547
0.48774277107963904
-2.029441254646421
-12.20429351872766
1.1258646311677538
0.9736880266855491
-0.6838703926720918
-0.3658078805465329
0.6886115816879367
-1.4338154661486564
4.881105688951491
4.282751630684693
0.9363225778852476
1.9591772056255135
-0.13087752347359874
0.8573720567463304
2.7314085968069843
0.38023903991662467
-4.61037715700604
0.9702322347051658
1.262197234114096
1.981972591722006
0.37030362058123495
0.6404732287960073
0.13462042668663957
-2.4971643481656955
-0.6529522720592944
-1.3883377088167415
-4.225343792385346
-10.344932209215864
-4.92243665199902
1.7354031655910491
-0.5323962833336618
-2.3691297688642226
1.3921049963216456
-2.1380770280638837
2.9193412049267167
1.6004361896844193
0.22109618937464384
1.2151731337324891
3.989202374040064
0.008044227255572316
2.7068028360681358
-0.3855586416078892
-0.36767806298448025
-3.091652010754194
0.22979479072833783
-2.2118190631119052
4.102448072239558
-0.2876357096720551
-4.290287457615586
11.279711965010417
-3.940311749996223
-0.33656893615971384
1.5075718170601065
0.7212307883118494
-0.34130208550806596
0.279467623367452
0.6930015801039809
-0.01015352871402388
-5.002562050903894
-0.7039825363367743
1.1031168668237543
0.21532058615838315
1.4942734612156328
0.4946280532790349
-0.2160300429211725
-0.23043323607669694
-1.9294197664736772
0.45421311140421816
1.0464273111897846
-0.7678393313951519
-0.359643422170514
0.48537771107594085
0.10901447092605783
6.027937285211116
2.74284009796215
3.2848715105645785
-6.594342656318061
1.5005734978119845
2.011644457069082
10.623783516994362
0.011421285928462019
0.5150760754559043
-7.333446056146404
-0.1644557265627884
0.2809294102770492
-6.802420875285509
-0.7007270569540975
2.2659653962687414
-4.480667238834072
-2.584341323888103
0.12344334627433291
1.2558145167248076
-0.15826721743098263
-0.4566550519127241
6.652084002528367
3.12388431858753
-0.5278193322182004
0.35043377364903217
10.179903887813255
3.58493261555908
8.666125863136523
-0.4511970816927619
-0.15507529762140643
0.0719213280421921
0.7961138081106626
0.5381382814830074
3.1057405540898366
-0.5088225149765622
-2.9816541332803643
1.1055421211289675
-0.06967890319422922
-1.299962607056429
0.8070856270448346
1.0157703384927892
-1.8791724729692796
-0.28075411003347556
-1.3269414551949026
-1.6804732546817938
1.8841138198944059
-0.6728820635739504
2.2307189977298956
1.8214607872800563
-0.5141197112861218
-0.07656334644674434
0.4218305161101404
3.931540190473443
0.5574939317287383
9.053719775313404
0.4228771178386073
-5.6781407443367
1.0774450570850336
-0.7543120415002332
4.488949848352577
-2.806107147429029
-1.8450764220954383
1.3730725666280672
-3.124516638061644
-4.65093026917249
1.4482311957111675
0.02163797030829013
-0.8977050023257821
-0.9016310365265943
-0.29378268815614084
0.1640448733732868
-0.728019148241139
-3.256503719880905
-0.5509766668037663
2.3775522229742747
1.2917778770313981
0.7873181676424724
3.6877416629756246
5.45188798862772
-1.3514564139512628
-0.32977348460511
1.2093102591053417
7.003550101540136
1.555620956105038
-0.23747564414360356
-0.3512521154430341
-0.05916037728763281
0.5122651526825095
2.1415560328177703
-8.629097627458258
5.347681583022679
0.36779731579246544
0.7636160643793494
-3.4177755350144414
0.5983340012392733
1.7307197222631006
-1.3808769072298597
-0.03572391308793461
-1.8176507010590472
-3.3415664854449774
0.17657347935573292
0.22260963285577173
-1.1905977143146056
0.0885940490370037
7.0923967208018075
-1.1660464735085176
0.7023528765123439
2.5327280846776308
-2.300245898156953
-1.640028448689683
9.665356128271386
-0.24781861616261186
0.9390083897391347
0.5509617941256602
0.15226365700856667
-3.5258444810619363
0.5712910320769888
2.1997234223087445
-2.429415511995937
-2.181914768253175
-6.11154338163496
-2.0618213812200468
0.5880111113157238
0.2867027662767728
-0.06306469694103545
0.7850552718953419
0.3002047592074384
-1.4107707460447256
-1.0458432495424208
0.01828953168299505
2.6981686551799604
0.25284290932180575
3.395581790762583
0.13064178539701127
-0.2539623170876395
0.07171471332594084
-6.301104209280556
-1.7474414445475048
-3.0088118024710493
3.1991353429651777
1.013906672475784
0.04909032053337543
0.27575917440268877
1.5348433021276002
3.3017207427359616
-1.2589522667420672
-0.8703120816883446
1.7206399580453073
0.07697129349612832
-1.630559195033715
-0.038471735582300326
1.51716189313753
5.753653862556696
1.4653945555324244
-1.7532239250018884
2.6498152100475236
-1.3583917889078336
0.9320912413612663
0.30906233273134603
0.4429094535170131
1.560923642962822
0.3561361360084952
2.4996667125783247
2.2199182228555805
-2.0238866602459376
-4.930649321685788
0.7552732234660434
-1.1520379101121452
0.16926325604697406
0.1755324322095195
3.3600209735343394
-0.2107649773446594
-0.4508754965106195
0.3395189024547599
-2.5360045121585215
0.8264594683163424
-1.3750102923135334
-1.0175697751853456
3.028464469907118
0.8665320991239019
-0.31810155270169993
-0.8571670083498928
0.7110062313020409
-0.7476126102137289
-2.2285573248069195
-1.783984060668024
0.1096807322696484
-0.013844414314172233
-0.0652897733000612
0.028670128557481325
-1.1449218032268746
-3.260645637992356
-4.021843825589626
-3.060984501864628
1.5168565780154046
-0.08999881319974379
-4.327127821330334
-1.3032910618975408
0.6517880744756218
2.278104846472788
-1.1638420935613447
-0.04144195960683008
-0.8713685843796163
0.28765405577468883
1.786949328444852
1.1132433791928744
0.9068485549851459
0.20727642379803946
-1.7342124006559718
-3.588353169390004
-0.08008303889833926
-1.0963166503406088
0.6153820704369243
1.04280561392929
0.2276283040119535
5.825492646660859
-0.22899459944246078
5.757637268816982
3.0071904247692403
-9.378218763649391
-4.056701859279826
2.4811427595191637
-2.316153639860654
0.42231409938506925
-0.059292111912272766
-2.1345567629308886
-0.02651004067044588
-0.19124979290726268
1.0395400170504498
9.062544004841385
1.185960630747843
1.9844717734690127
-0.08819012954561757
-0.9290429190731785
2.3277623291166387
-0.5029570160681027
0.5739375918597993
-0.18210534594963645
-11.714511940483906
-0.1257045838739316
0.6565628589855601
-0.41747294701458587
-0.429529561389732
1.7541822652127748
0.4472919019616562
-2.7120130163349865
-0.997858666825133
-3.922684647595287
0.8851052241988457
-1.2879674150898939
-0.1486573885729253
15.942628932275342
0.2501631478814487
-1.451571274822384
0.44188578531328276
-0.12344265775280823
-2.0952370984119884
0.3217539094445762
-0.7863421081069002
0.6516302876043989
0.10440297904570961
-6.366880764534424
-0.11322603272072013
0.7180137063452984
1.0559915144775516
2.57030560299608
-2.1733917244566467
1.3515152081379167
0.9443298200065412
-3.397525304112657
0.23150043112372684
-4.02090233465498
0.7522856661498014
-2.3391753892739686
-0.8818163105205782
-1.1745728541726317
1.5986507030272183
1.8381130001213397
-3.649198281159308
1.076835174836879
-0.10485399484231342
-2.210897583200778
0.23999379495309298
-4.345518592117411
-2.664078046304676
-2.4071909816697423
-1.7620660219426967
0.10188190751286107
0.15968007265567327
0.18658672709006144
0.1417566768742304
0.05350128156278309
5.034880207602327
-0.18391394863662347
-1.4433667650799729
0.3394103149181829
2.9509228776452305
-0.8253555523073435
1.0808994727091663
0.20837175215893516
1.704293718267752
3.993420750443183
0.2939134353690973
1.0171038569839135
-1.9540830058048217
4.601160007752765
0.10248646837367682
0.9864464758828084
0.14332706227104555
-0.9543138546168529
0.12476657372940758
1.2771549063541814
-0.8031459687817067
-4.155790112862696
-0.9751478743374916
-1.0281888614968535
-0.13333124366993462
0.8478004425594567
-2.332504244235533
-0.011654071718197984
0.11622373099548293
10.41623041330026
3.2855655664153014
-0.9024656232282241
0.7040898002423528
-3.7897355377735353
0.9984285998901592
18.540576009046525
-1.9337712423575484
2.318648893361364
2.2968730648040694
3.8083314196706164
-0.20409278765421907
0.12885803744125998
-0.4157066606869506
0.03156534028780762
-0.5230695668953524
0.2587247486247124
2.0670355931718616
-0.1598743078227073
4.3564244676686785
-3.270257920325456
-2.154372063962453
-2.840580249692083
-0.35975845873896184
-0.052763171856339115
2.886843267473856
1.3382146334890563
-0.3879449052623414
2.079922124877416
0.2792462158801084
0.43433403942121795
-1.3218274439904005
0.6603429369747384
-3.9848732667153364
-6.554411911322946
0.016264175614192636
-9.218535676552195
-0.19821928770562272
-0.629161825665065
-0.6489717788404968
-3.069067891152898
2.9660216134495565
0.15102406479612324
-0.200963146056757
3.618290959994904
-0.3841740278033138
2.5380498686259476
2.7727372822347958
-0.9536046385048829
3.6814000106961493
0.6558472127514327
1.6679208420307248
0.1396213358733988
-0.3748308294825163
2.433209906179483
1.2834586446966803
-1.190676453420358
-8.808266731555213
-1.7354411407121677
-0.12459023487283116
0.9470698243789376
-2.525268150446899
0.11913296217894744
0.9140891329653811
1.406592508678804
-0.5868400023539716
-0.12154703612097952
-0.42472374154937603
0.9644026555098039
-0.18641013841673565
0.5533216553514316
-0.9682418532459065
-1.8930116752283663
-3.374665796993934
-2.780678781879272
-0.057620613054275155
-6.776715870730234
1.3698143159146645
1.70622855510341
0.6637748519908281
17.98057067161147
-1.584673589576619
1.8250558399582224
-0.26067850671488585
3.7498178983423336
-0.770085068160309
1.7920783835888452
-2.347216305598612
-0.39422420137726877
-0.7924180787865619
-4.46879140820672
-0.7916667510977943
0.43334768712043237
0.04490713117061349
-1.0964146045440553
-0.4232021054485282
3.841431484130391
-0.3483084479767879
1.8599317942674378
0.0025598145013670795
0.4377102859111684
8.669719502848508
0.3526710789593116
2.9988691899736635
2.2846761394169053
0.7649934991758596
-0.5996878191086786
0.7396920619028464
0.7940175354999383
4.300106073793467
-0.20487051951658608
1.097515773727019
0.460277456665937
-0.3343352869170857
-3.02219562104102
-9.312408545222372
-0.8202591366795143
10.322000024641342
2.2403649939144357
13.557910965254019
-3.301680416730245
0.027882497141841645
0.3897485703092081
0.572042381307796
0.06653057885712106
4.53868730619466
-1.2065275540105063
0.6646651497949032
0.07573386961735926
-0.06882685500055463
-5.07199571908629
-0.9469035483315946
-2.697923581469812
6.12890056518477
0.2926139470211622
1.3432546819237672
4.64799159745249
0.09130082700469215
-2.3495553402503533
-0.5124328077697352
-1.2332724989768822
-0.3581494460526796
0.1421806148029406
-1.3383165290724712
0.7617673424459943
-0.5313181843391719
0.9661140454157646
3.785127894419931
-2.8688348085775326
1.055899422877219
0.3721406049274626
7.132049394020538
0.0918864056887825
9.008853678500229
0.09933606521755124
-0.0900268111510342
2.312999061398377
-1.7829698357302488
5.399862676938382
-1.7382704149970338
9.745561983684864
6.17141300812235
0.6661780374783871
-8.577420170606112
-4.80649849559261
-0.44907843362139294
-0.5420291685387053
0.2780031144689637
-3.674580249328566
-1.1244944209792143
-1.6849696742391702
-0.5655809442898784
1.2509408204831718
1.3657914047265094
2.6140670306626315
-1.091962718124619
0.9729217272553896
12.21197656681142
0.7809226852001714
0.30182977733401006
9.479477037415961
-1.4493119743031884
0.2818377512495552
1.5750362181661506
-0.9566217851045595
-0.37081677775500715
-0.3240520716466575
-0.947620236578943
-0.488885588448487
-3.996544834425136
-0.19214670194243585
-2.5864775311782053
0.42598895386209806
4.048808567017743
0.30944543900997
-0.0015281066911513996
-1.8443009474121526
0.3217313425753326
-5.963690702807689
-0.2846119643931382
-0.5368674712656103
0.12657516705136657
-0.32153183151058273
0.22506714627055222
0.941823652595288
-0.19903946216240512
-0.9821462446190966
-0.5517878526921205
-0.20233848618420164
-4.327003861834423
-5.4904811204084
1.4528099660518368
6.735177157983896
1.6615169058381873
4.461215799414723
0.4880131476065136
0.34068494093256274
0.45835207509037446
0.27693083954188075
5.844529209739777
3.9570298095437275
0.6701970888169958
-0.908505165719055
1.7243632840643532
-0.2790183630749308
-0.06975318144846067
-1.5764899499816536
0.7057480379119702
-3.4972255329869633
-0.7127839164846959
-6.459520513481819
-0.05908028831604236
-1.6207931660641839
-1.5343469380424166
-0.22637219677112505
-2.017314756001401
0.3747424907929808
-1.383676893666586
-0.8773131102626378
3.7955007095954385
-0.13963494597596646
-0.41951364457996393
-4.614225086238538
0.347665167502546
-3.540275633274291
-1.7671827353133533
-0.37702914645388586
0.21602174778611444
0.542478654206159
3.436147536425214
0.26340574078048423
2.2407475543502504
-3.7753264051189
-4.905296160465876
-1.2277779158355344
9.466539303905993
2.436419969844957
0.10894798077941738
-0.8368625633641731
2.7606128762424995
0.3535922972643444
-0.7750371467561034
-0.9720116783742135
-0.9627471193668101
2.9274409434662263
0.3473530764119872
-2.190649282454737
1.7687967739176818
-2.122502555119787
1.1663474349797212
-0.25415547192169125
-5.525826245303158
0.4547194736145297
4.32255140862072
-0.773115048045764
-0.021344985349738863
3.015606832267137
0.34984193746712994
-0.8212980834359678
4.344055140735799
2.3543768242291967
0.5763612399165452
2.7735163735837456
5.124860065958852
-0.6138373816248363
-0.07542897828851979
-0.46633146776487333
0.6581248181262631
0.7954228212460128
16.37200844760848
2.1709662703633215
-0.09312320304677887
-0.41129024257144253
0.3746745522790811
4.725659088697603
-1.001375300112423
-1.9294407905559388
-0.934538597181872
-0.057707899294079365
0.47747361021834717
0.3804231587636591
-3.1151511313262157
-1.500654938933738
-1.28482049509961
-0.3328429973394229
2.2950591311952424
-0.6457085667790119
0.8097802050245829
-1.7609662249689932
0.06575278466544858
-1.4703817358212907
-0.026018912664775212
2.92910085116662
-0.4991098195669949
-0.22922362455657394
-0.6451741870440221
0.2037139941254967
-1.9999788293065255
0.28975344293348076
1.4677984071304953
0.8255848426288237
0.2855426737512255
1.0353991663965996
1.121336742238873
-0.14797781252878897
-2.3335824205898548
3.958213760351847
2.892974746641238
-0.054337843855266126
3.7651661033110404
-0.43359948591660946
-0.4156809010582916
-0.410511347536795
-0.7102323074472746
0.4500014278999798
0.020062992659878372
5.877808776488717
-0.0807649203351848
3.657056890110653
0.6782538387817458
-0.23609225730809885
0.1841576666992968
-0.035655303023788665
-0.8317928236709041
2.9209791775469744
2.936243782406009
-0.1653500093032929
2.6330900625944107
0.6712951499577022
-0.7847381345915959
0.7375180677809113
1.7717976100896244
1.345066372783284
0.23096930100864624
-0.27748227886475446
4.968706707779589
2.3093751487173684
-0.3769066599026947
0.4401889568464563
-2.300134824375016
-2.0243103033810628
-2.3944587741054515
-1.1488515501830963
1.4436874396956203
-2.9167943348585372
0.9956364117025238
-1.730258417524766
-3.9186459910531806
-1.6299869480088696
0.37394682011353464
-1.1777582192597504
1.3477115999698968
0.3435030476871412
4.954534553547728
1.5219339459697137
2.718859231169965
-3.3299153254406946
0.14089172720764914
0.35538748529156183
1.0497367540192064
2.228888725716267
1.1015612660356562
-4.188301461870527
-4.142523164605268
-1.1332343489894798
2.3211091054881576
-1.8605064863652998
-7.206158425084866
-0.44777394937382825
-1.7245095318616264
1.808238304065278
6.862866989313029
2.241302071889263
-1.8530686361795348
0.36302091170835343
-0.2662914050591267
-0.2750950291127033
1.6710111649957005
8.362020021736221
-0.2203522746690311
-0.42118366938919816
-12.209831440296247
1.1998847821289371
-1.5085140460312536
0.6808650308059299
-1.9458336360375519
1.5219603878504095
-0.8419754545159907
3.220447131604709
-3.4698763973646316
3.3276297512229656
-0.8950930196074531
0.6046624005580002
1.1274435422971034
-2.2451494824634173
0.6260808615521092
9.785748320903094
1.1336689720996822
-1.6599081140288332
0.4378698588984228
0.48317201966685136
1.5224431237234484
-0.4964859143664103
-1.638741252057259
1.1671935412990624
7.768157877756493
0.613409760210803
0.4461835118233641
0.42306002028156137
0.972545309470955
-4.529194585070158
-0.6138586302162149
-0.5597408196617503
-0.879617589089935
-2.3413626620432972
-3.2327314506619835
-1.3171996836477466
-0.5578146047463413
0.7204915023500108
-0.33892138934992383
-0.29644679223827547
1.4364426069612648
-0.2240862969900745
-0.879084634340188
0.8157440595939175
-2.2849823772295266
-7.4511074415617
-0.6163843609044253
-0.4057136881142195
-0.639192156588909
-0.1081576904817767
1.1488439317459405
0.34437102508877093
-0.14106644202681023
-0.8072746519412998
-1.3172208001654961
0.5824775556809896
0.27783770024495386
0.6751889202057111
-0.9483961687627804
6.79829249575473
-2.3891488730619503
-0.11162079517208909
-10.625019878969878
0.5763710472380358
-4.824017984206155
0.5475246996617816
-0.1410031748791135
1.2203952583504925
-0.043931508710767356
0.84874958156297
0.6374617152946156
-0.23649324277746372
0.41766128697111615
-3.5582275700891794
2.4334088979209225
1.8802932682828106
8.996606435175039
0.8502971052184344
0.0025442372942625327
-0.25542540627379984
-3.3935082919521986
-0.8330240500823849
0.8305833593645614
0.38777165939205577
-2.6983239642320362
0.15326147775150806
0.5563335232825094
-4.79420900204666
0.18320897696699456
-0.7890732242533439
1.3183814881462583
-1.2445509395145355
11.048088679683767
-2.5847639558503834
-2.3790452156665514
3.6488563148684636
0.1908778397271801
8.32283501637798
0.122479781099956
0.6380241761971096
-4.496127772658354
0.43573094092617487
0.11656297967138157
-0.125239823791128
-5.320816813492908
-1.8049456746982198
-0.2354098079497109
-0.033644322804917685
-0.22801561210384988
0.7628683013515093
-4.415189674665287
4.069067617006475
-0.8158714663620181
0.12628244144872686
2.781670594004133
-1.9087721590513473
4.11042147064486
-9.605787179879027
-0.19624160346761704
2.5820961133974967
0.024875603155964144
-0.7227620693283273
4.220150167362514
0.8068044847500927
0.5536237561251712
0.25796339159647164
-1.4144016674873958
-0.49576547620232964
-1.0968083314163413
-0.42993695863530607
-1.3815485101812828
0.7061582675909474
-1.301845846726574
2.0901963405783537
-0.48678548365517943
-3.283975557659419
-0.9579560318887881
0.7162375569528153
-0.10574090630653714
-0.576730390912338
1.6605568408727853
-1.493095456840488
-1.1524557051218123
1.9642379492877349
9.275704238684764
-0.9780625501535738
-5.825006453904288
-0.3898097098364108
-0.9878782258496451
1.3103716062971758
-3.6025522308117655
-0.4470356883820305
-0.6284480238663442
-2.168515432430181
-1.3391449032874745
3.9932839604281134
0.10726635199062916
-0.6048196590566339
-1.5926906972106074
-0.8363171467110615
0.3981771259138955
5.356087327566867
2.475635002222512
0.5067191913475843
-0.5148274119014363
-0.49173509900647133
4.299212507440409
0.7264231937872961
-0.21884696525027686
7.097864932369904
-1.1570356974620324
1.0826780904611333
-1.807621652183709
1.3661259254725262
0.8476480311802176
1.3117386098401167
0.14954685834093692
0.9926143707201611
0.9344134264429187
-2.7804748722415913
0.8205142707820557
1.3008695737620237
-1.143840394564936
0.43740719837864006
0.6961922391400384
2.7125148061062587
0.1412454433026489
0.3328588421753864
1.3049399465415894
0.14318275298252825
-1.5716361916454602
0.17840209633258106
0.24201168667772435
-3.948741070474859
0.5027378544006519
-7.898906774436007
0.6983394264626817
-3.7115174792709182
4.013916627877229
9.255828188345191
1.0201655675093948
-1.9708053518380602
-0.03509684014761316
-1.0884765440264477
-1.8505398259592583
-0.5286183704450986
-1.6636077006878907
0.1712556378455872
-0.06706574699141352
-0.09487437883905693
-0.19089008471224328
0.7170328416379645
0.5151099536033477
0.42733910270027986
-1.2310964234496957
0.18503358968637412
-0.865345280897556
0.34135308857003366
0.6305029271894939
-1.2369192423169297
-1.8345991320944002
0.5405276156110155
0.45069266691295784
0.30074954373228396
-0.7211607928897887
0.643731116381627
-0.35211075700823535
-0.04641322351109473
-0.24464106897826352
0.4213842790290366
-5.6377503120795
-0.049649129314664114
2.510150027428674
-5.149726461525695
-0.9348717596939063
-1.1176134740837642
1.4048269610391548
-0.7899542541609688
6.983234814848268
1.1746691483671492
1.0652864167860208
-1.3273327838434628
0.46247043563105095
-1.561723320378168
0.20561172145638207
4.400717073579412
1.7006638781344254
1.1177389370003559
-0.02179092138019569
-0.014334861476874806
0.6536740898486069
5.31467242537424
0.043626579516828495
-2.5471702144967936
2.3864771436977605
-0.7252399334450967
-1.4279337403945709
0.8413399866292497
9.092055335136838
-0.16171981847637756
-0.7141529687662
0.033777909814042634
-0.3893465591075674
-4.297082128876444
3.0938179057867226
-0.8644822507070716
0.8627530215220851
-1.142852119155174
3.4647657257645332
0.2475680770573738
0.6558540988204336
-0.37762283790352813
-0.20353199155497342
0.2749814336741277
-0.41819688554833645
-0.8096132878324278
-0.4040336617482056
0.5825404458230541
-0.9230768119167891
-0.11738304075654085
0.04365449036316364
-2.215198615383871
-0.29806699884001875
1.1657787781151407
1.1561752923643576
-0.6678800551339519
-1.1497997365611263
0.28200325321804437
0.8795873331647673
1.4000506892713356
-0.1418603107086898
1.0990828715920702
-1.1298575472026853
5.430538860038825
1.7064108362394563
-0.84356520859451
-1.3036042753795596
1.3482140683167694
-0.20741340779300912
-1.6451228599994148
-0.1950761013030083
1.1410645369870942
2.642656924809425
0.034688208393210185
-2.413192809693746
0.11816508754139445
-1.525689101673242
2.3709801585176153
-0.022282599069153117
2.301684684802642
-10.72206872823078
-1.391445753628905
0.1953531692674386
0.3816839817412419
-1.9144909428417989
0.5496548075926686
-2.6144986356356195
-0.776126269660204
-2.5390316803854978
-0.900255160896811
-3.997855679977773
-0.15398235760111667
-0.6159519398702544
2.6202539048470745
0.9522669959119974
-3.276257449572995
1.094585002891567
-0.10560762123968595
-0.44958958122968123
-1.20035682822321
-0.3843849019370568
-0.2700952606593896
-3.1463429389343402
2.613461641657903
0.190734719760384
-1.2825683073897252
0.21618331469199922
3.046321611680436
1.0723213205208693
-3.3893482927006993
0.9298709395274312
-0.49192450143228
-4.358364010980595
-0.2690936911527041
1.771333742849917
2.8839309403181828
-16.486569287198808
0.08392117445810747
0.409681166292496
3.166352827148692
0.5437759194534888
-0.24240343434455383
0.6763198641008391
0.6177969488171976
-0.34435305863946597
-0.9288638477157506
-5.998847041236463
-0.26632750917169
0.32481472102502973
-0.09847646925421004
-3.9952323234375178
-2.8877502243107886
-0.09632257695961359
-1.1837369702996052
-2.656244971177079
-0.2604014527755361
2.203606220519148
0.5601929808966493
0.17938351893077326
1.00287898080482
0.8407835611246548
6.856250397448561
-4.297519570601856
0.16561942811414396
0.0016452083533933834
2.53839676896832
1.1436580645244567
0.2763569504641581
-0.02598951453233153
3.0680153426867007
-0.8341034265795662
-0.2851338481497877
0.3316332873621142
-2.00107474303663
0.26295420539374187
1.05368009969447
18.125072389747565
-2.6474521568580602
-8.820931471975639
-1.1060886336635865
0.09782538354745607
2.835339707460373
-0.4958737551350743
-8.946794890497301
3.0366282919022627
0.025033630164479515
-6.922075176327242
-1.325119870355727
0.35268945113623457
-0.16625905557976103
-2.012287746237375
-1.6580101626416124
1.1088193859643298
-0.7434969548289739
-2.3557677238192634
0.7508793540042906
2.380849096877063
-1.5498446795465552
-2.1115242300656623
-1.0339382310569873
0.970141316099438
1.4674467576061336
-0.04235682558871555
0.8647613102583749
-0.1207053928514112
-0.09177628835333304
-0.9370786261858235
-0.4885994389290859
1.7237774715003549
2.0330332189819895
-0.16230697347058892
0.0584527541809221
1.5984596794743082
-3.543187518661977
-0.25489913517473367
4.945926819188048
-3.9443253993257072
-0.1771832851950533
0.4011081802126272
-0.541925372256308
-0.014605588120089285
-0.2691912401671771
-0.3420619490847269
1.892995632262462
-0.3110975123137377
0.2682232214455742
0.27338595665420334
0.5675581935386078
0.5050698831243807
1.1953667984025225
-0.4500959512956443
-1.3221915402261104
-5.775104000386591
-1.3894632165060945
-11.964125314906328
-4.4898868717014535
-0.27734126002457077
-4.089466797867885
-0.7313225760649023
-0.5352847539698167
1.2498632690991893
6.8961333119111865
-1.8586845055225187
1.8466886045509656
2.8679465837867317
1.8632721003282195
4.177469165675326
-2.9546840214908716
10.168157663794926
-4.617668258476159
-4.538024929574793
9.5281210381359
-1.4300004866503062
-0.4385219387476336
-5.947395940953341
1.1094659121910624
-0.07329507516297709
-0.01716285795421014
2.6017123377838676
2.959109096414246
-1.195368679341348
-2.616438485116703
3.945704785514871
2.6201420907207056
-1.2279132906789785
-0.4413918651718144
-1.445174611137709
0.962358335984773
-0.5723190389152781
-0.7559872599656364
-5.488190765248573
1.4997397912176755
3.852718979964524
-0.3505038126936538
0.15894999966528095
1.462992126485559
0.18048463148942198
1.3468524546457914
-4.67941534547184
-0.031779644773629344
4.113829238922271
0.5059194089257935
-0.7780221728435804
1.1382738536881465
-0.8176730558017532
5.673431886670525
1.8040084690757443
0.8873973105671503
0.3991830852146687
0.9653434360953037
1.5927496078605836
-4.283098299678713
-0.560086281515963
0.6252232515335083
2.4723932750727737
1.1520927705903548
0.35659267211527984
-2.169274050072752
0.23683298806090444
0.3848143488781927
4.065159409679075
0.9481949616523524
-0.9702022260638735
9.210361070418973
-0.869363698360239
3.6310178758862652
0.8692399247925907
-0.7252459325476194
0.20878836161454897
0.9310655578123485
0.031188946659032053
-1.4274100232385267
-0.056581138128397206
-2.6623223883548803
-0.10842940407596857
1.835185802894457
0.06753099272636702
-1.2367594649681286
0.2075046092494696
0.7202354453571426
-2.1651881518727376
-0.6399091469045007
0.5528330317718153
1.1519590223864047
0.5880024814033988
0.5643325343689781
6.6496686277438
-0.37666966180768363
-0.04208111146907699
0.5075663732104418
-0.08382008352750103
-3.5706196319365353
-0.8150527241466115
-0.29121941665296036
0.3244459351051496
-0.21088671753604046
0.6082045762550377
-1.50264818974385
-0.8177608776578358
1.1510955309774469
-1.7070615837879501
0.6724025319567427
-0.17797599337149334
-0.5376362114419692
0.584226365720962
2.9119621384954377
2.049317848923195
0.4205854740333375
-0.018491579866067743
-1.800876195453101
0.30946663531477303
-1.5736290207432437
3.261046303245792
-1.295693876473504
-4.398729685233429
-0.4749980851422835
0.4058154927792137
-0.45584290240220665
3.323488118288281
-0.5287662788331037
0.666221765842831
10.229218982978443
-0.1953318565613872
-1.1518059864493033
0.11128337016762599
-0.7633618160578288
-0.7134574918301138
-1.000364818852257
-1.2040544766356862
-3.895055447383317
0.21063714402612535
0.8869632981371746
-0.3702873048974066
3.3809239674469804
1.4966367808022523
0.344627181519865
0.9422920024529401
-2.2825524362797824
1.1220687469832424
-1.2360967819451825
0.31755095561482766
-0.8308171504472195
0.5984877435322247
1.8641879970544242
-0.032007964745485624
0.3449317821677754
0.7611991866059065
-0.010618044978206568
-0.05266087166253317
3.7740593140538605
-0.1553647228331489
-0.3611872701902475
-0.919602452198409
-6.706759938350406
-0.07356680254231315
0.952810691124486
-1.4907066391279034
-4.10756447980166
1.587118139697279
-1.3438145492387836
-0.341311057580081
0.06134717809904618
-2.385712914954093
0.5480726711993319
8.040626071021956
-1.2018377018424196
0.31285334640201073
-5.73960027506921
-0.23315460063896049
0.39271783910334934
-0.30835879500743746
0.5003893739183667
0.6130122214465445
-0.2770655835503011
-3.3938793184385907
0.0029569386975755612
0.21487214142630168
-1.5636880850779327
0.12213789852935097
-1.5103448213671742
-0.4282908038741074
4.6603151583579185
0.02878980681516506
-0.7908821311523163
-0.6831652518418689
-0.05323266343142234
-0.6395175208228985
1.8275616185267878
0.10719944583704588
-0.3936184996578406
1.3032976328077284
-0.18420965851525742
-0.5686490628586026
-1.8254607574785842
-1.3199486545656784
-0.2121459007539931
1.4387421518366061
-0.6663548659016242
0.054342652333695306
0.09140726171159773
-3.4472749466804813
1.7454390098039214
-0.4939619143754196
0.17297813341776816
0.1802591041869115
-0.06059610352317814
-0.23344166952131457
2.10180672568752
-1.7892736081498959
3.06870997711511
-0.3222853003557574
-0.017625196873959102
-1.0352143947211134
2.420996209377582
-2.709372357906638
-0.2994149232440361
1.0389103404362425
0.33000475448328925
-0.34020983215177564
0.4892590265707613
-1.0068231591457335
-1.904505895365287
0.5230755167377893
-6.501549479297242
-11.540799605595717
-5.327079453493712
-0.5991630290221536
0.9034931729562216
18.303942629097723
-1.1228612148025134
-0.45834978104222257
-1.464028942080638
-2.1861501340371983
-3.9200167458657695
-0.3472379377205553
0.41068994769742667
0.23237299350861515
-0.4872824892632187
0.7135552560086569
-1.8345246413389855
-0.2768882274203926
-0.02318401125636983
-0.09586824081264965
-0.28625198424305986
-0.07285059225494127
-0.04217228001270375
0.426051965952015
0.19643915624105127
0.42670736820025773
1.3120396608341964
-12.053602599204781
-7.619354158535827
0.32579157319679314
-0.11333561237917616
0.5638293457069247
0.1286197229661416
-1.5508299311875284
-0.26703994541085396
0.5848280194923128
-0.561097926275401
-1.3801249569302825
0.6815697951788005
-0.5657321937456465
0.13957863695324063
5.600916285886912
1.2345396201888603
6.414020842150277
0.2560383508641308
-0.2120902785024209
-0.09427138082572042
-3.0936574216852786
2.6919476134131433
0.5448070059877622
-1.0053624586039758
-0.03755258642114611
-1.0995515981252553
-5.202199973699413
0.2794710894992523
0.2716734418421814
0.9771031182151633
-0.2385187651705619
-2.83630058999961
-0.13238147624077332
0.6558931649960356
-5.857597815817777
0.20720790080703896
2.0927977293338333
0.3220928320116386
0.03853898430417602
-1.4956069768554265
1.8990607510843618
2.3007631622883484
3.3525441176422857
-0.1607779634820592
0.020211055556353268
-0.6037604139728182
-0.8970115849618456
14.325592902162311
-1.197471390340515
0.8607129825637022
3.2655732638994026
0.3207764968244432
-1.9615103179493643
0.3942818140191318
-0.07372440938718015
1.9050394021180816
0.6071761731571933
2.4565792758474894
-0.8640667251398194
-3.199677223275054
0.9381910744898825
0.44765781785042097
-0.6772531359304486
-4.680107093420206
-1.0174869729042084
0.7357162351566129
0.11160980439715074
-2.115570010989003
0.4195930776788228
-0.08472591938077398
0.17871429216548176
1.6147015251876087
-1.3819005425751485
3.113679734680184
2.2860705923039326
-0.5844417376078882
-2.582044096259351
0.09272348281215348
-0.0542161963050568
0.609397571145522
-2.489815834264013
0.16843988677157146
-0.9212329251976824
-1.853925123054882
-0.008833462710461372
-4.235901599672956
0.04565083679262451
0.22201740625562644
-0.2015939282623966
0.7193975747295626
-0.22656373816521166
-0.0754921104605681
-0.06698904355968004
0.17624449495999922
-0.10828435432128763
-0.7320420740093234
-0.6260256764161289
-2.4082432011750745
-0.1682683757648535
0.8792136885240573
-0.3374137593986485
-4.717680437691848
-0.3024507443310772
-0.29175833391629347
-0.09339202560504742
1.843481817289988
0.6689230246246846
-1.9281041232968703
-0.2998426940692332
3.2981423469349833
-2.330008860587035
9.097928128842522
-0.13108826623057435
0.7374559640530914
-2.363824107661168
-0.17023589953975268
1.8947368347264222
-2.4676474097603247
0.39323190586502743
-0.014691093908865313
-0.8242959395359024
4.127983896834711
0.10175832907899914
-3.3458665966793326
8.701685003387793
3.291726467955745
-0.584935614425755
-0.9765585929753972
1.236376409817445
0.3070230673494631
-0.7182327521843522
-0.1263224778769738
-6.08959968559184
0.15036618048555772
-1.1197034503605305
0.11088861048836897
0.1852661670818254
-1.6886127326728388
0.2881234969354119
-0.07504574076089875
-6.398232505917728
0.1202792701347946
-0.8485830224336885
-0.1540469207598423
-0.47792152480490696
-1.0889188234838911
2.353012957046932
-1.3204527452387216
-10.258678529978566
-1.61645675529455
1.6014953776036949
-0.111510172040549
-0.5985649571278879
-3.2975022001733754
0.7500504157540877
0.2936691810807722
-0.17624855294555436
-0.8180053907304395
4.756432869934506
-0.8837827890492862
-5.833890339618941
-0.7104947945289993
0.309824798033155
0.5449117770944101
-0.24689813684792905
0.06779454655989878
5.3954708539493295
0.04426469323170601
-4.8153466293613425
-0.04947391194453055
-0.10110958223465562
0.18996315560228738
-0.6140470436257532
0.4782846474455719
-0.04548886235270098
-0.4100075291964801
-6.2431713536053675
0.1563831882424841
1.0166969683578644
0.2329910494901254
0.3981688943013638
1.4305402422241735
0.04471397000378074
1.9008816437405376
0.11217434692859117
0.35349171414530856
0.45051425502562964
0.21668836368162003
-0.25580292528290427
0.012606395738113056
-0.7128698404070646
-2.775885350896338
0.9724741844609289
0.5926278564430842
-0.6638598938283187
-5.796932311558952
-6.394840313913497
-0.2680365917536117
0.580285402702912
4.545996608751224
-0.02103371847642175
0.572724985532745
0.08262668674653308
2.383154370110579
-0.812028364701262
0.32717429842447926
0.14638406605981985
-0.3055126524294309
-1.7376960247818143
0.04639571599274098
-0.6553395180058277
-0.2989784615265942
-0.1804381655080727
-2.8218636099486574
-2.038447875144314
-0.7321091098124984
0.059098744813193174
0.05383628231638529
-0.6102909884114881
-1.5036324525023894
-7.031444867471406
1.1382588373268074
-0.4214237671050852
0.23257121007268405
-0.11225696133267685
0.9248380140578486
0.9696924597686989
1.142490135838285
-1.2731250281151967
-0.9541022971779867
0.7358519003277192
1.7852918773196467
-0.7304042642848303
-1.9952108578314902
-0.22648293291624566
0.005937925491651876
-9.207914662370833
0.8386323530450593
-2.9208363082430244
0.039984706943372195
-2.235014787810559
0.12663911356650137
-0.2634840978768915
0.7420407824954274
-0.08547915102740092
-1.7102444819413287
4.323612300707108
