371
372
357
347
501
375
372
505
375
346
351
358
374
355
14
381
498
377
18
350
16
356
16
539
349
382
352
377
382
373
500
359
340
505
367
465
343
379
512
376
371
511
499
370
348
17
511
537
354
17
17
18
533
354
548
333
501
494
355
359
340
351
351
547
499
380
497
352
538
16
419
16
544
361
474
349
560
364
303
18
365
309
337
492
534
15
378
369
504
502
500
306
317
19
524
416
370
495
537
775
375
495
476
534
498
353
391
19
371
388
551
498
350
501
366
334
302
385
286
306
18
335
573
365
504
363
306
346
16
492
532
299
512
325
496
377
368
493
43
537
449
364
381
373
19
519
383
18
369
496
413
525
362
13
315
362
385
531
10
538
517
384
317
496
564
304
715
277
828
545
504
532
314
346
308
17
15
339
287
340
25
319
547
414
332
287
344
494
33
473
393
531
417
326
546
238
324
372
380
295
37
526
363
23
24
341
281
309
827
26
390
911
348
24
549
328
356
282
492
322
502
325
316
280
366
22
301
279
463
17
536
563
541
16
534
282
415
494
38
358
26
250
27
352
308
355
412
323
40
360
278
509
322
536
342
505
542
279
776
31
509
511
389
387
317
386
47
23
554
569
533
30
25
507
528
388
300
540
498
386
284
302
545
290
830
782
542
390
503
311
28
14
533
19
316
283
493
278
278
502
387
422
280
39
33
305
358
339
305
303
353
15
302
328
532
15
389
18
535
500
356
330
25
392
528
520
32
530
289
541
301
374
299
535
344
43
703
48
19
772
570
54
330
314
345
330
278
415
32
384
548
396
546
465
310
318
497
35
71
26
357
336
55
535
376
781
319
22
283
283
304
302
303
529
28
301
305
358
330
663
617
60
521
336
512
819
16
557
34
493
289
28
305
38
280
42
286
23
379
301
32
286
27
345
30
347
284
706
39
17
712
9
550
540
392
568
277
285
328
912
80
333
17
34
572
321
539
9
20
350
23
318
327
56
503
336
335
27
769
535
62
31
12
91
549
342
49
304
48
315
14
87
329
36
48
63
329
531
463
24
28
506
65
904
281
23
384
250
312
72
281
285
21
314
11
571
503
34
383
27
541
290
26
780
295
288
37
604
92
493
305
289
312
37
41
710
372
304
295
720
35
536
54
572
11
307
356
277
329
902
291
365
770
26
363
353
320
290
299
364
22
21
203
24
238
302
21
28
544
298
303
14
78
530
279
42
90
278
522
287
499
338
21
352
380
302
36
19
37
697
31
22
225
282
46
334
307
552
300
810
13
761
378
61
307
304
300
341
70
302
508
806
310
544
285
506
286
513
30
312
12
663
660
543
29
904
25
31
497
52
22
30
502
345
25
413
46
278
462
16
64
305
278
44
17
288
45
19
281
603
444
45
359
49
829
771
548
518
77
574
31
765
343
56
320
533
773
37
805
720
27
452
664
412
279
59
30
33
76
46
768
73
323
374
277
69
57
900
293
553
328
294
7
56
278
60
309
511
343
252
536
38
516
82
284
540
15
327
596
797
307
38
15
76
283
59
285
510
99
345
384
20
41
555
778
770
38
53
73
277
509
306
532
39
398
315
373
24
772
83
780
395
317
14
100
558
713
340
783
310
337
34
42
344
542
86
9
414
298
565
33
447
43
594
20
323
41
33
63
508
368
719
833
314
822
461
339
767
41
10
295
526
370
287
54
51
319
34
279
542
285
563
515
30
79
35
544
59
520
20
11
88
338
280
294
375
48
61
337
47
251
394
332
81
527
540
46
18
57
60
538
906
291
42
565
728
314
894
50
26
6
66
665
55
20
47
308
57
300
393
553
37
769
501
291
300
354
62
420
285
385
36
950
722
299
360
40
566
355
713
287
332
675
102
40
496
661
14
391
496
286
291
289
376
55
536
500
24
536
317
21
399
20
86
277
60
306
348
540
899
53
86
54
10
718
37
360
321
395
35
281
34
287
308
47
391
52
338
39
357
560
81
362
294
89
24
715
281
500
306
36
279
539
25
340
44
43
101
949
280
829
46
539
45
279
65
18
79
326
333
721
716
717
184
552
541
631
64
49
515
44
388
12
786
766
8
551
289
295
87
331
318
60
313
414
909
81
301
13
59
72
598
670
304
30
65
77
286
555
31
10
289
38
88
321
31
815
301
85
770
3
323
79
286
75
54
61
13
505
43
6
335
11
6
301
9
664
329
760
65
50
378
334
14
17
51
774
612
283
29
338
537
21
787
289
284
71
320
71
68
815
737
56
61
495
51
3
78
894
50
26
11
361
15
60
615
421
27
80
44
393
113
504
396
74
366
497
61
48
301
85
337
304
287
815
666
909
413
418
696
326
563
47
86
453
342
308
294
313
63
44
81
315
492
450
32
494
538
554
282
709
31
532
312
503
39
331
387
341
557
67
810
733
561
509
813
290
389
471
204
334
292
20
321
14
21
892
667
341
8
228
15
15
898
367
330
69
51
667
648
658
86
309
561
783
290
343
61
523
752
528
288
23
543
775
7
674
50
365
910
67
20
759
605
72
12
315
415
282
62
527
722
26
40
325
778
28
36
35
398
3
51
60
73
58
904
744
84
346
4
534
285
311
59
283
659
67
445
77
382
559
98
562
650
313
506
643
495
649
77
506
33
333
557
40
76
66
285
68
645
28
366
32
823
505
293
763
12
419
341
5
771
22
239
508
34
7
567
4
22
513
667
778
112
308
728
556
70
114
668
383
11
38
774
727
564
538
357
378
370
512
282
512
311
771
29
66
67
420
284
741
44
293
747
295
15
347
733
281
611
817
45
33
511
596
286
229
759
36
284
379
531
542
366
53
697
907
658
331
526
373
80
448
14
315
53
893
30
55
908
66
548
789
273
21
72
9
506
321
10
20
294
476
68
769
669
700
346
788
784
599
45
55
89
332
66
58
344
368
502
892
698
294
542
465
49
22
36
78
111
70
290
343
327
667
520
302
697
35
28
503
51
331
21
339
23
44
531
250
394
12
52
331
900
306
12
661
110
673
33
755
78
4
360
721
288
78
531
76
303
15
547
537
289
318
305
76
523
698
38
493
330
892
306
275
32
781
394
531
745
522
56
36
29
541
705
335
16
463
316
492
11
103
185
10
295
325
731
69
292
72
310
566
86
60
74
83
827
818
535
41
4
82
745
707
544
53
895
795
809
446
775
475
4
8
46
54
326
42
39
26
898
779
253
308
301
538
303
303
66
328
5
11
5
345
83
40
71
3
529
227
335
282
47
14
59
644
659
533
525
256
34
420
39
285
74
676
374
733
324
207
546
5
785
31
912
31
549
14
91
74
6
699
1005
729
42
19
14
47
499
814
7
759
55
78
666
7
397
542
417
524
763
8
76
559
707
1
554
303
329
347
545
710
913
317
911
10
8
765
5
66
6
659
538
4
66
13
421
6
331
508
80
361
24
867
659
277
11
8
354
8
56
51
898
517
292
518
78
897
785
54
555
776
15
497
796
392
666
814
290
903
898
59
847
341
553
727
286
390
696
707
42
325
283
35
12
62
351
305
47
52
539
13
534
291
109
677
313
774
510
689
327
292
97
278
636
916
702
479
513
274
776
8
316
686
284
906
86
577
903
167
79
251
98
71
521
462
290
766
672
552
33
14
292
818
7
303
685
4
324
562
59
49
320
308
29
727
378
7
572
285
416
657
61
32
548
6
382
752
317
775
79
541
74
501
68
899
82
13
541
865
314
342
286
815
519
815
630
29
367
868
7
49
819
309
73
786
60
507
612
303
310
602
78
361
357
95
548
670
11
663
71
838
770
695
12
527
826
710
0
302
565
837
299
69
545
5
297
100
81
551
562
713
27
91
637
67
600
16
5
4
206
540
517
475
412
904
254
727
663
85
640
381
712
818
920
1
814
383
281
78
285
395
99
90
714
556
765
1024
8
7
896
326
333
283
58
717
448
24
40
23
88
618
790
547
279
344
528
93
48
511
13
278
87
681
533
777
909
287
697
1023
608
728
777
70
55
875
12
416
955
27
908
321
371
285
277
672
75
81
10
664
504
288
734
4
331
657
719
759
91
82
315
53
421
502
25
15
377
827
820
836
314
751
293
81
89
813
685
835
331
806
18
706
529
705
900
813
57
913
9
716
355
706
809
737
740
7
67
512
680
515
250
313
84
73
292
899
307
718
823
478
345
43
45
282
354
308
62
314
902
250
51
81
482
752
99
419
90
807
683
65
8
90
524
905
848
310
29
94
99
534
690
130
820
415
302
562
640
5
816
290
348
919
304
628
505
546
30
665
528
323
825
741
69
834
839
638
518
724
689
703
705
38
262
10
281
527
75
547
507
359
3
472
657
65
734
324
798
918
1019
743
543
893
280
529
67
692
168
314
12
288
680
251
997
519
53
917
276
5
77
230
756
75
12
327
11
809
62
767
285
305
95
820
338
719
696
379
664
401
389
64
508
3
559
254
91
509
709
368
7
30
657
839
819
674
284
723
9
387
539
25
493
829
55
954
22
718
79
842
59
4
316
74
340
9
54
503
920
258
41
292
33
805
294
814
729
38
74
293
682
279
895
660
75
36
810
53
63
57
419
48
530
80
299
8
96
574
615
717
280
297
822
353
609
893
703
312
338
81
688
920
7
83
301
812
66
746
85
343
1000
280
682
758
104
694
701
709
818
99
619
278
908
9
304
647
64
81
685
369
802
831
514
44
93
913
110
79
473
4
715
70
808
17
687
47
55
835
44
87
1016
731
304
20
999
30
293
13
6
773
519
660
309
32
8
672
35
287
353
46
601
68
711
661
69
35
8
90
307
50
51
894
5
97
339
905
294
258
760
540
704
4
74
6
495
614
69
295
365
535
6
35
675
6
691
9
291
13
707
41
1033
329
509
87
337
5
74
83
9
498
386
309
322
322
506
262
541
738
787
638
554
87
658
416
381
49
743
560
317
548
281
319
313
329
277
899
726
761
76
4
2
97
844
762
802
303
800
54
292
821
515
290
293
64
658
68
426
2
549
80
545
335
367
672
501
73
84
554
82
376
740
768
512
361
0
669
77
952
41
523
16
617
72
15
83
23
616
88
686
255
733
20
808
774
173
102
735
11
507
661
530
2
324
537
69
8
262
293
9
641
348
330
47
769
6
571
995
4
319
537
87
281
563
668
362
896
351
767
481
306
748
702
6
547
816
257
844
793
6
3
295
65
873
338
49
711
336
252
744
2
80
564
376
386
10
10
63
9
58
97
300
907
462
990
758
4
809
736
418
498
380
1036
91
56
561
514
5
85
87
522
711
900
22
896
423
512
53
4
496
12
3
678
8
65
5
80
311
283
1
903
691
45
660
555
6
10
3
277
545
304
4
814
662
63
847
4
39
764
958
251
521
770
40
544
43
320
748
767
559
780
67
31
877
95
98
28
811
714
808
525
279
41
6
300
10
61
84
833
381
773
679
894
74
305
521
896
662
4
8
813
6
556
315
730
231
892
687
550
725
37
392
235
684
101
11
555
4
15
256
901
291
231
0
598
356
89
713
556
228
39
208
192
37
828
525
998
636
471
521
665
100
210
49
779
1
761
15
766
72
93
66
3
206
280
56
732
307
415
3
825
34
1
704
997
64
300
70
754
787
4
299
28
835
692
1004
9
698
156
522
690
53
89
283
817
838
677
292
14
298
424
4
399
25
50
67
43
831
76
279
576
310
453
811
62
122
50
3
75
175
239
700
736
679
673
312
684
55
830
527
895
57
7
510
98
699
115
670
373
367
699
970
310
287
280
85
121
812
83
93
284
1
13
93
61
761
262
819
826
332
380
704
671
347
97
738
1007
2
693
399
678
404
418
362
4
923
316
400
658
14
75
507
11
297
57
68
743
1
319
542
6
369
711
836
422
1
2
191
2
758
30
739
337
541
368
64
641
480
319
414
714
322
159
904
891
13
108
553
39
332
764
666
462
477
82
1035
298
3
111
810
834
27
941
821
676
2
2
85
277
240
740
58
2
772
86
688
711
293
304
918
4
463
762
58
732
53
215
671
802
719
7
769
726
674
4
779
5
160
597
713
27
804
95
94
102
5
100
418
708
915
84
535
725
620
98
123
58
1008
300
804
94
3
943
9
543
593
504
299
398
287
753
73
946
819
72
45
298
507
1
363
852
532
42
472
705
372
371
82
6
10
792
48
878
291
63
25
64
59
7
394
659
821
655
526
99
779
28
240
47
7
595
233
763
96
953
516
657
418
4
262
41
536
665
11
518
519
84
315
1027
2
41
496
68
615
6
68
667
749
391
670
419
300
332
29
6
777
813
390
412
587
942
375
309
313
569
52
360
74
639
454
658
510
45
853
259
12
174
101
778
299
70
12
1018
420
821
1
869
71
617
899
252
95
69
36
784
935
19
1
817
100
61
70
506
44
661
13
92
819
73
35
798
142
102
52
918
750
660
4
75
318
69
4
566
406
716
52
14
85
571
349
547
66
91
813
790
1
54
700
849
808
58
708
62
400
299
272
14
40
333
461
58
710
664
54
446
774
347
902
732
388
70
57
833
514
19
5
280
753
252
23
54
836
6
669
95
518
951
44
3
803
110
13
116
1
260
71
865
281
0
187
397
374
286
750
2
509
308
250
484
929
158
607
717
284
627
695
18
359
209
455
837
6
307
445
37
127
51
4
79
97
9
2
290
570
698
397
416
0
593
283
851
1
944
665
38
13
777
5
551
282
764
324
312
500
679
6
39
77
296
597
307
384
8
363
745
550
322
2
996
27
379
346
906
2
959
560
92
683
673
9
2
7
693
580
804
1
919
105
947
352
2
969
189
12
40
1
906
7
764
57
282
85
902
809
349
12
771
93
117
834
786
815
90
152
814
498
327
726
509
297
981
534
505
506
903
874
425
63
710
639
286
706
790
109
101
71
832
779
720
578
429
214
509
75
506
297
1
294
1
556
311
0
281
47
21
14
684
254
48
881
176
772
560
1205
2
341
539
5
917
393
971
846
96
290
921
730
616
312
123
302
0
729
504
0
1053
765
101
1
42
64
701
824
208
94
97
824
86
49
575
832
474
94
298
999
577
886
663
822
0
46
36
1
3
514
58
271
71
817
49
95
364
505
832
125
0
31
9
403
136
94
136
434
114
1
718
7
532
0
25
747
134
671
830
11
699
397
462
5
12
402
33
396
748
4
766
291
9
927
423
125
904
820
287
83
919
185
864
724
3
7
810
854
42
6
2
888
735
879
811
0
312
369
2
84
301
194
1
6
1144
108
99
288
342
145
1
651
313
546
1
715
50
152
85
1
772
3
253
311
108
749
849
10
344
60
508
1
279
110
96
794
45
837
280
575
388
0
111
277
544
103
755
98
9
3
395
730
897
301
88
60
138
768
0
1
282
1
261
721
94
746
845
52
739
0
188
402
514
62
708
511
897
83
444
916
620
3
4
349
20
668
8
297
1
568
318
756
431
278
895
0
72
398
120
300
3
4
900
4
516
260
313
557
813
578
685
792
310
564
46
389
178
964
77
1
57
8
12
888
96
1
1
919
475
283
193
543
630
803
520
141
398
860
688
706
636
311
871
48
694
956
910
293
421
548
504
1030
229
1103
124
768
3
701
773
1
8
992
422
922
618
749
336
694
898
0
349
56
817
34
76
62
926
465
468
561
3
52
561
252
496
818
282
1052
739
430
855
94
765
720
562
71
0
757
32
339
791
903
4
75
1037
897
447
297
279
277
522
915
8
805
90
1174
284
4
792
812
92
708
444
963
2
714
470
396
681
433
190
207
109
300
345
86
48
57
683
731
715
19
402
857
574
253
102
1056
945
311
499
88
282
308
897
323
36
32
298
34
1299
509
3
817
463
904
654
799
6
87
724
474
465
899
2
407
330
617
100
80
63
123
898
286
712
98
112
305
10
0
114
570
872
126
1213
716
303
306
49
80
494
861
421
64
831
868
61
3
611
92
88
42
59
2
564
1038
98
209
581
892
284
329
961
0
1
807
1
251
91
800
5
736
6
118
1
950
89
1
94
680
51
155
494
4
950
98
713
1
317
943
804
289
109
162
84
5
1
4
111
382
42
862
14
5
606
104
342
170
3
628
747
70
2
3
938
15
0
1
864
2
723
1055
703
776
521
391
662
1043
788
326
106
657
702
755
127
753
881
957
907
838
968
90
45
0
7
754
1021
933
2
960
723
599
791
671
112
328
350
766
738
512
3
4
1301
93
100
3
0
93
257
8
48
807
3
0
820
340
283
1
291
94
801
19
2
125
44
3
85
962
4
4
780
1018
948
4
84
124
99
3
728
108
757
2
692
1
507
1302
1001
5
89
4
87
885
8
92
82
7
681
464
417
28
815
613
490
890
308
1
942
1208
7
115
259
21
750
2
2
848
939
678
95
558
967
2
762
306
95
818
425
251
787
776
767
926
867
55
113
498
914
917
932
577
461
1
12
81
288
7
131
708
21
1050
124
7
10
358
0
367
78
292
33
68
870
239
939
760
96
771
398
56
28
74
1199
756
905
637
16
2
108
63
575
941
23
1054
772
116
46
686
970
804
95
330
3
65
523
14
1032
64
64
457
1211
1203
108
5
297
237
449
5
814
104
1178
806
966
62
1194
13
473
82
943
934
23
120
5
700
8
782
7
122
637
435
94
43
2
852
65
73
714
113
806
62
46
386
232
92
107
808
947
920
807
29
666
690
949
820
1056
806
409
899
1042
69
563
0
1176
6
547
894
39
921
108
3
125
216
1051
665
350
69
1076
127
89
58
546
1189
882
518
288
154
676
111
763
52
735
10
523
4
281
854
880
119
948
793
299
1200
692
96
471
1032
699
788
100
883
8
508
400
783
1281
9
1201
296
802
50
905
896
422
955
915
396
29
97
850
82
912
692
978
93
451
826
284
863
793
902
540
0
736
1025
489
103
2
1017
987
1028
2
87
8
336
890
909
397
410
7
702
73
88
428
676
0
1067
324
788
82
845
111
964
384
969
270
45
3
2
865
503
0
1048
9
359
334
79
8
1204
73
144
1177
896
1062
74
1022
167
151
401
785
84
1041
939
1
2
106
2
816
24
58
929
1293
882
1
325
1
501
768
68
298
1
2
998
9
906
104
1
25
497
3
766
316
432
807
831
7
161
13
862
497
1
311
515
870
126
941
662
22
93
11
835
84
136
1199
54
92
0
50
75
1
887
1
22
801
2
759
88
105
949
1324
73
17
722
88
962
859
425
196
259
89
255
3
4
427
46
323
946
55
1031
92
1
507
3
614
1
75
967
856
663
0
1078
1331
632
66
709
1128
1137
883
782
1190
0
3
846
90
143
321
3
951
741
461
43
4
1223
843
334
1199
13
332
66
995
499
744
472
6
968
82
337
129
797
660
1
309
95
1055
938
595
0
724
5
23
9
542
22
107
865
157
103
517
553
1
56
452
1
3
445
363
1124
329
680
438
38
91
914
526
963
980
2
613
1062
669
105
682
550
681
842
629
75
3
763
1101
0
280
506
1191
316
7
137
1276
1182
1320
576
227
704
436
928
1034
49
5
1206
97
8
351
97
318
69
674
79
10
0
721
724
791
70
52
914
887
613
104
631
6
683
999
975
50
0
918
823
230
678
332
1069
850
705
344
824
982
662
5
3
0
90
2
1
916
1
998
996
11
390
701
684
1126
507
1027
1
856
68
236
1
986
945
516
695
1286
329
252
67
939
63
831
1075
944
71
2
1014
0
638
172
915
1297
726
746
1187
1063
9
34
2
1197
108
1181
2
953
1192
279
426
6
282
1075
513
0
889
879
100
256
96
383
130
0
994
58
712
0
1258
177
2
302
1158
460
109
1169
7
494
0
467
1
482
1060
758
832
136
1
1
954
100
1038
1191
5
497
1197
1218
842
133
519
979
517
395
962
4
77
866
714
981
108
0
2
397
858
811
822
2
918
0
400
537
582
0
440
79
393
860
1295
522
861
1065
187
976
6
893
250
801
1046
594
947
420
1283
956
29
1141
29
90
1242
290
1065
102
225
340
417
2
951
712
83
1300
1317
1262
966
3
105
584
1165
878
734
805
737
769
834
985
278
1311
1189
564
4
4
1042
953
1025
989
394
3
1
3
103
2
102
106
4
1009
61
6
18
1349
132
3
668
836
1
1066
15
5
17
1288
861
42
285
716
1052
13
0
825
1289
342
14
466
807
1308
4
935
1348
392
77
80
995
96
1180
702
805
530
656
876
895
816
1194
2
1130
888
784
907
866
119
11
53
454
505
864
2
662
1263
731
1265
653
1169
858
0
1015
1024
770
2
1054
666
1195
101
1
560
88
15
781
258
1303
1209
424
51
100
122
910
1086
867
495
304
168
463
760
343
938
394
11
45
917
19
1085
828
1290
336
3
1356
1059
901
0
1175
6
112
895
762
1336
1
793
1
99
35
1259
1207
1067
24
1166
810
485
2
124
18
137
327
928
1
1016
1194
1142
11
988
40
3
96
41
46
524
1282
3
1324
1017
13
91
495
803
746
5
1205
574
1031
507
1064
860
104
791
72
1067
291
116
1170
320
791
1257
901
1
2
1070
1127
1
238
408
98
996
1019
130
1026
