0.004582798327408446
0.0063586983117720946
0.006491034900832387
-0.004980417783897419
0.0028712164337908468
0.003369279680802146
0.0055163948253423994
0.0022542109403927224
-0.004161074661106791
-0.004269124825745675
-0.0039347474009749795
-0.0018751372417229412
4.414879570506126E-4
-0.004087173557953008
0.004730874752990116
0.005313920587588464
0.006539061215139783
-0.001630768094673299
-0.006812806349670564
0.005215627097138699
-0.005255114338286939
-0.0018454618273002438
2.3950605180715634E-4
0.002754332116459613
0.00547848319368887
3.423992544547514E-4
-9.508416116784522E-4
-0.0063400257163219904
0.004816055594037709
-0.0057764962520628306
-0.0015905390094746378
-0.003826042524336092
3.925605673770876E-4
-0.0038632404856307743
6.004677933943498E-4
0.00600575525562604
9.334405955119783E-4
-0.003812780517826796
0.0015853011110008037
-0.0031851770217410803
0.002791255081983276
-0.0010528965943754792
0.003376840970745851
-0.0012331347707222108
-0.0019420418291104143
-1.1422680143233091E-4
0.003244904363789246
6.031975063431129E-4
-0.002603556619668535
0.0010572861226720732
0.003214066413002543
0.003055860903616234
0.001869389909998565
-0.003620107066972373
-0.0031545442945140655
-9.649206419364188E-4
-0.0021888969330446316
0.0017124583305149156
0.0010340378905086536
9.237754040805422E-4
-0.002547812055058707
0.002727478644493272
-0.002324268992592602
-0.00300873736585746
2.6390023242939845E-4
-0.0028204883114087815
-0.0012496196939173823
-0.004461277240623369
-0.00174015937920819
-0.0014260956009106718
0.0014085029861000363
-0.0026989591397498167
-0.0012309618439008407
3.042833932376646E-4
-2.515266083196565E-4
7.715038284156292E-4
2.2401071393037688E-4
-0.002096709598712396
1.4039072919493084E-4
-0.0010075328732203498
