518
544
516
542
509
543
518
544
519
13
546
11
540
519
552
659
284
512
513
662
736
715
14
380
542
15
750
508
336
15
14
517
374
317
15
537
319
17
331
522
12
283
660
329
546
514
543
307
16
318
721
348
787
19
674
14
337
12
526
507
672
525
316
316
739
347
25
300
346
10
319
393
320
378
296
510
315
727
17
17
359
15
564
16
553
283
361
512
16
11
282
394
328
51
26
550
527
367
303
36
21
324
539
330
59
314
504
509
307
308
384
338
379
14
716
555
304
310
285
19
357
20
511
708
358
505
322
282
314
506
52
508
286
341
657
672
513
14
16
24
20
29
315
11
373
9
39
751
329
524
760
708
515
500
303
535
304
548
383
8
24
558
30
542
542
504
512
510
540
712
11
324
365
332
334
10
283
303
717
386
777
759
17
312
330
302
673
36
28
723
782
38
548
579
307
563
285
22
421
290
46
51
256
501
316
281
522
507
696
300
390
659
18
616
662
301
551
35
303
310
330
48
345
305
332
304
32
329
36
329
549
9
35
341
33
517
506
37
505
685
329
296
330
300
413
540
541
710
285
335
355
311
299
299
28
523
337
309
547
315
765
28
348
60
333
559
296
53
335
40
755
11
541
10
36
503
295
716
678
455
289
562
18
43
499
336
336
757
342
44
295
34
562
541
16
524
28
526
35
566
563
584
371
27
317
36
509
342
717
302
305
670
309
44
26
311
781
818
546
525
30
30
341
283
561
301
22
513
25
43
334
306
386
360
289
323
9
657
751
545
37
43
27
17
298
317
47
530
34
559
59
23
895
556
286
618
291
285
572
557
331
750
658
21
311
291
13
340
285
541
547
351
42
30
41
465
615
296
18
526
27
325
285
19
548
298
29
751
31
539
283
343
41
41
677
41
521
22
757
28
320
711
317
301
13
314
302
305
48
17
555
300
316
313
539
12
9
396
330
297
699
352
549
311
418
511
333
25
728
313
32
23
518
331
62
510
333
314
22
24
615
498
291
50
306
9
663
720
50
61
648
295
301
334
758
8
40
297
296
302
323
36
610
330
334
555
542
719
738
16
309
282
287
389
299
618
42
423
290
46
37
17
9
328
18
684
332
35
322
53
292
12
302
323
306
24
523
398
1
305
695
297
353
713
343
50
44
813
49
37
560
722
387
26
308
13
8
718
524
15
521
522
416
741
331
422
51
666
521
298
550
316
728
300
15
784
715
20
710
800
556
300
33
552
414
318
342
664
355
64
66
338
359
705
57
522
694
13
284
333
280
321
14
897
337
19
534
519
317
256
71
20
523
313
802
417
304
282
387
294
516
392
49
8
669
527
293
505
34
289
46
651
313
49
282
318
57
13
725
33
311
558
34
315
565
373
26
72
760
78
366
545
764
739
668
275
70
561
326
393
538
13
329
371
41
26
753
676
807
19
60
43
503
550
50
58
385
558
789
58
390
792
20
288
11
292
537
12
273
354
338
388
294
43
25
754
284
308
811
554
613
67
49
18
14
44
289
303
70
45
67
55
29
33
318
69
318
30
524
9
50
671
306
15
314
35
397
567
336
339
35
297
377
12
539
62
27
756
39
71
26
80
45
1
263
47
22
290
354
788
45
44
705
55
332
541
329
369
556
294
68
463
526
47
315
6
70
50
77
326
35
650
322
302
9
10
768
395
502
40
670
26
348
497
8
35
81
8
6
51
42
34
585
69
308
20
37
319
391
893
514
12
735
520
52
565
313
76
69
39
299
372
301
346
6
557
706
59
678
706
28
349
45
412
347
371
778
517
11
19
27
48
344
64
51
551
55
390
13
75
39
12
57
38
61
44
537
649
53
26
55
56
56
347
539
307
39
340
66
903
63
376
15
284
53
40
540
370
308
76
532
826
9
27
504
546
370
396
10
10
491
69
40
659
25
66
312
37
15
731
265
671
617
331
86
380
40
7
668
291
40
668
13
63
61
25
8
333
307
54
30
31
31
81
933
45
412
325
72
528
525
44
516
661
34
382
935
76
342
525
538
334
73
701
31
561
40
33
383
714
319
327
302
70
335
617
336
323
62
52
718
285
35
34
297
73
348
805
310
500
52
64
67
36
16
327
61
79
562
37
7
369
32
46
60
313
74
53
0
9
57
300
51
41
284
310
763
8
542
13
773
13
707
426
62
8
281
343
63
287
58
71
14
45
555
702
508
79
30
795
513
357
292
38
511
54
291
559
368
89
778
327
296
12
25
322
367
335
811
339
12
286
740
566
284
294
64
256
13
555
348
21
660
559
45
290
567
53
46
3
921
11
294
34
508
663
514
712
53
29
41
682
558
904
558
324
62
23
299
31
536
20
901
758
501
319
6
373
22
48
42
54
23
55
326
30
29
479
47
487
478
424
27
29
562
564
57
554
308
335
65
20
613
565
565
849
17
47
332
451
369
80
63
7
507
55
350
290
42
338
351
733
394
319
524
563
328
46
892
54
896
563
604
777
665
283
768
29
650
724
7
543
913
283
321
505
374
287
752
526
809
300
31
496
309
762
719
337
783
506
733
365
288
37
510
53
535
281
362
55
343
732
390
340
91
75
353
21
557
527
708
375
64
56
40
363
292
282
483
377
718
89
295
78
347
326
666
338
11
665
351
352
85
19
543
657
62
71
369
54
19
298
734
6
770
292
299
62
88
736
2
560
76
65
297
63
756
544
322
65
368
358
289
372
289
293
484
826
285
84
68
283
560
54
296
60
611
63
86
48
1
67
339
609
500
530
293
822
312
529
51
86
69
68
393
377
790
8
560
533
622
550
59
3
794
399
391
360
361
375
335
47
9
84
71
11
302
303
18
286
521
12
67
357
770
18
14
75
70
72
580
276
53
331
54
810
767
274
42
342
46
660
547
327
304
755
623
774
549
82
349
394
523
311
347
335
7
348
491
55
28
675
74
281
376
667
779
292
779
760
6
50
662
42
304
81
735
530
284
547
82
34
541
726
31
352
487
59
38
506
296
341
75
417
375
713
330
670
87
425
546
566
576
79
334
70
544
397
15
284
796
520
61
60
31
456
33
621
79
71
553
66
280
335
516
33
350
2
14
292
305
47
43
32
261
26
528
494
82
10
80
12
368
384
542
86
0
11
557
316
50
656
77
697
321
512
344
612
293
262
310
49
43
69
498
848
661
549
37
766
57
568
853
415
352
87
532
543
793
657
2
288
75
624
671
756
457
65
529
73
6
344
362
294
573
81
27
517
15
371
68
647
698
86
79
345
776
310
335
673
421
42
909
61
40
23
539
68
19
37
649
763
305
327
59
570
22
755
266
6
391
8
735
48
59
46
909
940
55
10
804
730
281
58
39
918
12
722
286
306
21
11
361
389
389
330
720
63
43
8
33
12
286
385
566
379
83
49
344
543
48
374
668
38
379
657
697
1
417
36
324
485
0
347
347
326
288
75
670
9
312
303
852
82
68
287
546
666
15
392
7
822
3
2
570
67
531
764
333
86
661
533
607
304
354
796
274
44
11
771
58
5
648
936
343
53
776
761
534
344
613
46
489
282
48
65
356
836
729
346
940
706
315
828
87
78
903
766
910
54
654
6
354
568
419
61
320
38
722
387
23
28
59
502
331
701
667
813
661
79
818
575
569
8
32
366
257
508
349
951
48
0
550
256
732
506
73
16
32
1
0
83
84
47
355
803
299
800
35
799
754
492
415
488
309
799
1253
72
372
288
72
807
13
287
327
325
55
770
79
731
0
325
936
552
9
285
660
607
783
679
76
82
608
574
943
515
56
291
333
919
70
303
25
64
965
306
1
64
499
282
80
568
65
79
493
525
36
321
82
283
605
3
2
34
844
780
620
7
306
272
392
798
364
614
833
564
38
51
852
67
69
386
489
509
673
703
90
893
714
365
414
264
38
27
10
450
88
45
1
320
0
551
297
0
495
312
10
8
2
782
271
21
32
509
47
39
926
38
287
693
825
32
917
57
283
7
400
785
89
882
285
97
28
332
88
10
659
273
14
760
2
59
69
8
7
311
275
315
92
297
16
83
290
80
382
6
370
858
587
360
964
48
27
696
659
723
60
46
571
70
861
311
328
904
28
289
374
373
65
1
348
59
945
69
805
8
81
87
1061
51
13
540
762
18
81
52
554
45
298
369
9
32
295
378
679
553
291
339
307
363
73
413
0
44
661
8
58
510
280
59
362
340
416
725
822
709
514
713
707
737
7
719
49
274
314
321
544
73
5
0
382
329
326
320
908
305
549
2
68
530
486
68
11
724
28
54
92
24
93
274
71
0
45
346
883
72
363
66
39
648
509
36
12
68
818
553
761
731
531
398
715
703
0
388
649
850
271
566
89
1
60
291
49
1
897
67
614
337
280
44
528
884
775
834
63
3
763
784
76
76
794
43
72
780
99
0
554
74
805
666
41
19
721
939
92
766
87
70
824
362
89
60
13
13
789
488
305
654
381
779
25
93
916
673
616
35
35
561
14
716
564
911
14
12
328
364
66
717
1
33
349
70
61
360
569
77
327
658
364
0
379
548
23
511
601
415
386
88
931
370
890
595
288
6
3
10
0
77
626
527
55
716
729
323
385
923
302
382
11
272
671
92
514
50
45
761
9
14
1
653
702
338
837
83
281
394
594
508
298
845
3
419
520
280
412
660
5
769
93
97
343
347
781
51
349
902
66
885
5
842
7
4
1
345
1
57
536
52
71
24
23
660
724
378
740
915
33
287
9
74
577
44
79
285
7
3
368
1
293
22
928
776
858
769
46
73
258
0
778
417
683
78
288
0
15
823
296
765
318
892
21
60
349
419
383
898
339
54
334
657
74
82
413
1
87
5
7
12
7
767
786
34
84
797
82
38
10
954
290
490
738
1
287
8
677
504
853
609
395
52
72
57
58
730
316
885
1
794
65
0
32
13
289
18
664
73
795
353
78
365
289
913
21
7
12
49
6
302
556
667
539
356
507
25
2
312
81
481
1005
86
348
320
340
13
362
281
76
942
399
0
288
304
0
99
345
898
776
309
84
26
658
87
43
323
783
292
384
541
81
821
707
661
22
781
8
705
545
2
698
21
326
52
305
9
811
80
883
16
425
90
38
662
965
6
778
528
89
730
64
563
66
386
3
69
312
557
77
346
385
653
547
283
6
273
49
412
284
265
574
352
704
308
32
310
886
4
554
543
503
770
420
565
695
341
71
6
22
381
78
785
380
80
667
318
498
305
681
544
70
952
358
20
325
71
569
88
340
925
548
93
750
615
299
707
827
826
611
58
1
695
318
376
0
704
71
11
839
557
67
366
894
3
69
3
266
64
704
90
336
266
275
78
422
356
608
350
847
11
508
98
100
185
1
355
742
484
893
353
239
1245
496
772
60
343
381
619
4
859
669
91
28
350
938
9
767
804
803
273
662
810
606
292
61
5
482
79
538
804
1
721
797
10
0
0
0
310
284
299
344
0
891
813
0
101
3
507
81
2
368
608
283
63
555
534
0
6
56
303
418
764
4
27
298
706
701
23
365
576
5
907
73
9
892
85
10
1
481
346
824
895
58
545
887
651
2
894
416
622
8
867
717
8
0
665
297
568
714
270
7
1
828
319
289
1
11
616
369
805
3
795
656
319
197
763
846
56
935
272
516
705
17
100
870
99
281
579
3
698
74
601
17
592
720
573
297
14
301
27
465
865
351
277
270
705
579
87
76
529
74
798
868
343
353
298
950
1
619
99
388
94
2
613
10
49
528
674
41
65
5
32
295
706
23
98
382
428
20
304
90
809
912
314
325
303
703
806
52
788
329
383
529
4
707
94
0
332
551
0
764
156
72
91
76
496
57
341
336
862
800
914
3
344
337
30
56
101
3
101
73
617
620
53
669
0
561
366
80
73
669
0
125
383
74
381
373
65
0
610
101
908
8
2
604
282
300
126
4
77
5
29
519
47
77
911
518
655
100
3
61
308
718
19
47
646
530
127
759
83
84
887
23
0
286
779
493
295
82
265
11
1211
285
2
0
455
320
10
92
257
71
360
272
767
768
754
277
2
574
320
370
9
280
1
507
78
5
99
14
2
562
51
92
357
63
388
460
763
606
704
215
317
307
1
98
1
540
289
999
356
387
63
567
85
266
855
303
5
659
971
612
864
5
721
387
424
3
604
731
965
58
285
510
64
236
2
84
2
799
31
4
81
346
283
317
295
62
345
95
93
939
591
3
863
885
294
1016
11
291
5
302
20
73
79
2
21
319
276
66
42
1006
294
324
375
792
809
3
341
64
278
37
295
511
492
12
94
808
55
618
315
658
793
366
310
346
315
72
1151
711
62
367
91
1
907
643
95
38
61
801
67
280
324
574
625
1124
2
559
728
1
299
416
869
652
384
570
48
96
338
141
75
675
281
768
9
887
91
136
497
14
15
79
8
736
514
122
357
57
770
294
100
1122
4
74
333
577
300
82
13
424
546
323
38
884
910
737
694
614
97
451
274
162
1
301
715
772
6
808
85
782
371
480
298
96
56
89
62
0
841
301
694
88
114
843
84
905
922
773
4
193
1103
507
896
284
88
829
882
126
925
552
785
393
334
2
0
42
349
1161
308
499
1
771
102
5
0
36
95
676
6
646
633
90
316
819
29
479
723
518
709
511
1001
376
676
573
539
2
359
527
293
284
40
280
477
306
573
599
1
44
0
78
77
6
1
300
360
916
341
3
710
647
351
1252
595
801
359
817
540
953
257
95
974
774
76
977
459
247
41
293
311
87
994
92
2
1
1090
338
259
92
7
886
4
42
368
260
725
352
298
2
405
726
1057
58
495
397
74
420
49
99
551
2
102
858
817
275
80
900
61
860
664
112
545
331
123
312
602
102
886
287
29
791
2
421
10
895
4
541
233
1010
733
820
830
656
306
608
888
362
894
398
90
766
275
14
291
234
545
767
3
183
553
0
3
893
516
55
322
240
393
523
693
1
403
344
911
710
880
680
273
314
576
305
24
48
66
520
922
2
973
551
621
15
4
757
3
606
789
301
732
2
1317
1005
976
52
56
43
5
342
196
831
817
286
921
123
90
671
423
57
108
96
347
1
377
699
17
418
111
266
502
903
791
856
334
87
4
735
100
761
1148
74
579
11
737
393
1244
8
45
88
479
825
899
91
518
0
545
1
265
311
738
155
284
762
966
1252
903
848
310
304
6
375
462
294
212
0
10
216
814
63
696
521
542
137
13
137
87
1201
780
884
287
415
483
934
39
272
569
273
787
414
811
672
301
320
24
384
114
392
89
324
270
1251
361
0
5
512
1
3
902
5
66
301
287
900
2
78
60
69
854
80
4
833
337
1148
30
13
81
93
639
317
949
356
59
458
354
358
376
15
1114
2
853
497
7
380
5
1214
7
729
556
851
900
97
956
693
256
29
97
808
26
115
317
675
734
791
655
920
354
829
371
265
92
6
799
288
342
536
138
335
1
374
992
903
765
46
363
1266
1217
464
633
100
422
792
4
1057
3
79
96
610
1021
1
848
1149
2
363
146
0
2
322
908
54
780
739
5
389
217
428
874
0
4
560
56
98
1004
956
235
1
385
762
801
609
81
56
45
1158
1318
350
819
6
1202
894
848
583
1
996
7
106
807
93
938
26
310
510
572
892
537
88
96
859
919
601
83
92
780
3
75
291
3
854
96
890
317
177
619
2
821
775
286
899
90
344
546
4
111
729
812
0
307
0
790
270
261
2
100
677
999
834
124
40
298
554
0
662
889
283
807
113
138
280
285
53
346
1015
819
8
947
918
1
4
951
820
61
570
978
311
645
288
743
871
100
198
575
270
804
99
1210
280
655
1221
716
3
943
321
33
708
929
522
405
40
85
931
82
98
1
402
103
20
321
1064
581
774
94
1188
151
1219
54
64
937
115
575
100
548
923
5
558
728
788
39
332
336
260
127
679
381
807
1271
5
5
884
494
289
6
50
2
85
736
1
894
580
254
817
1211
95
504
77
62
7
94
1318
605
827
348
976
488
396
98
314
560
543
2
87
600
139
350
0
814
878
897
91
830
361
296
89
150
1268
910
946
90
292
90
1
540
6
6
283
832
811
8
402
821
3
3
765
1136
1209
901
771
284
5
386
1049
84
1140
727
820
42
47
713
309
765
95
277
108
1014
712
5
1191
910
453
772
313
77
867
1
739
140
308
263
1249
752
933
85
538
600
714
3
1123
520
973
0
1
378
259
1213
798
521
117
111
48
17
603
4
709
586
100
62
607
1203
522
733
1053
918
83
896
900
917
151
384
6
506
0
9
150
905
1
670
645
367
1067
2
399
78
975
997
711
32
74
935
86
520
777
2
67
15
2
715
279
124
721
382
275
609
330
413
112
1266
806
773
1064
941
649
370
1266
293
1
363
958
1263
882
41
7
672
319
1242
964
90
513
835
286
83
1
140
1054
1
2
753
73
700
307
95
358
31
83
912
1273
892
506
1223
85
739
621
977
4
1283
9
929
313
370
1
128
281
86
1249
806
3
54
891
769
812
14
1125
821
295
860
366
1058
5
787
103
772
1058
2
678
998
8
540
819
39
15
717
91
91
98
368
5
6
550
883
809
4
1158
806
124
841
942
232
1264
390
948
130
92
8
571
391
109
420
708
377
4
866
161
815
712
8
91
591
128
571
19
599
779
640
1347
1067
36
296
70
771
1309
306
70
801
389
664
1203
1273
83
332
463
1017
16
332
179
214
1270
895
857
1343
185
924
901
350
1
859
809
846
636
68
98
80
0
0
1071
101
1316
0
821
4
978
258
132
1257
1187
859
1050
1248
44
4
142
970
14
480
372
808
33
933
892
1275
292
909
651
1215
92
816
547
889
1270
505
12
112
1
99
898
4
634
580
678
893
1
423
634
264
364
309
374
700
1276
478
3
1125
345
592
270
709
395
947
572
1315
905
6
945
308
883
587
262
613
12
797
674
816
642
127
278
532
84
1255
639
808
305
89
1125
367
367
480
5
404
1209
218
1
1115
101
1040
862
515
1009
119
174
567
310
802
4
583
860
1
0
919
612
6
915
71
527
1222
292
1
273
250
125
1122
1127
713
6
342
5
828
49
291
313
388
1
1002
937
1
1114
68
33
667
658
993
1317
930
1
1066
994
420
422
365
996
503
1016
522
649
885
93
612
399
294
342
501
1041
154
1124
513
1212
280
940
818
950
99
182
26
3
512
24
930
238
726
14
1150
1328
740
1292
274
845
1156
1044
978
610
711
30
336
4
7
733
24
813
734
509
503
30
561
1059
395
718
103
1138
114
668
884
202
396
790
1224
7
303
1056
2
338
261
1094
1207
523
535
963
2
1058
65
1280
1156
815
94
1060
50
652
282
612
1059
1318
415
852
907
6
211
256
94
1065
184
1243
1219
802
192
667
1228
812
905
361
642
398
975
1087
258
774
681
1178
728
777
101
323
1279
632
98
927
833
99
7
876
105
339
820
69
83
419
967
700
1316
823
0
1016
769
353
924
1095
1277
810
993
635
976
661
935
94
694
1100
2
271
904
495
1062
1065
588
388
400
52
1063
99
620
959
702
9
810
880
1230
714
924
1143
909
798
4
606
932
34
902
989
1120
601
1012
167
742
512
490
916
289
552
575
898
1212
389
90
1319
137
1190
321
178
465
651
1279
895
1272
518
282
642
942
597
1134
1012
194
88
282
300
41
1316
1275
109
9
501
494
525
995
89
834
856
4
407
311
809
1269
288
322
126
639
519
1
542
757
1319
322
737
1210
278
318
231
6
630
896
1220
675
321
5
1
352
1119
394
491
1132
22
91
851
136
3
396
95
1092
1218
766
1274
24
577
582
603
93
452
50
165
794
824
101
1020
1
485
965
1253
901
864
266
601
276
6
88
3
603
933
508
1270
378
586
905
140
727
307
669
907
1280
1160
0
0
375
865
1
675
1260
899
697
849
614
576
1146
1061
781
717
339
672
646
504
8
1240
4
353
990
726
1207
618
110
586
318
1126
815
39
1275
758
893
1275
929
1328
1268
1189
938
328
213
902
861
1250
14
1002
1130
503
373
819
3
3
732
1022
482
264
1
634
653
781
971
42
1241
3
1188
863
302
1216
648
0
262
754
814
383
1269
1075
91
537
896
510
927
1312
264
118
991
339
187
773
1149
541
103
330
3
778
571
429
614
428
974
632
663
5
279
806
1275
741
4
872
356
1129
1263
1000
649
1077
66
354
176
727
6
674
1271
1090
960
5
7
337
4
970
1
11
0
816
423
0
384
21
153
265
3
827
9
1266
861
768
3
279
413
814
6
1049
581
204
373
1315
324
108
982
1068
139
912
237
104
933
822
802
1012
385
615
402
1190
290
1127
86
1211
1113
97
974
887
539
1225
397
1000
582
1287
890
290
733
786
25
1243
1223
886
644
587
622
20
749
386
423
542
636
1264
0
420
885
1009
517
415
1038
664
501
266
947
392
2
969
1142
1011
1252
572
1212
915
1120
722
826
1206
820
814
63
1335
740
722
4
550
771
1149
1111
844
846
1146
703
1
915
1064
861
729
1060
502
682
371
0
278
216
279
1339
292
3
639
88
1141
308
942
572
1017
775
1237
1264
258
1293
644
1020
506
1012
631
824
688
803
1268
263
197
1003
738
1278
715
464
533
589
1214
401
379
393
649
2
7
1319
1318
988
875
271
96
84
1104
881
4
541
97
0
658
546
855
5
585
821
319
309
536
1296
109
1001
831
92
259
888
843
12
1305
31
64
428
906
1301
417
0
515
898
882
96
84
655
2
969
850
401
0
816
271
575
27
2
555
829
264
507
1096
1125
987
1052
632
1294
46
122
1241
287
759
878
1267
1143
810
815
5
505
1247
1098
2
1074
523
888
1216
482
78
0
894
1228
1133
1055
1121
840
510
75
258
261
602
830
789
493
388
1553
3
266
1122
741
276
398
373
923
0
643
195
1044
1208
552
364
575
879
535
757
7
912
316
1267
1317
714
5
584
638
1048
646
635
613
650
743
964
875
4
693
709
1
1229
692
606
1208
608
1054
338
989
1218
640
0
1200
941
862
262
825
1317
855
1290
93
1119
888
928
258
995
1017
1280
549
12
1549
1164
849
977
329
10
264
629
1018
1540
643
1544
883
1276
1117
1066
1253
730
736
767
938
815
786
994
522
571
588
576
183
624
1276
0
621
1277
1079
974
672
41
113
9
562
129
403
536
168
1332
805
1067
1273
528
800
364
540
316
690
376
620
889
1076
965
606
640
0
1554
1144
806
710
1251
665
1059
612
1000
1109
857
3
860
1271
915
613
897
304
875
1283
149
170
3
314
957
573
97
0
415
1295
541
2
856
1174
570
638
921
619
4
425
939
913
278
598
435
108
745
4
110
1130
692
1140
1
86
62
912
523
1264
1062
515
1068
101
701
589
531
849
1214
924
1181
830
247
1
1015
949
572
487
1202
496
1242
963
611
404
1003
431
879
840
837
9
0
623
72
519
869
538
719
535
1112
929
1312
883
1045
534
246
641
259
854
570
496
958
1039
223
872
893
838
1281
299
946
526
544
833
1318
720
610
822
709
420
500
633
902
215
924
567
321
578
1338
1325
769
813
441
816
3
899
914
461
1227
686
936
1280
1282
1145
638
684
98
713
333
1550
1124
544
765
815
1265
593
414
545
