8450.26770805324
7036.841788017074
5192.103438300326
6910.440167538087
8568.898973920841
6109.721881796421
6348.891624298077
4013.821334487978
10851.431698701164
33061.79143511077
5192.699079456586
39361.60640066716
7841.852931515174
16634.07695555318
6305.054322107255
45860.82719770791
6374.612832568021
10844.51023011062
11164.212674398315
6649.424957495796
6837.882119158732
12829.84738228072
4592.103561440876
2366.769845689598
4638.710849085082
5651.154547965866
54984.551123455945
7850.26786384835
5211.594975438109
14918.00647481452
7045.11092572314
6869.116717668775
6343.987801073804
5781.770345328749
14556.842577110614
5840.66855428475
8759.535983215914
10518.059623878156
15238.388451437246
6925.5471954110435
7239.822077380983
12826.217494528628
6931.553306335733
7846.303891034189
11145.925206202723
64711.704382297656
6391.71261084544
7658.351678823222
6630.135104475963
3397.3105058109795
54317.14552566324
48226.80809085284
4596.6886326884205
4575.796323128122
62036.70918620064
12820.958898114297
13161.679865729511
2613.9652715528314
3182.516303684047
8159.536100347596
3188.361949322588
15794.294624639602
5741.880487032979
10837.593727528947
40945.397862164995
14489.530058865932
10540.06051277889
10534.160432254204
6681.268933800972
10867.79351070375
47714.717652917105
6920.581231665503
4011.5953057741835
43491.68670263628
33661.79108906885
6359.225904144102
3780.1267709411977
30440.774890376553
8866.780901677997
6350.872033740911
6114.831589564629
15307.927655214502
7390.36849550214
16227.446424318616
21531.37083298393
49336.38399323909
5222.390648147894
14508.929228217383
11134.202748948517
47626.808623488265
39961.60600800544
76867.55089733818
5791.712683324657
8901.10781421014
2376.8510502391264
7840.358689950803
3817.0207974578534
3987.3401954239625
6039.822284519055
7550.703705853711
6642.696880114579
2623.7541035291856
6330.665416810746
72643.76681848789
48736.384240103675
7840.524546382275
73843.76587868661
2659.979511853692
2614.6311914610133
7437.882032138246
6363.7201758795445
5988.439942373768
28198.248308985036
14091.49665631914
6081.26903440303
6335.226364388332
42827.36313034846
7451.935239515683
16720.39283125585
16127.355341483108
5240.66862555431
27842.17788726837
53672.31557405209
10535.294056529827
5821.036191373658
14526.8056602044
4671.958281438285
3898.8168632848465
5811.594846075514
4634.773332201486
5449.834114091176
5879.501652283104
6635.430620339972
7217.590426410524
38161.60715773263
8880.916714472216
8360.941523762116
6174.177372451919
8971.518832934627
5217.535852449161
14156.621215819398
9182.736542739442
9284.324255101661
6992.103093501295
5834.77319797735
3539.4843205144725
4613.8212001172005
6039.259697709867
7567.780892962558
2643.272050412626
6363.699061675087
37340.62108543106
6975.795860982741
6366.998509536473
6839.329175854335
84143.59437031437
7230.135014164712
7789.953955908712
61026.18247484408
3413.821432137987
12831.296244404073
38761.60681623842
8684.32438380911
9118.348140896951
31494.8946721764
66963.80962718066
6950.871950211862
4609.411239352191
15413.847031384934
61436.709606392884
13160.078841267692
6271.5209962865165
9145.454797491273
12106.546415486006
6397.309796565547
5197.310024295631
4757.169194227246
4688.654254930579
5796.688385753053
8752.022590341105
35409.00534400317
6053.9782762108825
8306.945191424438
5748.891732269414
54663.31162720656
5935.396473217105
20931.37106999261
2609.4347421286175
4285.643733578047
13482.712418426945
4652.72469608934
32461.791852105154
6942.723921218424
6995.51217427272
7259.750490317113
88575.09710348336
6095.176221025395
17862.487567786367
2665.6103974308166
111249.85368630194
6973.690309985241
5154.892688774919
5806.884491364408
47660.82619062851
62636.70868913323
7274.855791934414
65911.70361231713
30711.344627971048
5781.308353488869
38268.84676954126
8963.033333878886
6135.7083264114235
5826.789096875803
6032.471688563791
6204.742004178625
15363.678652411078
9376.80183271834
11380.852802031373
25066.900522000535
10212.019396152065
9186.946111744022
7329.542011480554
7605.654471851613
8932.11818291432
8632.112574734116
5656.222101145193
15328.789690170384
3488.654411700108
6333.520937483192
12828.267881649892
5566.895305087944
61626.182134213384
43427.36285508283
6845.642775128078
5817.535725296125
9568.72555794085
8947.108603961145
5876.2240389423205
6331.983044070415
9303.257068836027
56184.55021668915
11402.21917329229
9050.267634626762
6941.65884504024
4357.370303174309
7278.12799209824
21523.59212504662
5136.882502132608
12830.703058680323
5683.856416636368
8353.718235491297
34209.00596786395
5990.422595014535
9273.231915394997
46460.82679591087
3981.7706218844437
14909.599457376835
6954.126781398718
44166.87730417232
14869.848041412055
6230.276716495201
113049.85257545266
5763.699146366921
5754.126950293871
5746.981325503355
33064.634838183105
7264.444186755296
6656.040533348469
6929.99203192808
6664.093101274494
4035.9476978437283
7323.794078386113
2619.265958487238
5271.958226237433
44766.87701817395
5644.053776781209
110049.85443808093
6429.627748949336
3504.829279804374
6372.969613362728
29425.17584130359
5180.178575709395
6030.135220745054
5129.992257193429
54063.31193990863
62911.70578045504
48826.8076795875
6342.724049966958
84743.59403404738
22131.37064808577
12080.376808206453
6354.126877481324
3643.4054437403806
2605.537895015257
47026.80911031287
6336.403576728951
7362.002044284621
89175.09666092403
14137.375870197482
45366.876759463514
2882.5146974052545
10813.53803069991
22987.248224332983
6683.677265664047
2304.8293744328553
6417.535646997504
69396.74301574728
4704.829119550179
7530.02146491048
7294.6491916554
9844.938713045298
14932.53312849514
4229.38440238678
7598.769452736563
6981.770143741925
9467.167085647408
11085.763406791006
6659.750573883562
8154.634839660631
44091.686366926384
5441.4274512454695
5723.732560264401
7299.292249099912
8858.351340918209
23794.43517760199
5288.654193110084
9608.895301530874
7271.202541678976
84186.1314229023
7277.527061264298
6503.953365284216
5557.3701566287655
9298.083347925987
9790.367976508678
4592.6991744688185
25616.316188064753
7745.796005406382
18377.077827063986
2610.0573294046935
3178.3122365697986
10423.788408014545
2652.338688240275
12463.73629370981
25016.316344085863
3995.512756562365
17481.26393386445
5432.560022278831
6346.9812018003995
4874.122968997764
9866.438055328945
7251.023567010018
17979.494285190605
6624.988547472751
9294.41994542157
67563.80922744113
10533.770273826925
4937.749194655511
2657.2241054286865
5811.762296943358
5727.21159519294
46514.71861860693
4157.169252338857
17047.377830837268
4897.766528222422
17394.018026678008
8243.991354472158
4328.508217564688
40561.605733190154
5424.476173988919
8980.94624408183
7501.268038593467
6376.71519395719
6593.23778088567
17940.686512458604
8946.108603302568
5772.969708316068
3968.4242888489193
5433.317613412269
7640.02184186431
6326.945305925962
4141.127576977108
2783.744844779844
6341.65892448334
20639.238400243124
5396.762243705411
39527.704148633726
5557.852585991125
2288.654501005502
5584.839138834723
9225.84845858667
8372.29049772697
4227.571334265365
19716.633585257605
6405.0168685562485
5914.647412623652
34261.7909955659
75643.76507679801
6337.502755637249
44691.68627296964
63511.70539567681
3222.445812563962
2891.406281604732
22325.386330569137
5335.543344714661
35119.946348196536
6937.502678008476
6674.855867236237
13240.95964808042
4863.301198916614
7832.632260169402
76267.55131091575
6379.736880297854
42891.687117690475
7864.444141392962
31040.77451433313
5711.04513270873
9418.565812496987
6693.113246812914
36740.62139681526
2941.1344706075974
3417.536310672056
15469.847913014795
85343.59376654484
36140.6216890277
53487.73670484376
17327.35507834311
82986.13189645867
40127.70392109382
12996.757788092174
3127.0010544743295
7389.935934574493
5123.4269490732095
7513.263675707286
8218.565990807605
11453.943654205297
79267.54918569038
66511.70349322371
7196.388307573013
3629.5395345313927
6335.445533455429
5446.32767466383
68196.74366450387
2657.537641190159
5766.332801393161
41545.397365973135
3117.4685834912757
5737.921178383903
42966.87782453771
74443.76546424856
111849.85328523716
5205.017087346283
5853.440852328471
3438.7109567545876
75043.76518205332
81186.13283585149
5149.834065193194
69214.8638480609
55584.55064231361
7455.809594249783
3142.8182335339593
3557.169315064302
6931.98296157204
36974.03468655248
9285.264906453538
87975.09754562628
13156.5121547686
6549.586001822228
12476.327595249368
6349.833886318518
68163.80891920516
56117.14452433132
1017.5476637585483
11696.861874809807
7942.825907788178
6884.155053161958
7546.274848379128
20750.253853695667
5304.8290596766155
3874.484878813992
55263.31126516144
5749.834008819663
6720.14196400523
12486.761009920196
49426.807519105336
3992.699222842481
64563.811161950885
24344.225751931484
3639.536529823232
4867.218389549475
4597.2299496718015
6389.140441116051
5755.086270623406
4652.030611243599
3490.0208068923066
49140.04919640477
7318.104920765455
4005.0174207262776
68763.8087394152
5705.054430538223
6329.992113136204
11218.565550311887
48136.38467544531
8235.742997089095
6699.851277467753
7426.472497474182
9258.35058044622
1966.8958266899228
8496.973755267667
53454.751642596
1061.2346083024738
8681.858889231782
3874.027823513665
4709.90078943778
6392.698867372618
31612.187534756435
14927.355642310376
67791.0540236218
4040.6686822646243
14897.337978556276
5521.468144842898
6468.127527294814
8156.307617762952
5481.50777494881
54054.75142306646
5435.4308140878475
3446.7144772765328
4239.822360101054
7883.677155719596
5113.556344095507
54384.55157825651
6454.594541423204
7569.12129973976
6718.104973953904
6189.362086938463
12243.548528317828
57384.549809029384
11103.920393452832
5749.176067588966
72043.76718215118
3546.0174518015915
1765.7417571186752
10018.565705782616
8476.213566435405
11384.802612436448
111438.3697888437
5143.987992712492
13150.894012800374
54272.315126114074
7894.649150134172
6296.649662675861
2624.144656990172
14975.308210800058
2907.5498319520984
7326.626499324252
7541.880264882564
33676.21480410251
1613.0818848178606
2266.9766742899956
1209.4225789483714
2758.693791894949
6651.899001987925
95894.3538056147
2151.2463536980968
7836.287519448404
23587.248152305394
26138.627767440223
62826.18178907544
6064.444348151241
4505.054562045986
7722.971458901565
8818.565913221868
6639.8221686992665
16171.072014799769
9952.022391786444
20154.136061670324
6987.339632163911
6359.3492679507335
75667.55161620093
53463.31216859877
11180.472645608852
6851.935303049397
9884.324202345462
30918.94266021629
6677.527124941332
3949.8341284911353
77467.55042340759
3997.3103581703645
1213.7378493208366
3077.382187057897
33076.21501292548
4893.119533339209
2154.5916151402553
8791.46800616912
3841.1814282129103
6510.894434220994
14320.185573275252
5993.237879648836
23744.22582295751
6577.106911438977
62226.18188340524
23194.435277231023
6675.28140578296
20380.075584907932
2834.7733876746815
7264.093030086701
3863.73180213151
11818.565532930597
10771.233169614421
5723.077227674519
4573.690644087376
6877.265789372077
1540.0187850756006
86543.59351341802
4621.036341992307
5560.653915592625
8483.74658373019
2652.178427853737
1101.3644252450165
5742.7241191363255
10196.387914886507
53469.747643533294
9596.387930441482
4403.560044778525
2895.3995588475423
86775.09822606145
48260.82609710944
6133.580998466454
6870.206989484478
112638.36961628555
17901.563263216143
27864.072956054715
4970.476904219393
11686.017742173077
14269.848207286434
12202.16297953364
6641.717876586596
56454.750462153075
7749.585846219961
78667.54951480414
1460.8259019550105
6700.015521656122
34519.94646369747
60672.03915163559
5245.749332089513
6347.94164281362
52254.75194637859
4230.135306604993
5252.0305875023
19159.957201121146
3340.0187070941824
5636.954066726282
7923.794023922053
22731.370579461236
47114.71812086544
5699.91580299672
3371.361996675281
2993.818496961184
8096.649402193614
16681.67627665443
4997.065665524044
1073.996503596894
4735.543379565764
7496.412292534378
14156.902245326617
20794.435818561054
6451.198871829484
8266.781056438165
6748.356545139587
8170.6959793598535
1067.9893254256426
9293.152317837603
6384.477689438638
14799.284797824068
39468.84629838207
3662.03918311597
8056.86567893906
28964.759515427755
3647.1040746805197
34099.433169548516
5797.309889783771
3009.249584750963
8450.14796853311
6760.307398355985
8280.91682089612
8774.749503960917
2452.243574660497
57054.750290295946
22594.43540794782
21394.43569571278
9283.3375044538
4339.92725455199
13316.055286692366
25268.07550784269
2618.858168436029
21988.983354167838
3796.0654738655558
4150.136814089747
2406.241750446185
58263.31013050151
5477.373535109175
32939.887390844175
4363.08024924836
5090.866777800036
1987.4058216244252
5649.374598863932
7339.787395407942
17443.338916815745
109038.37027402369
1019.9552240762785
6320.581334673559
4242.697116086683
3434.7733670849025
54687.73649362411
16985.333221413402
6355.086194624495
6491.584889129839
3613.8347064809977
80543.59636077582
2250.6460547253705
5226.789141294289
10737.624231859183
5655.990909552095
43520.14866983693
3665.4926182610684
2253.534375597622
6997.309782691988
17316.63414936711
3133.5357924175305
2994.739387094837
5276.224080882495
5593.367501754208
2277.0124612971717
17405.192507394608
5856.803532167583
6157.944166286317
1669.0694255573746
3120.6886121456323
2246.6537149017263
2202.0690078672337
4605.017263980799
4783.6266767623965
2672.515184930098
4326.981908256481
3541.201897119141
2689.0172623471426
9956.307261752327
2213.0818611855484
7166.017174076161
5730.665472245646
1658.3306376617004
12726.424934815883
2371.8201697484587
2153.6365792715537
1756.8323076968113
4795.591595533919
5576.8001810496
20924.574411332553
6059.7506471167435
6321.958068408418
2343.6118767546022
