553
289
306
502
503
548
17
303
33
16
538
291
305
655
287
503
26
290
716
504
42
262
517
543
540
517
294
304
505
539
520
314
333
652
261
552
552
526
513
302
331
669
282
553
765
519
563
33
526
515
376
508
509
301
515
304
514
559
288
276
551
331
508
558
25
514
48
338
773
565
524
654
292
69
294
337
538
549
373
306
613
673
310
34
288
729
61
333
556
545
48
40
64
556
505
548
264
19
536
38
525
540
547
1
19
615
68
305
58
679
560
275
550
300
646
14
19
562
498
546
33
286
336
780
557
651
555
284
16
516
560
286
40
601
543
727
336
510
299
17
550
350
60
39
21
501
525
604
333
34
759
532
319
62
46
263
341
660
612
543
27
562
508
41
720
528
539
12
767
651
605
559
646
648
717
533
738
16
607
730
335
538
644
370
681
772
567
567
548
664
47
672
28
318
479
649
35
709
294
302
725
549
1
544
332
608
769
763
518
703
330
332
33
353
529
349
78
550
63
0
313
285
561
61
340
375
611
773
345
490
553
642
776
666
276
75
5
668
684
28
35
771
532
614
674
772
59
295
519
20
733
508
736
503
31
730
511
340
656
716
312
285
285
748
636
523
554
25
649
542
680
370
45
710
15
328
321
689
736
331
352
601
752
519
716
56
534
600
29
338
65
19
62
382
649
766
505
300
317
734
22
757
56
721
559
520
767
661
56
671
303
542
68
1
18
37
55
4
543
709
685
56
298
550
541
58
731
536
32
663
721
314
711
728
32
677
0
614
41
566
705
23
714
80
48
295
776
677
564
522
541
500
281
4
42
57
667
650
713
649
644
766
70
716
718
14
331
778
610
664
723
778
34
55
538
659
324
567
304
657
73
287
262
677
761
520
509
56
716
491
611
68
761
501
617
5
314
702
3
772
772
6
743
662
657
26
657
713
619
776
498
671
775
66
20
714
718
788
350
71
5
275
775
652
561
0
3
16
265
568
713
709
351
607
688
778
569
772
3
514
665
263
5
704
21
774
651
648
720
588
717
782
784
764
63
63
303
601
489
3
743
335
602
551
62
667
736
787
770
535
558
20
80
504
732
71
25
785
569
40
705
72
44
650
562
591
64
320
20
674
22
927
731
645
719
645
757
20
30
571
613
42
516
652
710
3
30
626
921
69
694
509
783
717
606
658
606
344
364
522
28
767
18
44
536
3
560
672
79
677
10
715
613
526
64
2
81
694
841
773
718
777
759
54
676
82
773
646
53
779
733
4
673
529
550
25
538
494
630
921
565
695
945
494
781
311
496
57
56
696
843
643
536
681
298
2
6
614
18
461
718
339
549
613
926
356
537
862
33
675
39
481
514
69
764
656
706
711
2
713
