3302.986434117173
1886.5314284909914
2281.3189219430915
4154.97587236513
2291.0650279669153
3300.687575036158
3421.4834958197666
4037.004138969273
5658.4046352354535
2558.557793302827
6269.2745623896435
6031.617619759037
6447.030871717587
2837.2317749416343
2673.226549302931
6274.555590015436
1623.8042770292566
3809.87483132192
2321.579136760556
2723.534703194712
1070.8125162281046
3322.683433912224
1746.3635962630979
3425.139813006379
5608.033600622172
3314.32844187467
3434.616791198974
2174.4413796072627
2852.3552975937096
3411.1326459126008
4238.966914936425
5662.269587021692
2688.876653279264
3237.945568608523
4157.782667978648
2278.1360084951352
2881.318908309833
2840.2842015727597
1908.7920100908584
2179.5128647265424
1903.253485976768
6131.6961771049155
3022.205379401181
5879.307209760567
4818.96778615342
2846.5991245425735
4086.303734603976
4034.3397224487094
943.4578512681056
4521.638929039979
5602.95992418319
5835.90066889599
6516.474625737327
929.862208740964
3424.6199769113764
2894.3328573645667
1897.7095875766659
1906.551816337818
1064.1375127519523
3259.605117378954
5879.983624557409
2661.315670323697
3819.538259803918
2848.684746852344
3355.9438811743353
4887.289058814025
6738.997767675836
4955.302345288029
2850.6961325466114
759.5137195860101
3818.59975650942
2884.527215545534
2311.1814888303243
1858.124964311191
3083.775845535134
5847.03091559893
860.7441411985233
6124.2760683167035
1896.27903536234
4610.941080951972
2693.6617496282074
5669.2745857359905
5672.374275974111
3311.6941140600447
2664.7445259990695
3338.001401288932
2842.4125723247107
2848.658235425076
2322.8392006253684
5706.256036113793
2560.3411654521424
2737.424292080643
745.4822536619163
2489.417745396409
2666.466450971096
3890.372294244618
2991.312531318901
5714.958843622188
4003.933585844743
4608.019964602038
2570.2853379209428
3820.7145107723572
2657.89397136953
5181.82942932113
6002.406382092159
2684.14728009057
5530.6946113840295
3817.980687197437
4437.945540152751
5059.605063797287
5526.404768772379
5656.050321850584
6009.423583220542
1348.8278525793685
2321.077510317379
2155.9439432045347
2503.2534654777173
6128.543394259972
3969.7601118727057
1060.879622375049
4242.24114337384
5302.8124554680535
3264.744499359718
5586.903658970975
2780.699814740538
5851.468811414068
5479.205931842126
4459.605087456443
1267.3880194755095
3236.5498343291933
5137.4242320613375
5271.152153485664
2600.1845293078572
4163.478382580038
2316.4328975454378
2760.7567414597524
2177.780788333121
2480.2024455751716
1521.1832141186665
4030.650229230686
3822.0720265394175
4658.995807176785
3785.1742896869337
4133.968437238258
2199.1877840768416
4817.12659552064
3325.2785106078577
3546.4452900003594
2170.305792176294
5658.175878988116
1248.6417142761836
3321.6389548646075
4784.045451587769
2449.9249413026664
5064.744447696788
4644.225125441705
4841.829813342877
2997.2136171096267
5070.713077715727
4874.268577505113
1626.1519265507204
762.528605915419
2663.709038072052
5605.498746990465
2109.2762029686883
5607.432995037728
5952.928254898253
946.6709675335367
4418.599742267103
3622.2053408580623
5218.467255256585
5615.328011142432
3045.111720153638
1448.488386495778
4631.875771839933
5554.23354456317
3874.6407426093965
1898.7366123894578
3536.3065045949716
2671.2554574538367
5709.48031607628
1999.4192713936138
3414.584586354597
4913.8120566712005
5239.668057063062
5503.378311791846
770.8129428625108
5719.469374582147
2481.7661927706918
4732.485714945439
4520.554688019086
2660.073668736086
2596.6097548648413
2694.0534069029854
5612.884056010422
3410.941105226484
3268.1917331916347
2595.3283663051766
1292.2549649635976
2987.0923783731405
1521.3379958577839
4566.854192298349
5617.254972839697
2191.238264712486
5587.5616598027445
4955.021436138309
3668.2489677718113
6132.639597078789
2295.3445533240015
2326.3270866448565
5083.899170912757
3318.4965084674473
3984.8411903815672
6075.3264783740415
2312.9417984665083
5661.151229751845
5475.923249588113
6378.336121272973
3784.1848568021774
2693.018797832657
2460.8977193958635
6208.0335527010575
5471.19497958705
5725.278440822907
2314.0102818172577
5073.932160548905
741.489140714793
5068.19168283045
1621.480072171546
5057.893892547665
2319.721621117734
2850.5257810004014
2659.6051426574622
3452.715515112468
2233.45484593156
3629.983780316652
3672.8094916430573
5184.841148346447
1799.5144871374205
5737.424216859073
4006.5319278877973
4875.484443852458
5607.985340267707
4433.701072117233
1742.7517665592231
5797.8323291744755
5251.468837561583
3417.998478911704
3308.4289979600094
5214.327594356787
1524.2031430508878
5550.515869845372
1996.609778441195
3859.6051069224336
5063.027465489081
2786.8183007848083
5203.933553954161
3294.05338625242
1308.7920328068622
3756.772076062484
3542.0013488520017
5882.573497252623
4945.432319318215
1887.1860123065458
6107.9446512065415
2478.2377855518253
1992.3197507588525
4786.949135481279
5227.834253078342
1435.06358596552
4818.866093478525
4031.2601240162185
3243.3263448399584
3271.255443565145
5134.563581391507
1901.1887195102995
5205.740193156604
4841.2654664070205
5704.600399827058
4470.357141155735
4819.642450945806
2475.8781905467913
4269.597999402118
5394.729082261037
2324.9473160169346
4662.904806982284
2566.373953763893
7949.645798613192
949.8722103852759
3267.431628392164
1635.2670956384522
4766.179066227742
3318.1422405902163
7907.336801710463
5121.638915209267
1067.47298441639
2714.3284833824678
5513.940505954253
5209.270594071812
2322.081799317864
2752.491982161688
4435.133984126576
3864.744489650856
5543.088473557091
3592.300811221613
3495.6349938775465
5524.2760882915945
5702.921308674511
4720.466455714706
4840.780473075517
3833.701090075855
5235.307189152124
2319.311404399828
5422.36637019425
1167.1629429199477
5552.355367853064
5528.5434144214005
2665.5595242100057
5008.033637204499
2237.2318067872525
2485.780441843233
3239.3220966709287
2482.162207163897
859.3842825624762
3817.8160865723853
1624.0142870638122
2698.4880462693454
2326.4552635357227
2566.737097838834
5994.410722963409
2760.9250408164357
3275.250683125836
6006.07137171534
4859.954823885086
3266.4664239753756
5868.723291718032
3391.548430826027
1357.758613298846
4825.269241860327
3925.278494049158
5871.346574294238
4948.706463729348
5132.3872920818885
1628.5217745182197
7373.183006178582
3428.6402843514757
2451.6012198943995
5803.871634337943
6383.037887880812
1439.2938287225393
2825.1398475227716
2271.4681801592924
4442.011027127041
5148.448298206632
2487.185987472675
4044.2251453554086
4752.928339763657
4537.424243480729
1525.1992660236485
4272.80947482189
4954.233565386383
2471.0238100672636
2996.4918938451224
1027.6070623799826
4094.2248540756073
832.5413827066349
5177.747846517165
1640.2092035243536
5060.791184361424
1053.1584527954296
3576.728435708789
775.6329228537231
4232.606035835172
2667.4316441771034
4631.2601099496305
3205.156409411758
2887.781188426368
773.2698378429822
2004.9492371020347
1569.716062698063
1158.2115847060893
5830.829707694651
5660.244876273288
1618.314798644756
4817.251426610924
4417.816074650795
5407.786597549723
2150.3455340811815
1506.0797422759165
3587.0923649926713
3240.677107130119
4615.440291309482
3068.903085092454
2439.793362784957
3048.6416192277156
4031.8757864238955
1572.5556548125471
5828.588040589355
4792.775068506352
3397.8621589042864
5279.307220904182
1437.7608916064655
2821.4835313105214
4038.1258063032083
2830.7681442804137
3289.6347165810766
4029.8321234495065
1160.9926463842858
2317.205445304926
4518.49646642654
5258.995787889125
5329.907964052315
5667.5320278994095
2725.278556415278
4123.005896281108
4047.159639229286
5059.216375693539
3878.8067394259747
3369.4295289634906
1381.8510096990892
2852.7155377164363
4525.278472768538
4985.1954407027
2000.8171569794583
4417.980673894205
3450.525775267899
4651.468865524876
1202.8650408385445
2173.249426718591
2987.2337654502408
829.9493432144855
1441.2284389151466
2724.7932398144226
6113.812010935806
5716.647490724651
5308.217679192498
2231.8488931312086
2841.3336160887875
3528.2456643187106
2755.8011412776095
6004.237565370488
3954.6779663573957
3701.920466238631
5119.469390052711
5414.807923332008
1153.7442144794718
2259.4996326640144
3446.599098187219
1306.5518390922812
1474.1747000956123
1998.0107183769267
5472.866166543804
4155.747534143284
2206.0468947791383
4086.4601024306003
5719.491406676131
3524.7029731338907
3639.432217410761
6501.5099192306025
949.8375598695097
4789.0284093641185
5065.304725375811
1446.9676280264518
3427.8398003410907
2658.289598016783
2273.384644654507
2472.2133197845665
1717.5444280587328
3537.8903916075897
768.2160535659302
4919.158570955904
5009.973518264303
5638.887229844135
5609.9734999986595
5431.402656398564
3624.8368304505107
6145.472060809214
2003.5822244313226
1057.9649585137988
1442.3676434083682
4788.43178056798
3212.9469106884935
4140.53064040433
2791.238252020854
5701.242267619111
2287.2128708504047
6119.158528191737
6635.683586941146
6219.2142272116935
1440.829811909989
4152.201490234761
1719.3114162767297
5818.467232905411
2169.716030882056
3782.318973499067
7833.273678927534
4872.36971556172
1128.8401071995193
2309.4127004511756
1133.0705873381507
5322.30772029949
5540.218922927475
2328.528013620549
5002.228625540784
1330.181326197228
1845.1117809459665
2845.4816333797626
5835.307166725367
4979.72448168515
4394.11181380009
3552.741899058605
1437.2554266375507
4450.851764339356
1684.5272560159538
4522.074615162514
4828.508533291573
3403.9336031587486
3552.201533985599
4660.446678570138
6001.990321576947
1991.0420108062522
777.9414049557895
4250.894046907158
4676.4048172169605
3521.3336751922507
2287.7812008629853
2285.734072245694
4629.165499622886
1362.3326498156302
3510.7809901010432
6133.66324935592
4451.417554253973
3667.165197335061
4466.466397088998
2073.2265830868087
2110.3697821020523
5058.404650195633
1171.5166963895622
3971.0040216442744
4950.515890497646
1510.197766268941
6298.884004118497
4686.192166949449
3269.32776308495
1730.5511803129164
4787.148719080852
2061.315710147601
5404.280059869277
1388.901208093459
1526.1893341893112
3902.6340010029066
5688.016932501288
2305.864207624078
1824.8564587069595
5421.688734387029
831.8511043419586
2317.5444162983363
1384.2921273404827
2866.4494276138635
4870.0354930973945
4086.979212278138
1739.717516821503
4618.467274641103
5109.48033514658
850.8097057199234
2000.1845426286852
3530.121211633149
5416.381339173284
5269.455849566623
5729.1059681422985
2584.7827291458575
1998.5545611520818
3974.11247972353
904.5441941605216
3319.4914744031025
2828.9546933615065
5819.697253829462
3039.611381929063
4043.362721523078
4189.08461825989
2766.582314473163
3799.8744943753045
4811.009335729507
3293.661740480234
5427.834368325549
3261.3156445536756
5585.1954247089025
4726.475187919112
2122.683481394607
1771.8305716830473
2301.2919015539787
2839.2785760542743
1346.3685391846063
5387.227070260492
3019.976210480588
2414.4844426146046
2901.643171552331
3948.448341446262
4755.855726741646
5077.097776085242
5548.70644330704
4696.951367419265
1523.2018072481612
1505.9531461186061
5720.55465846388
5955.74750080578
5425.26921532525
2243.8682841661953
2926.4435010812304
5450.8962816080775
2755.947481572384
4789.440610279925
2821.845690432539
3671.825525294717
3526.4434940639712
5015.328026932858
4058.9958160891074
1308.590959179481
3404.454484356954
4590.762950746924
3017.894945371391
1065.8774390305423
3039.7933437731513
1892.2549401384854
5882.296859166777
1018.055789077868
2743.7827327254276
2204.505907366326
2596.9369764271037
1678.2742361073433
5417.126562118268
5309.49173838589
5805.7401698958965
4804.280071420419
6215.328006107982
4465.128272251735
2703.6262010551595
4986.903677496384
2318.1603417202687
3008.49392343241
4008.019984714955
2115.972882132513
4226.747239630464
8104.329710679143
2474.2532807467583
5815.887290301322
5377.927330530073
2705.442907893862
2089.944463859025
2263.234543687248
4947.52546804379
3236.7407477759652
2843.3992413635647
1993.75097847964
1219.9693839184758
3951.760918549524
5087.325065893814
923.9412126765487
3734.764769079465
3050.4416690813487
1621.7406734293947
2001.831100570899
5707.015785106541
6378.012976368873
3008.8939375364926
4901.9204361323555
5670.713067735792
947.7848721511958
5230.829728236532
2307.3235335086865
1313.793843848849
5813.121632665315
1851.4260339458167
2872.544855109538
2934.8503781975796
4791.33918268805
2934.088059462458
1014.8585206156115
2094.0534567133177
3258.2895776607725
2810.941128811286
4890.878681293717
4660.515108752744
1627.8365240819387
5056.05035228354
3486.3037603544235
1130.363063367157
3272.4557720293587
4958.559211555071
2822.8356340918654
4660.3927890487375
5384.0454277688195
5810.977591538021
4436.54980455123
2488.435786810058
5866.077990683641
2758.444187942945
1674.4696047805924
4457.89391617687
4039.1115585102057
5141.322895496964
5575.1907274943205
5470.035470554449
5876.530601750998
4160.617425762956
2803.9336189340315
1498.2376926581949
1146.4459663435725
1009.0549659122661
3166.3739464472214
4009.4915367036333
5708.2233725826345
2811.132684057537
4371.958429180609
1026.1519411978306
3369.715987800167
2092.7268298284994
3504.4090649053433
2294.3328684601734
3832.251532890112
1009.4999953481793
5517.482827454379
3396.5340122403218
6011.009309210869
4671.152172950892
5415.990082507327
1933.157103175649
3823.574958486926
841.2284445523908
3059.954895694697
2319.8757072508974
3024.836868737192
4689.735870336841
5219.697263490268
5063.8508467181555
2930.121216660408
4876.498740414843
1020.2719498781025
5278.994497413781
1724.5906444408486
3919.491458018276
2598.5545481256577
4096.988996429698
1851.6012402636957
1873.202190066458
4396.039175962262
3254.6651860793118
5311.442148049134
5797.709019519168
4660.250343466707
1765.7631191495743
6488.795351357498
4089.0772968203205
5062.269616598688
1869.2105015799805
5068.015307342062
5417.860014053561
3448.6847405066364
2732.0257840659588
5231.875757981225
993.7058681503372
5389.028380717547
4468.1917071763
2228.475224562871
832.1728367070033
1715.7780885235716
5304.447277457742
4159.671631411538
5532.855989612637
2709.019665053234
1301.1887311917917
1016.563298502166
1935.5809151583612
4727.945714134642
2923.88235393213
1995.1762078455479
1015.0686327483467
4945.432660415758
2189.443152037868
1512.3090187363466
6159.404428017454
1061.1384066773542
2233.8522269734904
4620.017727873891
3445.4816322405686
1443.8221884799277
2247.5969351683125
1555.9439716884606
3450.8587885904726
1927.7687451367044
7028.587945009162
6212.884051405012
3089.1766794224313
4356.496906866659
3019.0079889954422
5231.260095264838
5583.512718203204
1633.3840161606147
713.3164511787594
5005.498762248246
5389.628503259834
3006.4915070401144
5504.194345826422
1165.4037809709266
2448.256516725248
3106.441901294849
6215.607106882443
3023.0480132202256
2230.76815773518
6476.927125751814
1031.383845754442
4825.373462332452
3981.8294535677464
1868.9719749813567
1570.7928608312752
1191.7635892892256
1887.6119451480356
6301.2422591544155
3023.6022346997493
3018.937944721304
5542.9536874494515
2921.45532927186
2877.8240691348133
2788.467945188393
1614.2907706394117
1030.9057141138553
5394.41074018185
6664.3571348885325
1166.3540088429236
2478.617623530324
802.4299749691438
4994.043059666476
5539.526422040289
3410.8501206066385
2123.112878734729
4467.293587493073
5019.937369334905
4789.887803798196
5947.184326594457
4378.013972650713
2432.6490964367367
3101.92048721901
5063.872615569398
1087.0403477442155
4706.955752406328
4802.312734478453
2572.6415718450694
4978.859138219891
4079.4016774146635
1627.6892611648134
4729.726011952708
4897.190780589083
5498.336524427491
6166.583859569739
4800.897468804537
3680.1574036981483
3481.8219631356346
5427.441071230078
771.6488382399389
5266.885899557865
2104.170469294073
2303.287892461153
907.7319884554829
6654.145694686259
1724.3147958241711
1681.3189505914092
2745.293689910358
4023.152653185014
3263.0275178471707
1082.0390306304419
2637.945593131804
5058.1759091816475
4385.429796213495
6202.959921559603
1125.041646091402
2875.282755164841
5276.4047964058755
4592.486622331262
2110.4803664583296
3090.198734460493
4787.747363483185
833.1316853413053
4071.655360416579
6104.623329688945
5410.026820770402
1726.3270989464854
6380.673568634788
2934.7112607242875
5482.958378211271
2846.8254957567387
4660.48559192939
3736.5089833840557
4687.946977030188
2239.880255348128
5012.884071728736
1958.5578636438117
840.1212118464906
2917.8952457738114
4983.512731648531
3415.3805998301536
4932.856005632406
2064.848028913826
1934.7808594697215
1509.276211421979
5415.048835059874
1871.1789367801186
944.6259475619802
2269.5776987915315
3843.129592697788
2334.7112673674214
4915.3334277558
3348.4483590887244
4544.253237012244
3874.013609973681
3446.8254887003277
3443.3992401575633
3958.1976408074074
5325.159597405585
2144.4889447363284
2705.206658076023
4790.862287382722
3037.2409721967524
913.9863343962431
1633.0281754214857
1960.2920920363977
3744.0276024156874
5255.770546507834
4268.248952207213
2118.9126884615202
5261.066311490651
836.231749696227
5814.327571706471
6431.88000223332
2170.792840689731
1438.5879684890317
1629.7726118481492
1908.5909411411378
2636.7407588343463
4834.575334220413
2098.1697793764247
2132.483446820995
1378.4205501187344
3801.3765196213353
5904.918194522857
834.8982492966975
3411.842928962463
856.4998820091693
3320.5547201916265
2882.473015367717
2960.14309117715
1636.0209156064268
3082.162197242098
1160.464935063614
1377.7370128678085
2826.8502971748017
5000.457768627451
5721.638900923896
4660.161339555248
2568.998803474556
4130.204979311664
3946.9572416260557
2428.6009590332214
2820.8629416502245
4090.9916489601146
3434.4206732396287
3551.7717030373583
4083.5321607157916
4781.756375598918
3041.829886918901
2434.5776757082035
3836.549822107115
5596.958652018148
3332.4833937488934
2990.302022739295
2824.8333219696688
2020.724630849419
4788.982185409146
5276.530608524229
3840.6770983240626
5252.378276952381
1445.098636651202
4237.344162006501
3374.1124866143487
2509.3043273580274
2937.4783559711923
3785.239550557454
4035.3072108227193
2207.2823300669875
1630.7681676802213
1254.566594058843
4956.09598228179
5002.959939119872
2418.159963693983
4995.788275937887
4787.889471311415
2801.669500430258
5337.186636385864
5278.222305357652
4818.907350406644
2749.0597726963274
906.732480137685
2725.330661685119
4733.19181389234
2507.128747110107
835.0715665338556
1830.7669703195245
5023.903593680225
4727.4182990077725
3597.4283000956634
4723.953401640545
863.6663421032831
4955.88925744802
5409.431181019604
3494.1259273607066
3136.557018778551
4978.595226514512
3019.8841667118463
2726.180031901985
3250.441090007528
3741.099868833172
3461.151650576427
4638.98554924534
5532.63961736983
2417.3425190576086
4632.592280423287
4809.431188359764
2709.5916047517226
4880.947405181179
2554.3798416955815
4016.989371476486
4388.11147517376
4793.518980392719
4160.799014676966
4043.1090583586756
3337.4127915372264
1030.8589248583985
4520.890585007425
3247.2148917677646
1326.336717300424
4794.214951466845
3964.6763215358164
2891.065016192861
1127.6763719075257
2422.2054091332375
5114.958856814865
1273.8968432387624
2938.2231587141796
4814.807956736645
1095.5190745582725
3868.1917240024177
4306.896366680593
5714.990193117789
4410.624190509212
5674.555612442837
2769.8896342789835
5935.501766214416
2706.9151088997537
6469.2973151222295
3346.5144903569453
4995.418065267045
4467.834305360578
1150.6491389533976
4989.618016313169
3235.134015205167
4975.186465702807
3013.4019071238677
1956.7837720437717
5853.66826520053
2843.109087039783
3963.753360246607
3020.4972931633692
1838.9974700034018
2714.166372533274
6299.519146453888
2898.4186141408763
2271.9838559657715
5002.81287985274
2809.4915665253156
4286.949707767568
2248.790078682575
4977.462958700617
3438.1258215020157
1187.241176523831
4627.80875102288
2562.383141856851
4390.775011128781
3262.44012147675
2928.2456703883745
2968.881500827548
4376.942000292597
4373.785510496187
1237.3852666075231
4514.204952015248
2798.849165184046
1249.8939965839047
1721.579209540709
2271.215048046478
4871.19500359792
1995.328378699407
2121.6390036076004
2819.88814749228
8147.657296318673
1043.7203088115075
2082.433547862689
1789.999311230824
2581.2700873899535
2312.5573722977642
924.2031607301057
1366.7371195492065
6811.754376300214
2921.3336847303567
1298.7366255833324
2084.4498131835144
834.5696678167127
5085.026679231717
4515.420764710743
4581.8294497860525
5880.44131358691
1869.8642041268502
1085.4522145504645
4039.668101536683
942.2324145789954
1458.5203391480638
2197.509319998557
2462.7933528956037
2991.875742124757
3168.998803459475
5152.5817276681155
3842.0110438762526
1145.173674502317
1414.5623592814675
2935.876860885525
5661.315583056972
1874.2533006490853
4115.777640744864
2565.8934515764895
4315.978255253272
1452.4323813713
5201.66062835562
2397.428372227818
4993.086479020564
3515.1994034815416
2094.6499001636066
6635.1509898986005
3466.4494131091315
1770.710409680031
2640.6771312233445
4719.075946981467
2825.839505119757
516.0858469868
5308.851884944257
2125.27856457847
5185.633671878429
2815.295484260401
2834.6168116814815
1556.5451999845718
911.4413592192565
981.0137969744976
3278.8697204831838
2010.3674499126444
1746.4074292626115
4175.902813687651
2720.5547630344895
3786.0879213713442
3812.387355086032
4610.850107509434
3959.9853012230146
5486.494416556517
5244.467947538047
2990.6564475015493
3475.9040341552122
2419.461640085836
5324.233518159758
3017.3750243757904
829.0667518512743
4234.641025460449
5120.274127819957
6128.825022679049
4099.244541438858
1875.3817780833087
5666.466365807627
1870.5214791374494
5305.702285467282
3304.9815592262803
943.4447136682368
2242.4126241793747
4187.148746936311
1855.4323794231507
2620.32170785969
3919.2081639398634
1078.549070226452
3089.3944169484016
1837.3852514592136
747.7652217274797
3961.5464219705696
1849.3477260401178
4378.5606925936345
3605.80132597521
4790.920464400954
3858.9103318213342
846.9676383256174
1705.2968055984559
4516.704900875784
1159.5967872880105
3858.70175231906
4802.406413598857
4155.078543743879
4125.559869678827
2955.15076374822
1396.5969935362082
1614.858515557069
2429.9838164327493
2680.8479108198567
2172.2844257375527
1684.997749962905
4109.606899748642
858.9686309066244
1687.78122697751
5827.547531762272
2245.4816556413925
5406.07139115682
4235.141360583384
4245.310603568927
4382.268358462702
2939.5670994545976
1685.9109624433734
4903.190924770657
1083.7662321101084
3576.6853167154945
1862.7933776310883
6004.2800408030525
1574.6599422472118
3870.357160142089
2079.9370276630784
3838.822950922832
4130.121207593868
2748.2999389619818
5085.827605626066
1716.4329680228104
3881.1302234526097
1144.1882639874364
6637.910527783463
2827.8398147412636
879.5687945180498
4796.267073295096
4668.332849656578
4381.934949173334
2710.4410446706324
1672.836351039029
5266.1579666051975
4999.767297170022
3319.469447926815
2269.576423755422
2127.040983800316
1508.802965387008
4662.046653690429
4287.491714799525
1190.130040421197
1788.7067280720894
1152.8889005992035
5426.893921728323
3048.4577000587324
2901.388685775692
5459.954808444584
3015.8177046532824
1792.7759740089953
1798.997170029046
4903.22318398351
1631.3838304108997
3345.2936762896675
1875.8782136162781
3483.1447721417767
3741.613042334044
1881.7662160067373
3787.674905417618
6436.239981500687
1722.0818055839054
1081.3038435584738
3138.492065986345
3871.997687706489
1012.7871096894766
2719.962707601399
2102.986479747231
5857.868535670938
3743.705738147698
3174.494304216739
1429.0773404263284
1445.1776205400708
2320.567518409031
3965.7037378263917
3384.8412090782163
1193.122606940137
1837.212762864126
3682.162196700041
1789.351890535384
6579.893072199649
5645.878684049438
3021.0080707695015
2561.9627703501437
1399.4765869644589
2305.2967946333238
6534.976612565626
2169.889640412262
2108.802962606518
931.6295315825959
2304.091830970777
2251.808240841598
2417.894972452382
2176.0468111595287
3252.697544177755
3006.5308898035455
1872.5193971366623
3339.096925424886
3197.9766608082236
845.0986420356355
2156.545188818503
5148.769961265568
3855.8221127274014
1007.20636362463
4112.740611691466
1441.276523155456
797.8947059780135
2174.6599273943657
3635.1413775186284
1023.8786427579357
2092.155441632759
4611.480317002226
3181.2700856538936
5388.300484565806
1477.2563316557048
1192.2467857882696
4518.0512345029
2227.9890662045414
4176.509115215774
5424.085289178605
1163.910827377812
3879.644176761523
3627.7589745132827
1171.2681272683542
1276.639270034409
885.3281289819222
5499.627434194651
4879.622616272793
976.7120937588115
1611.1148376514489
3212.8117318381674
4390.968374002703
4635.3525178292875
4052.458799442723
5482.902336329413
2064.7445674686883
2808.0200166715595
2275.3327504493077
1750.9892312626419
3920.1959626666658
1521.6390124854875
5607.913960640247
2988.7067056794845
921.1832332490404
3302.6340262214517
3447.1596535081476
5304.121580650613
3886.1243885090516
5151.322592670261
4181.404418299709
926.1893502616551
1793.7840564875612
5788.162282396712
2077.4889722070902
3874.7031142396277
3861.558630759314
1078.415204866967
2392.3008847861956
1248.9826074598288
5483.13042135671
987.3768837614516
4234.643826054081
4603.871671212499
6484.144086327703
1194.0604314578643
1519.5858854016456
2983.935266610867
724.8146683761762
3076.2585032578054
2433.933073791893
3018.4200007125737
1323.2202227050034
431.3838545321566
2299.3040653679586
1832.034062525535
4696.857255102609
1004.9636549160575
5061.315591555073
3234.6019572955292
3220.7145294114075
3805.1016587486665
2391.875750341935
4940.218952240013
3209.6910726420624
3745.7515527252203
3320.83343642453
1014.425962903206
4617.085385139153
925.1992829630307
5863.385954284765
3538.2231532057704
4422.882618374875
4386.90368430778
2389.999295170005
4623.177357269588
3573.6091971310957
2122.501391468933
5805.602804811546
4285.104329562311
3918.496489243953
5126.277808083619
1800.3311695962532
1390.7167060531578
1506.7317891109726
845.4387342009437
2990.5522828805324
2084.1473295220094
2723.6834721216687
4804.9460700572245
1459.5249704476946
3618.8567410146
1406.5726695342012
4353.49936998445
1069.2545491963936
1742.7763149483276
3770.285326486764
2082.8462585068023
3386.7467083257147
2813.191176030888
433.38404145449624
1252.6698816952146
3152.510704328626
2727.0459607157936
3809.269203150712
3463.9111637776614
2224.8333360225297
938.5830389935204
1681.1660547693714
5985.429540225513
2432.687477901812
1855.3312564435328
2714.893648200359
4990.770417653438
5548.930043848985
6140.945587239468
3194.1118292630276
4062.046669049299
2962.1526403439316
401.7931142203213
3023.1752828290178
3590.001583576394
3884.492102974464
4782.454963919549
1553.748861060359
5439.580402106001
1092.6506372348629
4466.042784710146
941.0011229403506
1890.878765605677
1034.2552705742448
1009.3834803049551
5663.02745741253
3090.369765549821
6218.8318099604085
728.5414183405018
5856.853342954994
3878.555963566941
1586.7368620011325
1417.4815775365125
1189.2354066940263
5419.1542040016675
4717.1534749618895
2487.475024688549
5323.613391051864
1205.1544053988666
3253.8394619365363
4270.035513607988
2148.299941972215
4998.0676012617705
1584.8412398052715
7588.810201693085
3203.212966691721
1029.197253243915
1501.5501450593415
4609.270616430215
3363.3919642706587
1004.4619206637642
2196.5875811674646
2714.855637254404
1033.85225288393
4799.712776746561
3560.143083370288
4659.069841800931
2847.159666275459
4127.900431434598
2087.233711745421
1136.2586431759576
3017.659471727514
1633.0426122376082
1790.6564713676582
4742.00131655868
3230.2121275598033
4643.109037969479
3007.0567425147574
4392.482939119909
2432.0340526251643
4151.771693281396
2398.8457480968427
477.18848612287434
2839.525750802342
4840.099450542492
2543.6157702260825
3883.0623384189257
246.14538090214137
2223.8318404430242
1446.8020937964557
4850.8940463478575
3661.016290418141
5285.794353439866
1676.1134875904704
941.068289552565
4188.291946884944
2899.4030596622774
1106.3937564028538
3169.2177348673035
2234.022948365771
3576.839309585463
2892.3518167266684
5330.572987691924
5531.958407212113
3574.7001234236777
3430.821885681618
2422.5450486416194
4053.338027733769
5612.294803254698
2072.702004416178
6132.8559693642255
4100.155191751685
3038.1158713596365
1079.8858026645657
4841.83935149745
4081.961945406811
4877.525907193932
4724.939074039129
1624.208678827612
4372.253015491867
1510.4803697174057
1268.9719889989863
1075.397143543589
4866.738734245591
4118.4973001178605
3972.565420425461
4660.274144886834
966.4881783828849
1633.2948125661144
2268.406851269376
1173.0197315637754
2520.8495010452443
4311.407753953083
4140.088511525024
1870.1264161513789
2635.134039856375
7077.868619003347
4620.07468037628
5401.99033567463
5046.579790218761
2092.3140319567806
1815.0489550250777
2797.8621695002116
3457.8968310967316
3062.793350563607
3143.397925283541
1464.628441330292
5479.626927339282
833.215139951137
1000.3609057539009
2924.7029810290387
3872.597937313115
1115.0810285832001
2989.174044047146
1807.6529826278932
4527.481794217406
5180.622560492066
3984.7559638277435
5326.678200341328
6166.312607650441
4241.839381430117
2975.8330106338876
3534.664772415256
1058.7861954880564
2941.865715697216
4136.306492093951
4733.643208810954
5987.2270619678475
2612.2506230168356
412.7871282279839
5664.744440062626
773.357973905492
5070.287067609237
5688.790282708747
2591.041985925592
4729.461088921067
2087.4462378717913
5077.482684187819
874.9664332735356
4237.732548563345
4917.482840267105
3813.1373766244665
6194.2812360071985
4035.891446290459
2028.3659245933218
6210.441664897258
1034.20215133611
3213.1373806042066
1560.7568127052762
2630.2121338312886
3212.8580049499865
3525.131691320515
2807.2823267085505
1700.0302326947428
1968.332153255465
1495.876720227854
4627.834275358739
1829.9838226284319
2147.4553987282416
6258.404610776096
5329.639661775016
2796.534022144092
1888.4358068011074
5998.226751808914
4697.831791828388
1671.2150496078714
4097.188302895635
5038.88724081804
6584.917938401703
1082.1894389485756
3131.1025938894395
835.9757349193409
3813.3801664879074
1432.2765580183875
1833.3231658985749
1156.8567573094772
2233.3840066513762
2725.520571308906
4199.814714219223
2188.9576611568646
1653.982070831151
1128.2369823155525
3044.961154761251
3875.125625489587
3372.732187148692
3254.986886588604
4157.752422536055
13792.91156901153
1119.3723866314772
4624.681159938291
3093.0992279355787
3892.270024115528
4156.97693911094
4875.923271584254
4214.75544913679
4789.628513518422
3581.1736548216318
1603.9336337498282
4790.066438852074
2892.860933564896
4122.702126481772
1327.5310437594894
4831.682539096777
2160.925051970412
5429.983702481238
3434.055707286251
5122.683402543491
5867.941904475314
13457.336156216614
1154.2091817176356
5885.794343553126
4149.462588184937
3483.5860355536656
5984.917946544406
929.2706364163944
4941.099852009425
2993.179821846118
3375.666127017807
2245.745011372656
3749.7275477071116
3608.458970729308
1487.4071851240722
4627.067565651117
4792.752663626402
3478.6607874291312
1347.7764892355838
1129.4506971865694
4726.2649553311585
4129.975305625847
5504.27710411418
1391.0420254075545
2087.970475556232
1630.3358526580696
997.9540342990906
1623.7088014140775
1151.5829597013083
1071.9108179603463
4941.6704429895435
8048.839480258906
4018.732983266842
4383.512733454183
2747.506049522169
1073.8792609430352
2078.113890133192
1981.2700900948325
2955.868264572482
1675.9040581894756
3209.8748582122334
4489.460781730481
3444.5173569076965
3681.9534308293664
6319.469372912563
3372.565428452702
1626.1061133918015
3589.8459613065334
5635.20886331081
5002.5776514683
1923.2201920270847
4275.860717879613
1350.8950574154528
1996.5969864506148
2716.66382177074
1688.432373132945
3729.129648904254
2437.385244681886
1270.5214871159117
1439.9127515594294
416.14104146202004
4519.452085181091
4714.969919690595
2023.77291727434
4515.282555265404
786.2030315979873
3704.4920043200655
875.9625061266871
4661.066330590459
2991.316454499494
838.0987207269062
1236.8591174389205
3877.376539575372
3369.7247929959044
2890.61751591112
426.34353933649726
3204.007324566895
4020.8673695771718
1505.7057587019397
4189.814415890452
3604.254303583166
3016.8503538474833
2648.146423569725
2356.7747571524737
2715.997855323534
4196.9707488867
3060.231799730541
4123.318059497745
3135.5331805360315
2453.2897122473987
4010.8501193849343
5858.423120421773
3959.3304395504747
4845.5813651572225
1719.8757796078041
2288.5642890176823
1679.453622228685
3947.699769546695
2563.7828666726127
2491.061745987685
4199.444324861561
4669.455870297927
3425.8302019338335
5431.010381337765
3838.636196140982
2656.14969474356
4275.484467239867
5279.983677697109
3782.685215114103
2353.958277412355
4087.7972821923477
1793.179837528306
2863.0868736419047
3290.3723175837536
3680.2024344376164
1069.4144473779052
1955.4344486463556
2750.239319441528
4121.2832351863735
353.58038494723246
2406.4915280319624
4066.073395007143
5099.519171714738
1717.8952529248618
4069.4558759633596
3632.3667529218606
2520.708620925075
4296.432215603165
4245.93981494288
6423.832919926553
4664.065398572411
4239.971474488792
2723.873966512534
2277.315063173493
5933.419454487473
1082.7966801744888
2630.78617210446
3196.4100192491996
828.9985962067466
2751.9684199789012
4070.0712801332115
2844.8267975799963
2493.6541188245665
488.55725038539106
2940.9993125921133
3605.0735274782423
3735.6797267700217
2220.8629568487618
2746.726703695689
3741.5525975523346
5754.686203859412
864.1050222444353
986.4361763129956
4267.808976191523
2455.432376359408
2323.4963892644796
1800.701249949972
4430.78611322539
2433.067023343389
2079.114570339629
4799.308185536344
3004.997217950496
4215.872204421351
2973.173236008816
974.7633644713826
2039.7169561017054
1269.8642137835611
4987.561713180552
4124.9390879506
4876.987328579939
4872.866195603181
3574.90405257866
5821.6907693710145
5400.050122688595
2299.728428328829
2058.2896445670276
835.4526098678951
4270.790834530731
2408.4939463986957
1926.4390266501969
977.5290439601436
902.4265715800641
2715.920798904316
2430.0739726212587
5531.439204444617
839.2938406730443
668.8036747158951
873.4393925147336
2888.60858254465
1790.5523020296873
1882.1622459760672
3919.5382064725386
3944.2532434451314
3866.4043452871424
2390.552291333196
1672.8455263346293
1009.7186650997297
2807.8233110648857
1127.1900105077973
1319.1404667976642
843.1676018323103
3741.8858762773216
5089.45023568545
1841.8299090713288
3892.915319429151
2812.6609767791206
2212.1855651049395
482.09015208881385
4732.60868311472
2642.0110752853143
3369.76013418205
5267.234006023924
5001.5264104242315
1455.7754179599228
5320.46642962448
2106.9151167107675
2233.64669089566
2973.9749866329657
2282.2309445316455
4719.537213267144
3377.0629382311995
2797.240384797779
2925.9234426078788
4219.642492849666
4311.891750191372
3223.2821897896793
4976.326987679426
3322.6916298161973
1080.5862208819015
2085.9174333408596
2561.466237027037
2438.938786536323
1637.773905891232
2269.624315839681
2389.5070456401118
1271.8438328998402
2677.3317172602824
613.8163608163218
4799.0674184982145
3359.3674262445143
838.5879747497896
4088.9554048208547
4735.498723284841
2394.7027690210825
3489.6526972453394
1590.0477353940682
631.7827166648486
4118.645584882553
3825.355682481574
4246.825933464733
2828.640307514647
2299.7211919933916
1791.7635728350351
2750.77164589169
4615.675135166737
1796.909970754487
1628.6110289508392
4682.800250666308
2454.6678900359107
7453.488791097821
5243.362686509068
3598.699652924691
1022.7997395539703
4128.468117534612
905.969143229727
5935.24398649988
3072.954311169934
3910.966071995168
3945.9836674920234
4183.489432783334
4659.078690096604
2695.8864348701045
1200.6997637976003
4279.205973367893
4128.415165171402
1539.6816873392745
4728.571762722837
2818.407279252639
4402.228639837063
3831.6089503007474
4194.203310243758
2976.4026998402946
2950.6750291289327
3020.6785321625207
1634.801806961337
2746.284040923782
247.0691589069374
4098.22899619256
2919.1420313612753
5337.418053777178
4242.33369371325
2850.858801970502
1669.6080032122445
1863.4736688239468
1173.9191649233621
2387.432902709834
5256.85039613491
870.8882752083931
2232.708088834362
3178.828068334199
5088.790283992285
5136.4121346475895
5524.21898407924
1027.989089462257
5732.211111154135
4580.293521539812
3449.6697505547486
2819.766533860361
3004.2025702151423
2979.8826056484977
2687.9704311414116
1783.9352777954466
5392.7526359529675
1628.47522775416
2713.730858541758
4088.3181612127223
2371.5905476679945
4500.6385337148
5989.028372726891
1641.9194738860715
1272.5193995119575
1479.6937782646453
