613
611
729
614
328
672
659
610
613
327
666
709
370
651
655
751
670
729
674
610
647
609
612
656
650
524
753
532
360
670
369
652
646
377
663
734
906
772
772
368
769
714
710
667
821
513
658
555
658
530
770
360
720
379
911
654
614
345
667
648
650
752
555
722
647
352
557
655
900
663
610
533
356
611
648
321
657
668
715
496
375
665
767
649
607
651
326
512
730
657
668
676
355
711
809
761
535
505
510
367
913
678
769
768
776
730
549
683
534
669
550
613
656
672
706
709
502
720
711
778
309
371
695
826
818
514
617
645
658
700
718
605
543
349
344
609
797
975
611
380
902
591
670
681
610
915
614
685
506
711
384
654
664
708
784
312
576
528
349
901
650
910
714
566
716
607
712
903
527
726
612
764
765
608
532
675
707
326
662
914
718
771
766
667
914
779
679
656
829
607
669
766
551
742
809
318
606
767
653
709
721
564
817
529
668
1012
783
793
597
890
903
568
507
896
543
722
534
811
652
741
316
681
1008
372
1015
631
994
720
368
633
614
896
732
600
834
398
552
777
713
854
554
545
703
669
710
579
774
718
760
835
677
784
648
646
823
606
715
588
315
600
830
658
541
718
744
763
818
544
837
618
364
777
988
719
714
771
759
735
634
350
889
727
734
711
542
675
623
586
511
729
715
525
759
717
654
690
562
672
504
780
656
350
794
972
1076
727
783
363
1007
662
764
382
762
648
757
906
1015
726
936
1241
554
1083
514
691
734
538
825
353
611
952
621
747
696
673
836
702
799
639
658
772
628
891
514
706
895
366
615
375
1012
431
358
556
536
749
557
776
1071
804
922
638
844
662
787
420
721
511
651
671
625
993
506
711
434
584
752
1249
390
677
775
509
361
418
703
1005
774
390
736
421
871
819
920
951
344
795
776
941
664
778
803
540
348
607
1026
566
779
649
684
1248
798
714
505
470
1004
917
766
417
695
483
719
586
622
347
573
575
605
630
988
1056
796
541
488
1242
1207
954
767
954
797
536
857
919
586
539
855
952
553
852
743
925
793
1169
829
366
976
535
630
665
1079
921
774
965
1103
555
1327
741
597
727
873
424
864
659
