5063.431909557618
5050.279502565816
4295.426589224823
4442.037578447794
3842.0379564525683
3261.0232555818957
3252.3403760811293
5067.443027607094
2597.418180195011
3891.444623746027
4566.116937380847
3885.439035831391
4560.561587306541
3898.009098537759
3277.984589924592
3232.3516396406903
4574.171208553929
4957.901139642938
4450.030259960968
3396.2789627723814
3383.30367668487
2591.630109850992
3249.3738186608293
5837.632191077364
3893.0140037501437
3393.4631443670355
3955.900815608542
5053.271115706841
3896.92644126478
1991.6303952931983
5896.231267337014
2032.8222892220315
6424.884287789302
4567.255526348045
4568.779681547287
3236.401051149098
3299.8263062728593
4595.314574108022
3843.356224194216
3984.924580614217
5559.595443693247
2042.0708895890436
3849.799804975575
6430.897926425693
3253.271459176496
5719.967891015298
4584.9242890147125
5267.812696665216
3819.175219194508
3258.1716022421583
3284.706995372959
4968.451565334289
4293.372541545586
3894.1915067587734
4446.377024017099
5381.612316009485
5155.0237127680575
5043.3556820149
5846.399626942079
7158.489656894291
2751.9038316704005
4966.619983982277
5839.64440599553
4959.5958556821315
5187.269590173578
3888.0107730048326
4771.282270350066
1486.9698858388838
5163.696491528754
5764.760527703337
5196.27840207338
3240.321312602355
4667.812872632745
3210.3371259886258
5052.339597041333
5724.932039640738
4183.018775392505
3295.30973648033
3255.2746142821684
4964.82452712868
4575.208148509662
3887.6455835980323
3384.924793830423
5383.018533655269
5566.619567512641
4449.589287266687
2040.389008479526
4584.314915056625
5046.376804718625
5910.998102016898
3286.9695366572782
5055.273861571302
6430.942730835357
6148.468557066726
2041.2103403425242
4450.2974319336445
4569.351483007363
3283.436764310443
4884.730335351349
4440.320674847016
4458.171095364488
3296.5731371597544
3812.633754077526
3950.6219747361533
4961.315169154434
5850.609728049619
3949.1845376185493
3281.195570171951
3961.1582710555326
2726.2333150161066
3946.2196631380725
4252.895829263871
5903.5997813032845
6009.7590141728615
2643.1293564789366
4881.61162755458
5018.804796772798
3197.4179419539373
5568.451149171044
6348.701299027748
3849.153973776959
5061.022563226827
4428.146177420154
4630.635741066849
5152.849312735706
5282.848703838888
5242.95075455701
2072.004924024949
3250.5119792977994
5248.637212484981
4590.633048959422
3288.2267249875194
5014.49365663116
4572.2454071397715
2005.4863442360086
3990.6333172537684
5656.025335404618
3396.0025780774295
1472.0050699554397
5856.171410235716
6433.998666575118
4792.822799454924
6697.876402606957
4753.552757875156
5642.037086341365
3225.340359588769
2128.384983112128
3846.377347151562
6485.681976418507
6440.138251858483
2081.4590332872986
2035.591661663094
4426.617163021706
4593.734772167146
1365.9744000830062
4449.3809783213965
5187.788495981821
5666.635395850815
6078.554975440222
1383.6242834773743
3825.6122617666915
1368.8134532421134
5069.733852443931
2205.9942737908805
7005.048780069673
6977.161618020434
4695.1012786917045
5392.822702729014
5190.632833260051
3852.3401317725047
4634.642661705569
3695.4269000987815
4563.696632861772
4626.143721914596
2045.1291632101013
5848.637095560279
3885.5094157096073
3212.0921312743794
2066.021813004277
2683.995726303866
6433.653373661542
4461.0227757111425
4550.259229618618
5783.955502850838
4566.409215370044
3849.373556474096
1989.92655404908
4686.172807942866
2636.0720291671005
5549.558654951088
2207.4540362604253
2043.252995197421
4632.1223165043675
5742.356286029735
3808.3176348070265
2639.4550278564357
4761.13925316348
6443.912124425205
4755.536458972716
5129.8616231703045
5773.152442999572
3543.3597187413316
2707.23339545203
3858.1713951114693
5648.955952928317
3993.462995999482
5026.6170046615
4469.734151390735
5188.432384814802
3816.9268275838217
4863.808135971714
8013.831515551215
2089.1386707104916
5154.498672052403
5625.05188861655
5175.208059133724
7484.649045993428
5193.462536866833
4594.891719656616
5186.06765645471
5906.896998945322
5784.908000755523
4563.479555090201
5561.314755256041
4561.112012066565
4412.633705334405
4579.632871493964
3583.2715813792793
5158.023189300237
4296.695474677542
5796.278296483884
3274.1979486640457
5752.849147513083
7209.758721873933
6045.666872693841
4004.3513285975746
4450.511731113852
5855.422862500917
6916.100741831158
5179.643581525457
5179.632731414435
5175.120782996465
3249.800120494359
5653.270982599877
1405.4864952600285
5160.888601669831
2087.0497884888628
6670.2375434484
3827.813980504046
6995.458781184412
5172.245274384758
3288.419349642026
6442.950472205156
3213.885096672661
6352.89908509589
5331.445676082252
6452.259229662202
6503.59969404611
5547.957599805426
6558.489820787127
3093.131012815695
5148.343150938658
2633.9420651000296
3825.3402969694525
1397.4185883895316
4507.9386621377735
1578.0240003458534
6681.452642596186
5749.839554574043
5831.568377900934
5095.921269996677
3958.532910354577
5175.279890385353
5657.249391093526
7035.94113482542
5166.116803509291
2701.3780800076584
5040.320462830605
2084.950636225919
3216.819837241407
6080.288998359654
6049.683188672793
1985.3787300764693
1372.5987688139803
2683.214176273896
3282.785528283453
3818.8170039933075
3693.1306654027107
2108.9333784119635
4566.531420290131
6354.030747789582
5290.248830434595
5189.61818976124
4682.848832057569
5151.340792721571
2037.5221634572522
2075.7167874819156
6450.10391783954
3545.708565719737
4593.101202070639
7419.458648258315
4450.279793581644
5852.057686623572
5840.268388881151
6910.531523651709
4893.13035253921
2761.7766626686366
1961.145471117949
6053.89559217398
3855.2743884072393
6609.758849883339
1466.0219358860295
5899.362501437831
6508.297394242629
2698.2320384176915
2638.21504769427
2871.2626590830823
3249.589915722426
5107.584235766758
5155.523370446951
4009.2349161179873
5779.6992464132345
4122.248014729018
6428.201692716669
5143.85654553827
6636.8562991148665
4732.959798294145
4981.252750882857
5310.9982516376085
2712.2416526642396
7148.33602749545
7021.69852291131
3919.9547813284753
2075.7949808416784
4946.942557651683
5106.002318782557
6334.790918559799
5107.938602063831
3286.738833534115
1982.3270811757147
2606.9325190808054
4564.174761261672
6499.824426809308
2664.426785492796
5175.97405555226
5050.511595931206
2754.3887627044674
2398.205203805785
5648.418564605438
4859.42604425417
5648.470168017113
1353.3081307931654
3823.760520445504
7158.129305354784
730.7419339757195
7381.426653671911
5743.856398306727
3535.3246069280376
5157.48647494459
3243.356519690428
5983.018480526157
7022.869919624807
4887.861674603573
4781.612417852794
718.7446540895377
2036.4815501383025
1361.607044809721
4999.3369217047675
5022.556624381905
2049.1544617448817
2049.80035194054
3316.506763809229
1988.786232229502
7970.208837301839
3246.377626463058
5320.659528884868
4293.130409850491
5722.669777119866
6495.1008580195075
2118.970786928201
4595.427845055056
7048.636894138637
2046.1117339366501
1967.1396641354581
3208.6182832757986
2743.2411589070257
1996.2769380962727
5142.35643003015
2115.1571386269425
5779.177768504747
3284.955819644061
3566.5982768627464
5308.424042231375
4759.664979696624
6863.651016398976
1998.99674028665
5658.170816646567
1991.1170182948988
7374.779572752785
2049.248044417192
1997.7757105635578
2615.7153420213
4455.274081208281
4454.476373655704
5304.696488767218
6873.802004517497
2628.767391789177
4449.373237411775
1369.9930907746673
4294.900457296653
4285.1414477552435
2113.236653143533
7789.438573249588
4575.279941726207
5652.067993665408
2640.6878289325628
4452.339818072157
2404.6900918792203
5557.90072990969
6344.523562709858
707.7029619973373
5507.781280342073
3093.3731007158794
2219.534712441738
7810.806898098749
5657.476781469798
5049.153624870531
1372.7457746257137
716.6942672402431
1342.950168860727
6619.479972182187
2744.452073306698
2223.362801252637
4703.600100059369
5173.152554166885
3346.9056118818608
1416.6704345243031
5643.513142119934
3386.0026460820623
5670.187774827739
692.3449108898182
3344.7143749863963
5177.54391796402
4394.391132962183
5641.298451247669
3820.643262960816
1288.8877287782286
5571.814088887807
4418.81697788542
1380.768408547086
5318.886952740122
3870.188012811418
7413.831643921387
5177.228828598286
2818.29412170732
8087.375335203332
5787.269473639207
3850.030545262853
5015.047092795884
5751.340630605282
2077.064630604748
5148.383200023972
4875.354850939022
6170.801299574142
5277.806654463984
2576.271587451033
3095.4272846241915
5178.449550052275
3821.660742153655
3173.8591922301516
5317.534972365264
5545.637453177742
2998.2051865191324
5156.601541903109
3281.4588960418714
5147.827386766492
3110.996368249157
5563.057494236781
5733.281269951472
3284.0417865369677
2356.24378721766
5722.696575479362
5163.479467795174
2003.7916414089098
5851.159780154259
6570.717099764836
2390.5612263837834
6680.839755790061
4685.682397011899
1289.2548343620858
1285.3508799044744
1458.8764422919685
5127.990157286002
3476.4950082157407
3895.5155196259307
2391.484754621773
6885.988656503445
1366.029685405383
1387.2090679730254
8513.26877039022
6561.161181649945
1441.6767209085547
5172.307996021272
1287.978351662965
1991.7965058833622
5650.51146622889
3215.7152349648522
9525.622256687238
2657.5508174670153
2018.8173262427172
5286.172670511024
8136.361801661681
6284.821497378389
3301.378048649486
4860.469149244772
5587.370406031235
5589.494387200837
1997.418399669891
2585.3787099536758
4945.637790869888
5156.005194188795
4661.1878046497695
5141.392674354704
4569.381369807886
2630.628461399067
5276.177434953215
2224.2582547586885
2016.6703471933124
8180.613891683772
3253.0330377623
3890.51203475249
3281.4768471139605
1460.7993406236553
1640.7219118173373
6457.247501418294
3265.019396326034
3827.061477433673
7366.745244173695
2495.4275662449877
2172.2069532548544
7767.9437833007505
5184.762043783729
5849.910124753254
4181.612530799588
3584.4543619143274
1465.0194749818745
4309.336078959463
3277.691506356003
7042.950381704259
6609.8310560553
5748.342994719808
5195.726737735451
2559.577353608868
2700.000199665502
6861.743025697256
3219.175453434822
3828.146320072891
2633.1831679970087
3815.0472072749185
1522.228225752774
5042.03719924955
2012.633929880788
3822.55676335432
5058.1708786193085
6720.925108377972
3997.1567829061087
6838.77706275872
4838.7812823410495
3665.327393383932
5013.165093413858
7506.423126896654
5270.54740949131
7880.839553689778
1461.7732256283666
5151.90401281524
5652.339555163961
3950.2593495585247
7378.122842604162
2716.5067936160735
2074.4217725427
2231.188598520064
4995.587747448575
7347.957223698124
3942.8323505127973
2199.4006547400227
3277.7173308580273
4433.685318217889
3916.5067463666014
8169.126881148228
3539.051096281499
1994.783526855131
8506.15884695514
6868.46783381242
5223.414630016415
2590.95749104514
710.9964354907817
4545.970128021845
1956.2545487697644
5650.247504529035
3803.7915563934116
4028.0816548737885
2912.27276611141
4392.201259352549
1452.9694482910345
3996.2788358848134
5160.561492708511
8022.45831176346
3990.5184885498443
6058.63977553363
4192.822907160293
3228.1466234141285
3813.1652015397267
2069.793419897657
4838.963577263089
1387.3421054957248
3900.653414233252
6348.462505729796
6038.053678933541
6924.644427011221
4056.4429491735505
2747.4285700673963
2829.8782447961826
1689.5979395892464
3156.8907071242265
5602.914239939782
4722.247870552253
2654.5731633943597
4363.730062618589
7638.06135051738
2701.757262895145
1389.4590164522517
2991.6430020146536
1457.5508738525662
2649.800303688683
1627.7506200820635
4367.744863156623
3836.4007045675717
1299.2149755113692
3944.4520250134283
3710.2851283088366
4555.900810678517
3293.3083223472026
3223.7607927591275
4641.386212481416
685.658574740617
3221.660847894915
3292.344940713757
6854.159641050099
736.4723558595932
4661.904088967006
1295.4275992070584
4996.873418069521
723.273417517852
5790.632736318713
6854.476162378549
6455.529012806866
5615.04707807678
3574.484719652957
2696.450355360638
3955.348999488695
5622.556596808581
1464.5633953617478
4388.919387469291
2228.8990444660362
3593.013500571006
5846.162361237364
2032.5259494501843
5618.804775543093
7957.2491162647975
3468.6516548207323
2202.8605599589205
5020.681465906181
1453.0331147787322
2154.0630208391954
1468.2209603908636
5600.36879128553
836.1874514681963
1973.9925127803922
2821.882067882769
6439.277492586784
2493.373335808568
1519.7083414225556
5188.039420478356
1861.903659314646
4437.415595481301
1280.2138059576557
3288.0111250025384
5021.002172693848
6356.536877545461
6107.781133951353
3969.3518707100557
8480.839509696056
2568.29726792012
3282.873244437074
2566.2133528831596
2653.033059177077
5873.594554590297
2827.750522533216
4361.277438157298
691.618833867287
6898.49737144496
1422.6603179259264
5746.848194769041
4025.678565530261
3972.2066961137743
4388.32525117126
3813.8850816391923
2567.814252165827
6326.2332061977895
5661.601285544678
711.6590367296881
2828.899014764348
5303.599938649929
1426.192613328593
3987.789004233408
4643.214313493948
2107.233497047158
841.1562847906065
1971.4037708574963
1349.5381674430348
7454.476133726941
5856.146762279049
5787.788404044993
716.4727020117979
1391.6306940584795
3171.4034512856456
2384.454394514319
2556.254519562919
4374.12033129358
1358.6922514891758
6036.245375264761
9075.732562827161
1505.6149275915704
4390.829235572576
2649.590096530929
2813.2875648036324
5149.184282408461
4473.795613507978
4363.058236054908
9121.684009957868
2658.984814434247
5719.5863937755075
9162.326682066694
4470.187932749603
3270.1880720917575
5175.363164540986
2049.381812471309
5875.597815350601
6038.781230243684
4895.426448577425
2650.2981879908234
2221.8820995993165
5821.698721675036
4358.937647107665
3898.416781378772
8073.801896847629
9589.438431417484
4449.799504097717
6943.241019952269
3282.999869861079
1969.442330569554
3891.8328966454224
1361.1455414125728
1638.0084292765073
1968.2972928879724
4376.959597092996
2625.340531887857
3869.734285391027
4624.855540161913
2213.2876145420205
2486.676558278036
7653.195517497252
1352.2307327518372
2596.7426022761515
4379.118109152923
3995.474110614675
1373.9925478324637
6865.457483604181
2682.8732902611137
5142.642162418867
2264.4632809952764
1345.8635651606855
1350.23443339805
1965.9679732202223
2662.6947010954323
2605.4861491477013
4519.586812242081
5409.8311333678475
2674.877719259934
3161.9277900675615
3188.411917155965
2651.468952991726
6653.895560965661
7810.393365343537
9384.168654454028
4661.18349791086
2783.3039411902996
1462.694721417972
5842.950612331748
5362.6686290570615
3865.704715516012
5660.143128356113
1433.1579024210007
3295.9215503721157
5890.24857921632
6680.288911701907
3991.429885418343
1361.922158153222
4631.188320028798
731.5442034877459
4369.212865961903
3970.351695749275
2058.8012230999025
8385.69444013619
6313.67687097505
2134.7910757191294
2623.760945928877
4359.59617402709
4368.45190060722
7042.548483428054
5068.898753909592
3778.666239443767
2833.3709335750177
5725.403210833108
9115.707485065643
1340.1177044974681
6437.064968417557
5589.4487589981245
2644.6919650831333
2162.9256733259454
