55938.324766936996
55338.32650545036
39517.91411721164
66806.77829393807
77299.96531956087
54542.463501621896
54738.32814283679
66255.00571129101
56538.3232239111
27974.32796768287
62888.73303881311
43551.63561782999
70033.39606656625
55742.45948115022
38917.91611407397
67406.77681467665
39647.40671388603
63488.73129016451
27801.768456985104
48430.01291586992
44151.63392489278
88989.00181204833
56311.691742670446
41159.70103436183
38353.706644847836
49030.01117983279
31423.872619384696
70633.39473491671
42951.637716342346
68006.77547660662
54757.83099592778
54157.83232082615
19465.48169885901
41759.69892685861
89589.00035562734
18865.482292451383
56342.45812935596
34490.14898692045
73568.96606281953
40117.912824745115
55711.692983311645
55142.46142316406
33520.56257937056
35090.147205819245
76699.9666850577
48763.68731781586
15806.31095082596
40559.70293655249
47395.157935983676
68606.77443674198
42973.98299602659
39047.408344307776
47830.01515737573
53942.46523134842
55357.83026950537
98832.62500611274
53557.83375448552
90788.99807776386
35431.352883141124
36259.5145794111
48861.93036154363
62376.20239632699
61776.20341663121
37689.557976194745
6762.5316259502615
66206.77974384336
32920.56326957427
69433.39722348453
64455.010349531905
49461.9292432392
55111.69419385243
61176.20480640592
99432.62389547443
34120.56186842305
18204.862954086166
46795.15987545273
47995.156105829585
17604.863864742445
46220.248233133
16406.310286882883
82677.56934386033
74768.96288672379
9262.009515383173
71233.39354667005
23172.53354478753
75368.96187773305
33282.99235373881
7283.78217472703
25080.20459827403
8662.009949192512
32682.99380393077
18265.48284472846
29554.303032773027
61688.736547934044
111768.79294512444
64088.73009376579
20813.95242163326
42359.69727571167
54138.329406759374
23772.53243988097
32023.870670199783
48020.24454806904
75968.96149196915
25680.203938553936
74168.96436246429
29359.523850832527
65006.781917951324
7858.834504069247
63255.01349309118
17004.86493484603
24853.80148799332
34720.56121989581
84091.51765100019
98232.62626422754
23026.7360446211
16747.850780364904
8483.781661145149
15206.311489544398
32320.56386167698
22353.197649225353
10950.265182026458
49630.010489916465
53901.5744213699
97032.62886031072
13782.330833721477
22426.736545326417
14570.36358230961
21753.19847111572
111168.7941394494
113568.78956490837
65606.78099833499
54511.69523682295
28421.277854684162
19377.110204939305
21826.737031016175
28759.525476352494
58111.689211918725
38447.409679510725
67863.04832596265
87789.00454439965
44225.082811204025
81477.5714557682
5528.338933628547
30363.20301875476
8062.010402162908
47015.93664610229
25453.799942701837
8504.797219552123
83277.56815866496
85291.51544234007
9150.26632528749
38953.70473451618
31899.706395945446
21413.95147417453
27201.77030567423
9862.009207535404
35690.14579992592
16147.851485874704
10966.237252926645
36489.561278994785
10366.237907517874
6622.5157563021885
30754.299532585683
81691.52196268513
9020.925242002242
19977.109634208966
32499.705182173617
6162.532074607701
10350.265545060096
33162.237447202046
29183.02140239924
28413.634375093126
8420.925639722216
7362.531421443743
90188.99906256453
17668.031293819055
7258.834724536308
17665.48326513652
115368.78801339048
41062.1699536949
48620.24418401287
27374.329809791638
82077.570513158
28401.767609991522
41662.169376318256
40847.40406917856
111731.78982637296
114768.78824209927
79099.96073616129
13567.899721246327
30154.30093430232
84691.5164808671
62288.73494075203
22385.881627469822
9750.265949324099
45620.249602396885
7327.063961085314
36643.94883071746
4883.782961221216
46415.93705639279
71148.42236824991
65055.00848777761
20065.481165281915
96432.63001340714
24126.08929934974
7961.062245753057
9245.048536480705
99469.38508267423
83491.51886838251
42373.98519608192
33099.70431943903
11550.264926574517
33890.15058238705
71833.39276005415
41773.98744635736
6104.798196150963
12284.05278371168
40462.170508595555
15686.218813346199
8201.921720247648
20046.339555495462
30963.201976188826
98269.38672355843
7036.310881248685
7462.0107694169465
48261.93233045769
87189.00549759365
49363.686197328316
8549.052734718527
31816.59146346512
78977.94639656247
7904.797479976756
86491.51404923684
10903.418723526136
6114.455972989395
6702.445764285751
114168.7887701086
81091.52256910932
23388.716243229705
95832.63095773304
91776.20884376155
18777.111443698563
7004.716887650857
30607.112360585717
13842.401440022582
13175.215925994564
8399.946041803947
110531.79067098613
5337.340962606883
42262.16881773436
40524.15343743623
102469.38110842321
12967.900453335034
12604.7102435684
88389.00326503518
16286.218579568304
6551.20601081751
80299.95898787778
77899.96375186101
34231.3565707297
5208.0207125912275
5201.56591936118
23626.735587761785
44062.16764676015
7086.999814834835
62976.202013166774
24726.08791483994
8527.06345269383
18804.862697728073
44751.63344996252
38901.57395116116
6487.000309576438
6128.338783505931
21153.19950447347
11774.534759799544
46820.24677169987
12422.63163147072
8465.908085665566
26648.93422101138
31720.564291377686
6361.408721035605
6761.062625655336
48163.68875982592
47661.934384978966
5839.275238542631
6767.244616609196
6065.908905713866
5658.905705626482
56942.45768180952
7822.515420064377
13182.331607443324
87091.51379953486
9537.362090066077
4327.064874909955
54501.57253750366
13087.948134850603
45815.937744716946
5857.126370620177
110568.7952242903
12004.710557855264
40247.405165422504
101869.38147808959
79699.95963535225
58711.68911310146
29959.523427097753
72368.96898884095
35320.56071222666
32623.869782299607
18844.889671405363
48991.00988501761
27355.380242360847
5540.221275574922
7625.522778999813
7686.999313373253
10883.81529455942
11822.63239035647
24752.48569372419
21785.882250382758
6704.797983590917
21226.737447260406
6167.244747417968
8241.156984118128
15547.85252411883
5804.717260555263
8469.154775106888
8077.193707693813
5469.1558886958965
15770.36223740634
85077.56625014637
41124.152906970354
39553.70419538887
19455.52642093484
43573.98172199809
47230.01720341668
72348.42119294395
30007.1141318094
4604.717512238917
8113.456996343661
12487.948690343846
25326.086524752965
35320.47331206176
17999.47074297192
5463.975862283766
7047.7720822793935
36859.513791012876
16642.882175231996
8865.666962793366
34021.7102596503
71748.42166777754
6938.797555328904
20213.953820273637
5252.974665710882
25352.485053901702
21414.839939667556
37243.94784949235
8286.999015324736
7604.7166662298805
18683.642689545442
4727.912459053521
6683.782413424761
15170.362661273028
72968.96769933017
36501.57789904123
22788.71746742028
28583.022157637686
18513.639427452126
9257.680236829703
5018.022710644597
8158.793083211666
17716.640226915988
5074.992682466692
20203.49800505763
32562.23962654615
17068.032333328112
11656.022628066276
9620.92508470187
8549.798031418188
34362.23511158624
5258.6506528940645
64688.72970640411
7197.953265051178
5848.946283733098
7304.797742240451
36290.14523184994
33882.991960610954
35901.57871287851
26755.381404467043
10462.00910882086
29013.633764479382
9711.152890194322
19982.744678216455
4961.06306254707
9022.515137457725
7832.483501104436
125894.39020720687
24067.953125356387
7349.053119254945
82291.52110218983
27522.042525518915
7189.114513975787
6579.712403617229
47420.24546724338
8081.04027498844
124694.39186551241
44662.167528807855
5257.126670094224
7601.565102693403
7417.422515227412
5843.819625530963
7180.254094308969
7927.063705613552
8904.78962571812
6425.52320707716
9127.063230971844
7883.7819166264535
6537.7108930862205
3704.798796715463
9083.781436134519
24882.472493892234
8808.019585048669
39501.5736652898
6913.4573729119975
12100.226565828245
6475.338226144933
4630.463584944122
6358.793624644734
6787.898397643407
6588.304087472876
44825.08196053272
13586.12703855326
10100.481112576581
7041.778865966368
8801.564672925237
5201.922836778695
5808.02056588824
5266.028651117995
11971.996164783344
8917.062007602051
7515.743559352074
5944.310365630537
4608.020834386449
7250.254684237728
13642.886630205952
18641.35138743446
7918.470308528532
5361.173879754075
20904.641020365358
8074.256869948921
28122.04213346889
5422.516047460665
9333.10507216279
5549.053634385815
7008.020186897068
5949.901414738839
17006.3096509582
7269.155248596743
33143.66909960922
19603.49894846796
8311.775874489678
67548.42780174575
22157.88171120052
6742.232438429897
8861.83374222443
8731.019254166406
8645.048673857951
7188.303997325741
6259.349578363189
25926.085700154257
20545.13215980249
23467.953418612306
5204.717399495307
4964.707090736787
14556.250513731547
1867.788654640024
3901.5174559905904
6650.254759093151
7342.232301679216
4364.707197562066
5862.494747257823
13023.378059483397
7492.249398110683
6202.977183246132
8398.89367924033
79577.94612626608
58204.87779876205
85891.51461104903
4625.52368357981
7538.797313595846
111131.79023433551
6698.369608371888
6691.179533784129
17126.289462430002
6404.717090836095
46195.161474080334
52804.88330631067
5036.030252530841
22953.197317205093
5225.523548693037
24152.486592223268
5316.044534507713
10897.152703469324
60576.20614074335
70548.42324058122
10917.687467943751
4538.798279855254
12536.117414743143
4949.053763570038
37701.57569446699
13136.11717327033
7491.2518094976085
12107.171897918111
7820.9261398368235
6561.798299330572
5259.64858473707
12737.44189509827
6091.133673579956
22987.11933034869
57738.32171587205
60679.11629323864
7155.199205225987
21265.48064174609
43462.167918049076
14924.678145267433
5988.304201921168
35889.563382598586
66948.4283009895
6465.797190119238
4195.310712623539
10812.9248781839
6089.4528447352695
7568.6666146671405
7590.830074679037
7958.664968911861
6142.721377257133
29896.42000609988
15446.656982586834
7548.78806092722
12096.734743059298
5674.853471844824
6104.638185411862
48391.01039794014
6377.120312613311
12730.351288599917
5925.250883361684
10849.929243661774
7558.793283387953
4529.482430981196
8550.266611387393
19511.161927041692
8768.666414253335
4904.798534731448
5849.019996183356
4675.338448632479
109968.79611971698
6152.87621384621
9401.564516233342
6622.381835177092
112931.789258194
6317.640167555157
57604.87816896335
12420.050879539174
20665.48078840939
6360.361177355287
7869.155004065641
9297.588713202522
8499.021228309088
42959.696612350155
12404.007379297635
5239.275636673424
7842.2005850809055
57138.32214236677
6887.903928376378
9737.154444456537
6042.0668987074
11188.880376762976
3301.51749099306
6449.019855850014
17901.98630305642
12753.51487870419
6083.7826257993775
6764.70670502926
98869.3860156939
5883.94990691509
4975.771490823685
29922.041313919603
3405.091479330312
66855.00526706286
5777.120525011146
16472.971957758353
5877.458179792529
123494.39301404388
14267.576127707674
7788.303954461531
3315.7290527003047
12429.779902109121
7201.320614161465
100669.38302293104
14584.668805971747
5534.928223915399
47615.936570645594
26922.04293070869
27983.022998513774
6259.102675962424
8766.869944179212
29783.020868341595
9269.361644215682
4658.513176313982
56404.87939373
9161.06192357628
4222.51624648514
9358.792744893291
8804.71626392868
31807.10954840211
6127.06440521147
4371.022644121681
12683.545941472908
26928.28682112728
8221.934886540499
7025.522998526035
7869.685961626916
8131.019393224388
12150.264829573465
5724.12631128708
4574.332760677698
49963.68588428232
124094.392531719
6117.10740640552
4144.832296692642
10327.062935912525
6749.053312297464
7014.337999807922
8045.048758082147
5161.6501000786175
13603.3127197269
39862.171002609364
30383.020657893336
18301.920210214983
4505.141131166014
6153.282764838851
6665.908699697627
5167.9252606287055
4691.497119861287
5465.909084602313
7361.0624376309115
48595.15481864024
8097.588954126463
7803.833900320645
4644.8842635598585
5949.002547407652
13736.117032117234
5987.12428722619
8777.119316625882
6290.092465958444
7608.019969611951
3969.932589610812
7497.589034435586
5458.8352886254215
5961.73027919152
6313.457554455337
4153.536828170363
6161.062793044563
63855.012117427264
38662.171682056345
54617.488301373174
4361.063180976168
8728.183344191548
5715.743852783575
5754.048529394925
5033.60370789172
5914.91316972288
3369.9326368587963
1883.0356102811284
4494.511775382972
8519.111049702473
5937.340918277635
3332.476924722836
7358.015253327872
6069.686163565172
13619.022496680347
3323.5755271827684
3382.368650904306
5269.546128143669
3683.7832071614694
11456.76857014204
6780.660025867301
22134.07099018397
4075.316733560772
10570.966191545976
4087.0122213371837
5089.100691319846
6140.880888920799
9327.03614441197
10542.28378641677
7759.451411431658
5028.447915542881
12424.422811738608
112331.78949117387
24226.73523054842
14621.527190906605
4569.932551242846
101269.38213653916
5982.3996732356345
5307.170421048279
41447.40370023296
10825.24481485125
4583.965952985333
5908.921405927926
6958.793471820655
4281.755134528954
55701.5689694912
12435.083669679603
22190.05343154252
6708.062614882439
12417.35338520927
6272.506211439046
12420.736195777728
5013.956866612358
7119.989467039087
5361.730356122645
5705.23923691913
10786.999318940629
3368.8131305380684
4005.0914302287615
9980.86459504097
5177.120707823111
6879.046760197715
44615.93959040097
3595.310768885153
7374.686441517588
11153.319117756513
7192.410560982091
10596.660056582752
4092.3941851363174
9691.071380143856
5090.0926198522575
5567.244858482744
17911.07569544843
14950.167149084167
10619.419306725998
100032.62301165017
19066.773204837802
7961.9794511962955
5552.8762656741155
5845.364464180533
29322.041502794764
12101.096383631833
4492.757482473337
4942.232677330295
10615.825848666404
30496.419718696812
112968.79057400009
3834.0249334188225
4058.5132403085895
17606.309198287938
6817.4228598100235
30522.04123380086
5878.394084177599
8068.274483869026
7950.837999961686
8156.0272647017855
3814.36201555127
23552.487531618088
9331.019135601728
4642.707014182897
4340.22155029982
4764.001723347762
5006.024157076332
9214.722537819649
4606.330259339113
43415.94133721701
10890.452893707763
26053.79954805211
10008.019368903537
5876.223821622058
8761.229058183544
3947.711383195046
9336.862724959305
9511.775646565939
8911.499529647726
6890.092394774723
3353.8833321851603
9492.852550461903
4649.020212447049
17445.061731749905
15830.724631420548
12993.064328751107
10868.368041235131
9351.854615251284
4532.476846804116
4590.535446117729
10636.572871964883
14388.126734536581
5946.027303377555
4613.050111772457
6142.232548218307
53417.48925663806
14167.89928653658
10136.118677374378
9348.787764794706
3383.9660602091258
5542.232624170905
1780.5676060220387
45215.93862454682
7001.565339523678
4570.636604467908
6315.743752889836
2616.9475226548197
5872.334966817556
5564.947951873612
41301.34259116232
6123.974979848863
9899.834897064125
9536.118882243276
5540.880943157375
6149.053484352742
72948.42098217137
8738.796860267326
3492.394222835028
10304.796684332312
18104.378599362743
8204.716449755493
17887.764576872527
8855.015464100921
6457.928369275575
6032.483803528805
6159.157462354934
84477.5664925391
5815.433574709925
6455.60333946653
2547.1227483687926
9237.418301319514
15002.513860125833
29021.27674775053
4030.463648279135
28574.326415564403
3642.039678040704
6103.42660151232
7500.9688878985535
4149.901484525027
3321.7742571877184
72433.39251713418
10859.797432706633
15854.74867073546
11126.936468870244
28722.041783556637
6421.934938830692
83877.56715684419
3663.975937030222
6466.514639712253
5859.441722150028
38393.10798754968
6307.862340416536
5277.458220472012
3290.835479318714
8095.022815581204
54017.4886998067
7865.908267764769
3890.835443305189
7224.36167163031
20957.88336030915
4568.813054579785
23587.11775761732
3771.0227003524674
54604.88169982754
5952.335586955569
7492.7567743020045
80177.9460534703
5173.441134107549
11848.962667885651
8087.085613511842
67263.04887727916
18846.341200423158
6717.70018422426
6554.211629146616
6312.951376615574
5014.9733681163525
9484.06093006556
4869.156044386389
10591.384291911914
4556.858859000222
4971.0226155111895
4510.009627201369
7335.443256369228
8097.801701648971
13148.644830963265
2803.3423392998557
19235.244480393805
7632.242435189374
22188.718911528133
4515.728999954962
4082.6136853300386
7428.447847400993
5857.923879637829
7783.207343984483
6000.988149704399
19115.54724214271
4523.57548045997
6880.153475752321
3983.9660064150116
4042.7070523203265
16805.069804990875
25122.043946155867
7185.543981757392
3892.7575556758543
14803.592689870231
6500.463566792044
7051.6528005304435
77177.94787160802
11126.346951212745
4269.156150186715
12730.324191993586
4955.98761717252
6727.0641971798195
4584.160135218534
5857.928389016779
3961.721841874246
20474.436084313023
16207.240491736571
8041.316814211128
7558.0726100031525
6408.938023770219
95232.63162682667
4082.427084238261
7164.256525531084
37843.94755977728
7364.7065397377855
27221.280493973467
3932.4768810756846
1267.7887672842269
3519.308416765024
4521.774190200508
33762.2356273202
5841.680475275735
17837.7604779875
3298.9057444338264
44267.86851134879
18155.38150785448
125294.39106994565
6189.703483471285
3242.3400978483896
4071.09998722776
6001.5856979696055
4091.981896497923
11164.419989840268
127694.38784131555
4955.983013217088
8100.968756046867
6133.3717533037
7515.1338887528345
3442.7071038079694
4932.891743576545
7232.483616242844
5115.743941660262
6613.025596017596
23988.71589640543
8422.515264312173
7001.922220362798
8514.741787049461
16481.50336785631
7242.20102771947
17810.725076464616
8758.792898494572
3889.100760499663
11566.236953165391
19017.662472728032
55217.48818825848
68748.426215712
17711.97432509034
7196.29105315951
3458.5132963546803
8138.797073111263
3854.0329810177113
3639.3343554581757
17091.31833099766
6118.923191290616
126494.38934149992
3953.8833046606123
4763.97453444551
4347.7614771579
5918.484304546163
13973.954575232367
2467.7886088664304
5941.233011491487
19163.948295952923
5748.351062311322
2579.47519326848
3353.140731813079
5174.33272566144
10333.328507020351
16507.1323612339
4049.958991298046
3967.086784979824
6498.333297227205
8841.156883678195
19747.835216906762
7779.71215318677
10001.564415036037
5527.064585623136
1817.0356498348672
13950.078256874742
3329.4825377432794
31194.531230758595
1199.8320152245572
6022.515911761407
5240.404392584688
6900.969036932349
14486.22012804033
8574.92189938395
5367.393386800894
19559.214197968526
18619.983640582097
8617.271444999064
9024.361285930196
1886.3950334308154
4483.983437015981
5650.900546689279
5574.922516840113
3480.0093034738375
2483.035549098792
5291.592385566445
5555.3088805609395
29621.276299664845
3951.992189946934
6948.7881527155205
3406.3303778164595
5787.9677445475645
11470.59150129183
12642.090251532289
2670.4837120230322
5923.31530215146
5564.706981524932
12735.649446613419
14671.913778198748
1058.6547986569428
16186.7434519274
7497.8017586387095
1108.847862426062
18640.423261598695
5845.676261100169
3544.832350223204
11936.117724655363
7837.802117673181
3396.948045585936
3819.960773857738
8366.984417235815
3549.901532141792
4053.6320685863448
37101.576834505824
3458.650716734561
6968.666698589763
21739.249432697114
49195.15438754589
5281.455308823431
6362.754432780307
10736.118394668554
4490.09268673547
4052.9747170293945
992.1653439727695
1112.0577396540953
10283.781142255732
5855.603361907396
5823.813307716451
4487.328499620556
6445.67563062757
7724.270224498669
4694.6637278261505
6268.917258786821
6977.120071597377
58804.877635594166
2129.5943239101625
1433.3600098546135
12109.492976152827
18280.49071304734
6133.818545544867
4854.306652015832
8469.685885503462
4940.221418367356
17414.9054926768
6164.706853655529
3925.177088203422
6122.923432218123
7145.79384938922
6133.026827087533
5382.399761531149
8373.822159355206
3392.9244369695493
7962.559388640783
5863.423431497799
2339.5241753288597
5423.81005373206
17933.284803113573
13265.253803449034
5890.387966142557
24471.54339738721
18705.5738138477
4522.227273343095
3836.6260190070893
7171.571308662806
8504.74884188632
6571.825652771047
13265.227331934258
4342.232727174874
6380.286722905257
3219.960832020787
4553.883263721823
4129.130657825761
7264.824867643346
4561.721798180475
4762.947241640395
17473.920810964933
4605.0913934022965
11248.962809236773
6421.771697355279
3523.2700671097523
12920.94617134881
18235.87086628775
33743.668931513515
3475.316774918442
3057.8510565122065
4499.4918429561185
24511.707160875434
9617.663831155314
7880.681519141227
18258.49221267275
8294.733616286327
9561.16012496996
11441.24221250019
7601.921968482956
5115.7289798027205
1024.499824556598
4558.79385403694
3549.002709085044
5907.170397315152
22383.67818395912
1041.0412077538
5329.016505261349
7403.915513954191
11802.282720000258
16520.43754738173
3325.1771228843627
6538.703474990783
3622.51632506345
5064.775785134498
4006.3303192597195
8643.818929563973
4692.300852383662
9669.154445021455
6892.756929517071
3389.1283825833507
4571.339695904016
7228.538411619246
14627.800345033122
2871.165432890472
3444.884356081292
2903.3741717177068
3935.237577972487
6426.813063656606
5983.20754161707
7132.503771070672
15543.302413490535
3602.3185459485553
4597.829297790928
11779.206502145622
1059.9145745452681
22952.48829526366
15254.74909211337
6450.61414521989
8546.405567814567
4597.831302300284
19606.913075503006
3393.9214286185006
5990.128378965769
13011.687710345932
4614.846553877589
16042.882920753716
6174.922409209566
4625.742324406694
5875.892014753195
7827.162542936986
6653.076634341196
2805.09153361544
5819.642492682371
3829.114250703771
3083.783298391643
5908.466332172839
8489.037206699793
7196.747252318755
7608.805130644683
7265.908481627715
6087.865608805881
5917.01518501868
12367.901178095628
5266.159565256914
12620.459789328184
3968.8130871658823
8892.852642326958
13265.73045413757
7722.389236760456
10361.06175537932
4703.902194661922
7058.732523186343
3915.744073430005
2028.6736362002046
9467.664947988156
59479.11735214368
11095.474661779383
7482.502192419238
9658.833977250304
13987.241847890835
5271.061920826594
16636.64220683443
2560.38156804277
7856.999203085754
82891.52004645877
4490.835416669982
4343.8938844574195
8990.592160953054
7333.02657014915
9850.835402571214
19113.63889529562
18565.280566198562
10821.9707271162
5249.958942977841
5690.8353855615305
5324.440576278823
5710.0095920197955
44015.94052991116
2805.639726949878
3106.189243455504
5817.802399912843
5830.237643156059
10170.933836796545
5881.759673221204
21852.832887616667
9367.87879611476
10269.154365999722
11140.918904025748
16601.300586766945
12912.90647008275
7418.022616285715
5266.628670072121
3494.418044448611
3910.0096858892884
3915.7290362922863
13062.009363752222
3897.35267535374
5272.335006620343
11794.831951242937
5060.820457741424
5129.4824073886475
2973.379879116712
4369.498370597525
3361.7218875319445
12810.168536366256
5113.457861413233
3430.4637076336785
3441.2680219166
5758.793731035649
3499.4286044295
8713.456838433267
5813.963490147781
14457.12212429977
4242.516421010669
11462.845881691957
6160.547165144145
4513.45797772216
17027.113646795053
2527.863385227396
7387.898375994909
1738.3572859257
22238.796895309948
69348.42523604479
7261.938151045872
5771.339655232938
2819.288570686788
7441.253371780193
5050.9005959216665
1139.8792255222759
6237.839070542957
4173.3797943334985
4094.417999087564
31207.11059245149
5619.596675165526
17506.834739968366
6733.026711792992
5341.2330389989465
17738.54957063665
7714.702581776934
5317.917463772413
45467.86786557546
4547.711324083259
3272.938664386401
5259.44177480249
11074.647081981748
4515.744016852483
1417.364872098139
7555.988073634312
20113.8390574436
13981.28817626469
5870.623441037146
1125.1404530035609
3356.858883953197
7456.858181561185
3469.282745015512
7327.384737554339
8317.06214312249
13248.962345825068
68463.04779400717
14250.801482096385
13022.630984468648
13971.26634812826
6491.5922996127165
6048.612181723721
2834.1736795193883
9517.514133823597
11454.65354462431
9292.756471413502
3284.536616573346
5870.234693744292
9217.271336686497
12615.397098446343
7958.015211890552
6774.922280092883
3104.7988969778107
5699.491682263304
2669.7428133277854
8042.59516950482
17631.617991658848
14469.21969080632
6338.797777273879
35659.51632133379
9271.616686258754
11422.620865304303
5769.932518669232
3269.56745162439
9381.20113704821
14377.39051426329
11472.972812594488
3312.0447179976622
4552.761282724659
1170.9745755476142
3938.7983436801533
6931.019624730435
7477.77973899268
14736.310990303895
8494.718334299485
3887.3285535901314
12399.773163729482
3289.619389321961
5866.028613550968
2769.9326908234993
8134.222305333483
9683.781259321117
3126.8519736772537
15873.720629375008
28846.01686432807
2461.8416845659426
4013.9635721336626
12954.076871311725
11779.950685075877
3657.8510403610026
1072.7317840263784
10316.745786702004
5891.223904203474
6561.730220657733
3889.619369195134
18322.901146528748
4525.177063183597
2843.8526234587025
9727.06305432839
35920.473081985736
8408.591611763915
3477.5941722975635
14519.780091788449
5837.652692959521
5680.412624612119
5804.005502185058
3613.952365249603
1047.1857491223109
3255.2076440741093
2562.7723383965385
7176.705067484478
1054.1770750550324
7850.2545978640355
14274.072302123348
7060.577305166222
12187.242650694425
4558.061469085331
7643.769103535364
2919.30846092214
3539.5240843512934
56911.690615527186
8937.36248497883
6539.5239703764655
3310.009729439655
3665.909372941882
3961.130403438293
10499.834765849197
5953.536716309564
6862.691423906009
3913.852881806096
6147.761399707119
6187.756162937393
4091.497181358558
18689.871740088296
2877.9516976505834
3894.51180194523
7294.525294916888
101232.62215575879
1143.8738024538325
2882.6137479134604
3652.1791484137507
4246.549649472023
12917.114036373114
1841.1303078524827
16135.940321795275
3381.119552663748
5271.178141893297
9404.716118841445
3324.2832539313727
9730.196167462047
12719.650706161525
56301.568368866254
5037.83915562292
12579.02912246121
25593.092974805888
24247.064016687145
9251.468073252354
30699.708705988436
4677.951629589936
4239.334335565807
4075.3384961028764
7531.019519151492
24522.04414195136
9399.242955925374
7098.785482953096
17488.58410042017
12895.208435137147
7662.854519921567
4481.112980308848
4139.524043566352
16649.79052908214
3898.9057079660624
5118.399958376245
33699.70402930218
4609.108011859645
6102.375284562425
10272.421493696953
92376.20837388885
6893.356784799086
5935.322820721946
26322.043319957807
2574.9228654074186
8150.734598384162
4652.974710216625
5888.47378463131
1624.1371837208028
5937.924240699215
55804.880154690734
7499.491409832978
5059.209183300882
3929.482491425851
6520.607460074297
5870.310688437162
90576.20975382776
6993.824334303134
3737.7365606954013
2882.427150707705
3842.3400738098735
7688.687023191548
6275.486244134156
7457.680570650089
4450.900645507431
15514.458898477236
2871.100080761511
8472.53270167814
6882.454235742186
7651.35577337681
2869.282773806612
5830.60068979298
7436.030152268474
4351.789127234672
5061.731821775453
4855.634681150316
7021.93492939006
2939.524132080227
4718.4053623055615
69948.42422024581
4561.104462100782
6331.019697763617
4635.58424719734
3391.669652601696
13604.002849170596
6140.853867066398
6126.916604190176
4591.66956361526
2465.909429516023
11198.509142444926
6726.561012536319
6396.20336805435
4163.97460228668
8387.253029298427
17112.260424947475
6585.026953723068
4625.890948023118
12108.652663981315
5031.951626990074
3347.570410562009
8610.93125044316
3656.8650623116077
4355.127551668231
5072.162163474791
7836.635161587887
4092.300881744298
12101.78286264667
3491.4972296796673
85012.95280119621
15872.187988342524
2806.330423654015
2732.476976423084
2949.9015739754127
11150.006532740961
22228.709904401687
12688.861617781104
7259.210170615137
13035.237750878125
15339.373190565755
3491.981939851937
6723.589676159035
4619.059061739488
4084.5048779029735
12667.338179349106
3328.597851257832
5580.717833148423
4456.858283990922
8177.119547732914
2334.012717909761
9931.019096483407
2011.562273329651
1403.6804177492843
4034.1736413456224
5087.328479359862
7111.775983726862
3058.8357117835476
4577.120860148908
4501.517417709305
29174.32597504038
5291.2239322731275
4058.6507010830064
8379.019825413938
2619.960879615381
10867.672287700072
21278.311642801447
2499.0871880656205
5641.651549369198
4422.086826963746
3963.7673945247107
8380.53118928566
9998.031561084395
2773.0283819703177
17081.03960057681
5431.608289499243
6368.666768623441
5978.105308493387
94176.20770339006
65590.13694181015
4149.002656153039
3371.3397966348366
14337.94085521618
20790.305107064985
3452.6928986349726
8442.625766146715
7445.0487969443375
25722.043666237052
5747.711283622878
7398.905314119907
6114.978905905875
7219.166769619624
14300.023218579725
7675.338068379364
5191.669540862413
1234.1575946591927
66190.13690970067
14697.887113824592
16816.70237940029
12602.473791733899
27821.279250310243
5335.322884093714
113531.78913928679
6501.490677162771
5447.687515866604
6286.0319330199945
17049.85934695483
2830.463753258742
7480.625531499537
4653.632041875165
7117.91735099333
4551.598072088276
2425.183117985572
22339.249359440437
18590.634350091506
100632.62241791173
6146.771543353647
12586.055862583366
971.479407380506
3484.199658184848
4788.3044165103165
5871.061867232167
3850.900717149908
2016.9476142930268
1904.6004805743614
34621.709534919595
6532.682533222755
3261.138086345098
6971.840184596852
13282.983408082493
4782.3998446262885
2271.2093262880867
4502.911262633552
4103.374105537989
8139.320717569662
3002.318583977425
7094.2047783288635
8936.102000231269
1457.5865649458033
5086.562087126504
6144.989254194016
5818.020115149704
6418.020102003132
5190.535408726926
2594.9324106060753
4773.379774545531
3563.9746170901853
939.3753465386204
6013.613472688637
2219.288638283193
16212.649642211734
4335.746450415379
1962.7724122997045
5898.33332081976
4497.352638824317
4682.613668831741
5694.187916742868
8360.926826932442
10723.513455982258
3909.9882880645964
9538.99738153511
1120.9004850247552
1393.3202176411683
4535.237547212439
1851.1438595347615
2402.318625025953
7136.051140774654
6406.500907232517
7997.495646464635
3452.974732516538
18231.808554893996
5642.34003166616
2690.0350586045374
6813.41959899404
11222.324191983076
10001.92121606739
1532.986442935414
17255.509893018134
1002.8381259808535
5985.009773252398
24826.73501928818
5973.3797628870225
86212.95273640109
2858.5133380415514
1019.0569198113753
5798.619506389929
4461.138008224032
4442.340057624232
6453.233992976889
5866.6286190680785
10313.813418558202
5636.625873610999
8442.200464975476
3250.9007849891273
4028.415234851524
21212.55520628516
12089.828579962774
15530.129765747823
3182.8333587053553
7222.5155899295005
8979.71185653991
9812.64849201054
6818.022644580898
8603.279496968747
1756.0082251294293
2428.101334510731
2827.4917353944916
3740.221677774432
19462.73648865336
3905.1411681851596
2729.4825744700693
2768.8131801491036
2836.5343240374596
7153.536660359635
4498.905669801782
11778.080349555954
14618.687613160662
2725.177164850976
5318.484352886538
832.3182851032991
2373.3799239315904
2283.2096282782254
13129.800061071724
17100.69176689721
1283.0357226191618
5673.201828442799
6423.902156112487
5220.636199507521
8748.787839273436
6125.682583951712
3814.973439116988
14308.821438634264
122823.04529679114
6322.118134570031
8656.70495974387
4263.975930580942
13246.725587159968
5857.889339253829
6457.1263177565215
4611.4844820414855
1772.9061075445807
1125.9779496960455
5132.476839736242
4511.9057732978845
6265.13931906861
3900.9696128373394
1099.4532602858308
4418.022752488861
4778.552646506064
2753.883397441311
3971.3397519440323
3855.207621082907
20856.498014242112
6144.655430279443
2320.841482916165
112368.79172768591
5738.797973601848
4334.633799501818
4123.270020075955
2410.428523193658
2753.1407972536417
3471.1654049284048
13959.521857132348
17954.640457739486
5032.91128976389
4507.5688292246705
5540.334249643809
9583.476087922354
3269.5865994378732
65655.00684932269
2540.2218509052213
15812.408998161978
5821.404858923791
823.1916838566503
109368.79675921511
1251.1439480809215
1063.6869719764377
9802.706914048744
17789.725174207422
5988.559003692905
5540.416970175801
11463.425707289274
2003.6803583912076
2770.923507922621
5633.3744050833175
12760.03695092432
5850.614167625072
13584.466952634435
4795.764989940399
7949.052920588291
9830.47441094903
13585.224316764472
5153.883241881169
2943.1504780312116
3655.887551268145
6162.002495233547
4406.024182555733
4556.246319529143
961.3123166610068
3444.9019471958477
2747.7114678497
5255.6009147109435
7374.922137536175
49591.00958238508
5204.658085977331
6583.730857852597
2117.5624714590786
2039.0387413677868
4001.5661176960557
6553.536682043229
6944.496886690912
2853.6321724739482
4749.002625135127
3286.562169315286
20189.757061023323
4436.625952567108
4446.003548994401
2832.688315397243
6897.589092223074
3472.100831160279
3485.800025561602
6763.30347622598
3475.3385423231293
5349.901456693114
1154.6082954382593
3661.8415651784258
4625.2945932141665
1703.0370591832261
7412.932188996151
2052.651194984484
13620.835946383497
3314.293991142321
965.4882678270426
5870.798761902264
4932.723288640203
16781.699801001185
3174.9228281043916
10365.132225888898
5573.757167899261
42862.16831896078
5560.547212223126
2690.8355255595716
16219.573915604302
5813.331814628183
1009.8814696324041
17142.10620748096
16284.00666518199
17603.29829175413
4554.4093574095305
17283.51118114621
2675.3678428363332
12932.792268371806
16172.306375711298
6681.687083474059
25824.30105952151
74689.73455328387
4567.08677266132
5711.563549906133
2152.1752959743762
8380.492519864009
2728.3098598442393
3434.9771955699503
5561.062938158283
10123.513504107777
15858.439935302986
2583.639505064896
7340.220699648523
8450.254507954913
1432.3182556518193
11143.503121286505
4707.170465242644
1789.1200906122624
4175.7180401889655
1701.8284177270357
8923.513624499306
21788.401218586692
2710.0097624017726
9435.756462615174
78377.94684058226
9425.522254300618
3200.1427005962983
4663.518954011217
19654.29274418146
2572.8575737328183
7025.470127906435
8489.177017943763
2048.59711067323
945.4993146714496
4933.116236687311
5042.340046730447
4232.821625095506
4526.200611621283
2842.707159050938
5171.339672445163
7411.44489803529
19704.89557217647
2581.371543784489
2715.7291121148237
4014.8465917706676
14012.302328591804
5732.476814349579
4019.0591018247746
3636.4287621121493
39262.17140231754
58911.804632537984
3960.1336227966817
4328.125569679659
3183.6394887991323
6535.322783593044
5991.0882564803405
17311.689714611148
6425.470252127921
2639.517258177782
5707.705767282111
4610.1673376950885
6669.686102896212
2311.9734074945186
4117.917514980847
109931.79108134811
6486.0587459825565
3039.3343810374954
5851.112338603097
5547.761454568695
18501.27409226967
53404.882922722434
5815.875862317449
5817.581772847275
6292.382341914584
11770.982293802375
2600.1427411647574
4509.988246165748
7701.724866067787
14567.590296670174
4637.265537491025
4688.8396220482555
4352.876300083787
6313.724917419621
7974.922005769017
4126.749268465427
3161.584631135688
128294.387306116
3161.775931773882
7721.245788996004
996.7831079706012
19813.862344474375
5540.853904978274
4324.850917753224
4472.938633507644
11699.442941105695
7443.819132086144
34831.35434888467
6287.874718098163
6441.778983405317
5819.321336283108
8089.242038828274
4142.420552011515
2668.8838220560297
2783.9661026407343
5845.671543865209
11587.242885148951
4270.770792742606
960.5771646977347
5369.903880090418
6714.978891474507
20723.741272811803
6120.476239520382
13593.064257205031
7512.327614274072
3681.8265202622592
11408.62213810487
16234.594458824999
8387.371614830665
2353.7639719485596
5751.781017481038
3496.7152083349474
10563.928043504135
2061.3362270904845
1049.0203537981674
8379.330008323592
4739.524018063649
23331.04662474327
3307.568852649751
7080.915980474043
6704.007872277857
2379.770386201905
4703.374095566781
6186.727540378856
5504.798380004087
2470.7708252155635
4802.318506604611
16812.1939977607
5901.49068530966
2015.5860677656947
17059.750542298498
8842.932387510598
16751.412152538483
1037.1937560822623
5270.3107189500615
4670.623516011166
7709.045144107058
5387.87645432415
1005.0621130401087
4424.05200598511
6157.259378462997
16663.127427677136
21343.688930281263
4744.07347079392
2771.3398330628797
2284.5049230058735
2891.4972640233973
4223.438748633621
4389.703657907379
8536.15758720699
3517.917530476361
5509.098885335952
965.6246656680437
1027.019232042136
1330.852048986501
5537.892956466169
69206.77382014257
10296.355536364355
19059.9404490823
1664.64294806436
2872.10085547521
7686.101918904714
18257.50894613818
1205.1655442778774
7896.787286577444
1908.4772703382218
9845.048444726724
6908.14710688857
6856.486518247503
3633.2001234524587
1771.7221631619238
16630.89338291459
3237.839277600773
21146.41373233195
5011.649932582009
2791.6696852672007
2309.0827485053965
3800.142651823477
11153.477743543637
11397.511231611299
5624.808021232802
8676.963870338614
5303.902185307899
1317.185285564015
3498.0075837360937
16719.83682717143
5653.238460757557
4256.955114012756
6596.7473374427145
4625.489883153111
4510.841771475371
6088.713604645406
17172.0704890609
59511.80460477156
1880.8626552293567
3394.4777759805693
6311.432353108575
97632.62758019472
4367.2450450392325
3482.6137244784613
6992.648959267902
5139.260630712448
19745.608671226866
7940.22046872835
5113.85278585182
13326.871207786453
3347.711429858404
3886.5621555257158
2272.100871025875
5083.983422156627
5274.761748810144
15379.75396221307
5215.12012721643
4638.262170892056
4522.732204496135
3486.1000078328602
1258.4397429960893
2027.978721641492
3558.9826192170653
3132.254715397058
2702.73671206092
4858.835425152242
5138.924512310698
6622.7451400964155
1343.257338786975
5169.932546233229
6914.333818848257
2265.100623178644
2642.3401359647555
4145.4127642837375
5429.247179441566
2961.028891448156
2729.7807300009536
8381.774350243952
5210.6972836750365
5090.835407100576
80899.9588670487
4001.9230514661167
8634.146277084474
3756.2151749577874
18589.271675330427
35920.560410212755
6212.153494230648
21473.315214963975
4419.96071509098
6228.44787884743
5263.264656307062
3287.328592189474
4788.610105295242
10139.567607337509
6189.93531521906
12394.461886125891
5537.418235578225
20428.255800733852
7437.8390101212335
1418.6905497878936
12372.34568673023
17405.630104945714
3443.852597973808
5707.826086545692
5009.96188502685
12906.917204795198
11355.303472978858
7286.388482973506
2829.6629950170036
4038.68060729987
4974.504082481074
9408.0194496611
4974.922605634016
1775.1175862856692
8182.421113321487
9843.818681037543
4519.144811498524
990.0258008424836
1001.3504040372228
4978.8722538376305
5412.396336285927
9206.459662454681
41901.34246198433
4455.207606439914
5426.507962772447
9714.48182702773
3205.768276927048
5452.712658063408
7010.464240378469
2856.834207417665
16351.742239617057
9622.515049751368
14758.965854363018
1674.6068629079673
4107.945064005104
1055.5947387213637
2824.0256250694124
19446.340168682033
6423.829564894877
3125.2356203197996
5210.686001462198
2701.517519498405
7086.101939901856
4517.864101054407
1665.100626245498
5998.501486848854
2585.609767375377
4414.9734380001255
5545.454779352619
2773.8411365902175
2655.207675435453
12571.996122439215
5389.069934525544
16656.166448819946
4741.233076588055
5637.302186428753
2687.3286191991483
5065.139393600656
9260.359778087692
2650.9008382954135
25482.47071415544
3470.623549928979
917.5625128800854
10611.503973689314
3861.1380544553303
4382.833347380576
2916.144526453951
5250.614206326402
15279.229221413794
1618.6029604079447
12970.62230054963
3307.4138822841223
3432.6882947325485
5250.6096327832365
8111.141851058161
1035.6267227270341
2504.7989647433815
5906.19257187876
2990.864335920063
1117.5008917177693
2452.516267514188
4500.969556446002
11787.781187435048
12690.76367670005
6081.7981327315265
4561.650142090022
4922.794671066599
8931.298123409044
4489.100739352384
5853.320667780481
5255.60340048736
3393.0556830825426
3623.446166645962
6704.432163706249
3783.904935502618
2705.141227219578
2212.7691615755707
5288.473824969303
5307.776301495579
7286.29917050274
18181.49163684598
7964.935746806041
2796.948103027353
6532.928420006493
15916.473591771895
4589.5171562564565
6024.361885239746
7397.339979014586
2837.2655956024123
3306.033293449646
5378.105348421598
2761.7219235242246
4640.404423143837
54004.882375268266
11335.880506148187
4842.039674543528
5815.028768510278
13983.246592766785
8340.099416848616
5056.698686561377
6494.204787596552
8598.354437067772
3315.744118445421
2547.761580429375
4337.475678023124
1053.4290431456895
2603.53404325
12660.203375051127
5398.9484943788575
9243.81879762852
2198.875394959588
3699.6720238256803
4430.586248241914
5253.6871646366835
8646.178304217086
2849.959036096458
6409.457217473388
3856.829911502162
3338.7983793471744
5262.466001866432
6108.062739537882
7182.489497878132
2096.7376813905303
4406.87673102087
4140.868675819611
102127.25698178723
4974.843018729133
1620.0000807997567
4925.067812061396
6003.968750205748
12323.01428886846
1864.183940235834
17531.793633314544
36530.614379304025
2123.056701138698
5838.176312778376
2200.073928125918
913.5267707356356
9050.254478440884
5961.17380342052
4599.580895814452
4126.480383570085
3113.22541639373
994.0378003580188
7457.748935446282
2583.2591336360592
18126.332176029755
1160.8081380320882
4682.427067121296
5353.536762675193
6269.681225847014
19595.19159392553
3742.232756040509
9817.372350017533
7697.775589283136
5956.672149946266
5618.100419464207
3782.8333516529087
2417.386798640597
4426.18335805334
2570.9891071703346
5057.38382502264
2689.100788306723
2812.6401941310432
7928.455387430136
5347.454971973948
1019.2887340875104
16254.506748877227
3229.5377847134096
3908.9939319876944
2293.4187498212
6262.691461604669
5554.796796121789
121623.04534086048
7269.686037884366
13963.75558448465
6853.172384602426
4928.339121680258
4259.538991424838
5033.535329189797
3545.758240737143
5072.938618245493
14014.782405579706
6286.997680258399
6063.9758313760285
5249.020114128081
4290.943625640394
3296.9355189824228
8028.447826790898
8111.8422566022155
14301.217615375135
6363.5696205559925
1678.345485552115
5687.328471012011
1272.0619583142286
5848.271888158193
21916.896476346068
6417.472506962636
9661.854624990869
14534.455672211718
2335.7836625443306
5947.80241684739
1739.879168794382
962.3893915963968
2599.210875551131
6549.896854432703
14383.65703790226
1180.8380587737654
6573.067711688903
5031.154780322533
6493.549883220597
5882.692724077432
7778.99353996159
6180.660078853189
138197.96884127805
3656.933020281636
2566.5540432135845
7672.99407665084
2242.6490308524
4614.579661764699
3911.9058134228394
57511.68973575078
4903.76029748273
2886.745034403487
4880.615719869301
5254.617327044521
77777.94737556776
13387.242112928456
5829.014892957383
6293.356829430674
6297.589128900912
2451.143851866428
3545.7798175672765
4135.960470164285
3065.809725467347
6862.010971677202
4621.404889569527
6838.186619905824
5575.741868496428
4232.207469678885
6492.852832976614
5542.79180098322
3335.237613093506
1990.174794758476
7064.636584334236
3275.1592802678488
5748.788258086516
2270.6341463641274
5664.909296127588
1729.0044027420322
12713.013662035883
5163.664026850403
3983.834773069675
2598.868747995065
17863.37869357685
2074.7186221133134
3982.368633666012
4413.589152928349
3391.551251250816
86812.95272161164
2215.76770912269
8022.950881029199
4116.079513121415
2534.167770318293
4754.714118838554
3208.9443744939335
3908.2048680676385
4671.099967998181
5028.714041397281
2815.1763484805074
4616.968355898215
4331.8889786698355
1445.4948893927317
4585.414355172265
3436.5342984688477
4928.125553150051
1729.9542077016347
6164.960796461051
6547.8023369399725
5295.400928134662
5760.361244114577
1865.9094432391385
5660.820415493715
7527.551675052347
3573.379832132401
1304.600518065277
6915.743649736516
2567.358473241122
3248.9878438072074
8415.592432299345
4396.0762358911425
2763.7124932580086
7363.574081000343
5489.452923251639
3990.821497542678
11083.526063918243
5039.20323130464
5821.771732616557
15414.861744824577
2809.3607244606505
20020.537604460587
5517.632421049386
4257.052108129535
21408.687728998895
6009.818264503727
14242.886621954178
19636.012143796983
4748.585429095165
5943.683820174811
2237.410725516884
5863.8810369652365
4638.951553008193
13674.497339940644
6843.121748518205
4655.600954328864
8540.220244880189
5248.616705193955
1834.1575846338633
14018.398093734315
3427.4917145397644
2685.3663878939674
6632.483720141417
7423.8459769037145
6985.266314177032
5019.5967062013215
4016.1087459223545
5687.874744052283
2837.8610212301087
2712.044770836419
5036.625911654649
5217.802420560683
2214.166882224079
5352.335648667697
6013.425414607067
5374.933792026845
1089.6525585936295
4016.8580459047457
10387.24320720528
1012.355731760377
1560.577148724239
4040.85623279126
37089.55919652736
10457.680081886314
4276.977955247694
4839.334324728912
6382.722635361858
5062.729435108184
5325.2509744813915
6843.233423302709
3410.208611976822
16221.171394225461
2000.83042871185
3119.639447494641
7156.48337560644
6503.815320177739
19017.864877555083
2286.0297297478223
1642.6490418186854
21033.75828057672
68833.39790448628
11269.14123076163
5517.021847863651
1628.6034316831488
5923.914297556396
7155.224742691397
9579.711778811868
3905.4808243956727
4094.6637754150975
4601.566059433328
5672.506251285221
1668.3177941328543
5545.011558346987
4775.697959497113
4737.341082176621
5943.994565847982
5006.876704599925
3070.7708083764333
7121.245821399213
6226.654271952524
18026.12761532753
5187.9677828783315
3630.202720906327
918.967217194494
16598.809738935037
14704.541751962483
5030.586175362938
8929.875402373964
3973.4412307357716
2834.1978957209135
5230.237675131316
20257.433127628512
4431.154799382851
7626.813020017112
5585.962218665429
5564.744879828363
4625.45266520691
6601.320713343991
5033.374414583278
2721.7742876448315
2249.959046248158
5920.607488195648
4890.943619485858
5542.721452896492
1503.7812412050253
3915.840024872533
8697.588832869083
11203.12826525149
8049.755209755095
7445.774733869493
2196.948111918728
6180.586364936869
1509.9550591151205
3408.2795307879032
3872.9386631631432
5861.824222921046
5264.814808437952
5659.349659942129
7759.9859063957065
5408.888426561707
122894.39326931522
2843.3883127305266
4608.307926459198
3329.59423492542
4018.1260402381417
6505.368283160272
3967.925352591612
6007.8523341399705
4747.959709184622
1518.5256679044678
2313.5425138745213
5732.604640031915
5119.127863781901
4959.209065856779
4116.023810261504
6417.802395785067
15853.83632303114
869.7429712797457
1054.0214156418529
3970.636668882932
4981.107784988701
6314.8655142321
11612.910956918195
5607.870853807251
6191.207327027428
5405.730850536921
5822.5681836590975
4312.158303154274
12347.844780649488
7306.371766067867
2293.1251486913093
8339.408650775056
39924.15461245605
454.1771375512101
2617.8555483251275
4984.891178589368
6816.135751966031
15062.752766361467
3993.9214175669836
5971.825700004585
5308.921473728791
5046.977740632229
1029.2263221607254
5400.9882059648
15724.445395810404
4446.158275039813
3733.027069712402
4983.204626756442
4296.776123280055
5148.351109352176
1663.455681275217
18082.197866132952
100927.25701307652
5208.753986932853
10822.514990494623
6288.6861900583
1119.3086283654216
4230.167885854966
4252.552537822751
1738.8581342336129
4036.534283766036
4789.069942262965
4507.647166612362
4010.167375014342
5692.757237571108
2525.2356422091275
6277.526471926927
2463.975955153653
6837.839028788335
4685.804092286724
2179.0177799703533
3163.369965410439
74089.73458832841
1719.3086032221124
6173.757147795317
3974.332822916659
5407.313126655719
7109.045149583322
1416.947709311205
4889.769225740259
2583.853313453021
3764.540201083073
3128.1255955484435
948.472891819892
1927.0652179828098
3467.4915862588764
5839.303938660536
5411.391968160644
5827.4025247867785
6485.867693156458
5543.685413118166
5073.201831476948
1261.8417564619263
5335.900331825803
3306.614639799463
4660.576405918143
2885.8000610570784
1654.4613695939993
16968.38534410417
5387.124369126735
11803.128258760124
5945.840293213595
5323.315329573927
4104.556977334454
7619.354381013758
4652.692870084011
6713.2452052613935
5562.532417030589
62655.01424274472
2766.3875262052493
7936.157600340147
138797.96853574307
5182.838973260475
2672.938714577889
5213.821454300179
4901.996051379323
6043.575238392352
5209.9369712652615
5845.500932448141
5198.619533923624
4819.552098290981
5966.936024372726
6115.148358645916
2841.3997312523857
5937.429965379885
5262.494788611207
987.9386267148196
7628.847997390704
3302.2381335107316
8317.539391209779
20159.88413272347
2435.623213173053
2300.717958523991
1366.9767175637353
5257.923951817472
3305.4808486767183
7380.114093234211
3845.192645588252
9331.658714864276
4608.917648864863
5241.680490976595
2258.5133533708085
64406.78240151246
5442.066979588194
17567.924660159217
6028.211967339911
11030.960686466113
4225.183047705866
5496.259435260032
2964.024589530488
8036.38044822608
5412.696265633976
512.0578034499923
10588.880543973173
6300.969186283669
2009.3188801344868
1171.7222550975657
2841.268060336298
3501.8287565143214
2590.8124992257176
7642.27166982869
6308.14712047531
5743.998036131374
5072.974196467488
2831.987346679428
4233.200111239766
1619.2887051664525
7367.405832986447
4384.891200566207
3769.2265965460706
7784.695263893272
3567.182074114701
5553.282842655744
7471.719283068472
5828.042746059959
4911.7060160157025
2528.12561359427
5967.393349665273
7626.799186647142
2735.2376406962044
5080.412640813558
525.140505548191
8304.789757137305
6229.500873457828
2071.889071567301
5269.693829030169
3445.2557658506603
6026.564759731168
8699.835912531174
5712.951436572833
6520.471436146531
45020.25065343295
16188.17765649551
4220.300546990365
2883.4507460575064
5450.448275374555
7768.079821240268
5938.703512845154
2995.310813413872
2571.0227330182397
11516.346594044864
6358.16618939052
3013.1724187823575
7726.974092117367
3727.2015835558354
4925.235577051121
3872.1622214144604
2026.6446939567336
4156.58923485062
17075.01256738536
4471.755981415357
1921.5925579555594
3135.7465001328237
6811.444932656381
9114.481929083957
1039.247835968245
9200.177061845416
1388.4654575295933
11507.172106611422
14606.3117864966
6545.793887178843
5932.928438869205
7150.694887823226
3336.2774908233064
3317.8641529007277
2132.4769963796607
5827.943975023424
2115.7291230363985
2410.3951836897622
87412.95271823205
6339.8280997466545
1594.614673627708
4854.196336152459
964.1251280917561
6586.796147481698
6201.568448432782
4659.648624599761
3976.8289427258246
2022.6986908384126
1582.2750984519926
7063.961663141832
11336.118064694474
16404.865626692692
1675.3386266446514
6675.048182884043
5427.6985740685095
4659.441804725735
4841.8238976243865
3443.3883065038995
5265.330773867685
5094.187973721626
9338.796692222699
7719.877474855666
2188.8924472751155
5448.612232072865
4236.822223497468
2682.469061715639
4231.608352653258
346.1719285707473
6597.953379309723
27248.933917166345
12135.649610553992
5270.234719542403
4152.735330160625
6481.205508345893
8258.544602755053
6450.510237012234
17998.009065081198
4982.83333903945
10003.01456264331
2090.6995955612883
8705.987617402607
881.9375509736465
5290.38801836142
7488.085358515644
4756.901593498944
7613.736497966628
1987.3624110725182
4980.717855411094
12210.16862181931
2729.5942415666664
14587.241611840389
11501.09657645883
6098.3697320522
6368.009087202285
6523.2890637854825
12575.216438560221
2169.932713479614
1884.6386787289737
12529.800118846768
2774.8225149543864
5107.527560687192
5156.395591475404
4617.184841905879
6596.291110750148
7946.850873588589
4394.274226031661
1051.5082473934085
5876.6831385104215
3289.5559331465292
3419.288567394559
683.0357744088889
4725.008565759989
5858.650648442116
5117.864038016248
8317.695943981273
5340.165339389584
5086.022026752881
9398.031704964593
9380.864749570137
6374.198009981355
5207.331722594354
6959.825965354603
2264.337690200506
6092.775346402447
2287.7350130241825
4729.130626751083
3755.1275786727
6168.816747803132
3906.4932798499913
18660.104341034825
21139.2495257392
4905.6085136939655
2680.153886475425
478.345562678852
5234.551075876696
4870.425291730119
52204.88350308313
1880.2512597510447
6263.8782018361135
7582.42116307887
5111.5635565682915
4103.9022175345035
6578.748949519298
2579.2675432513897
5053.64959373177
5668.917310586429
10011.50399511834
5844.527532778149
4922.661621609289
4775.659218665605
6387.680645138195
3606.1016053497715
5990.040434932384
2967.7317501058615
5842.287443212493
5253.954781895932
9672.421676053804
5296.160847962944
38062.17182531296
3761.0632955508177
2291.8022120723263
5328.4013838677965
5401.35333654279
5584.113892611283
4222.1305795084745
5113.63021804158
5568.379729848279
12094.091506825553
6798.905367849689
686.3951466972994
1586.7696012190743
3471.1782251340787
6029.119545466453
5531.272302678009
7950.266764038805
3303.266318799355
11817.353586859432
5481.182138253681
10186.99942221735
2153.140806324824
4034.3073370416582
4826.507984229386
402.8381767605802
5075.800249877929
5577.82806656238
7482.329033966208
5865.797266262221
5541.674556781729
4035.584269428323
5369.786750352919
4868.367997551656
16119.46924168613
5538.936360299459
5480.179606079825
4995.769753308625
6160.423095978814
3752.876349950558
5970.563706353419
5887.000606244942
10025.522169424674
7694.733693976362
3623.438764814389
4882.304352641321
6641.4303068541485
12083.81405622402
4280.216021850468
3317.991377162036
6853.015337808883
5541.899344066255
10303.419124318869
5138.798141711943
3380.8563283686176
1900.0878963460127
4924.901422408174
2288.3833155028915
2129.4825929981444
892.7576481523621
2126.0607443229583
5367.042528999639
8614.722649057658
3504.9469493233482
6897.343860783408
7324.749372436501
2565.696805653467
2291.497276096641
5835.317995569974
5602.977263804177
4334.773247007283
5928.320787810005
5769.098226417634
4649.58569016417
463.68703276996155
7401.389999826206
18212.69614162432
9104.796990203826
5231.295045506238
10212.925012538915
7481.163555217921
7293.820593084724
2230.4637701715924
3954.468766805762
1765.2063828525017
5864.101167948728
2176.7579092480464
8901.026285981174
3444.3173286529877
1825.1831511651988
747.1229882684124
6760.547108858797
12423.378205328054
20026.737906346334
2614.7630730166247
1837.7554396871078
7641.1571474732755
3958.0615146116224
6628.538460509845
6571.5713769368385
5277.836493843541
13668.434206221566
4721.005326050415
11496.734952165667
4038.951562391992
6774.686538330134
1708.3656806055494
6104.432181816919
