3181.3564630071023
2040.7120766642608
4273.854891924886
1919.1347882789664
3188.3512740785577
1923.1350915523296
4577.923644343718
4452.259309433162
1928.7076156914575
3799.64981213017
4575.181874000059
4567.193658150058
3977.923664353493
1635.377601800205
1305.0916821500896
1313.617866124085
4277.623372041272
3029.2585142635307
4450.363836608407
1595.2710100464176
3037.414538649742
4709.91672908629
4427.404595269564
4473.365178883915
1918.2183853453455
1636.6276898553494
1937.0685176568159
4463.355601308217
1603.964462698655
1641.408345904768
4275.3098215388245
3067.423844327441
4837.549618387143
3185.53993331354
1916.4177420347019
3025.3662637220514
2721.173795005961
4394.5844670428005
4448.956840222093
4444.461389390159
2488.883066365265
4449.53077963494
2168.5900223200388
5720.704277814431
4454.647477962184
4569.858860881882
3967.19367604713
1758.1841243149497
2302.572324689891
4002.979072503515
5934.542059483873
1756.7710128159708
1300.1013548152362
4457.451930207856
4703.815598918424
2296.6788751758954
1920.0695021360223
5621.328456450748
3975.1818934751454
1037.6298634186473
4763.651142748291
2354.430043704723
2485.7232163005488
1917.3149425535537
2042.4384868804875
4447.502887665297
4693.413596573314
1642.5433750639404
4471.470060192739
4391.110462510184
5038.318017480084
4262.888287481293
4448.017538143979
4118.627645580435
3068.8993647384236
1753.995417239113
4839.219585623073
2494.9778846728996
1597.4917055281821
2497.9187176629052
1637.8570285697704
1035.416509403071
4178.443569102803
4704.660693521497
4707.85018903618
4465.426379795431
1251.845580031283
4702.5722656252165
2727.2991523539977
2047.6396262936312
3967.8824097773013
4433.124746868717
1999.6498581558944
1299.556395746352
5026.110522946345
4423.301641892182
1935.7648545872696
3506.861756851251
3761.243888721463
5740.224211624448
4255.75282336702
3182.753997396468
2045.8968420677177
2718.1120535020955
1527.4156691994192
2304.6607538754897
4301.648214763354
4464.1874508332585
4701.7822049768965
2309.1943381598126
1646.866267144492
15801.679749845322
4007.247524044328
4467.480186889776
5627.886326229875
3509.194308479258
4799.733061655196
3184.1469124486994
4282.800851630946
5553.560021853986
1325.9005607173792
4655.72654671292
4454.304624645412
4580.624617623752
2849.0584414808022
11546.72839834981
6055.752787137104
3504.9441291749745
6534.542046825085
4452.316048818995
4106.861740364722
4802.815836128363
6900.658490479168
4571.650745834191
1315.939774286269
4001.667471079539
3876.1176742949356
5622.883118303433
3495.450276228624
5715.969531669498
1870.3649368805545
7050.9078493984525
6577.641328748785
3762.3099160623306
5883.695728238558
5822.459807241691
3494.3118830691146
1044.5534113097692
1263.843717338269
1865.9354387323085
4691.3200830892065
5550.6886807069095
4419.538301531922
4549.458470949475
6035.198870492493
4118.979515904484
3969.7074674700107
5566.102531735585
4119.107467835834
2167.0358398592725
4392.871240178776
6354.4172684829455
3738.379919641406
1523.9414637977331
1755.3750162764059
12055.351520952965
4685.593931975306
5339.121362222472
3253.1462642590272
4420.962520089325
5756.2620752467155
4800.440184224002
3493.2369721945493
6142.458507126002
3246.278051636022
5307.10642392304
4842.520027589938
4607.161869154779
5550.042777070755
4157.853759755328
1871.819541137243
6580.851677693304
2020.8826281718189
1039.8991297151304
2029.3962728327872
4691.305052902476
3504.660723559593
4547.859929963939
3518.1618565919375
1915.5191744545286
1751.2849591204522
4384.75686182135
3969.8588792448177
1531.0408610409404
4286.878810589566
1251.6414594196074
5538.794067200249
1421.5097427842884
1635.4165000061048
4658.194989070261
6152.996101144893
1529.1500758498548
2460.252371030941
2904.660740509451
4469.5030202127045
1761.0379453772669
2603.725539584267
5636.5117375066475
2708.959662424094
6897.323380380078
4425.835355202134
5858.194950776871
4339.213177828084
5399.733057056132
4421.207827535443
1747.2109034913067
3369.536414811175
2227.022128001746
4570.244915524673
5551.865711119505
1868.8993899174823
2586.1136227723973
4418.222868883746
3470.264388057558
3073.266808018146
4522.20172658051
3415.1203760310714
5154.890288818122
3860.70348335422
1649.3520762568292
2044.164105001782
1517.8534453502475
4176.8672868657195
4109.194291085372
6193.734284858578
2344.8870667677124
5958.7096747620435
4672.501314728762
5360.220249250131
5031.399413457658
4108.287346756988
6594.481220174081
4159.790367689367
4248.50079785101
5738.3484243405255
5482.104043635269
5349.15186005864
4689.402039804654
2899.9044787922667
4773.323098720268
4598.782746452156
2944.8870599962383
1640.249049707327
4298.684907235808
5716.52404724593
4100.560513286201
1301.720340866985
2906.8617724022947
6356.262053633684
1260.3295999318686
2715.0425727149773
5402.048769630664
1650.6616709235013
2308.1803713188156
2533.0281643514377
1333.3192314255418
4058.1950132811294
1062.1376469148886
7403.829994631601
5814.42268606203
4109.713801342336
5131.2072251628615
3763.4508118086956
1420.5075670403378
5810.900460040442
5807.25240796082
1300.3809702011945
1931.6403602893834
3799.6291816624775
5334.542080579037
1301.8821452903492
4602.8913671487935
1153.9954445921455
1644.7465938599473
1986.1136456804838
3186.715259864754
5719.557503033343
5030.330466509798
3499.904472622524
6027.622834689512
4487.45820562528
3070.3649123013947
1748.5821889530935
5664.18742545703
2558.0384085202513
1553.5304320046178
1914.6112370218584
1918.3346817603262
1250.333369986346
3171.274395457082
1930.1923083285171
5843.636907103523
4434.911906523147
5291.320081000515
4523.46875456068
6354.890271656229
4432.495524752394
4582.78647616885
3507.1467746658464
3251.4223019325573
2010.3692256462612
4670.103005488133
2246.917562557684
5754.417290141446
6578.00137989295
5341.308932338784
5638.918844998361
5344.887007974958
3225.8459348232996
2271.3651621734048
3539.8577041195954
3152.732788581215
4050.1892694854596
2542.4585863574525
4950.688688726975
4269.2843736979
6017.567695605262
3958.1827796647713
4818.866787506431
1243.9309160445216
5855.726508150574
6586.31945319589
5885.59392513681
3326.3333200462394
4389.888376405244
4952.996165971058
5083.964880717281
4552.56710025055
4949.54060284551
3977.6255629427937
4913.913749160573
5881.7943354459585
2621.1716060280146
5874.109007261903
1759.60939024621
14904.950210172456
4016.8944977570063
3980.161623663367
1247.260241905307
4370.9883222063345
5638.318013801294
6750.68865833834
2904.9441347888533
820.5075732365967
4943.929877651514
1645.816738171677
2433.2650532651455
6107.978248387246
4303.565655580935
4425.372452880665
4283.793380640595
1872.1682041487984
4181.403648473482
2580.4614885042665
10922.990916549164
6472.501273520793
3159.7561999818627
6159.1819308542135
3571.792648307544
2142.557945627622
2625.8459482331614
5397.248483574854
1644.5534067204255
4578.452535699467
7410.310583992519
4844.136051789667
4055.7265702055847
3065.9354124241922
4104.660707873483
5399.5224706292265
3854.3046472410606
2049.384262221699
2277.794768942619
821.5097496186761
7375.944997752739
3150.688731319963
3980.624642547358
2900.5605468713625
3500.560527728085
5152.567085840481
2195.0296365541076
4042.899742263508
4389.306208166716
5887.3837975007
6268.401335943343
2675.2091307590927
1330.916264094805
3176.413073801734
1438.9762072416647
4561.792549468206
4554.417319810754
4820.005622861526
3185.034875928722
4100.92709740228
5150.8901891875585
3490.974680975175
3199.5482804544395
5287.473856655663
4574.396449483209
5641.219013250629
3186.937798514642
1482.9653992278354
4613.371134550737
3631.813521628878
7386.506037286168
4292.654584867025
1242.2056980003538
4984.04412811733
1535.377160179165
3498.6024022056854
3401.8247711153294
2459.856972985821
5699.320852532226
4709.194275588085
5532.576901424614
2178.839229135447
7916.063411559321
4687.473863738456
5368.68973258403
2724.236374466654
5347.405087093544
4696.678820448052
5272.501306536525
3582.81445081335
2526.0191078762896
4840.878058534163
2425.366282707491
5207.252420776005
6336.484381058637
4258.504706013913
4956.550805780359
1731.3996986641966
4483.887312166207
13598.761659425283
3519.107485605538
7048.592870230836
5032.117756069386
3242.864214656578
1042.2142892086886
4489.125654664532
3571.8142280994975
3972.4950484769215
5027.886332680127
3186.1136069013664
5090.734752658753
3185.88320643859
3405.826696826349
1646.9175642762777
950.4748124872779
7732.38882980575
6544.8869814230475
5562.221248681368
4372.20193682158
1710.589747687212
5286.239899484823
1933.050432683167
1708.18037227274
6899.974041895077
6766.1024991995155
4607.252433767109
2649.8469031075942
5036.604720583159
1848.034202508203
5889.4020353445
5551.196215468638
5207.05429192193
3112.7339813786994
2177.429713306018
5343.474928649635
6264.187419127215
3221.1715845103495
2248.914848934238
3138.3799352721308
4431.283096753478
3874.8358660318754
4492.270113972161
4323.29331373249
3166.458234313159
2178.021770586866
4025.699448720339
5205.300582847684
1678.7990099188307
3534.542125221113
5725.08749819112
3496.678845862778
1408.2233135289275
2298.60243202068
5206.516641798505
3471.7763573205048
5888.5342745216485
3203.725527521825
5282.685932700107
1201.7639334412133
1244.0124840234823
4149.151871238106
3800.9327879306734
4411.894475967301
4575.295552861134
5041.2190166782
6437.629518642538
9636.52610410773
3367.1936941530257
5531.879989298035
3961.5285742115752
4699.688939377106
2413.7859208521036
5435.152955573999
3518.979533039913
5029.637567101821
2279.3044342589724
4862.888274438586
5718.386773479649
5053.311209495044
5420.00561907564
5426.481957087347
3005.1873562235032
5380.487303655249
2244.553405467359
2520.795267849603
4357.116566554577
5194.39056006561
3066.2111142011886
5258.754001432053
3171.784550858391
3009.624562843232
5215.986620161651
2890.9747038700125
3648.500812333954
3173.556381106058
5753.7952657427295
3364.1918300591665
6492.760575527336
2642.864229621964
4665.112176633471
3933.506133057843
6162.676570136098
1120.0710730122205
3773.5563683880364
6338.348402614556
4483.964890754653
4067.650560679514
10513.364231152542
5516.965388971885
1229.3669619746256
5006.6358484360935
1844.505117923347
5049.665249077951
1637.6298552621179
5088.409215066171
2051.1194576065213
5182.786472470428
3175.3565700016243
2550.6887384884176
754.0409550416738
2123.9414590993188
5613.239338931731
4134.542120349018
6485.865333713969
2838.459886812422
2250.3742716525726
13809.087839720243
3798.3259684021978
5462.888266729831
5817.694725882642
2653.146274333703
4436.697443137489
5624.360745588396
4741.308939571713
4344.368632564332
3975.0271045548643
6367.675630702494
4687.494256681755
6166.10250682065
6624.618506645538
4145.5184282816
5667.751445248261
2249.35207419455
3192.245625568641
3277.7849040808856
5805.750878002521
5370.210361231296
1832.9402684007098
2482.512302652146
7053.644778779983
5997.282941268259
8221.354942936257
4868.056652251185
3358.182787885894
4118.990278229036
8853.268792292125
2962.811019566226
4685.865357183051
3005.4394954335303
1639.8991227871977
1537.4894494023977
2339.8577161095336
1910.0539691075564
4060.6212615989725
5724.9597826026875
3508.161413469019
1958.038413517629
3101.949935290432
6465.112137374719
2464.9766571482983
1927.1852293691647
3875.1922238204224
1828.9343723542888
5178.452530605759
5092.082026927767
1601.7713665830213
3919.7454425295714
5882.685928846725
1540.9914976700702
2547.204544022916
5438.31429813298
2251.8473186871583
2134.9784719488935
5138.613808950798
5829.74185199044
4675.0422260091145
5345.518415498668
2042.042204786604
2272.501353955635
3502.506336943062
15656.474001816567
5710.7488591133915
5660.901527589044
3372.385878545259
2562.221337740413
2352.274578385766
3369.8588982902534
7044.016422301456
1240.9209255567941
3874.0492797974885
1996.9230733893062
4739.1213686348565
4258.791793045152
5224.297691273717
4583.588632666285
5422.19326863121
4405.201373178987
2518.334677266272
3352.567125418758
1398.7150660626019
5001.255101591537
1572.416293472002
3491.2583305805356
2643.395073154873
6144.368580105934
4426.110538431344
5085.735943815241
5150.043015875233
1514.9483699151501
2179.8550938401304
1250.910433892494
3465.112200301906
4966.10253742603
2129.9307310542695
3507.8502289034077
4247.264344824239
2125.2743432472716
7392.452301195564
5553.093116628933
5727.148763192936
2435.5726781265776
4349.741487945635
5348.537472919429
1254.997500632565
2181.0295371161183
2573.556402275512
2118.1120743385727
4055.465379633955
3352.5230632159064
3159.181992992392
5255.726533226802
2481.746195558626
1276.6745701511882
3971.6507548144014
1639.6491151318849
4410.25199274025
5884.2660987183945
5260.4407508220265
5118.386784264253
5736.813676058626
5265.112170538435
4228.590468194245
2437.5800137205006
6894.724574242337
1528.6883234651696
5636.604717323663
4490.734760219345
4592.009907193855
2155.831288956939
4280.753594573953
4768.397347059929
2909.8046126646573
4425.898229518047
3762.0094593181157
1445.896867155727
5754.890279835251
1557.9361688748343
4297.111502313243
3629.316985833696
7141.477926024293
4296.965574529486
7584.133311890585
3605.8525867565727
1525.1504054227623
2549.2405941966995
3354.417344831037
4938.794100634278
1703.3935902179396
2721.042542212535
3214.085284954065
3675.696850042791
4700.560500206302
4962.221287470346
3744.3686441506725
4794.872041371443
3183.1943371767084
2809.040036815652
17722.25703096883
6000.78105849513
5668.641104651206
5140.224237223898
5285.865350656452
8253.2688083612
5033.813422823396
6124.532119099225
4247.767026232911
1216.8991245492539
6062.888260090216
4147.405099046261
5815.7633771032715
3473.297846699452
1400.7464714934551
3137.0296174520468
5374.687906824511
6054.131541399235
5745.3470609608075
5911.897631480189
4107.8768456378575
5637.726529896408
2829.106937154434
3124.111810162971
12333.184981623184
6357.50083585668
2472.0828977431947
3164.6729519169926
3910.1553522830973
3956.262124043248
4373.396477181818
2874.829580514495
5480.308234345225
5428.702218660418
5531.100127864032
4352.732769608587
5216.789173399225
4268.056674536882
4609.8721312136295
5887.473855340582
3302.8457511059737
16324.661248071252
5004.462122779129
5124.019250228279
3456.185538057394
5287.494254149663
6028.735229855625
1464.9851917419435
2754.1366418904745
4110.29105721214
5197.55506029886
5428.590424805088
3964.002238945275
3146.151204976589
2534.5160309141593
4671.59095250142
3866.9417263310916
2025.8459671972073
4338.794133692669
5722.933464591544
1520.7462832840058
2956.8164310960287
4276.754514396245
5806.368330140608
6012.1342309674055
5875.681034177775
4673.828704202087
5421.108859651761
2246.1019227615293
5798.380607362797
1749.9360704724975
5351.501401393674
1631.4042524060499
6470.1029649767725
4438.318027409472
1036.6277126074845
2438.647982136992
4449.665264051196
2729.930716806204
3082.859656269861
6249.665211192719
5532.633214355835
5661.844545004484
5909.001948363204
6588.4969306453195
6260.901520596623
5091.023202103388
6458.194942887294
6021.420415034415
4215.9437643872425
3859.1395384101224
4551.017844814355
3377.9236859378516
1536.6526208938353
4007.252449076844
4280.658189181806
1617.507027359205
3277.862621403776
3229.3781730501737
4214.064363022143
4869.284363251945
4976.092165225767
991.5958337501442
3195.1415969491077
1299.7769699012906
2831.646738383165
1255.764506883585
2812.8521093401773
1877.1850683505968
3049.404192412305
1911.2489290359858
2644.575317049184
5733.992886779377
2541.180230356693
4667.650548438731
2182.1825589826644
5824.297679613719
5121.829020028918
3663.464170048187
2035.4175723720411
2377.4033199629566
6341.287073441528
2271.689396415528
6006.458816870598
5070.65801714652
2164.6469398577824
4855.752807761161
16410.897619195348
3386.0650263709863
2217.960405166423
5094.6138991231255
6120.413810213318
3502.5722943536666
6460.621190950124
2188.6422577598896
1410.6639786775584
2764.002246189322
1616.584510581158
4314.948389772877
5712.202403060102
1945.7604980471028
1429.3962785936571
5175.5017078857245
2229.106942260448
2139.3425690652534
3815.1234128852193
4854.4185409717265
2090.7441154232156
4305.936915224496
1376.9947423297285
5423.733930121697
6586.497775056807
1416.8570594815124
5069.093987227283
4163.775981758803
5532.958692741069
4875.3098136492135
7397.8160110055305
4608.446466948614
2676.1176930532774
9658.791614714293
3152.996207071141
5349.2146937987045
1193.470846156534
1386.9009744873852
6216.519916465483
2748.860791875439
6010.046267078576
2421.271536624413
3165.045819051489
6210.530040393365
5433.111272619345
5027.8705827802005
4615.088944466594
6331.895336150936
6353.795257600238
1304.0977226114433
3623.6053884010894
2651.422312830131
5631.399411085977
9691.43119893765
5003.641121345365
1223.792929763593
1006.7884454806807
5820.500102975137
1855.1537342911047
3518.990296518285
4744.887020312569
5437.937900421372
6171.274307197836
1946.3742278782927
3197.0202069454954
2906.0759691323588
2353.8172406593094
3375.181914207489
4080.9750967577133
7238.861524362946
6021.893463999766
933.2717176986429
1517.7132271757416
6455.7265002361455
6482.685914261695
5484.178296507361
4249.713374117532
5101.261444586544
2467.423868309745
5993.776227708505
4737.025544087731
2901.2176674202437
6348.981861814899
4283.214048947869
1251.6156361865717
17925.39669840816
4609.7538417652895
1520.712333891619
5099.655495486608
5750.043003635811
6355.893476080377
2176.3169435264767
4333.02421105252
4010.900481262895
8846.26445815658
2852.580086868523
6350.8901694317365
3966.9835863035214
6051.00255984327
6146.15112861625
19343.062382823544
3412.408380458705
8508.40263983261
2135.9785927683756
4433.147828539841
2340.9475075068885
2757.8685508765057
7540.156801238055
4397.936613469246
1655.9095036517876
5634.881743336921
1705.5712445145873
3142.458579888742
1236.0283443675655
1867.423870071343
2896.6788665536506
1811.9821848494366
1405.6376729433491
3195.1110009471904
2029.7104648895581
4604.955491182046
1713.1107903685654
4799.522482356367
5525.969486308716
1542.6954818650593
6746.151120830398
5903.051521315623
5418.866782867718
926.6173701686389
5814.23837093754
3443.021953235404
5098.010808344776
5696.12289740533
2006.312872868764
3144.36865487477
3873.3652039902267
2376.8835301452414
2132.042639734694
6333.836870741834
5860.621198822096
2134.792756299172
1323.3356693647086
2437.4145568750264
3440.035129534652
1545.4733120116402
3027.0831886214874
7141.262125946226
1003.9644842392511
3510.937505101455
2558.5653397763735
2648.102330782807
4595.347015700811
3889.125668517976
3509.9167680352534
2876.3730623254987
6236.069073124738
5096.326649736547
5521.4497463845155
4660.621236778804
5350.7890850333415
3505.825653413492
6902.510625638405
6069.284354433977
7586.064879547877
6337.455076653067
1054.4353148700504
5048.06252738552
1959.1820385880064
6052.554067739305
8821.908373228513
3167.3516407647853
4421.328466910137
6475.025509594155
2578.213883000966
5024.360747080234
5751.103137702955
4757.898984372873
2477.1850503903297
4350.688713973173
2769.536436744508
3954.4173371633356
3969.0882701728497
6335.370641792913
4826.433588876317
17135.673962521694
6065.070479676668
6219.403322542346
3379.9064756888606
14168.938331697113
7903.565852491643
3031.5211594429597
3930.563080946563
1161.0379721711292
5695.531787476769
2017.4344667305922
4011.9945102805596
5038.918849083128
935.2726455827701
3915.0241058414504
2224.848574387439
9110.367198847272
2909.126431702648
2254.098827500609
2846.4567773593526
3286.4228478810624
3757.051982446914
1834.33774310386
3174.4887326498188
4119.179372290784
1402.7486098003435
4109.191599024659
2008.8909589742677
1400.3802420616996
5755.703775160871
4835.198919218734
3002.6412233968326
5290.648968061043
5543.929845302865
2527.1944558666523
3200.9327924860295
3270.8600514217414
2082.906756578932
5550.483617602967
5061.322959825475
2677.0444012607995
5529.379131163988
2588.3512978981616
5573.556343433924
3831.283130450048
1891.7960460283525
1245.7487078698928
3220.919922269468
5226.4055739196865
3972.385869391082
3674.3932376983175
5063.562960184
5138.348449817408
4015.1203728176383
5749.014236856783
2620.882625531141
4019.568874734794
2799.2054865262107
8705.116925750206
2865.112211297896
5532.040576688316
4342.563731809092
2675.0443867729905
4101.782237385276
1228.499211790366
1715.7421290677066
4244.887097410927
3455.465383826332
4944.368616238903
4143.474942311087
2854.5820259633874
3184.1402935551746
2254.0984394126895
3298.4553206877704
6188.799692048271
9097.111369284552
4519.745441176714
5974.0887350560215
4573.418257873325
4097.711780543557
4988.16439687142
4794.049467280261
1707.6653549482555
3166.10256859297
20254.536464348093
3392.8623507569823
1530.8818899580012
4284.178343193468
975.5799798469398
3135.445104605599
5090.845999206979
3055.4349412604006
1906.548496939087
3887.4582186924044
1104.6607785720337
4424.360763265622
5092.111290161089
4768.314994764246
3199.629186200131
3086.7977710214063
3366.983597037442
1119.0349539955384
6600.146838105646
4248.860145557634
4911.072981953688
2768.5900209881815
3194.445319369576
5077.17719507466
4858.79177112817
2115.0425935831026
2892.6689798605885
4278.539457777438
15599.979297461881
4168.315022159552
3639.9198144674942
1731.2284203767322
4756.489921418283
1568.590046163623
3210.166112000294
4320.668756611873
6484.266084051149
3492.221016984884
5449.988894258191
2870.2644070575157
8759.875697758309
1159.6094171609138
6666.633634297074
4962.676623139136
5407.769719702921
1386.5121800003492
6326.558433242173
1908.8846227530717
7928.444611453138
5087.458196666582
1389.5147847325493
3810.251994885587
7944.511928375358
5003.241950497894
5262.118911231547
6742.458500234614
6044.72183556862
4605.300603441932
5633.14781348612
3647.5331026520826
3380.1616307854797
2646.278065049266
4485.735953350229
4023.7162174630867
8272.588340759135
5729.608791946255
5809.872095972507
2538.384917206688
3447.0948269543287
3959.2471207804506
5603.097822493425
3658.5047166876316
3322.2835252012956
2251.8711991715854
3653.0011175531604
4957.116556939774
3030.9890200349832
5212.364700266357
5714.122427333608
1744.8870726063858
3307.6874488513768
2466.1037322165666
3634.161243701267
2491.9702308405235
2599.6498427571037
5764.066323012134
5452.899796191498
3173.343051815985
1238.7314753864785
3000.166795908507
2855.7265860916427
1978.2139070185945
3254.867012012545
4087.494277382987
3186.690545889393
5114.364235999219
8423.521380326581
1915.9397709032983
1292.141461277648
2823.701079398759
3272.996946139367
3375.0271129900534
1530.5482926109835
2971.792657337077
8214.566498893555
1526.8922784999586
3965.330140845459
5992.832603813098
4305.112608343387
3145.5909645970432
5597.344528247908
962.6976141423355
3033.265034603692
3229.24060321953
2858.1950281196996
5756.384244633487
2781.0295338405763
1223.7294808072581
2952.3309811025297
1270.7814094813796
2752.567133226003
1837.6791197272194
5368.038676305603
2134.7504308186917
6701.413630916615
6026.969025134587
3198.3259728817593
5569.213562817451
1398.665334552657
3890.734774917044
2689.0574296282757
3709.715042078472
3162.6766642797106
2099.8936384771705
2246.4567901497207
5059.184827990192
2816.5871140783047
5899.841026556164
3937.341279322983
4984.75685962328
5998.19655358979
20690.57328575381
4802.0487744653365
3162.2213285695084
2352.330992124287
2359.8186080704236
5422.185245156632
6025.246424528061
3781.1480681079
4406.018233101701
4824.301034355718
3135.566582574781
6282.695345836072
3234.9119467285245
5624.819711740596
6521.08219153847
3430.9884727984254
6744.368572362078
2802.892440986958
1968.7979854795242
2354.190812973105
2310.589747348319
1645.0102486131038
1420.8826423290632
3790.3617443613657
1920.7952724435374
6229.409038234636
4658.844245846987
6134.515920836533
2102.845763941242
1882.512317994581
5438.168352140065
2177.0528273915756
4827.758382005762
1515.6547917593414
2131.0408573690356
1996.523601685592
1845.7486968047428
3581.4036689382215
7379.288358515168
2678.6086954766974
855.002131448691
3155.231973789346
8222.71742011598
1733.7351655949792
1837.210730600103
7908.402654123403
2240.963180010292
5981.963095906693
3375.1026275465433
4015.147643612094
2571.2744175046632
5816.143742136806
1836.3497404076086
2256.2211582644286
3274.049289051005
3327.6486521981255
5093.339395922901
2248.2599391833646
6055.73973721321
3120.66876126026
1942.4585904436128
1622.490647412185
5353.7284848937525
6328.116437048862
4076.295926621691
2711.978969975037
2761.4856566744497
2795.874976242833
3213.684660385885
5790.135609690112
3501.2176614083655
4847.767005877815
2940.947499234486
3703.2532093084696
1202.7632733462958
1906.8584244303715
9473.007979375183
4825.36110870153
2247.490856652268
1765.9475549406097
6359.123172144248
1534.7927592741603
2265.6164377064247
1335.7648756901183
3865.4264077236985
3680.658213795044
1273.2668556453327
5971.6696328800945
3507.876858572748
3847.5029088261144
8744.074502865864
2542.5821266923767
1639.064471301147
2821.7870468999763
7396.654738076663
6043.18149473586
1237.210734993451
3759.18198149248
5092.822617310044
4014.538831889499
1965.5845982727412
4280.582257846078
2610.3692186702824
4072.501329327838
4396.159060536991
5164.066326184726
5754.6400960451465
2195.87346913898
7344.464434398281
1303.3277048843843
2392.1767932011635
4168.379327325368
2183.305539407168
3089.068833010529
5284.266101759712
4362.221317592369
4202.461689860235
5740.083037173476
4276.438887311361
4815.473123542797
3106.994380089281
5969.242430629658
6387.985590212811
5694.609097222048
3651.6042371414514
3188.2970977483556
1321.026267130975
2438.173075130051
15600.880515960325
2460.463736857887
1967.7597026029257
3356.2621311790954
1096.6788959517876
4916.965413385049
1725.6692217963196
4590.452296809922
3113.612324586298
3362.753927281398
5214.628543277896
2163.943225217881
1944.5248603215102
2808.8408871696693
6127.678741223385
2927.743268399327
4434.881757886956
5602.649849237466
1706.861803750122
3216.4264572418074
6003.01838843617
4291.431374416565
1394.7425499160108
5337.02553839815
4117.438664608391
4833.359281370221
4995.700648550528
3275.666784850354
2931.520094015714
1046.917567800045
1925.6265872013742
3339.4892486111776
4304.383733106443
6129.113556182924
3735.566571230125
2911.014723308818
4988.318183819017
4614.974855537745
5055.377838697592
4170.0887945925015
2747.983200477684
6336.813668232686
2098.433819846229
1754.4300644835898
654.4647616700292
4323.488164509286
2686.852863327516
2428.729087587686
8209.871396740466
9903.536836430947
3784.1402894533458
6196.282337407714
5151.795928309165
1333.0504534250201
3175.3869691132854
4966.128486350544
5060.901543676124
4827.522609724675
1028.1500627374387
2272.6245275536057
6793.734282404434
7027.888374203543
7911.520491409576
4342.826470329718
1945.1458093312242
5451.116128231186
3236.4860175614517
5709.27947045419
4012.4083789447245
4874.382949639438
994.3994412520397
3766.1285041254073
5520.579945161773
1533.1825588290853
5089.107679236995
4305.84446865143
4223.119368064928
3982.7865020295367
8792.862169509142
3279.031449093974
5209.065311608889
3745.750651315168
2422.4384883778935
15936.40945148629
4311.073004396943
4924.61223692629
5008.28163074594
8786.064838080385
2579.4323657202654
4337.685337613936
1994.4453550831033
4175.226362516753
5830.284364004298
3022.4384859275483
1881.7462143894463
5810.500506079323
4934.515970079173
1399.6498758177422
3163.450822886203
5066.068103709846
6655.752785730427
9069.963673440885
2701.3589387729744
5741.287080446199
5040.084001277286
2377.5516894476186
3732.273680239289
6351.795909122781
1725.3330500505756
1385.69122937719
4276.543951752803
4043.942687078829
649.4679881466824
3821.1715783662885
4794.306577496506
2533.4162675013094
4944.941257089565
1415.196236910395
3970.244925271763
6222.270283307068
3201.4671241112073
5252.616035060825
12937.52155639613
2265.1122114022146
1625.661242539575
3060.329590336923
8801.218637275611
4150.789095483157
1504.0469788124556
2174.054212569917
5136.484428013296
1872.0829145507207
3953.530189794941
2675.0391300395786
4517.369975703451
3370.173786103366
5722.941141845509
1609.3651070913832
2416.4097697857787
4254.412320950226
5076.173154626887
2465.9354367759406
985.3878425238787
553.8870035055793
2532.1119616929664
20478.74964311981
4580.351269074307
3706.509259227685
3656.7130350231623
4408.663950999754
18245.470053862446
4878.539454969572
6034.205436776209
1320.0695223782757
5431.055538424988
5245.049999985161
4797.248495454945
9324.47219025432
1481.530152498615
3143.6075611424008
4738.970374610569
8748.858325707839
2811.272618773454
3675.8455833262033
1156.7710400104884
5524.363051108568
2936.3515441361683
6324.423760415799
2181.07014678738
3510.923234634619
2965.863996919567
816.7782653778025
3811.894477351503
5808.72759549313
6345.347054979586
1471.439534302722
6958.122983231492
4430.055255173637
3632.1203223137973
1292.41488091281
5004.179991837133
5966.800393711297
5727.801452204517
5968.020450664118
2754.41735292842
4828.590449043925
6908.341154126794
4572.495029577585
5627.8705808934965
1203.663564868785
3622.4384821870062
4817.824980662342
4098.60238824168
2649.6652987037623
4603.700684439522
6714.152797081106
2396.1486741756207
2758.1400593875587
5124.970535794889
5980.701915809943
5426.205108244395
5681.224303986248
5817.120450198356
2800.326982324804
3425.6994620833607
9388.243001511253
4030.2404604310063
8472.955508132887
4424.411360166538
4058.835638781529
5624.144838339999
3072.0828960801914
4536.060509640134
6622.58650602801
3667.7808794626785
6637.937877387981
4461.266875378868
2237.090859991071
3962.753920523488
1784.6765821052093
3753.0314636063954
3066.9688224247348
4110.923220483884
4897.111482994967
3187.463057193448
8809.871388190866
1883.7746988968252
2486.859740071509
5092.270107266601
5095.149734339706
2365.8400669907783
4884.178321103345
6462.50520380156
5283.695733436071
1628.2020361285215
3159.5221765934143
4925.369591694523
2670.8926878533116
5532.8770895095
3682.8008772529697
8657.895437678037
4781.451218947866
6149.027594665532
5889.687638319287
2808.8430449048287
3388.243186255928
5247.132415822924
3067.7989352093427
11998.786645167622
5752.763704530216
3864.1874831502478
1511.7677175035753
3414.0128621328963
3195.712627574219
2815.896833977816
9884.186756855712
1716.46747912268
4993.282683614035
2005.6424385825503
4399.7792241617535
2543.951730375972
5213.269181266577
6621.42041074251
1704.660771373705
2255.7265914783484
4310.367324046108
9473.013584350581
6632.015253640888
4487.876237117475
4320.413861638149
5412.134243435933
1059.6052373280909
6030.653296987903
4061.7457317520093
5362.37284577124
2417.454275054832
5178.185144299223
1711.4649196648459
2910.9375115250004
6666.73809610525
6617.567690166105
2498.8391327000872
4332.273662515634
2045.508586325822
4039.346100780251
4747.405096451808
3087.818704124398
2394.310152563911
4028.8083458036554
3605.5009118081784
5208.650195506931
9068.05651198086
4695.522155755065
2674.049293693765
6308.640322819803
5729.932801616489
10141.136004470869
5821.658329156203
4898.0868843723565
3303.4845750498584
4607.247518939098
3660.329589512103
6127.699100275948
5267.650541694675
5694.031527183965
4405.2104123187155
3856.7847754556465
4042.6518446127216
2965.635598853992
6890.269798491457
3510.0488935056974
4705.825612694096
3857.910285335826
5986.861763788647
8840.055579511594
1003.0982452960844
2582.7540228089238
5067.625095490108
1699.5104353941117
3276.1176861960002
3682.8381272630686
4590.751293441139
995.3991283563857
3905.8063387651423
1107.9222548513058
3181.1480718084968
4356.550816184107
5369.990278119554
4275.76325377978
10233.804521191076
2939.8577074009067
5697.325180371382
4307.288314995935
1567.0358638752066
1496.3145202465662
3174.8851581191966
5840.775599349865
1682.1576478938775
20788.7748967774
5265.508960716643
1506.2908173963879
12671.051283313975
2793.4233768894283
5258.194975553148
4661.875339717192
5244.513944326548
2270.103043308925
2910.0488996813506
4718.990270742984
5216.817324569191
4897.821060362957
4912.685411662356
2380.6998162445734
3492.861601982465
5700.752739140628
2336.6359478685245
2287.6056085799587
1403.725577623748
6429.741845248899
4326.887393981625
10534.3436505723
4726.00294060013
14148.669086120535
9392.862144783134
2673.9615288198293
1444.1641302977885
2860.6212753063705
6018.529626670772
3824.1224793732413
9806.35762687579
5216.861726335005
1734.9622783457037
4923.488164055297
3653.3347947466586
5732.12321544844
2536.9649284383777
2872.501351757021
3003.0910897346876
6329.554493325013
928.0375271174556
5717.190874078135
4951.739766606638
3937.9685127333664
8773.668687637022
9043.461255014707
4991.379916459181
4235.198925179432
2181.714270555874
4815.774097344168
5006.343223912182
2667.7855074871713
1606.7884329868211
7051.183492831536
4988.7996986489225
1951.322261239278
1463.948146272582
2437.2045603004417
3249.700032604495
6700.3471397818685
3336.5476023044434
1401.8614209302557
7380.9791960931725
6364.344125663849
3795.7126233306926
2383.6925769395866
1613.711837321592
4260.329580022853
4933.555962501906
1585.7731467615574
5492.220561910042
6601.439818161401
3607.182988881598
2245.2226891277737
5306.448930506995
1502.8915730756557
1234.0012252192982
2938.2471202818024
1855.3113322391748
5654.243804093865
2502.5674228641737
14159.56091711567
3760.645739605122
10851.177620082177
2495.855465468324
3189.462867549204
5236.677846110104
6602.194986153827
2966.4222693740726
3972.8768237246504
3187.262992922575
3793.064155324897
5584.75685853478
1220.2681012491305
1039.0644939385152
553.8894611077602
4736.19124013353
5640.08399753477
5873.325743073094
8517.69222987063
5811.431767911318
1629.6246731312317
6467.6505085977715
2099.5431880194324
17512.602262380624
5654.304587947161
8261.769813376519
959.1065499770242
5521.080753647847
5733.240371067641
1232.7341712419934
6573.060999262391
3303.5369763950907
4309.347834439202
4429.378130141852
7251.542676634453
1666.9232603051769
700.3809836319142
3925.191284361428
1618.8007746454373
3687.0991949119557
3377.2543389182797
2530.219196161292
1779.3320406715495
4585.808989368323
1740.7074243328411
3703.5656762841504
1625.4895845325343
3713.7552217856255
4592.6200042358605
4925.29671917122
5180.6424927044645
5245.206347644368
4436.604731384765
6702.146833132419
8442.453456177762
4325.29671994217
3871.4700860146695
11985.418492396635
1004.2231057042837
5007.312352014107
3184.0990769235264
4536.484430901556
5169.799585643263
2910.641399414353
2108.716356002396
3509.713815402458
4564.066336402382
2934.9957409883064
5961.45452017242
3039.9198247875097
2647.9836467768478
4179.950963683692
2054.5246363339093
6676.03816076466
1194.6419752538688
3369.7074773811673
1442.438512318798
4253.334781868493
3647.767045315519
2005.1025848483396
4327.678753206235
4706.732752091183
2093.5010558914746
5126.172140943018
6165.500017930814
3366.6245438298047
1316.4177643439482
5823.984148150493
5386.86176971903
2573.6153028325703
809.1688307305393
5082.0982848179365
3506.075963536032
2815.120384841321
5567.564149975785
18292.622450814943
5521.513278587416
8505.05486192691
5088.053215043243
7949.949595497399
3907.687447700137
5634.8291723344355
613.3382842380106
19747.152299749585
5943.228469148144
9986.064802537278
2543.929942116272
5847.13241380006
3608.080128246954
1557.2146017519583
655.9530488686989
5217.120455959065
6296.502294339502
3453.2746360315236
3578.443590585347
3499.8430245530435
4986.45379594331
5792.862266703854
3307.9136872173253
3673.8549249864686
9003.836058497325
794.7229139401438
5709.300601033849
3322.7736060692578
5899.934397487496
5986.964313432502
1617.1635496452395
8392.910828214877
9453.268778051666
2303.15925601827
2909.0097741700574
3180.0538517508276
6952.567047147996
499.4170223423166
4657.685189877789
4857.110533439197
3030.6827330686133
5080.273558843123
3904.6868909037635
3721.9198955840575
5132.33863156053
3515.1673157261253
5507.057745387002
5085.90649001984
5684.442944492317
4314.152852446055
3954.5171126585014
1888.8830808817138
923.7395119090554
5596.626419378104
2792.578659059323
1116.0844926928207
2493.407965107406
4520.95905137857
4460.901554398435
3010.04370894284
1466.8665941325298
1492.056962530322
2734.953399870194
5250.511477730485
3954.214757645124
642.7022905171889
7459.0111424071765
6352.567050563432
1291.2233320597234
2781.7155528867597
6602.0431112199885
7588.243065831736
4991.2751677251
5534.570399978993
4283.775865932141
3411.944010958442
2913.072526139782
3755.589465114318
5425.756258714769
2835.0317830430786
8768.578984173086
3728.6902585089097
5636.499377992403
4027.7254046135627
4731.283814286149
5406.458818496054
6156.533027890341
6771.863961898501
1320.6201728460744
1759.1050037761167
4273.753968841045
1903.4879507197932
2847.886242158278
1629.8916586638773
3411.272614801384
5006.296415703837
4684.266107673736
4959.181960091568
4434.262083785083
4091.320105337687
2873.297865225087
3512.1203624380696
5898.333712089665
5260.029566249909
2860.7114365649204
3527.606829538094
1812.393202691251
4530.487492492792
3713.136539648542
2185.137117217564
6364.527781710375
5522.9843545722315
6348.94334682995
1905.2327437627669
3005.086551975435
5237.859946271537
1631.5432732426186
3936.5475920248655
3402.030753437647
4155.35744284792
3786.113595507443
4629.365244712105
1400.3390783878315
4522.992136003629
3403.720240446651
4507.435335255873
9808.387850162448
5454.276818317307
2021.1716295791384
5448.869887916071
3647.645074499706
2286.9400978156746
5005.2425181288745
2792.276435088892
5786.0649396558065
4734.542095908266
3467.6505733098
3470.1030315469247
5972.884105635971
2498.3032050146076
3710.367345279335
3631.119247030482
1203.3250562300723
3527.6056522915837
5491.431332162375
2702.8457545966594
6068.056602942102
3490.5037884137346
2740.756001890556
5735.486934226657
1155.3750435644886
3200.990303363715
728.4150317231461
4233.359288063739
5036.511742307031
1217.7581049956361
1242.562056566778
3034.965578293489
4730.180906809443
3188.8642062641284
4156.33207788896
8519.076352503334
3279.7426327184958
6666.851498271649
5898.013973739798
3135.6113244970597
1952.9962209694313
5870.102972859832
5249.409080041359
795.6131027090977
2581.3564886790023
1368.7635992694923
1734.5421379735467
8179.363295403826
6684.178256085068
995.2710313069955
2181.7155556459234
8834.496602098694
1594.6456370102228
4202.815843266825
3938.555933128572
5051.163102229134
10236.526094794468
6564.564588924898
3762.2213257172325
3176.048811808817
5692.672835258675
10923.223670152393
1787.5780998105806
2276.8959819748816
954.8375313352244
6364.6766526288475
5726.576855948117
4729.111501473088
9293.471106830893
3160.2031047578607
3110.2613279673037
5384.649187797985
5422.485834861246
4037.9272546696307
3149.8814769980845
17473.97948964281
1288.9690778930785
4858.113618138726
7465.446629512331
1563.1303235022046
3778.213853796643
5083.548266396188
6367.515478683479
9893.471092515114
4564.100595119184
11963.84171069692
6335.204633028062
6320.51964775996
3378.7908516492143
3568.943369549125
5064.187440874783
5287.3837997386645
3346.5863473331083
1331.640380857167
4832.372687246635
5896.82903626339
2136.761838053753
3263.125021505294
1297.7778894889739
5424.3527179014545
1031.2351945603273
3435.8975926278704
2474.7078913739197
1638.880571039039
6352.763696422198
2350.8554776144197
10140.32568148979
2361.31449059755
3576.867308796358
2754.113117411282
3648.860148103316
3726.8874081618305
1736.3515668336468
7191.050168830382
4985.506977858518
4837.937926864725
1410.241517536011
4095.522173395178
1844.01247304636
8104.33038872353
6472.36140484365
9379.295386622623
1924.3203509197363
5359.545037612886
2535.5167021152347
9790.876821211812
6461.037709183346
5120.481332534056
3396.74770150778
3031.4816954217545
3713.9137757574654
6115.917501564071
2536.6267523579345
2403.7725613941248
1854.3769235794798
2376.62245565912
6028.59040017916
5887.494250991295
2544.368658137277
709.6306346926606
3570.088818264171
701.7203551129049
1904.3784010863255
5447.7669803823555
5867.650516461444
4202.04878133753
1003.7991141817756
4745.518424281312
712.9389467855176
7310.367256050709
5249.412422840582
8748.145088483527
2176.4820201713774
5791.567275987785
1290.0710108795479
4000.326961352912
3788.407799492115
4147.752977763711
9091.431224148295
3836.486016267158
3724.989183182642
3158.0967445660394
6905.027041134472
7058.006284030592
2909.1943224198785
2133.041954469645
2163.893528799527
5204.1151676428035
6592.046929085762
1315.519197013836
1255.3040602693043
3316.5125028587863
4457.910265035677
5204.489115698819
3060.25236631775
4923.18703454262
2497.3806336351795
1655.2803554783536
1736.6359591389403
2950.8554659515644
13209.087866912687
8097.044874460751
2249.0462919328343
3338.5559429571035
5263.803724648773
3136.626739154978
3028.9988246082653
2833.014249170635
1324.3203519191584
7188.475174477893
2153.981010192564
6509.242419227246
5666.1612765645805
4136.379066300955
6524.0734547481325
3848.017561720839
1516.9250822109918
2816.0418553016902
4558.354191925583
934.7927722369334
1405.6424458716726
4026.907168687245
2671.790935138223
5624.715850357264
6345.266465611179
1147.2109304464645
5375.848484088925
5540.913007692204
4795.675429778283
2844.4906530009634
3412.8521090805757
5248.466175818623
7046.529401168429
707.3257500626817
1604.9692146993063
9500.1615947625
8492.57989923415
1203.091101305723
4250.101037352636
5967.780979157656
4574.61218000543
4237.937934107291
5064.247211852063
2274.79280289714
2250.5197637073265
4020.8173764106523
701.8821654135376
3075.696852955347
435.4165227949108
1402.9129071020434
3103.426692195117
5984.619983998864
2520.9533235135937
5452.230031167205
2315.5051190121167
3061.220325916122
876.6616145126796
1655.969037570652
6325.616676306081
2492.1783536992034
8428.426545814189
5241.158596032088
17054.306494099994
6986.06490163475
2792.119473854593
4832.85665976123
1316.1533020059921
3036.3497339603105
4989.572057961441
5210.5005116352495
2564.388095490957
420.9350929141417
1109.1943644116352
2893.3813140502275
2755.8312874809585
3259.7704728077833
5076.3063511035025
5244.063254390352
2549.7561521062426
23459.69549091836
3867.480214148967
3938.7541510256183
2403.0910985627097
6331.045836793566
10734.274775260692
4501.209262227121
3273.9615260530773
801.8614234555237
3444.9873184271764
3159.387599752952
3361.7925629653882
2147.983206791983
8782.24555252531
6386.06492232848
8412.73790075283
9521.798414099288
8186.064859188829
2427.0831983013586
3579.9509846990877
3000.9249971239124
4035.607456263326
2345.604083737294
9308.640263516678
1702.5723427025898
3301.358935159032
1626.9292682367002
6047.766954591695
2378.1157168935424
5735.37064801794
2565.451843331193
3460.6212714064677
1262.0944719217293
4311.27691344717
6254.3045739664485
2359.1420178795984
1705.8166435545509
3395.1374171715006
903.8106480523454
3382.984352418755
1582.182571986541
962.45404454883
6784.178565394499
1685.50106402634
2381.511947885748
8795.961143211982
5108.640361142197
4955.25034178053
4106.861585240147
3103.3075334272526
5213.299446910598
5872.42850484018
4230.946821272215
2101.3589481368294
2997.763380552568
4855.500396141583
1721.1628913158481
5513.913736841451
3202.1830990845697
5089.624222399402
5549.231064032345
2133.836050400014
3143.535624069274
4289.1930437493465
3903.998678442727
5560.926348336984
3308.6404195839013
1726.4598219576526
2691.361438551582
5593.734287519964
1498.2343263662008
3273.129197895216
3676.5439605186507
6415.147564023405
6058.79171857829
6333.510285200755
4174.110486846568
2123.4482383396603
3020.970629737897
4950.4836280767495
3584.205600558431
4350.371203620436
3683.793405793897
4234.303859987547
2312.592510880144
1702.737837817309
4926.887382098186
6392.862250855676
956.5951130408437
4874.9972923493715
1262.1217283851815
4244.136074190423
1248.8124822783452
9793.509040068784
4310.554599249156
7385.264696465432
5072.598664792097
9472.825510862056
8093.0078468052225
3521.4456181722853
3988.2431628931395
4621.558824735697
5673.960783060308
1091.9711168050126
3848.95686627139
2505.6992514644926
9065.03434834137
1447.6396510846844
5591.275164501238
1002.0307787875121
9894.0008862096
3472.8457477069837
4277.706105718827
4200.4401913144075
3111.3182024119674
1293.8318360955127
5604.212129769526
6364.585104019189
4407.123104910231
3507.492591319453
4109.91676193066
1497.8289620385383
3190.568191239003
5547.628986355101
5189.672740394997
4514.92247203056
15624.342603792868
3458.19502330989
3098.017220034768
1710.0575304550923
2299.894709989747
1794.6419690703492
2936.6863758787704
1906.0560306319828
8455.627728661499
3337.545857714553
4052.529598161987
10251.177630169144
901.7008625583591
3199.6498284588674
4882.800850628561
4343.149955997367
4660.3458406157315
5231.452210589494
3416.1551918979826
3955.8297289420243
3538.3800829527695
3077.375588937139
4138.436679804528
4181.906701895303
4922.196190787083
4733.620101018311
4407.907944518574
4850.97759573652
3665.808689255944
5664.924986424451
4475.1921994099575
4595.825100786564
7294.777154299117
7373.74737688885
3415.147648137858
6231.062549480639
7917.553587673865
1359.1820537757774
4821.108862537934
2423.407140289957
4505.046921827825
11037.273364806453
4233.316448230504
5214.2383767405745
2498.299634180422
667.7055650346065
6341.663908276045
721.2157363069202
3474.402582315168
2202.8924469541703
5901.900750230531
4875.054591385731
2444.012471800573
2775.6253006431566
3749.9468673301503
9108.402628822181
1253.1045529399576
7562.787027083182
4630.980948723381
4216.563619165761
9668.056487568741
3607.3538322362897
1317.31496450408
1608.460794760263
3493.824740986694
3411.5698492341235
5738.527843314143
3953.957383765695
645.6372757482286
5054.304610063508
5696.6662848794085
1265.935463169266
5752.427603080065
1513.1608062187229
5137.952724028524
3088.833251711945
3703.656492333453
4654.133409376399
7317.692261243327
5478.556813995431
5570.886529502741
4501.361571692417
5415.943728693729
4373.556363127063
6849.6652103190445
2537.02963238245
4223.407119825527
3494.435856342499
4180.53270440924
4727.032895980971
1320.7952732893207
6938.348402378198
13198.974341207539
4142.454915938137
3159.512444261732
851.333839317763
3651.3168462631843
4508.640383730638
12224.587500354493
3247.0321804288883
10472.819724203506
8959.424415358404
3133.726270433648
2189.702046480153
6608.516881390548
6149.7414114113035
4205.228533174627
3916.1961632796406
1807.6568850973672
12010.381672513682
6787.08101552446
3442.8997424750673
3849.530802840623
7115.193825028863
3519.467086975534
2907.1467803178234
1245.6372668227527
8426.555366375054
1343.5189647344594
3991.3446912150853
1851.4833390472336
3099.546391928193
2918.1618713191165
1654.1526246370142
2293.544981970677
4539.0877230738915
2140.7560121284923
5128.293703135978
6228.133586130133
6294.111053437634
3367.882414765404
4982.992321971778
2703.2500960068946
5447.409961825836
4199.733068636203
2798.926152321085
2477.3755953271752
4922.25192685992
1735.302588934471
3397.52387276624
6560.730868514758
2496.302787550841
4035.897581195892
9130.882095714533
4311.898543035645
1615.7945427014286
3324.804770645699
7871.204149747459
1529.6439241410988
4393.862005135479
657.566155138245
3857.4519612610147
3705.936925975847
8115.527865350068
1044.74661573784
1405.3708896378207
1571.1849268635556
4655.895191886671
9810.244148995362
1660.4317393719
3039.3817901808893
6060.842548185802
4993.931626490514
1688.8553668508648
14123.159266489403
2541.1963976346524
5516.960325449429
2082.214427951714
2502.8283035007153
5220.817368158909
2584.142574074573
2543.236032237723
5595.723130488059
2546.700772741923
6234.387464258598
4102.572279343238
4581.516417994932
5000.018199818103
19182.324059292543
7812.190338641436
4583.658143928938
2896.917633324501
3370.570643535707
3187.3569207299543
2170.7633156984875
5122.941141988724
5546.151154421326
13306.057291347157
8841.580857506176
3330.5375247006727
996.7697237812563
1602.520157864921
5217.3513401532955
5653.097495821603
1500.1267610017435
6231.9461528645015
7938.940687781764
4550.890195059805
4165.450702399672
6128.767454543448
1392.9106356691993
5640.517860595678
2407.0077692063205
2238.4657902183376
10875.470029297636
5093.112172399752
8708.640280852156
4101.531058217364
6523.406250358229
4501.10553150522
8424.019716518429
3495.6887034885567
2160.7545382837166
8449.951537240388
2845.015940227323
2566.1025689075313
2229.407307251845
3796.2656766056675
1377.5316351795077
1536.0297467955158
3511.639002661929
5750.8901774775595
1002.683059516535
3322.9921604508245
889.6281781295352
6126.630137756731
3668.056696723654
8227.755847532355
3297.0449685713224
5375.891087064542
2967.245312515497
3249.665290468484
656.7130579616517
2194.6456345075558
4275.617330399904
2554.7839734106506
2567.3476105071554
1381.8970764896492
3677.3755860719957
3135.7178686457587
5994.204156301528
1226.131029134043
3883.9649024484906
5366.107032283726
1287.003689357304
1838.6479846975437
1525.6818507042326
1290.381030764031
4346.665219576711
2756.7859170180704
3403.0982192108013
2100.6529317703194
5809.442995944626
3935.404361238914
7869.498960254763
15429.43282722735
6322.773509337416
4392.760008768914
4180.223805913153
5134.582416139842
1295.4906674035228
2541.9486086382058
3955.08087139886
9880.784200187383
17053.68044739959
7135.135978974718
4556.262106436431
5635.804452873292
4099.688971482279
1220.671398772596
2497.277908838615
3843.5536634818886
5210.047738060587
1391.012561147154
1265.3409509156802
4922.632206930685
4600.822971150833
3364.0253518308427
9467.176591561707
4945.2609877275645
2698.455324443409
2134.047107879366
3248.901511115401
5741.669996194804
8434.878773319882
12990.68636660506
6301.160861983641
1648.5383377393746
1971.274434988463
1321.4369218514319
3934.4529926137466
824.6593728076857
8444.654100638072
2254.7828719111685
6636.728974044045
2134.9534124947018
7922.997491194007
2452.3135688292978
4388.864198692446
3327.1691569017194
6350.042995618857
4017.0310355853767
1639.749978714497
2181.957188693986
5603.438058621559
2082.400414638681
8389.563704485858
2288.4023051029644
4089.4020612940685
6207.239697422035
8402.468879034073
4346.770779478718
8673.838997930638
776.6190648599826
3829.3781636273225
12493.49807099206
2954.0623959921677
2190.7322135092736
5820.340441876097
2120.7123290184495
2805.6657672922474
6711.072938224945
1403.6437603787017
1370.3164615906906
2147.308122899706
994.5478924914505
2896.4393009751197
5352.807480794316
1380.3485767703464
2183.1380020993906
2535.5427743372747
4816.805900829733
4732.427422108544
3517.9913665105937
2364.316680010864
4182.814430966994
6966.223182706391
3142.7473994003462
3035.9506798684974
4156.907206495517
1712.638123964551
4213.044202869682
2210.144629660539
3573.5350746708373
6326.576848792261
3684.9532837995553
6111.318262240341
1131.3997061589512
2369.6361101285866
2544.0425148041695
7911.737302887912
8808.967559991437
7609.871405891716
1004.5093367531865
6111.0729403688865
6114.152798776632
4599.455024766631
3499.6889818605355
3823.301674404912
5651.418963357424
6409.872094319575
805.7610091693498
6854.64010027062
2653.5390981324795
1260.8386997568007
6012.710773748323
12015.355860349537
6774.151729845469
957.5880148138809
3501.268312294806
4791.089561889132
11626.997062231983
4530.537498899707
5175.442495996606
7809.188580540745
4091.021390689355
1856.7130493345396
3785.0348715541
995.6627657384281
1656.1524205630712
5049.537180136778
3303.9986798832697
2518.7619560690546
1570.6458774386358
2547.652567304143
2894.112439598133
3471.027902178612
1161.291917042902
1324.3686092122518
3719.060589399072
5819.339737189143
2134.521357915089
3990.751301844075
9900.039625520018
1511.3666692923587
3388.338257589109
5234.630706995586
8125.802925883913
5805.501411948334
9795.781051159092
2435.6044828437407
5873.003118638456
1148.5822160241141
1417.4344799539033
4333.555966204513
6295.818633459511
4254.803188767714
5472.079451085726
9035.518835065035
3350.712784302386
2077.062824692626
2407.656882605272
2187.3363974527856
5003.145415366716
8724.472216261014
6344.340240216116
4352.996198361912
2052.8363080166714
3235.984225653311
6772.930176463985
6696.519127652053
5588.7996952444
5689.237386472235
2846.183606108987
10760.266773264733
6870.175210120811
3508.2873601159577
4081.7943624630047
6385.693229562336
2898.6024221896314
6922.773498402455
1880.346723799959
996.47113405916
2259.0442750468555
4588.243141735014
906.2908199850166
3892.270129582255
5214.558129240611
1539.53794278947
1200.223883112863
5207.068391102811
2413.6461540450246
3650.219613635234
1196.9870752903978
5708.64033902571
2513.040420378289
4930.41836058307
3461.745751251379
6143.929830419582
6384.151742048687
3275.6801912735073
4060.3128872253205
4579.032077678097
1347.1157658187133
3519.1793808626426
5509.983844441369
4802.461678869415
3178.830180861761
7145.476810071436
10240.32814100911
961.0613536564812
3992.096118872904
8278.282389520122
1203.065408072022
1509.5943301163134
5050.0307139671295
5885.865348460477
11172.330996343138
1263.991601885686
6021.37537872145
7557.646985899314
1513.6749442486562
5089.125646360091
6596.578261078634
13360.271409086748
3485.04730202804
1161.858102488226
718.3537282429894
3336.677673406452
5667.401833788847
5642.271050273581
6540.562961205745
3018.2812194241574
3887.0695273709493
3279.8906431458977
8356.176548568448
2059.22811144675
3162.30992690488
2492.601611644612
831.5499094071358
3697.1115244032926
4112.381336172039
1100.8232645991857
10675.19982287149
3382.7342901517104
5808.65019014438
4429.637581078196
4506.850192867268
4178.265058113549
3095.9570545506613
2290.035328618787
9303.536843564632
10851.461072514458
5719.904901360881
3676.4495016357077
1232.0327722472673
1203.9450196053099
6908.379176674795
10480.42639282775
3340.991507088139
3940.575190179677
5170.14532571059
2200.3348098746374
7247.766921321444
4319.060580874267
2008.1454751810409
3132.3781405399222
1222.7082469550346
4138.201228426279
3218.220608150148
1409.028972718911
4933.5534087920805
3372.4950683683437
3721.1156142514733
1356.0014233323948
4702.1345822672665
3046.0649087142147
4905.268324337823
890.6857726686874
3287.303051852319
7162.981233569778
3934.9234295218357
1137.0076402287666
4306.572850948647
1322.699705645231
3518.6479969929883
7093.954609106749
3113.5846647440376
5576.4309024862805
2233.629422450728
4479.5149059608875
3330.563091445099
4700.333300870412
1233.2782535464005
7215.410161512248
3327.294798750952
8830.655098748008
2184.3578305179044
9852.272096482728
3314.0813340742225
2401.672249120137
4756.907191415636
816.8570629021102
2576.413092204211
1182.7781373228115
4273.126375711229
4598.123245742978
6879.8905662894
3568.379351423423
2098.4553336767235
5946.067332685043
2403.2074259183364
3489.7879424346847
2900.6252822562165
8192.862190729855
1374.5070508681652
8827.331380994501
3390.969030625184
4952.732753650657
4576.587141106141
4289.59002788483
3510.291071341548
5669.875500935629
3652.3135550002826
6370.340321651979
6176.581521253292
2276.4171607187345
9795.250190962519
1330.192328739933
2428.9988345646366
1737.0076326690569
6334.226310715755
5082.768296047766
6537.080199140696
3633.8015848748096
6940.224189568662
3076.5439634332033
1029.1133356739974
9386.06481332591
2435.9506832117954
1739.020832565918
3784.909317165579
1804.872671342348
4173.323120984963
2824.8485698423424
3697.774266385766
2976.8010716685226
2375.17699351879
3741.0190744932065
1319.1348091905566
4144.887047621968
4577.614374931137
2209.499579792372
3015.328479066122
1921.0262476459848
1926.5167393216398
2417.4974536600876
6880.176109759767
3124.5289819179716
5226.07374781892
1245.4690640817362
1029.7722837836416
5837.62952452479
2509.5352299298147
1005.1214915356138
1119.6888896808912
4827.9218718731945
12945.603475440641
1215.095654270629
10671.679894519373
6669.7369888485655
1206.0203321538681
3159.1801057392095
2614.085321139299
3256.5781496267273
5632.0012024061
2627.2340083394065
2230.303410721866
3936.3654085998487
4349.877874251451
6762.676565430441
2671.717076477606
4860.842522609259
2651.66431492402
7011.738104786254
1210.2436209641075
6571.5169379503905
1308.8093163506062
2054.304661806477
5633.006649257696
6946.493553244996
1839.9720730427257
3752.996206647604
1008.0847867737294
1328.7076359367281
5988.010239160315
5942.690285428503
1251.4833441222124
3608.970684785255
4723.923409607207
3500.52489176128
3398.926143064805
2486.7484490730358
5364.195216379322
2513.6123327482974
3454.305892672175
1291.2628665574962
4522.773569352461
5906.071733504241
5178.527968774819
6935.558523794152
713.8587103106819
3641.1936701828904
1426.5435397129318
5323.92340860916
8414.46560416659
3569.823492161114
957.4401822974072
845.5490466837549
5549.088571096588
8736.466506963667
917.7864497828107
10297.111339308358
6213.590287527893
5850.4845541546265
346.14939889123133
8503.565834305771
7409.616178073082
1340.0981734667696
1022.4513536282941
953.5304361391139
5625.065587232074
2473.266830239077
1198.5954122947003
5655.3875247557235
1561.1793877280766
5115.969544421209
1467.6657179523334
7590.020352482642
6526.765685109561
11904.18465544301
1245.3590355775636
4537.010091591487
1624.9050844959277
3310.297859015314
3030.8182624991955
5793.116818582638
5284.843546282831
7512.106636361844
4948.326442330912
4706.861580991944
2240.4067243586965
1685.479701873477
5780.97138298506
4924.317173557607
5548.346275551638
3174.6657564221864
2804.1359215447146
5247.224662885931
1292.1744668572144
3996.747699192459
1569.7562725686412
2873.128094422861
4563.924140213008
11531.50156323924
6736.405204168979
2538.0371360472773
3770.988345376005
6820.217842722308
7858.791663404022
5363.252450056357
5210.152830668612
10810.35729171629
4586.064980231548
9684.178157279805
6325.426443242211
2706.7430796946883
5240.0879549495985
10138.430454242189
3708.6768815494597
2262.4777549064293
1048.8436497270086
6549.1382806057845
10852.136387762215
7113.081153626372
1214.8644380472501
8684.604567273453
3714.3759776586553
3281.9203820662847
2480.1823134026845
4354.135482046675
3714.948399014969
2048.0151355720554
3863.3556298565304
4476.756666558982
2359.105000016426
2285.479685554527
647.2602513670403
1306.5745925993162
5361.390235259115
2566.128537527325
2181.117872108787
1244.5051228824584
1238.234325766551
7153.799966996329
3178.292773837496
6072.079437391329
4841.929192436565
5289.620591453127
3995.9503560522367
4053.120543106148
503.429704454626
1395.6130978132426
8376.55677794139
6500.086663750353
2511.9739043492505
2539.797135383313
2796.8296416685757
3622.570737843821
3937.5458475706987
8873.007989482394
3764.67294066402
4650.189264179354
9795.533668910493
2129.178476095523
3952.567117289949
7204.377916593663
5446.173948858474
2565.1223862723245
1470.3120624263436
5156.262089956046
3325.1912922495667
1482.4004198584223
5995.625939658268
2338.6407893460255
5402.461665244653
1243.7651664590817
2293.466713224738
4914.669034836096
1601.7866856551223
9072.241889416664
796.5667540845826
3750.2907307310093
5131.4787527613935
6125.170142771094
4551.795934987761
9671.64352399831
4463.584736152893
3399.7348006245807
4371.274374099904
4389.396525626447
8080.7842404061685
12062.05139768425
4908.099051254542
8134.294184427084
1949.7561632287643
3079.4232555248814
507.2533152375576
2090.817588537357
10692.167647519302
5262.076149791757
435.75810060125883
3797.936627262294
949.6388760500657
3507.808157078528
5983.22009507433
9488.026835673712
1815.775031298161
8681.470830289132
4313.136531182514
1435.4175825459276
5629.200179647888
2126.6253306729463
2279.892446158268
12916.126112653144
2186.0650428106323
3009.261214151996
3130.2413013548735
3990.150501704047
9811.735032893575
2554.0884605185597
6874.5918554141135
1505.8776208651382
3261.8769819543745
1324.9953977256514
5695.685702413239
5079.890599679064
23263.82718063994
3363.6886095365353
1204.4970056763223
827.8098019570812
1266.1169080905215
4257.054778023096
3306.5613856730465
4933.024200215614
6716.744275960679
790.4178619773736
4051.7357927827384
438.6330918545463
1329.726432810818
5304.7035704741065
1280.7269731347342
3963.661623031869
6997.405985120683
3711.073009646054
6004.861921347651
3103.6437316093825
1326.5529762927895
1564.646942054676
2643.562821196324
5533.72082837396
998.8749647596073
1066.4172880579536
6360.766775936028
5566.128471841664
12420.397449638835
2450.345691860393
4227.758389870717
2436.3497379669216
3840.667899054746
2812.408387379414
1293.6322410996966
1447.0487010964603
5122.9921308128105
4554.890297288834
11193.35598878984
1242.5234848284554
10840.328131381502
3194.3951306095214
1504.1606343788942
653.9490203609143
6736.750878034911
1205.731265316622
4895.612174110116
1529.7136693514324
965.744082800223
10931.50157345133
6880.968580096306
5373.207135856493
5371.7156950093295
2099.6782310288186
3150.2907427958653
1099.9008966936244
1050.5484109623526
3922.201728335688
1656.6210281223023
3579.163753382257
1851.6156312366581
2315.1673296748195
3228.1801391608724
2552.7233231265723
5858.631850383226
3389.060962559588
5479.063131530074
16029.432790329329
2513.866641803544
6110.367281701317
1036.1106723250912
963.131526888274
5480.9339897611135
1559.140949953642
5638.252413842106
1463.9536701282743
1197.686355937009
8992.91081179323
2316.8448168910318
1927.9505968509118
1110.074615772293
10250.908521391466
2282.991486029028
2156.047880541929
6871.946364733653
1045.0102514706207
1855.3846781990808
3332.3164664576484
1422.0357747175146
7052.980042486162
5715.101453793481
6912.237901548625
955.7400758818924
3458.079537722513
1001.4720826250337
2559.000373930192
769.003721727059
1604.3576122226866
5033.147816119406
1928.6954507409937
2530.797660757449
8697.04487380267
4614.422719921862
9426.983481622126
1340.4823261671247
2244.7578535003495
2574.126867902408
1256.0897710270485
5780.958689381323
720.6201770178053
5541.378411501235
632.8303120924141
3423.066664972038
4386.453798165366
5035.41529227552
2258.195033895877
3066.0202776206324
4479.8906168731655
639.0530411208259
2238.855009203973
5076.665003799377
2365.248486098322
9471.670847482388
2238.0809392587435
5853.673056565421
5525.170149800089
4898.176787318428
1999.0916937040815
2163.131523939473
3978.4525596335357
5483.861333359302
10942.67688507599
6192.302836124679
2182.899353891897
6472.394360571668
4263.116799702232
715.9299939566773
6325.430897429393
3368.1901372342386
3720.9533012754673
6347.107969337397
3517.4386719092545
3877.8697951656277
7212.248916557952
9034.278189832967
4929.113565309417
12453.172758039127
5637.67802647742
1232.4089729765594
1228.2450530201295
4147.284811181632
1860.3295990591546
1172.4853049463445
3970.570642801321
4871.93760545121
3367.035816222706
2242.673203231848
4976.58152767658
3485.91155790688
7291.431282432744
7205.088239399936
12044.380500908586
4823.092458368095
4240.87808121112
5914.718676026827
6385.0159690755245
6759.139971852266
1066.7461325028091
5788.243112754772
3061.4454649449904
3152.2964735553414
6119.8429246781025
923.5218129320195
1397.8289070069757
5890.839252040267
1935.9580602020105
2930.2848536627725
2410.0437266759745
3195.5797844380204
5122.773546779052
2523.6613863203065
1761.5397164095175
2493.782463495907
6878.755680442712
6111.025142939557
3272.261549765255
3610.95441059366
1521.7657515397525
10143.535975677632
2285.5687110684235
7181.897821493947
5208.259316185319
9924.472184017617
2437.679116262663
5292.761253438441
1640.597242564304
4491.186857694054
5600.17255383522
5034.881746257522
6788.833587714011
5086.158809356876
1584.128377237231
13690.880715675492
505.3478573887433
6373.262522558437
5691.60065964232
2198.9261569485557
4889.193037252602
2365.947552419224
5577.861510136596
1299.090156259155
7228.739019312514
2913.517680804549
1046.9473233830124
2270.2620021017424
1117.0537537469863
1207.65688713634
3062.1583044507324
454.4353352793962
4199.7519506536155
3405.539313145666
3218.698345249781
1204.4378640119503
1284.767577373551
8747.344174214977
12617.624505620548
3844.597655846525
5519.908125000845
2091.092204165518
5985.719636085177
4579.286035480437
4751.478468034494
3050.345679138319
6970.359454341301
3426.7553303154446
6394.631113934084
6713.597207441074
8779.363293694722
5451.078362289904
9032.957010490836
5072.141504663869
6912.005721619471
9393.110198116101
3359.2471286672812
14832.419789524278
2256.264308721478
7304.930497932799
8693.471129310887
15053.82737992329
6174.928250218386
718.7711329820736
3637.5800578900707
2535.6113274587374
4173.789903509328
3879.742620057621
2081.560411419885
1595.6627600231543
1577.4333529197927
4107.850221853364
6854.30457336346
2429.9779748729297
912.4008509007506
2405.439511985164
4055.7381226982193
1167.8914960895097
1966.1285624545237
1230.4890517851652
7816.249711071902
5095.901120608998
5244.93323774759
4276.44947900986
6801.702072282279
4700.215710353113
2541.274379116332
1445.5085866808884
5252.169232101315
3039.5104239161897
2853.160819083711
5857.3739860029555
5821.469419202104
2285.574670731811
1449.3842866588861
2383.2609947934843
3807.1231087309347
1378.2139255655293
14756.015200657768
352.14602280790143
2284.9812272508293
6113.597211299842
5302.247923648145
10715.91957634166
1348.0797514315025
2198.7074948140257
8453.508500362603
2636.519408096944
3404.5177608004333
5072.188935391305
6130.902083572707
3070.577222368349
4003.148508003673
2132.521849725606
4922.98443659228
1897.9187306682984
2543.5356259415016
3179.645377645844
5508.505828375403
6342.137980797383
5649.372765070077
5896.350412087778
3833.576050689326
3109.01757887226
2875.890383693889
5877.336604736674
3138.7941522743336
916.9250838149306
4907.978284710178
3606.4296388906105
2805.8613540181495
10452.272090985249
1352.3913586366702
2429.927327286652
1348.4440528436107
865.4127574114594
2458.9481450683866
718.4629678541265
18258.84818497129
6865.446658830027
5223.84693308512
9835.725855206247
1834.9389688323354
2684.0701905550013
4521.004300239738
2845.385600248596
5059.352495162467
4506.025978647188
4540.00229119146
1807.0077716792769
2546.151208572138
2400.925005818304
4701.938389338802
2193.686372872041
2124.8799648098334
6486.973567986493
12316.126119439472
3791.7202006877483
604.6504384052894
4956.20385870407
650.6984727247466
1054.5145839412007
10783.85084266214
4262.091743109448
1312.00409687012
1596.7697173241675
1771.8494562292121
2209.0707562630337
3185.8423920320142
2801.6674923011315
1985.2625975475842
9690.26714948408
2468.152628789928
1024.672199479654
1632.761617420291
1409.1688276572465
2141.1116656615122
1022.4906600959439
5826.323966054503
8565.777436305101
4795.621119366621
754.9289076083703
6133.024182549964
10696.382265018527
6902.963619736798
10739.99231748052
4354.369550030016
5626.1105212777675
1355.2412007731468
4505.433828545543
3037.771245172199
4796.1824937297315
20116.52118430555
4604.190247019466
6708.402668992005
4656.53070367412
934.582986548616
1026.3080560365524
6480.634757815623
1924.113363598072
3893.7110192156047
9409.871385727134
4926.606737178968
1628.4003897244447
1429.710470722603
610.4531014103698
2356.8164397322944
9032.982410826648
7111.0577069093815
6202.980301304121
7592.862210366366
3056.8750863082455
5063.318771484035
2002.6941867740115
2076.124719938073
1783.6198972130526
2991.9542615920454
4332.870202134694
4617.031022121134
2434.965579031915
1907.7216160389382
4904.1793293418605
5427.429497485187
914.9324376945963
1205.8596120136158
8117.45570834126
2914.3014408244276
6271.811555734605
6908.640312307459
5436.525000052545
14038.734278619582
2376.714524643854
6173.556333747107
1733.0196511833303
2670.95445251186
4917.692292223896
439.6386195154864
7416.542726149628
1182.3804476756504
2445.7486954851847
648.8124920813422
2553.404579675231
6497.467721220821
2132.743838061822
1315.3698932185155
4487.522220858156
1248.5583956391442
2918.990300248166
7855.627759469534
3102.4679233248544
5717.979922725243
4242.193472536814
2132.8815576854195
7917.692248463769
923.357945256156
7228.5325138146945
5169.143934198629
1947.2045466082234
1516.1930124341059
6292.032336554164
4927.678748318526
1135.54140791107
8359.424429274988
7488.202593740396
10832.310435378526
9081.150162506916
1099.344411020454
2918.627665989371
6635.198870201753
2001.6004255508235
933.5934429917285
1211.1034916648398
3475.5461253476687
4805.023682717575
4925.969553674206
5162.312058502373
9886.952408348585
9901.647022876228
1218.6037271569478
4606.532611755134
936.0297481370527
2275.8482094044402
979.5655925390096
8458.79164811251
3861.266904508188
4189.6561719186375
1083.6942056839373
1784.7112290433347
6325.490003637598
930.952090821182
5671.8115629640015
8267.415501300395
4540.94015378493
449.35209836258
5006.513070517006
2251.773834048191
12296.143186483643
1260.3892979024222
3329.162149479946
6601.096516882229
7210.362550426468
1507.325595820047
6325.506199302711
4734.870028418017
3091.2839961210097
3988.9309105163497
5120.704286551454
7270.564093696322
10764.581609175044
10640.409148622204
3678.539481384183
1693.074399445369
8484.178200061475
3710.6451535395136
2546.108989054524
7236.526156278052
4096.678832307904
5853.3304471639485
3712.5215364610776
2714.4680969053456
5083.208370285999
3068.9648050640703
6611.276978533296
7041.509041099234
929.2880496740871
17087.590885355603
639.919863350256
3502.1346133408097
3886.1710199520103
1833.3303260242085
8067.266706014442
3821.2078596261117
4406.914843406746
4730.09746972489
4185.739508980519
11863.59847294072
4273.656436637485
3632.819599589883
4502.99067189265
800.698160960587
3165.932900059265
3263.5847514810007
9050.696948165534
934.8666589791716
6538.025551030449
6483.823431898472
4847.071551807596
1601.3023735399574
2550.9151297111425
1602.0307689167823
2615.5407127770936
2424.2750863342158
2751.5004347036606
10268.056473617866
5195.747897715704
7043.794625991072
6744.464497258152
3514.3014297307886
950.5071396762519
4681.856836487569
5086.404556717367
5518.405170378001
4558.0770586850795
1224.4734300434534
3288.092328633297
4173.7606407584435
6496.121252368823
2191.7357231098413
4560.021038644618
5381.236742776852
963.6670901199715
4965.106473291691
11888.060594659924
2173.408324189194
4303.656476579875
4357.852509486006
14823.620117178416
3937.85257748221
10807.890836330143
4831.408976534906
696.5406638364922
2185.773134896041
7424.040581507684
4152.351764561956
5757.1698722348
1014.1114842083779
5666.159290982721
4255.434928197104
7109.410789127227
1156.8799075503105
9872.8197335288
2284.5888210813837
8415.530425050069
2890.051408467445
5148.665620341205
4831.884762760918
2260.3390379605003
5948.864381936855
2750.1782260486552
5176.221478619148
7073.314814488255
2475.696859175903
7206.850670491277
4544.942571012113
2010.1004973050678
9912.577197663437
4581.447779483188
4582.526666310012
7706.874119306667
4020.698645461528
1703.0197899723062
5994.701206660703
1201.9351093971447
993.4852414320183
1269.2397043029976
7183.938776450196
3274.8358769167185
1549.3666163848613
3159.0003700882326
5421.228065011273
1538.6416050228106
1361.4241783863476
3709.34784496423
10862.153197626843
2039.883097956053
5355.795601143411
3299.232753799601
1002.733047033812
6168.826693738529
1205.609947250848
5136.578479623821
5619.624480385477
6172.745848670148
10184.060841018792
2009.5732935425378
3179.321211991971
4493.711002615946
2639.5700646419987
1623.781393113312
5830.290641863149
5378.213101327621
3179.280892648565
735.4217934190546
5220.420013681444
4921.513335517688
13734.59991304014
2850.835757193319
1104.8260884684798
992.5231635502274
2429.2585331436594
4312.521527743215
2646.5363603036035
5000.427473966146
2845.4744295125715
2393.61792655499
1267.4238944469203
1263.2588047230863
3394.54787516236
4356.533122812621
3159.000981813112
625.225863520635
2398.524740414239
8469.498953366963
5484.1611438267655
7522.7734848875425
3540.560455235349
6668.056583659359
2794.645631420046
1894.9778981868956
1698.602450658276
2023.121006841622
2334.2496156245556
3285.8981401815763
4781.906693286286
1104.5733097215705
8133.559567241899
9206.357636774816
6706.460248017252
9628.590331597223
5791.4076502783855
2202.0307676677085
3954.9760030281664
5150.552876175535
3240.4582792129154
3409.8721631162966
4316.965435417607
2096.1948660505627
2870.3648517496063
1294.712458664986
990.6778799247577
3907.435342404637
2850.97881608607
4425.039665613281
2338.24712909512
6469.208907808829
822.0357776754411
1149.9360976712371
12644.380494481507
2672.4597259338316
1006.1047169780567
3901.2092760622922
2573.343071084733
4703.482509321156
2828.4807285363822
4148.291102597857
1842.3863943491783
1293.3643340860733
6180.479115766334
648.9045766713964
7035.715385068733
940.2152098996071
1950.8886315555144
4605.378045949452
6205.193516329914
4542.00466488259
2827.0221231545393
4851.116129177658
637.2107446940814
6263.584721373842
1393.169245666747
1008.7283151196076
2459.8281409080955
3986.5259466769935
6414.422684706015
6158.648834362285
629.3669699943405
12361.969589749502
5380.53268553236
3424.070228396458
1801.6722503858673
5255.313183977584
1252.2971279706
6544.150239272728
4696.458578634057
657.2769921757665
5905.774588857039
465.4114688692581
5812.8520578580565
12409.931421262141
511.19479276337637
3086.145098626371
3619.5375340632813
1315.6339787853728
2235.911698747624
4575.501719925036
3785.8832017239697
3164.671280405553
9468.642533295364
11231.059929967234
4100.653126345819
2476.5439697524885
6458.235662326142
4965.460753889333
1030.3125666868852
660.3296068245706
2926.7549531104664
17251.492903616112
2858.4178305311284
7317.06723416892
958.2769035441696
9208.387860371102
4666.085240979367
5183.612912752965
2494.7676719857377
5367.071436813449
5661.879455614037
4342.846471824001
8084.462171091889
11541.084675652774
5559.996266935808
1831.6046356316706
2437.771255307805
7552.507820146696
6871.863185170096
2511.365722028764
1336.933833795721
2208.9588544067824
6435.61497725798
1000.9946887436337
7672.58838586212
1704.4080408840418
2200.994678444719
2400.9917444176976
2510.8545095125082
3518.627664318216
5381.906683002965
5069.135683899356
7548.858363717657
4799.012341541861
2452.4386026168363
1389.0213064214445
705.0916980459652
3805.1598685074055
4279.716342859852
5985.784161924184
7210.739650312424
6369.377245925553
5157.787805405724
4118.018705317582
6541.477951497565
4632.035633274939
1328.4511706462988
5800.030753531967
5126.048705957926
4753.664079297469
1005.4390365750382
1408.460583916984
1257.7407347555943
7492.628055684491
1370.3738512281798
3792.8712521106754
2677.7849115974886
3608.3085577270826
6534.798540757981
4429.378055360138
1716.636758664729
1085.5010658105382
2679.3051567090033
4138.380078035887
15238.820036029332
9294.00089931602
3716.965441675803
4950.039940760139
1255.8296693707796
4417.203652001949
2463.848030844481
7145.359842177222
5179.032055982
8204.221134209261
5222.122979488069
1040.2875278074312
4030.9884703007874
3307.154235780121
2181.058379608715
2208.0643374010524
398.9261892523715
4426.975252403624
5493.38933362827
7231.467388791762
3856.886076398624
1856.9438309862496
7828.590358133658
703.3277199333944
907.1648509632505
5384.619989888762
13410.914526162298
953.1264218945342
2896.4395212704926
3067.1420746512463
4718.647971154596
3828.0658391410184
4684.774502665991
5356.332059076442
1397.117978186105
12444.327371917594
1836.4609765308803
3468.392636252578
1093.3352483836716
12660.718213958575
2451.316860466283
5833.336333696258
6861.224038512294
3190.3617478013757
1412.9315788393112
8419.229577030128
6082.104038684696
3794.5844795174926
4233.369840496955
7308.27143302218
3305.8063413229534
958.7854188745953
2456.71304645015
4139.247167026024
5204.115149989061
11624.587507007276
437.6409017647141
2348.534829105589
4016.6089548657183
5721.829012326028
4931.637715103931
3472.2141971922647
4755.078749505706
19702.75684516148
9446.26445721338
5473.91549092391
1271.921975682869
10246.479257239975
7167.463687521008
3457.311854655991
3854.6475092376586
5176.145305905393
3395.2934870635054
7486.1109891664155
2272.727379975146
1046.8662884424236
5726.008109920058
5826.289090269423
8117.437934177263
2260.6212813866264
1966.688295979473
5435.1988926802005
439.6513152351713
5984.47196460023
3799.5366787591115
1010.669766629799
700.1013660827824
5281.794341626451
1236.4609834996188
8207.188500858607
6032.615299852964
6007.769717772512
2135.7364968895845
9084.178182419306
4615.147625539921
2389.9441197307906
2287.6741995031166
502.6496583124939
3955.676448727212
2847.7718012244095
3753.7253600652693
5886.239897084493
8113.347996695937
5265.667450830054
3021.271533951227
5199.454993000313
4932.633215255303
989.9043589575058
2748.891362755699
4951.865723133923
1657.0018567431307
880.581634868262
3820.962527736545
1862.1217272595109
829.3962802988044
3024.564794534668
4972.20193614371
1406.802011638509
3033.27824343026
6574.598035033626
2800.4260399300783
2138.8426252225822
3482.9694521074716
3771.6002320421794
8824.304587550836
2254.4353119647503
5163.297919656004
1394.4453737261763
1051.773847347209
3940.822486648627
6698.966479941731
351.28095736846535
5922.710870596349
5617.085609759471
5174.425276080974
