-0.006783141212669643
0.00635930524940087
-0.0069626136147728345
0.004904689668069777
0.007337903268361414
0.004995134803051797
0.005759074328376302
-0.009230666865156993
-0.003684452880294375
0.007135904320395364
-0.005990495419718478
0.006230370242931385
-0.005036090794830156
0.003758786045767039
-0.004196515419461066
0.0036796572383604818
-0.006015974820792699
0.0031109610125752978
0.0062172102744124675
0.006061337853530634
0.0034287735722808165
-0.009309232938162219
0.0036530056846501347
0.010974687660566272
0.00484606208381467
-0.007358405969824664
-0.0035789653118427777
0.010026424072163313
-0.004322885634572013
-0.003238670283671726
0.003915923872198135
0.007949905477573706
-0.0019858253502734904
-0.003006744267213208
-0.010060580526037652
0.0037783530382792126
0.0023157348395952382
0.008672107531568676
-0.0030225680189188667
-0.0065474747193061305
-0.005325856193380476
0.009258093989401845
-0.009815037515489417
-0.0040362267298227434
-0.007453971536620193
0.002541715658893198
-0.003167056172691001
0.009431616264797502
0.003738638857398887
-0.0021187073768745243
-0.004471052095375566
0.007891121708086446
-0.003404936711059975
0.007485304557520857
0.0019667950857598635
-0.008341614018086302
0.007957418033987947
-0.003227310598028292
0.007281904389674312
0.00510746923675601
0.003016340241233332
0.006318706807404551
0.006618821294907141
0.007531343252580913
0.0033103426595943947
0.008191558817746114
-0.0053314595975297
-0.0018550825258906443
-0.005489005168268472
-0.0026025104797720742
-0.00674418163818338
0.007977376404033594
-0.007542868763795329
-0.006948339747274113
-0.005034191197500756
-0.002347865310053036
0.002092173415294188
-0.006307118585594316
-0.004946482210653161
3.150065818468223E-4
0.004160710677906301
0.004779603494106381
0.003137763183679947
-0.007185971739355158
0.0066819828849682735
-0.004540099978705957
0.005225575589652382
-0.005478895752367912
-0.001239305298804673
-0.00546497306441161
0.0034700620951200662
0.005520021175300912
0.0037461348577319167
0.00559798754772938
0.005359238350279742
0.005427215304261994
-0.005922042512636854
0.0032850495052720876
0.0029868086664292617
0.004998510667512535
-0.004574452262169831
-0.005129554680987578
-0.005961133023848225
-0.0037996841509041514
-0.005324488432946056
0.0027791741309385457
0.0028830039230112697
-0.0016911879464879401
-0.004955104356198159
-0.00607988582420234
-0.0044343184891881314
-0.003089247148411798
-0.003367521091448518
0.0032062264957671057
-0.002718054417960629
-0.006050967431905399
-0.0057139518468505585
-0.004479014212009947
-0.0044488032326571465
0.0032528356039837874
-0.004292963155742629
-0.004518391271197291
0.005774054858438277
-0.0040874461163938084
0.004907153756090292
0.004428980135679792
0.0018897364922649642
-0.0037117943474682157
0.004512994859994631
-0.0026875642638673025
0.003455414580486477
-0.0037512875236141957
0.0021542131318750875
-0.0019216557055140942
-0.003954058643570933
0.00442537342530487
0.004885818063944583
-0.003858056659538381
-7.389236393842257E-4
-0.0013684075541488868
0.0014272109576285673
0.004955398244051657
0.003750175336313234
0.002425379518801469
-0.0030325214164223305
0.0024383926223131612
0.003928623715451637
0.003877450303996324
-0.00332930941505587
-0.0028257732214397977
0.0048803336288771515
-0.003916553607290231
-0.002128207894839406
-0.0029681064911199592
0.0019338868078001786
-0.0026040494144143546
-0.004051210712570055
4.8371124895550677E-4
9.379576612489753E-4
-0.004432184185164534
0.002565966713335197
-0.003055525626092114
0.00287614182485802
-0.0030416782897030744
-0.002593675817649915
-7.72065523338374E-4
0.0024365385578812076
-0.002637837862357444
0.0017069440399949843
0.0027844426890987766
0.00261484765786317
-0.0018187644372067032
0.0027469505604759293
0.002096673200888165
0.0036094658605308064
0.0016154734246769675
-0.0022353008181209655
-0.0023338837464118353
0.0022935738852373783
0.0012670040100284106
-9.241016411572316E-4
-0.0033854520336747715
6.983988608715221E-4
-0.0023526555689628295
-4.037047897947684E-4
-0.0024453587134246908
0.0022818380820163304
0.00307649465918714
0.002786245892730614
0.003473201809431832
0.0019305151314004136
-0.002101848398151754
-0.002135778093711999
5.482490718084814E-4
-0.0027732007891604128
0.0013414874545214627
-0.0017298066344078322
-0.0023875656579080366
0.0023835317015206805
-0.001938055981594311
-7.849547962180432E-5
-0.0011101728502574601
-0.0017092917816931058
0.001830364748791556
8.482828285399514E-4
2.7501895692235215E-4
-0.0017754308866175243
0.0012907557070281478
0.0024768021124063045
-5.2612392869311766E-5
-6.549341992434006E-4
-0.0016512893988012852
-7.930544959935367E-4
0.0013484844934141663
8.735666868760202E-4
9.160588549470846E-4
-7.373313984645323E-4
-0.0010443217622398248
3.588618510335516E-4
-2.0382441118804972E-4
