384
371
374
378
376
375
371
359
381
360
377
370
388
351
357
361
465
320
319
377
374
346
355
368
346
360
348
334
384
495
382
412
538
322
389
362
383
544
391
358
328
324
393
369
382
372
540
350
352
379
386
505
332
363
313
531
353
523
340
341
238
347
387
327
367
339
361
373
356
355
302
306
501
323
316
498
308
326
362
341
317
331
326
476
449
347
419
383
303
416
465
352
277
390
538
532
417
368
505
365
503
301
316
18
323
340
494
499
497
534
558
314
493
283
307
537
505
318
316
321
391
498
17
461
376
344
333
387
338
363
282
526
285
475
537
370
517
18
413
369
534
284
359
496
356
335
353
330
331
536
384
496
362
277
344
531
358
292
497
330
495
386
329
23
303
494
285
345
471
16
308
345
385
302
337
281
505
473
284
497
396
395
379
494
355
343
328
307
412
308
281
502
279
541
333
306
363
351
299
336
37
337
381
287
294
41
521
335
354
533
369
563
375
290
904
350
349
278
357
43
282
465
546
238
239
19
318
279
309
382
311
535
499
283
278
320
18
414
354
367
501
316
374
343
62
341
331
315
539
301
312
540
308
327
278
319
364
390
50
321
308
283
53
27
321
310
373
383
282
22
508
68
351
289
280
779
287
304
286
778
550
27
366
535
535
14
312
293
463
530
379
416
536
17
339
16
348
310
45
289
360
505
331
317
33
20
819
500
322
395
499
385
384
315
533
399
277
279
553
334
16
336
303
518
352
420
511
287
341
18
539
552
658
539
250
387
542
369
61
309
304
502
28
504
305
309
301
21
373
73
529
493
502
284
513
23
303
324
598
295
299
292
378
350
289
391
522
509
290
569
548
334
340
43
536
15
359
279
498
338
281
344
382
278
78
571
474
462
503
556
516
283
557
561
560
74
560
319
450
452
362
378
80
31
285
17
285
331
310
32
302
288
517
533
415
31
492
560
324
444
666
24
542
502
554
542
364
34
349
338
15
510
18
492
25
335
33
306
335
47
504
325
57
79
462
356
291
51
551
39
783
540
55
17
537
391
47
41
66
596
287
70
775
89
332
463
328
715
346
503
35
278
287
91
38
533
554
279
39
295
40
773
617
329
14
298
562
372
380
14
299
338
380
465
640
75
506
292
32
513
100
548
501
38
33
16
301
532
23
782
544
302
555
60
279
503
314
302
312
697
561
508
346
54
304
322
27
292
300
76
287
28
34
16
332
39
35
380
446
313
385
34
31
774
72
30
910
27
342
349
506
69
354
304
31
510
22
25
24
500
43
35
309
39
543
285
277
402
546
899
17
600
496
564
19
55
667
95
605
72
519
511
86
664
31
46
42
572
540
664
825
48
14
283
357
659
26
51
97
525
553
56
331
315
48
512
325
322
41
27
53
512
685
524
360
768
358
87
353
26
291
42
19
780
764
315
531
547
356
78
42
542
87
289
291
20
472
504
47
53
24
37
72
43
341
641
12
333
20
398
790
366
80
511
361
304
24
289
481
495
48
509
386
340
42
287
293
82
34
64
52
716
71
41
779
29
498
43
547
280
36
562
77
332
87
492
43
55
51
22
539
23
383
314
763
765
82
546
304
45
500
53
643
282
733
502
76
627
35
664
91
777
33
36
394
298
64
278
778
560
533
19
310
388
85
282
311
78
706
28
770
327
616
691
562
547
77
69
644
286
99
32
658
338
705
661
500
532
59
282
85
54
97
291
28
769
683
61
327
277
284
798
34
101
620
39
38
15
545
710
476
33
63
768
60
278
545
462
33
330
531
13
49
40
74
417
720
533
684
398
393
663
324
29
524
698
771
26
29
341
90
34
573
87
11
283
776
81
282
55
397
41
279
674
90
506
612
308
563
784
657
295
303
672
66
739
38
36
594
52
713
727
531
87
26
679
660
756
60
18
328
733
326
711
717
301
535
299
419
702
305
305
419
539
287
15
285
323
421
892
15
37
556
56
545
99
290
337
286
45
603
865
62
89
767
674
499
781
84
83
94
293
47
21
30
734
714
667
72
736
779
303
418
899
92
301
522
445
699
57
917
368
776
50
529
62
76
282
500
421
305
813
74
661
13
295
393
418
10
716
44
909
84
559
504
703
20
280
89
769
675
727
16
284
501
60
275
415
19
695
813
666
28
663
15
279
397
337
57
286
681
57
776
813
279
38
545
69
549
540
