0.008149462785464539
-0.004420258668999112
-0.007357174118209429
0.008715304928427772
0.005037251474651208
-0.005477775388843949
-0.0045060336247615546
-0.008247645142569404
0.009463847480423651
0.006649571294892294
-0.016243463588082322
-0.004907362201149122
-0.00900115506947259
0.0035807260149978387
-0.009588550865746835
0.005427088005884255
0.00379822342821034
-0.00377857704297552
0.0027319145149625004
0.002725563145364294
-0.0039158651346644915
-0.007688481801536052
0.0030715536724224305
0.0045908654289157245
-0.0040412427157006285
-0.0024947667751251245
-0.007027856447765877
-0.004701595404536796
-0.003392076753477465
0.0024709602710883283
0.004596115608199143
-0.004543000200023124
0.005620383798095138
0.009571289834684965
0.004980858164371779
-0.003854583600934847
0.005024973318449266
-0.0023880317067311663
0.004986751663143597
-0.007350793092282581
0.0054162959109981925
0.0033521800438631984
0.008358994415500344
0.0029185900609412204
-0.0032147157251177796
-0.004179469660603107
0.0016504478179840579
0.0024722946491620977
-0.00342977293449038
-0.0034294881814561497
0.0038161129453736196
-0.008522931185813256
-0.0021241438385637035
-0.0027980000767051385
0.0033225582429420057
0.002943164551095953
-0.002042691038276482
-0.0038151369272409084
0.0047547509930026596
0.0027685125410631564
0.005286378299438608
-0.005120629488471736
-0.0034314826757007003
0.00229746970641332
0.002409720944045568
0.0020334753087188854
0.0029391537236270315
0.006385905733683027
0.0074368410963802055
-0.006046285079833022
0.0018407564743878428
-0.0044442445484590976
0.00182102845194563
0.0019962775291898225
-0.002189579479979581
-0.0028109799875998148
-0.0025818640814608846
-0.002118482271773532
0.007377686522517477
0.004436017422718252
0.005894900776729046
-0.0019190966256882244
-0.005621027191836111
0.0036519076673716716
0.002649066364892585
-0.005860121980700499
-0.00528682071288409
0.0035944690259789866
-0.005972004880139979
0.006797923719842596
0.004326293038981207
0.005332434091369857
0.005915544811506704
-0.005737316905721542
-0.006563772219314681
-0.0077319382687374046
0.005988996850898403
0.0024006903065152954
0.006024692128844009
0.0038420305527594994
0.002294664166223495
-0.0017910202630770787
3.964126563426693E-4
-0.005679312955266792
0.004359053894505573
-0.0019386398233173922
-0.004503625206231474
0.0035736275816971586
-0.005097583785061502
0.001694139424233757
-0.0031126128286257868
0.006302723912505757
0.004669821385510722
0.001462674434329423
0.0020598383806712545
-0.0015044377914996893
-0.005661044903555969
8.250428552288666E-4
-0.0038738814219148867
0.002553229612587503
-0.0015985778014440267
-0.0030766038079116024
0.00410852895998178
0.0017939119174222146
0.002187757975200297
-0.0029995595677039483
0.002534567238845564
0.001308752482990581
0.004317361530514365
-0.002279591613303612
-0.0033916935266551274
0.004797339258309232
0.004966535756514955
0.0017186708829838681
-0.0022088946491471786
-0.004688477278008215
0.00457733273512748
-5.581052800751078E-4
-0.0037728018200516296
-0.005163294098560412
0.005718533592302626
0.0052880498842326025
0.004218896057925582
0.004202758065399229
0.0010295903602933047
0.003225177567416708
-0.004050689281695606
-0.005217651820286665
0.003641995423348029
0.004758410080240607
-0.004452735620936437
0.0039053979533221865
0.0017100328163005584
0.00447224919539093
5.390051612687943E-4
0.001214475552201884
-0.0026710598802893795
-0.004001108277858012
0.0039035565762063945
-0.004891763854677618
0.004280717932475088
-0.0026174929800254453
0.004086236786955065
-0.0026752127699370813
-0.003956234775793004
-0.003915421425877482
0.0028713673427589403
-0.0040724018111095465
-0.003795534127695145
0.003686885000265169
0.003221521068569767
0.0044955777435224395
0.004512587982060839
-0.002858191575052766
0.0037520934032715444
-0.0028376900115786472
0.006410816937467247
0.0038956594611447583
-0.003559371415865037
-0.0016134814566026853
-0.003931014774366984
0.0019131027284316235
-7.77364288756554E-4
0.0036686940769849615
-0.003215424251201588
-0.003655069385579355
0.003465328460262995
0.00385287959682209
-0.002152158395486199
-0.0019155364993696559
-0.0019365375369825339
-0.002175587090944425
-0.0037279415279470665
0.003978519922487888
0.0033500189902185926
3.5586678557885916E-4
-0.002561964757733721
-0.003969504134819056
-0.0029367597140199262
0.0023862040837095643
0.00212729362257632
0.0019832540738061173
-0.002900118554826259
-0.0035937665246476877
-0.0016612570558625433
0.002135434640477797
-0.0031469613336948367
0.003358077079117093
-0.005491689255355636
-0.0028133464275583585
-0.0038090543735549123
0.002572555556643736
-0.0043517712581467765
0.002200916747043649
8.574428891015287E-4
0.0033742553191101945
-0.0022086269763372675
0.0050029827751398625
-0.0015991286899565817
-0.0032562641097642893
-0.00265962143335071
-0.0037922467063215733
-0.003399828589361852
0.003927460837622223
-0.0020844227737856448
0.004244689167056925
-0.003950431500207423
-0.0036796029151811
0.0033714942183482454
0.002569312418500862
-0.00300649387051886
0.002790720198325615
-0.001106312337919224
-0.002910232648746815
-9.829404241647043E-4
0.0030858222738085403
0.0033187700758936845
0.002393383676410046
-4.200246721152388E-4
-0.0026501997013696674
-0.003146944010284998
-0.0019076419491564078
-0.0018123060339695712
0.002783595115227796
-0.001639908412969852
-0.002867361531656931
-0.004288091424183301
0.003348977685722171
0.002785899180176783
0.003087444148069096
0.0036454282507206843
-5.672351127857697E-4
-0.0019685613622236666
-0.0030899396964828648
8.940211122765538E-4
-0.003120829098687565
-0.0033442411817282557
-0.002655898239074501
-0.0031985933972048398
-0.0027079244052304738
-0.0037920249785556004
-0.0026619843992316907
-0.002444084422991296
-0.0015150690602296127
-0.002639798871526676
0.0032016409075517303
0.0028685237000078273
-0.0026971572422382823
0.0023514109641377236
0.0026802607615324285
0.002216860301245578
-0.0036117211469775283
-0.0037214662787684798
0.0019155992652487518
-0.0024427435870614557
0.001422281132782161
0.0031389273874786977
4.934422174776944E-4
-0.0067667946850099095
0.0026797418685533584
0.0024307930411502756
0.002903302765374031
-0.0027516758110020037
0.0022947476391387963
0.0016054092861570474
-0.001317559911931969
-0.0018328516041514874
0.0025676637093648056
-5.659668584456762E-4
-0.003236524179747846
0.002634525443775039
-7.436766691545689E-4
0.0017428865356719065
-0.00254371749021155
-0.002052830398997051
-0.0019686537728548516
0.003276623829155496
0.002670124133255515
-0.002096187769287581
0.0025447923010652436
-0.001989607768005297
6.505963067113195E-4
-0.0012988809251284524
-0.0021836396645613203
0.0025832132490318798
-0.0025281826708500725
-0.002825123695209636
-0.001471748863463493
0.0022336591276631004
-0.0018616640578529883
-0.0020906911827925593
-0.0028246460760420135
-0.001600577694404488
0.0025157918656731554
-0.0015601937628770448
-0.0027755780620841585
-0.00281770979361265
4.0453646131603826E-4
0.0015214684848929827
0.0024221998180945755
3.0033450596258E-4
0.0021814203449543406
-0.002473137964970514
0.0016555076583016424
0.0012998796356098936
0.0027705193255396
-0.002650096231436114
0.002562158645433761
0.002444608004773228
0.00234983209716943
0.0019263056753496114
-0.00204673032599679
-0.0021769316717349624
-0.002312455338913398
0.001798073763026926
-0.001392537906265709
-0.002997621553291531
0.0041864840291946466
-0.0020780851881247306
0.001956191315625368
0.0021102547824744552
0.0022037307833189623
-0.001922376968302516
0.0015488741628300997
0.0027007743302384164
-0.0012466935248876126
0.0028897298062715766
-0.001383731528681628
0.0012280932699081783
0.002512692825031137
-0.002240922829981806
0.0017508975634457462
-0.0018941780553020262
-0.0015147139385833623
-0.0017072007824973595
-0.002363171295219177
-0.001992692696138339
0.0013089658930419423
1.4119110049159108E-4
0.00200336785326344
0.001183127363704392
-0.0020484631821509327
0.002005335680267294
0.0027224889854511715
0.0033014996592002537
9.966312286735586E-4
0.0012175852282312852
0.001034145402215918
0.0012688826394729826
0.002082897145050828
-3.3137133166941037E-4
0.0011516738283868114
-0.0011440279842956232
0.0016560600018409612
0.001396617926895833
0.0014017832626430824
-0.0024069316850969737
-0.001992215464513882
0.0018532919452885403
0.0019290872385886435
-0.00197333712222237
0.0019877761947498253
0.0013743241004003147
0.0017321105289342103
0.001235213441886658
-0.003370699066567671
0.002186059383492736
6.602425691746103E-4
-2.940336655328569E-4
2.908601221205843E-4
-7.077248894642472E-4
-0.0026882789136334568
-0.0025343812456048017
-0.0011319054874276788
-8.291397534210045E-4
0.002500930322931894
0.0024713607704427132
-0.0012442541471407486
-0.0013100866580621935
1.9487170257370692E-4
-0.0018966698933230418
9.941126712005087E-4
-0.001537578033695964
0.0020081704752877827
0.003058655190596232
0.0015491107279426305
0.0017862154232448787
0.0016271800950357098
7.363534202195929E-4
-0.0012107058535184981
4.7802307613981125E-4
-0.0013497215950988301
-0.0023723236622698865
1.0363668563898877E-5
-0.0012216198238533794
0.0017663132253997254
-0.001566707126771625
5.362515300791947E-4
-0.0016745608233795061
-0.0015001324446508018
-9.815818195813228E-4
0.0017064875274967794
-5.739875139763623E-4
7.900930962977049E-4
9.613002617216566E-4
-0.0013965323589087526
-7.535412131078098E-4
-0.0018422585080698239
-0.001614966640206384
-0.0022112267251349813
-0.0014174290907086333
0.0016652842809856646
0.001725550287438534
-0.002335419535923998
-0.001553639366368316
0.0012859119379653478
-0.0019508321688113724
-0.001852822249765718
-1.5028412657164914E-4
-0.0013428404497556213
-8.512947902588056E-4
-0.00183674838138629
0.0014932346900714839
-0.0028100038904772012
5.978513117078856E-4
-3.1543815974263946E-5
-0.0017070714890029207
0.0017536048297112981
-0.0013009389450691323
-0.0021362836553497264
8.489331256169063E-4
9.937174324672754E-4
0.001007705575728044
-0.0016394843475621308
-0.0017446386151739259
0.0015485516368011825
-5.1152288000626156E-5
5.617935601193969E-4
0.0011583939422677653
0.0016975083676245503
0.0012545146637422439
0.002081347018885
0.0010973103468867964
-0.0017959346501001984
-0.001069684715087796
-8.519654048716993E-4
-0.0014057111293363516
-0.0016735700775734167
8.32733777681281E-4
0.0017862025558561879
-0.0010564466390134831
-0.0025408458211597876
0.0011554862144509696
0.0014264234706881501
0.0017919410595270016
-4.5587812777376634E-4
-0.0010950686384347981
2.6693570273122883E-4
0.0015008092330845255
0.00193485170567562
-0.0015727980383141438
-0.0035416697976544923
-0.0012379042702216326
-0.001695709387493443
0.0019366111457023243
-0.0013499367750639307
-0.0014667583473922468
0.0012035957435012413
-0.0028401181253954913
-0.001432510540251901
0.0014604511046368168
-0.0012386224867696918
7.338140614165027E-4
0.0010091550080096301
-5.571002934050022E-4
-0.0012472198063271235
8.257307390892415E-4
8.086833595381959E-4
0.001378450006608325
-3.018051529918638E-4
-5.167134637389559E-4
0.0010526877023009883
2.604069523180086E-4
0.0010810801180608143
3.6372140926937675E-4
-2.287816481999707E-4
0.0013770848269546547
-0.0015411885214831915
0.0017970484816947625
0.0012621318196052625
-0.001022573979546989
-8.250025077054413E-4
-0.0024215561392300616
-0.0012723986722248334
-0.0017297334179360885
-0.0013437922125463914
-0.0013924746057718976
0.0015656376862588574
5.203942440097731E-4
-0.0012028758094141552
0.0014313461303238253
0.001683753688834574
1.2012282277810921E-4
-0.0011329208794771623
-0.0010266193167936023
5.242239312609647E-4
-5.985466399475145E-4
-0.0013970714043274443
0.0019502337870736682
-0.0011516583949951692
0.001319724936636361
-7.850987651375394E-4
-0.0012159027605242762
9.160224317097734E-4
8.581872224770886E-4
-5.44477328703862E-4
1.456073093249967E-4
-0.0015783435412825184
7.549432816177195E-4
-0.0015873285357144524
-0.002434516023927575
-0.0016082526590128843
2.8897288831423415E-4
0.0012545693194460391
-6.776098674798656E-4
0.0010092715110427619
8.10675751045899E-4
2.040489789054194E-4
-6.269953700325031E-4
0.0018237961164614797
-8.20869723322244E-4
-9.960927399835886E-4
-0.001630269848726414
0.0022425227405461984
7.275570400696043E-4
5.683805994275786E-4
5.240774777787334E-4
0.0013054404998685105
2.3867600290541983E-4
6.082875814557472E-4
0.001136319406733439
0.0010703785808883115
-2.5353624186231485E-4
-0.0012436025502096674
0.001071800298475354
-6.13206136148766E-4
9.040907780563912E-4
-8.883272713414206E-4
5.646647968084337E-4
0.00145427711580101
8.253692688598397E-4
-0.0010615479341088809
-8.474233158896387E-4
2.1183347960372764E-4
0.0012598438499995185
-6.286472470126142E-4
-0.0010218094561824471
0.0016248252123482229
8.35629647603589E-4
-4.3204024674430936E-4
-8.376208103529119E-4
8.628643587933329E-4
8.715572796402862E-4
0.0013905659819740783
1.1471834627598226E-4
-0.0016332862533356381
6.044390607721852E-4
-0.0010847387142026697
-0.0011295842041642449
-4.118585637716986E-4
5.858874564922094E-4
8.438132276251514E-4
5.993571525223625E-4
9.06389430084308E-4
-6.673735211434644E-4
8.570979129831651E-4
-0.0011745942846853941
9.518774243756019E-4
3.4687905783657214E-4
7.249814056196479E-4
-8.980622255022095E-4
-0.0016580884287400695
4.3422126868574346E-4
-0.0015836444594838925
3.664413016196098E-4
-4.3630437735312486E-4
9.779694218708692E-4
0.0010014924570580358
4.6910690864736227E-4
9.867578092069217E-4
9.52597030889259E-4
-3.4227313914418444E-4
9.732377828904289E-4
0.0011132635505903018
-6.126222761320512E-5
-0.001004983891296296
-4.8385898899565874E-4
3.7969992517163125E-4
9.634843130800108E-4
-8.45675861555931E-4
6.485408648792877E-4
-8.887577111127921E-4
-7.554471962047853E-4
6.292579789450238E-4
9.423783919509755E-4
7.391536700853171E-4
-0.00118993519106312
-6.57149041937919E-4
7.65752930792894E-4
4.6030010093182607E-4
-0.0010170106330362764
4.600089783573356E-5
-0.001386289123487387
-0.0010417080935428997
-7.106167483750591E-4
-7.877851982756258E-4
9.351557561662094E-4
0.0011457033112403476
-6.505523267021368E-4
6.576465469533198E-4
6.276754055907851E-4
7.364607354122387E-4
2.0668963910649442E-4
-3.7505094766380646E-4
-6.040902345856627E-4
7.806423378327062E-4
3.7517435129293954E-4
7.460356436742301E-4
0.0015400137343329968
-5.527244784966565E-4
-0.0011780475672575766
0.0012996119473461072
9.477419139463225E-4
-6.176492445454138E-4
0.0015819848414732785
8.852042250116907E-4
-4.0297183838245343E-4
0.0010345766829553298
-3.8338309411327885E-4
7.397020226076594E-4
-5.741429143695151E-4
5.508963452605643E-4
-4.938101782451949E-4
-5.538927146947794E-4
9.921288146540557E-4
-5.985976194196832E-4
-3.852516840153694E-4
3.1465301820960843E-4
-6.401000284517633E-4
-1.5500813020030932E-4
-1.4944305411665365E-4
-2.008131259340575E-4
4.7506532916075957E-4
5.175620332416212E-4
1.2739821908514605E-4
-4.6134469790147634E-4
4.718487119738274E-4
3.321183829611301E-4
2.459310469999394E-4
-7.817438988145848E-6
