35737.06476920737
32425.086730064435
6759.507528495437
36337.06379885986
2170.635710026931
2516.838408878831
19508.204124857824
45340.92684950524
7669.034315768566
7069.034596053074
18297.42171328311
25601.8636570317
4769.707609581538
51257.941150482795
2527.8812683185674
45940.9258807298
18908.20507243132
17982.147871544013
21841.364172498226
17697.422576722776
2978.948515478985
6020.981515891347
2209.537233356543
13861.702114317924
3603.5533379279595
6204.625762880693
5514.848554410499
6054.1723907043115
52457.93954821478
3116.838351608005
22785.20998094858
8122.709701697312
4244.8598576293525
61423.230708661715
27765.917489612428
25387.61750314145
14755.131558313284
14127.628899300757
9011.478222936375
3132.7935281246946
17204.455663749417
33600.38867392669
19993.58390189188
46685.37583232849
33025.08589699997
29801.89222812067
23230.780286557052
23385.208832527358
59802.13040659818
7359.507317239036
2172.751323062682
15632.395284125982
11166.341457588389
51804.93806571363
5369.707512425679
2219.0754907491787
4566.870811123987
21241.365215404974
4732.448677121156
14878.279369601467
7674.962885419578
46085.37653678596
5745.561365541774
2175.432480920417
27263.769414556573
7618.739433503291
2166.12437766978
2176.7291214369634
14631.775527578558
26663.770678818797
40071.95300238567
51471.236671145525
31825.088003956083
60402.12991676666
12589.08574622424
4718.689574511107
3689.213398109105
2521.907356055704
40912.36468767261
5667.484286504614
14430.41399896534
78407.8288404595
41743.79730758281
10297.463865452784
5234.743495403187
21402.743910495832
20593.583047238673
15343.800935817686
1940.5676522337346
7394.561089117964
27165.91863538262
13338.296253180348
20806.66666390213
10834.618686062275
5499.050607769519
35137.06594909264
30560.57373986099
3595.570020449805
13007.15564791482
33403.297084702615
13190.50646157981
4142.108046334864
13048.45645264992
3793.3634365897733
37084.32483593839
5177.627029034629
15364.166956185281
4229.786958609648
13639.921210016842
23106.926185198365
70521.96811358965
20802.744878260535
20206.66721980149
1968.8980511280056
9747.9339008645
10581.844329101765
1921.907450259044
3288.342141253652
12061.983706924626
51857.94024012732
79007.82833220609
4820.791558936379
5423.020524483448
59202.13112433937
44602.89708128145
2515.3773410787667
3548.0486396228403
5109.7216400694015
5622.563570678677
32900.0464300776
5966.85871333251
58505.479163173695
8023.476876262991
57305.48055835033
41143.79826732791
62023.230315079854
11512.856469908389
4257.447729694052
32495.97551923423
16604.45640688992
1927.2185248013363
27073.442043862426
13712.532079534963
1935.511611817368
3526.033205827053
13002.326409273926
1950.597634514196
3262.84243035596
16759.53709805867
3479.9967887975163
3612.821669022387
5624.673946591907
66323.21399542331
28327.544360918604
6048.063949240833
14644.083626979385
50654.52526624611
28937.764902751533
50871.23746146628
15030.413520503644
17858.933472944256
3544.048872605716
3980.566963445708
44740.927857422634
4059.53944976685
4853.2579043831765
8795.906622944556
17181.911594917085
6053.631554095
3865.0696466918967
3966.8709128407672
69321.96930823682
10711.156599104466
1915.377438443721
3534.1855005161697
69921.96866879048
3481.366114767955
50604.939618297794
11737.24439339468
18562.325987069085
3796.527508981119
31160.572860209315
13185.469303198865
1350.59771954936
1974.0868757168075
28350.754921374
37607.60122872072
8167.448822361093
6804.625615999422
33500.046073499
17581.38868555924
77832.60439143614
3625.3090884099165
78432.60407740842
17359.536387970198
74622.10410591948
11491.78255983741
4776.55142344079
6394.51700893361
7310.568764404811
3873.270944773686
45202.896148823005
2513.447125646232
4134.174036127087
3972.0971572354665
3260.531096991491
13021.596677048477
3424.234208808876
22324.675176744262
4516.331805408117
23092.19787485816
9855.607209799768
9354.671681236172
13607.155404168221
14021.44769521035
8500.200743721269
28927.54392932111
4611.790140387819
5838.154893639778
56458.64348225726
2558.0195841645823
17962.32636365211
117766.45051524953
3569.7078212881274
17063.815083822403
14304.172696212641
11304.336357637378
5169.058491730309
5921.863068874127
14162.160699473627
3732.23326107981
5021.98602623824
51204.93881441404
10347.933597504161
15730.705108001617
59023.233026395166
118366.45028766202
8811.233017671717
5431.95868633037
3788.7713110742866
5166.87075349395
24730.512943575945
4811.158322494709
83935.9456759031
3312.072524024568
4706.54803329127
5580.531262175603
66923.21337315543
50099.883948055816
1908.2039789967698
11791.743283853639
2496.2985261302324
5021.285464500761
10512.234357563277
4184.52767111956
4541.196427208847
71663.11779005772
3261.849596361252
4191.881875408068
41512.36375906738
16094.254507247531
5609.821900984381
18448.335598234808
9615.472289765145
5939.843749196392
3309.721965995983
13035.466167647211
49499.88425383512
4260.662668120373
11311.156433841314
119566.44971814782
28337.765984551876
8632.150815427392
6902.793132999444
71121.9677361403
19106.320816370462
4125.294904631645
20265.1138877513
42343.79671869824
6845.953980520847
17804.455328047945
77807.82933820282
4719.3338732188195
3305.9803354266214
16860.02945593604
1766.101182411015
4688.136710170912
8366.072973370303
5151.250822914641
17853.99504787631
8268.529765147034
12341.610070163504
11481.555784134649
2506.4413924528926
17523.559941768366
42420.89285315029
10495.968202896325
2488.695073049207
5633.481285347114
7366.562636874356
12672.743240700018
6927.351689818213
6099.423948547129
5865.326541134174
3328.978268786165
10897.463464232178
9702.103089465989
53057.93928636363
3941.1964984077745
3578.9484544647453
6486.640322441105
38871.955027959244
7372.370538089878
17446.134420472798
3360.088521812837
10614.276615446042
13020.062780911563
5129.866039347463
3957.9894005689234
11157.740997398842
25592.647309672524
20865.113393701522
68121.97040426795
79032.60380037871
5030.672061729849
7011.772949623337
8608.249986857909
8394.915420089324
8432.497296552066
74663.11555632907
9672.640205016336
37344.08670977897
5287.807729755912
13384.959455021884
34797.19850009213
11483.194261111472
12420.46106693027
7985.258286422229
4183.169873265774
41409.30724840422
2508.203879713745
3351.251024902421
6003.927793024542
2809.537185635483
31895.9763267395
106070.21043493223
13994.413687624809
5969.707456574836
10111.156884646483
34100.045755987616
12003.499477840212
3328.1099936549736
2203.8868194840857
8133.095961663172
4580.566866227068
2993.449326948393
7187.847174835655
1308.2040664317851
6352.16499046561
15032.396013360276
6802.222249729682
25222.49934881702
13806.435771055683
11757.740465312161
6660.017643642732
25001.86483362986
1927.8813585016671
33000.389585821475
6949.35877368936
9611.478010468603
15426.632452343534
1407.9294121033208
11768.443139090241
57058.64304884728
22454.41428780208
18148.69867540292
11916.359718469444
24992.6474679507
82735.94660768748
9255.607543227881
63936.882073644956
8050.545143706588
3281.321297938658
4550.190639905444
5000.917128789754
13808.7133703565
3950.1908941141774
6620.981446549135
2755.419399528776
53099.882504080466
8581.467413499027
3131.6661248800006
7696.4940712924545
7382.371397521897
3802.9080376975353
118966.45001514466
6106.482118997721
11851.137454479827
26536.259467588687
3478.4295712733206
2741.196713332681
9998.594128105422
7269.878210278232
3928.9781454175177
5142.418286934378
3352.9157512400716
49917.89186836341
29201.893529348188
13673.014184212054
3802.3836536037365
6740.199543362651
8210.868622693662
2497.8979356531117
34800.387248646075
2807.511611394762
18212.417322120462
3956.313755912004
16099.706853685095
5150.190505079815
62982.85202884159
61907.95517953992
19606.667878872857
8188.730142952696
71721.9675984478
12295.38227819786
5323.9815772859065
8139.356973731568
40312.3658402405
6445.571715342989
4509.721724239862
28365.91673007594
16581.911834572296
14611.493287544386
3281.605801224402
3222.612993580789
5491.151377433607
35397.1980317231
38332.23122099281
107215.75833339023
6646.635089440426
13740.304749099252
13710.026737608543
14493.870600110444
14125.815922764783
25936.25980930711
13373.178446788055
7266.890114953699
14008.935360884998
12035.67022560182
11797.512551785872
1542.9288862015653
12407.156189359777
7088.008438927314
33012.82255544325
5751.2508007687
7251.646247506694
5617.261204920689
21119.052874090878
1402.0850336576632
4212.8214567739005
24022.50033306607
18694.268476020567
6696.322356536125
10495.486564480903
68721.96992214285
5928.601983313426
31144.850587361307
51299.88323108524
7704.590741101565
45485.37744388103
13771.651658605499
9499.124879292673
8491.483151202854
11875.304159720816
25383.587004319954
12645.117769392878
27339.397358378414
8432.142157461707
3860.5309692075775
5621.985996364096
6071.418320085454
52404.93766127116
62507.95495069432
3404.9246532758234
17362.326699509053
14090.097840636035
30327.510059190015
3435.877968287167
13889.111528065025
15012.557651231147
4577.627084561041
5505.193861840596
2758.5408382497726
41820.89332736513
4989.335990732881
13755.844484093548
5041.31461352401
6106.409185743535
3640.9394876184742
7524.239803269442
50517.89144763347
3463.6181420344424
4736.515023008994
6898.119749866695
11583.383287633618
3444.373776104643
5031.270544842016
6773.370970558997
26422.498779744066
19319.05374165399
15510.001714234608
6895.793637120415
10173.75339224959
7952.424970314757
9470.83700368869
3594.2638324949107
42609.306337673836
8514.416615738202
13673.83924478116
12268.53690927859
17689.466731393295
4528.978044333432
4812.779033091359
5126.830150423828
5925.97229771186
6289.8196837638525
107870.20954068075
5299.566013214376
8364.323978342118
4462.842164642709
4574.904404457736
15130.162685831589
10253.32840435235
6317.11021745401
6587.540131378268
6386.474560152128
25330.512288265483
17897.393645915443
7074.963225601362
10655.63558836345
16230.413009258067
11164.129842753888
3697.836805959091
8456.949586690705
10844.354734908427
1560.9458566024912
30544.85179471896
15233.296309290545
13388.815785753342
6937.8128908304225
8290.238811966292
3593.44928736604
61782.8528795155
6957.583855475711
1659.861431392335
4526.8302981769075
2714.1585328176625
65136.8813252738
5350.623335542459
9439.37903449852
3745.462986332705
71063.1181099848
6755.736998573732
3040.939578454278
5306.547976396522
25822.498939455512
7119.479909612826
4107.619455977616
28857.747343147385
12357.740342402893
4612.002381336277
7061.638986847732
6915.31452144707
4363.175506826604
24395.575168785577
7249.400757445613
2170.072439697793
51117.89090208278
3124.671534938168
4613.559154309172
24392.647696574913
37817.68639071441
877.3467661455197
86865.75993896653
26583.586083110655
6924.013043347997
3566.0645503807323
8534.016746264744
40817.68520115958
18068.699257088996
6422.725852369436
9395.960652067335
5034.852771987434
9135.672197764472
3273.271096160241
23054.41395687285
3299.653242110892
62382.8524324027
12082.83620738054
5180.566812665835
104815.75915067717
2201.412547485452
5736.703233115742
11448.14153417908
1653.9412108591835
90755.59348357512
85735.94440300345
4789.649992070816
6128.540027235617
6050.058427998113
5468.439382650877
63582.851717905934
4634.743561077162
3505.2524663215363
76032.6053227816
4747.108333575312
3317.684400640404
26739.39747916526
5734.597340703445
46540.9253362472
7690.229739795541
3334.6212806087037
5662.84199327013
43135.53308648793
5174.9043528151815
3960.088460321689
4921.127241339967
7244.683473384813
2732.273629102429
11904.336096129384
18668.699135853345
7354.125291784129
63707.954431393904
1538.6011936461384
7211.342606939691
5814.5987462738485
53271.235259318935
1279.0305156407378
3006.8017992801833
2817.273970816364
4721.070882425437
4734.33945750259
9453.644510531789
5141.196383645923
845.7072294527562
6576.152462774549
31883.496982948913
59705.4784475756
17619.07198303383
38417.686222301454
51854.52445025674
10837.952071066698
43020.8926743976
3317.961659886023
34431.11681801438
7253.112356960926
45805.50566627969
3779.9227712137954
6162.197216686759
39471.95400404571
3515.007484268089
39017.685991347294
8334.351223205866
4969.708301465304
5407.971091363568
11174.348553357877
2568.897974355723
5412.778958564896
6189.080897800671
21406.66651382786
2772.7512943489105
14031.425503507075
3374.1302197438654
52499.88265027631
8635.97127092253
10847.481307672182
64182.85153793892
14540.692303611131
27939.397192355147
5340.434417947009
12305.83864632252
5175.3083634889845
5831.412983937951
3857.2948183927574
5716.331718103345
6930.892397177039
26192.64725325536
12497.921835824875
6517.953802553633
77207.82973641435
47285.37565902322
27863.769117879216
18375.171508370946
60223.23192978851
18946.608922971962
6148.987413888718
5472.864385652872
8824.778712448515
73422.10474443993
48899.88447762209
65736.88107001157
15030.399137375709
1306.4415544055062
58258.64248687958
5022.498042975831
3145.463028951268
7733.967094597352
4683.946697049954
10304.53178760557
7348.0504618864725
3525.294972161622
14155.132224243418
37684.3240462448
1538.6701083115609
3695.3786910308477
14805.462038233174
51717.89032389523
13104.335814893999
50657.94199310357
15398.874128721398
3371.365679705298
5375.153102670779
75432.60555543132
50496.65022385142
30339.39648902832
14390.505587297042
7198.286552943055
3475.5040970467494
48386.406479645295
42112.36351681591
17543.288099240992
4295.378453291965
17081.295689525316
96792.85890128535
3583.0346601690608
17022.456169590838
12179.150670904826
5934.173609944699
66336.88099127423
29426.82127036667
2907.326285923304
7756.469459500565
27703.945387839784
5602.383493305572
10380.011797818686
86335.94421330167
20519.053172043277
5148.692733627508
84535.94517874104
7169.515509463839
94992.85989859601
21685.505270194768
5425.308877937849
31760.57262146369
82135.94693175783
12396.978126060916
3789.3360238067667
4695.565223260257
3926.830530233477
22340.946939994377
5553.411097972403
14220.460285133768
3881.321217913547
2503.3679491367466
13699.05408505702
7188.469664434861
2742.4218134389644
1288.1834847460361
17504.60361760381
23706.925557647482
8220.318474625687
15178.444603520593
59105.478636538006
2693.7300657915616
4541.840172051713
80832.60337689148
4070.8894377897213
2776.729096225933
4807.937203661633
9077.769698576336
6589.033764244016
10842.372012204256
2517.8019788925194
9134.016381283487
3327.3373547340398
19791.014205934796
81671.65575029336
4758.859257015096
16110.001653931693
2477.0916795095072
7297.680783026352
17468.6993923569
4864.125325170501
3858.567194461172
5250.037333048773
5945.48151487268
109070.20932408811
8004.923356427813
6613.3338172251615
3077.0916637276728
12691.827513528115
7481.68822569597
27750.75540212489
12761.159504315565
2749.917692583466
1653.76573664991
4064.158989461672
8650.66122890502
14303.585211813212
12550.8081064775
5541.816487461862
1327.266398038624
2535.5115624765735
5192.710339901833
20552.675589566865
8484.474207653215
5167.61431544988
86265.76016924367
8529.276875139654
3206.3984914706666
4742.108023606017
4732.255376875106
5626.928615820536
7290.688500922792
7755.351917995346
9734.016137123526
34871.91459706797
5821.562564175266
5892.013234488937
7189.475245514384
16868.69952471635
6402.510704861812
6573.418603321351
4996.527385693854
4555.41918265825
26473.442918787958
6583.847001290075
5271.859703183494
4125.666550590692
6943.864791031252
49586.40608884012
6121.1093450951685
72263.1173568465
6432.958980047692
3866.585598890714
93755.59183677871
1016.4540946651576
18757.54783749701
2811.5742250398907
8551.054350144344
37944.08595649195
52454.52437868226
10491.17231172446
12183.383110192177
2882.5374304828933
21065.010121393967
14582.388556728767
3174.3236172996762
3220.3805529537985
23692.197412068486
1948.1558835258177
4004.924624425238
9811.68389546192
47786.406651605015
5274.021721298418
56431.099913197875
2594.911193267116
29139.396803025826
2425.30924510433
3252.7637000955656
4724.892078667234
3257.2948612700643
11101.617308062847
10452.794496034277
4051.8742630610905
222.02136029029717
5466.747228234569
3197.257013670563
3878.664727275389
3341.1966003722864
4780.982350222758
53699.882484412876
44335.5317216746
2439.7488131470673
74832.60571950118
3934.6212339415024
13043.942554926445
7038.773799894661
212.54940194638178
80232.60343564909
36671.914200134066
5675.918160624532
1245.5148417432306
254.9616319978802
1008.46914378856
5476.810492590824
5487.297885016118
304.72432299605555
3660.6627566583047
35631.11570026705
8645.953410902204
4174.410176154692
240.6396675751766
22506.927124163514
5138.860337360718
8530.522475405938
15413.448587988934
4169.707721312402
5173.952425066974
2221.698092476856
20465.010203162456
5141.840149276026
614.9162847641172
46402.895148295844
267.7854497510193
19700.348579940335
9854.382597362308
308.9059561367028
4989.692655139284
3502.1443944968796
105470.21080508771
6057.524225932357
3594.0396627086075
52671.23542118137
5118.474440799681
4063.618106486992
3354.346805766438
7698.270929841002
37871.91404691373
2655.6310015251725
42312.412497670186
2633.059199189484
3992.09906406461
4552.78810338349
51899.88290354565
3261.0151133844256
6695.244267775866
3574.410194170419
8863.906167141573
793.9524819659273
5321.459026195072
23792.647953627762
13172.841972371038
33612.82225789975
15011.128403580431
46689.66617657609
3356.313815845121
248.70141189300367
1657.5318136110955
57031.09986721806
5899.565978405731
85135.94473697554
991.7092759370177
3872.2925948101233
6634.5158720804175
3616.7213947515015
1663.186070044172
14461.701924287103
46586.40688954271
4098.938760268995
39744.08421454774
2482.472745853508
22319.052602330597
1965.7992033329804
344.6232988634931
6058.678399268722
22969.984923831074
5632.269996767702
1251.9929742689822
6132.945655055022
5040.128483920179
3513.9262424085255
6923.734461343927
5350.818169954058
6788.591213873381
8276.836882387672
2155.4194951447084
5669.202355164584
7062.01639447513
582.4352453471639
7181.350182428702
4035.877961421001
63497.82388363185
6595.336150347488
14486.426871093612
7402.1915152824095
3434.034854002542
3452.7961465944027
12473.64735666964
3571.611347774293
5304.391640646659
4647.264205045138
1256.9625917003339
10685.581813475234
862.1100392731466
4152.543158820786
219.74687790276627
847.8155798170072
615.2645675474357
6202.22236301685
