4315.26065876951
2903.218686840668
4316.438192918927
4036.2450080614085
4927.201545001659
5527.201491433654
4044.69405422143
5608.773331941793
4916.438144636488
3026.2242336199806
4844.716107229071
2862.864414050715
4312.653238172216
4910.157568158802
4309.277877621524
3026.85732934243
4035.4010450840465
4762.0254026526445
4215.922410415021
4755.306111888471
3716.4382588917592
4208.987506627595
5430.390712763019
4310.157618133348
4332.846868963863
5599.766203068631
4853.398493167909
1650.4804731316729
4758.014204815764
4057.279470909758
5250.480218054051
3710.1576872044793
4537.690586434001
4033.8244515501888
4911.283574487629
3242.433080731865
3842.4330376134676
3747.2119027203753
3502.050058807521
5515.260549763262
3732.846921868545
4897.272072161924
5604.540690971597
4741.417360955666
4537.839877872794
4627.043694878896
4038.923005182353
5510.1575238190035
4085.5500605313655
3974.491866808474
4063.869530942854
3259.195262146785
5233.824346459517
3756.884270278096
3762.702992041038
5194.202756188864
5978.320278203232
5234.216597755224
4069.9592489094553
3073.38446418707
4927.474449202682
4106.852018580204
5641.607595729247
4321.317519523644
3030.390833865045
4922.801650927776
4075.6566904983983
3765.078010380073
3615.7424177745133
4057.827097870751
4529.4087411634955
4327.474485874536
5303.21860189618
4171.330567440822
5164.808108165782
5211.604339635315
5493.437465935174
3725.946619618186
3773.1865149105925
4438.932321616314
3578.399386779663
4027.0437509537905
2891.029210404515
3724.391661270938
4633.824398943621
3022.837625968951
4899.277555081875
4534.783136217543
3265.8163320885174
2252.5471569815595
5233.516072854936
3771.2083300620143
3270.7882892041193
3380.552201121787
4874.38517158625
4055.234515423158
4804.340493303325
4594.202807031939
3348.6828047953572
3757.2948739350504
5595.820816630337
5612.835404912811
4815.742355289824
4059.5258199169625
3197.2105248930584
3436.24507959841
3023.2380998298518
5642.768558209657
5002.455877436513
4633.516125820267
3976.902042230631
6116.4380742870935
5371.733991580645
6115.26051597856
4537.459078238827
3375.285230340921
4293.602530117062
2659.1952805236197
3386.580843197123
5376.008596894592
1673.1712450595405
3765.03529416382
4471.711557616103
2238.923145693328
5052.89273774661
5309.55913141778
3019.4034435089584
5252.547026894391
2262.38253475633
3132.846960847359
4034.731843434292
5973.00140212817
5215.005116099062
3253.4015102244025
1676.1805296914738
2889.710592667469
2888.387634894889
4635.400992457992
4214.320225645468
3755.5105741632497
5646.691958002343
3259.6161516771467
4178.399365919495
4102.897402887336
5361.602840353794
3703.3927908029204
4230.390782954673
3391.4316622826295
5850.480187032103
3695.906685400156
2532.8469916711438
3856.410207701639
4454.641320810618
3141.4484721302238
4634.216649444024
3569.6995440124842
4081.3184121930385
4657.827072312605
2957.946616812922
4374.261127282637
4167.653611360513
3852.8928254037623
5644.720977272633
4169.13598706172
3121.733729550652
4449.42144235647
4566.266295999418
3842.7686453815786
2104.8369445835974
4539.730391831158
4451.161054896549
5638.932272245949
3506.8520475626024
1819.3947024024872
2748.6828455461305
3374.8639405916283
3057.160574349726
3434.731916682487
3860.021905818997
4383.35920382225
3273.6750062954443
4532.2256353163
4879.440434180603
5049.442611900755
2397.2673606158673
3041.5038785263
3682.1825989768595
2914.3448167994425
1921.3176751163348
1050.4805055658326
5967.019502873008
1774.7696133780885
3646.0952194832175
3571.330593807945
1778.2023207615912
1638.9231620842374
3344.9901455930144
3727.201654506884
4451.312958131105
3244.908450815678
2877.128384200893
1657.8271730923316
5336.491758952267
6127.201461572586
3030.0042151659886
3275.0810686843365
2969.1058471673723
2653.401523319759
3869.298637525786
1944.4498967948682
5834.216567548877
5375.029643792067
2704.8369294911636
2926.6793907526644
4295.381427936408
1773.4764582759349
3053.8836508518098
5509.277780416532
4206.982512041558
3254.641400855972
3268.521084976886
5492.787745903785
5306.851998778308
3729.2886964266254
3707.079118278015
3035.196738119208
2984.6406287884915
5522.801629935602
2877.759488725664
5176.901949483329
3872.2165479501205
3851.699021158759
4074.143155945781
2053.4015421989902
4154.593915746492
3457.8271196801043
2347.448033207848
4223.23804061877
2961.6029700320355
1928.3461628830698
1377.7584144568934
4636.244956101916
2346.073639229768
1763.4137118307983
5367.6535624235485
2674.0363115127407
3632.3867152826165
1504.8369557929957
3109.2780082239906
3687.454737567233
1665.213493670628
2083.088909363426
4895.381377288575
1812.4222103557534
3983.4298149237097
4440.838441939539
2721.203063308786
2384.3780283622646
2065.1501267193325
1906.372202786731
2984.8382559242227
3252.892853902925
3875.0810544711703
1803.5035345892304
4191.682339485449
2977.6124618938024
2393.4157661387326
3567.6536575335617
4297.272122164516
3272.2165617981236
1739.1579534083185
4437.264691503615
729.4064816404418
5257.8270395089685
1502.3616513860782
2541.806952125663
4367.2944912861985
5471.355516073977
4219.5228867214555
2363.4137080778796
5166.266289953182
3085.2803174004443
5102.551709642443
5008.773385143112
3841.449596365494
5060.021883197248
5046.691981612938
5761.139525994031
4036.3492428313157
4305.921595650209
2737.6393027997033
3830.95450841105
3657.160543273088
3444.694115817248
2279.4247121624317
4633.12070620698
1108.670263207215
3871.7115695841976
3480.907896279696
4530.697424305472
3561.6029456342144
5454.295110154562
5238.922893719492
5297.95169759598
1540.9311925389115
2961.787527819298
2081.086308429473
4173.496873340926
2446.0953059225926
3682.535322301636
4289.265176123965
2264.6897150942164
2997.2673501626473
4292.787773692902
4877.658256154564
3267.9648290448463
2568.1710284917854
1076.180566861649
4771.734016646155
3623.238077895763
4432.42907512082
4272.966110959352
3376.784155377548
1778.2990540342462
1624.0832964508222
2721.5973022999788
1380.466547510948
5184.38400423077
2538.7603323732255
5372.141215263221
2716.0553444898064
4035.041339455239
1474.0363414304122
2667.9648551243936
3143.8253391874846
1828.9454691584237
1777.0726890193462
5235.400943036628
5395.923148111004
3024.6355048783366
3584.640617754333
4034.2167024705795
1072.507495450632
2948.002684665707
4331.912112570457
4003.412535195771
2066.0601371147136
5384.1364672398195
2035.000413766765
1769.3218028529827
1315.2608455472919
3276.2140906836535
3237.049978705243
2663.1768330234563
5650.805478395155
1073.1712820216046
3695.381473268528
5454.741426159403
3686.5154245965723
4395.4836152526395
1632.3103041333195
4760.681182395924
1137.8892718972643
6133.160439506018
2360.37053519627
5622.142213477577
3697.272167626961
4172.182902407038
1784.6406678802316
3145.2301989043845
4275.338060886794
2072.6069680125706
5654.791535612329
5098.753129494662
2877.614377716033
2262.996651724659
3757.5356173684586
3127.4745693666223
4165.6133622782445
1623.734082742859
272.42537805987797
1907.1593684900795
3788.9898856624186
5187.776088880795
354.3968936566598
1689.2349654789805
2879.6128866860618
3525.9622192353663
785.8394574011419
3555.114204578156
2150.8342495527513
5489.748686759557
2230.73633913531
5678.397389224232
3694.456104802116
3219.839179284272
1605.0768131397374
2051.02074912171
6643.110791194592
5003.771867577544
3110.0361624660786
5591.975008723895
3042.357129521452
1772.310768269458
2303.218713160718
1231.0693884152515
6637.348172626691
2939.855705686817
4281.528547000129
4713.827504985545
1972.7202058077328
2426.6072218096174
4884.031620827966
1208.9713722745412
4322.80168898955
4880.112349975522
1609.8901341316407
1840.0304500455425
6112.653123383122
450.48051864622386
2080.174419910357
2335.37551426517
2867.9420095912324
1617.1130386118184
4521.308423379221
3994.2028506185025
3105.021982264139
1713.7187648536992
4032.011108787265
4330.223040529188
1920.0594008247524
3517.486982658218
4743.069069862734
3109.254195841251
3560.3704868680798
4277.433771459605
1826.140074891263
2339.157937405967
1240.9372124671881
4203.2664922029335
3125.9466576089635
1237.4934711873937
870.3714978064974
1909.9208074662752
2403.0367752759685
5119.169199972366
953.3914812816272
1519.1916811262201
5359.64327055895
3108.9389294604866
1914.1930334833662
4662.864374239886
783.4165258684269
5787.776076252818
982.3100095744005
1237.2459593798048
3039.957198957516
1873.1389270376144
1762.7627262052445
2670.9334351374314
5363.955550915343
3780.5307525504363
1385.9313757556656
4039.0423357562267
2332.610471160089
3515.9439133346004
3672.966135630607
1475.4776851428762
4716.006178571811
1184.17308892279
2372.26471694656
1316.5355390315754
2971.73409980454
777.3406498981193
775.7074029665328
2386.9787126631077
3851.1611069061405
2726.9130879604577
3318.7117869235713
1270.2530927912226
265.0487246098826
3930.79989996705
1815.6809745185515
4303.392777566873
1813.1632425461119
1387.7244926062247
321.83780471966423
5384.973893679063
1142.5198924027413
1860.90191704549
1908.2837074195884
422.0427319887469
3495.1633678628127
1450.7623737505119
2048.933422925743
741.566874632023
1583.49829495343
3765.982445673239
1746.0736636653346
5423.190179808382
2795.6243400748604
4773.496870771085
1178.2023304996524
1677.9143083186457
1120.9345775238444
1766.2089286387813
4476.938509775444
4033.5161775198007
1735.1934999897994
4754.593882634106
3874.8266651608806
1111.7720569619166
1168.023255382135
4477.303905789532
5121.537562103691
4720.780368111892
1139.1579711937256
1254.120075864387
3808.433882038748
1932.1970553635915
817.6616705670936
4277.048555367008
4999.766257728076
3309.0164245751125
2896.963708130261
2842.3570554398566
5318.011138069307
2533.1008633003416
3921.5376121625777
4887.454716409508
1835.0511203328372
5789.370232501688
2431.727537619202
4886.732564064746
482.3062857722987
860.3663063437197
1023.7340909212704
870.2870627755606
1611.88192657052
4593.440704648771
5620.886211613094
3032.801648009511
3804.283423135304
4442.76860317002
2800.636092153355
1380.0562951338325
1052.5472067170786
542.4629373159536
6082.839241880331
4719.919611083253
5075.833303240526
3659.350598868682
3067.7913743194745
1512.6921201872785
3383.536357420896
3760.958538221414
3995.046110112165
812.0419649951779
470.9455829105297
466.50668596306576
1850.8834904090138
4742.961952747239
2363.5937067640943
2655.3843447934696
1071.9222260958143
3462.8644128839246
4456.99719680425
2340.9920154718975
848.2075545153219
5379.910838463919
3559.6433787082246
1056.9288057345648
5588.205616341627
2490.348994928379
3870.933411747344
2401.3302005218484
2288.8093721791356
1834.7198094817973
1103.287380569257
1419.3575455875853
4462.509334836777
1761.646335880632
2914.18883815754
2031.6408219197801
4886.5154065853785
5437.348212704457
1203.5674804682699
651.4898574916563
2210.967649108054
4192.078169622898
1173.4764727574643
4846.389513739937
5528.521659513677
2939.1579323320525
363.6901599367819
4753.95671966718
3676.343535166841
5051.16101860897
541.6423544446284
2267.9420118937214
2261.0329828713398
3731.0961989479156
2705.274845974486
1571.4369693393162
854.2911640565274
3473.345572120637
1454.566005908548
1661.2016353407603
913.5433338061177
1582.3100085874876
2493.8236938919986
845.1404659780096
4085.0709201357313
2925.962252846938
2066.3470226281
4176.422504019881
3984.9963172386497
5146.548154169873
751.4630977394829
1236.129261068359
1620.9447151862669
2888.06976740113
1608.0765475286444
2911.974657772873
4358.90905987033
1118.9578042050944
1086.5532263111108
1864.2179099029406
1403.8226752330095
6883.228186102222
1848.9198050235557
3785.6023493045122
3745.190381581964
2365.8750014145476
3757.159833592632
928.527397962552
1358.8541304469688
3307.9284081107535
961.2148794751837
4475.46870449777
2038.4102630113405
1259.2704451827422
279.27596693027243
3680.4638191633303
2972.310729024762
1731.5624436311944
749.1968083335188
969.383309017601
658.3721658611632
3681.6422794700543
2352.9456397228623
3277.6608251598745
1493.3770070115936
2892.250166758591
2938.3262266784805
2978.299014562129
4286.732574909586
5314.117026087922
5776.901932669104
1855.2743095646952
3868.552346390564
1756.890417153189
5394.29779273199
2628.548182739012
3275.8333545636838
4894.977543705846
1572.941190251265
4872.9216070726025
2802.0931139698246
760.3354672016357
2233.8245889721966
2477.1099942785527
2669.298688134773
5121.352736924099
2183.4982889280222
5316.073758030471
3650.3229296963054
2661.454910765027
4705.676133133465
2878.2675296680923
5406.759101912047
458.2724397630176
4117.924974276913
4880.463798557529
1740.87723621715
4113.651375224469
390.1369302258069
1697.854212924743
295.15168326316723
1252.4222320812705
1818.945613292717
255.76782036362297
174.28960140583945
1570.4872120064865
5070.511308908279
5122.922084977674
3934.7831959713867
3082.1826245614134
1084.68775033926
1455.345596454785
4689.898561041613
1187.028272966796
3876.5796849701765
482.28340178988486
5551.4771064838105
1743.9065214314412
4341.690036001664
1580.5970235898048
1334.695392452248
5512.653149654386
