26.596215772192377
17.511265908392787
12.221247513612516
-12.81943241340984
-14.939981297010661
-9.356908212433382
16.70221842949266
11.572174401723103
-11.198945400624345
-15.036855731269196
-15.526653972710474
-11.282569302608325
11.759311076254784
13.185709659137071
-10.853043886458954
3.819202330504728
11.228565306714845
8.160515981707249
-12.57219245708789
-10.73093161740284
-7.138685699060858
-18.7108477454015
-6.371685652120336
5.659056022763065
14.91881866199269
14.565736044251697
-16.431789199023406
-14.917292151052713
-5.681310586400026
-5.815613737026743
7.708955959176745
9.78378838153846
-5.938678723738808
-2.201701224182508
3.1135315194253046
7.227272205845266
-8.764983966989263
11.416351453529435
11.0668762190569
9.537098141580207
12.51332144527725
-14.235492828334241
-9.089769801664145
-7.036390897139436
5.210097271086743
-2.7654134922558677
-4.0104472347558335
10.474346789649118
4.318603822761178
-5.902795640211772
3.688177730001725
2.8166286045506155
-3.032007020588142
4.869140861184625
-11.761107539809975
-3.524434229473034
1.651653991803426
3.7279532688825423
-3.896318804491729
2.5115695910378935
10.401167139616469
-7.1762713491528975
0.4223827307444222
6.471400308911332
3.4834647593462393
5.48376034160564
-3.5458882577789343
-0.46099254357452457
-9.484058137635007
-2.9408127763671352
