-29.18226687095355
-17.69134122701698
15.456785952912409
-18.7472418338502
21.74261527116052
17.962862645046904
-15.108338487129878
12.680038291968074
-13.957176647372007
-9.494137065175677
-16.64972450444574
-16.856654572482945
18.11425670454414
22.06731551644964
18.11391595944125
13.714871983264759
19.984113173434988
-13.857707275697216
18.387078027827158
-14.967486410291704
-13.184180880738229
-11.785875486131838
-19.18884272033028
14.023940943891645
18.636724954580156
21.197870938394168
-17.03929662598142
-11.018627694855708
11.485172446353525
18.31736234675906
14.961723364883355
7.023833047436993
-21.54636436473195
-9.65055106262232
12.485788222520116
-11.397680349188683
-31.520554080564985
11.169432393030778
-10.458063409671956
10.019197527122836
13.421917830339208
-13.249620613370814
14.764432273711483
8.878739465939887
-7.8040296403361555
14.749260712316714
-13.33499512045191
-12.274630520342566
11.274951088172989
-16.581401285585596
13.335930270914345
8.199143689254324
9.085691402233344
-2.1325835936167654
14.40184152011661
5.32567654167514
5.467128181041815
-8.269644394973879
-14.955776648321502
-11.222687984182198
-9.917214751581078
9.591135967570146
9.362966193826951
-10.124652685628407
23.08278051052117
-18.296628423005938
10.627248407630987
9.824662190653203
10.615279135947075
9.203770744649573
-11.959153113978047
-9.116116915193862
-9.919626466156442
7.932863297514356
-8.192871551367652
-6.6046129616638
-10.17179593894262
-14.27713602023074
10.086196306924489
19.045681704188677
5.008072678547091
-7.044735309548432
14.174537431206558
8.443559176854215
-6.173433071505796
10.611650047623007
-9.66502620230603
-11.636633704146613
16.268604161905863
13.071126828512353
-10.840123399586561
17.72768582270287
9.809327636868371
11.20404693996164
-8.592683263640698
16.752097289686834
11.091234569719964
16.739112599266036
-18.994235229491437
-11.9473216326113
-18.37413453571427
-10.084026873311572
-15.949549966564973
-11.073120285428132
-7.7713149732672715
7.02798163353596
6.194490078403736
5.535336028699281
-14.250157426483268
12.804521736986267
13.232897542001876
7.650249805358511
-8.504690847111148
7.548683249215031
9.246412380123754
8.792334166820249
-8.588333611259213
8.472773034256218
22.397399281485054
13.77177868217946
10.583834968948064
30.742761316949956
-7.506777643935926
-13.334789661216323
11.67426682821572
-12.410931813176823
-9.36562961433422
15.202882309777833
-7.1115322115266695
-20.97567193525187
-7.562072322478362
7.797355470566679
-14.980485562652715
21.62368862595598
-20.23073046917415
5.843540904364802
-4.144788506219616
13.813558066434092
-4.5912415531026385
-8.878273275400511
15.963829348550155
-11.055949370321239
6.853581671912978
-19.706686742594258
-13.506947654825572
3.7774212972269616
-8.550404399564163
-5.5280223553404255
-5.519916015451243
-8.37392971732305
5.363709982055457
-12.449827540458045
3.89066370725347
9.932510988170792
-11.872767977760251
-23.263701453360902
9.790106118451698
-10.905170294812574
-6.999754840438342
-6.731783543106803
10.0966331966835
14.100264328149608
-8.594443055148213
4.02355487705928
5.500000031471715
18.338820437614483
17.920049171596457
-7.965444811274871
8.750345394443961
-7.525078761559952
7.275426446937343
4.229336659273778
-13.5239880026948
-4.426945687289746
-8.98819837978158
-9.910316008911773
7.494851091876686
4.524072496997247
13.325880319089045
13.75462332867268
-10.466482738960176
12.683350412110817
7.512667143333235
-7.299607806642805
12.56491040126807
9.948053202864395
-5.589453792361154
-12.708331644583604
-8.00846100663715
-6.671833166285707
-10.575206503286342
-4.320249821252958
9.481883617259742
-23.50762506381072
10.803110249951986
-16.224108609557156
3.999814026513167
8.364928824543806
-5.341508936389042
-10.20903080541852
-5.4702356223252515
-6.909486847338011
1.712773462767292
-5.911440120587235
21.175419500773653
-6.415209461073463
5.763300543394885
7.988772168561823
16.895031791302976
-10.128378526174458
5.98742511317437
-7.113637211302416
7.697762323349889
14.999877073266042
17.297998864397726
-3.8310358671825098
-7.613385870930968
5.525612348117255
10.014949251405364
-7.917082036163935
9.691659117229312
-5.005688622994534
5.963325367443819
3.25019742631882
6.150174654685904
-11.353393825638358
-6.149085044136809
9.403631570910797
4.9155155602150815
14.871340281001403
-4.272679938942044
28.119771463216473
9.351042935911204
3.847557867551325
-10.19296159870687
-13.761607731555875
9.296148694749016
-7.173510138262164
-8.233991021970994
-6.073707362358606
-9.269452097068593
10.894452835031494
-17.007768813682134
5.004022128304528
-8.180449647227434
-26.67582859365286
5.746608754470365
9.745811897209865
-3.7474358666399143
-5.4797261338943475
-11.107467491416259
-9.66895925167962
-6.23855439608873
19.11001932960262
3.388430885009996
4.918778939400374
-5.869107708031575
-5.812196820461711
-4.1857250409674345
-5.219183648372838
-3.8512985413595504
-4.184041653232212
5.526102100844089
-7.603797845807912
-7.546414862537446
-12.191608518935613
-5.4760865967902195
-3.7831202430878714
-4.371849001848443
7.81094914930417
-14.021368031160412
-5.430046535010494
7.677227479078233
5.1160053017096985
-29.284149778210722
-8.697392997367908
-5.693181682922367
-6.934674420975294
-0.037665291509347464
-10.750181597088105
7.977645188790746
-4.516054109962928
2.159753991948833
-14.693828171188928
7.531790800303116
-4.165684757319564
-4.972627130673652
-13.577875780809826
4.442608948739062
-5.929235424583272
-6.26335791236702
4.981313187775527
8.21394320972174
-13.136562438708404
4.909924667891919
4.16025835873259
-3.8736449217462536
17.203030856243934
-4.089539848517329
6.036957034663038
6.2338194964868325
-30.87681215940609
-5.724017450478928
-10.249703450581425
-3.644617385101011
3.4231446637704437
12.406465962524594
8.233455398443692
5.665460501965206
10.33176910796072
-8.858798930606213
-21.338902198995537
-4.068533624165844
16.45339056108044
6.3847783816394195
7.396052803234654
6.429620638962474
3.3403446486846056
2.057098784313479
-2.4605273952972033
3.6353977138491067
5.890844825616957
-14.351530774669804
-9.4098990194732
9.802644462063052
-4.75374961433128
-5.465359638435466
7.783696548010448
3.5620837678457127
-6.549003118082137
6.662515189323503
1.9367266224425803
-2.0260145929265465
11.60564463708413
11.334387023944132
5.998115223258037
-4.976078680787347
-3.311986188363559
-7.244674456110619
3.93645853630525
-15.021845084528655
5.228047725640601
9.88628571233461
3.482553955707408
-8.39173787255453
-0.4952305823736281
8.456430844578405
-4.863733936650929
-4.679559874185283
-2.6301365692954604
22.99337631671639
1.6568226559080705
-3.183010651887571
2.511750982591803
-4.36864069124037
8.589579129743022
20.748897370168088
5.249386590786474
7.6980015917293585
-5.927772606862471
6.102076352897198
3.089906103737187
7.233342790402823
-15.873065428904464
-5.899853080020643
5.137342785665752
6.541470360600686
-8.953136799124445
-22.329239907711912
3.697279816387268
2.631292485772994
-5.01514461330208
5.293845011494588
-7.791889710497608
2.8401332189054576
14.334862687755475
-8.277828319094283
-5.39484765995061
-7.063814537368963
-4.159372835341382
-3.169910109801676
5.455288024798609
5.496208481858637
7.403128510394501
3.3606871448527604
-2.122063033789384
7.675698540998526
6.832716563295087
15.94930500333025
-4.246625456172026
4.0606484448336095
-5.902437006503861
9.236395604051868
-4.054538464697495
19.209893038024127
3.8527665546212213
-6.940820228391536
-7.464332806507693
-6.212671881475829
6.500971773518615
0.8018701447894233
4.136275867843624
11.414927967115787
-4.1133570546597396
3.93956959518409
1.7664025911992458
-3.8314249624520644
12.119301512675369
3.454275803541585
2.239859722936357
10.889402039852088
1.9337739215830985
-3.499558592060688
-2.943465606431695
10.558476015681991
-6.859558705234531
6.587319405251098
2.87004233878784
-14.337524251918348
2.0775064174183098
-13.58620667602005
0.891798169526811
-4.671155123515065
3.4252471755168026
-13.034808874325044
6.992882875856772
-19.85156639770628
-1.5695289230885763
8.705171108194163
-4.142165521642019
1.6491203502685665
8.871220919983024
4.22679638570626
-7.218266064431194
-10.64328554770896
-0.907087640001956
-2.5459721721601665
6.974698791476874
7.47510062670384
4.108086653818194
1.4085103613625414
-10.832141572510842
-12.65756292851211
-8.124840551415488
-3.5795574829211185
-2.186940625991337
-3.1967155992168914
-3.516685023196295
-3.0200763564908977
3.8555822217621567
-8.650712133701802
3.94243250577335
-6.916623349125323
-3.6527690808738797
4.812649314650363
3.364568750771617
-1.0983425598267893
3.2193909110409034
-11.025424047689723
1.9682285605550909
7.552147213314504
3.1172383654911497
2.1643712980776835
2.7862124092710108
0.9610382579854554
6.49191233963336
-2.599490349135159
5.570207378273024
6.325809402943461
-7.318309989541335
-16.72523902086489
-6.263700361031333
-8.777765589906359
5.981065379694084
6.51461428700581
3.5499581158690288
8.986971125053229
-9.887700119141757
7.265961324905626
-7.34299712780175
-21.69504628290289
-14.382831185297588
4.344860900993468
19.196901444414905
-2.9250865113061066
2.551740598110563
5.366227793525719
2.711096925033343
4.3304487354571375
4.48513986753174
3.4618765797478908
2.1401996527076736
5.05193500129803
-8.303833020683758
5.129309447210414
11.805702635256509
7.922250204638986
4.569119953725647
9.023437950294632
6.346797540082265
22.154933469952223
3.598760957213796
3.4469933300295543
3.3513894098851598
-5.065936677317749
4.5299345527903006
9.848185249343986
3.5064982613084807
2.0679527340346135
2.301112638308318
-1.842404561417677
-6.352750594523519
-9.057265666570494
2.697360942045229
-7.247677055424844
4.867537255575771
3.2532377779886255
-2.3561926871271854
4.795076791015003
-7.51181539305055
-4.479338894466877
-3.90480574800465
-1.9982563132758202
-8.6802379007186
-2.2099922812256563
-2.6637792794608446
4.968207212874599
6.090879443144684
-6.00508857583904
-6.864238692092413
-8.87822750872488
5.902251321621046
-0.0307953248183284
-4.444476075238986
-7.394481048526443
-2.2365984572565556
-14.975972321243841
-3.7094094025380917
-5.390200888624507
6.744509565191632
1.8709351603148356
-2.6720598948867114
-3.1311840377429445
4.450910410397794
-2.568523800902119
4.634660330384466
0.6550711071679042
1.6100532002907058
-3.5371772470201988
3.5126526207254622
-6.3029011298540984
-2.95124058896679
6.211780967747861
2.444868262978654
-8.285427388224617
7.013171450419207
-3.356657549683447
-2.141432386329456
-12.956910106517098
-13.778485313951359
-1.2735836104229243
-4.1512554030675775
20.722924371562264
-4.982359504730885
-7.747223358179577
-7.249724338797093
3.551386171198693
10.957066683674972
-2.696979272913376
-8.411219266432335
-2.7933811936352044
-2.5578580511189415
-3.155204600967323
-4.168383997488892
-3.2600810016587234
-5.2773240884162815
2.615496176135321
-8.960613152737084
-4.703018181417939
6.879873669694506
2.963229562636003
-1.5645502145319712
-3.4111732393500267
-8.679322695861693
8.727250307607077
8.942114270268203
7.806943469196716
2.82165422829287
-6.458251913472146
-5.117661368733566
-4.016821771897227
-8.160015873374093
-3.3599157942457647
-1.8122547439179157
12.693087021992264
6.6371135987409735
-1.3902939815208732
6.074026352551927
-11.474324784803272
-8.037169997522922
-4.3669477653686455
-1.9597844945184084
1.3011616555143506
4.963655746514568
4.418834272645346
-4.736318415713018
3.5076618436188167
-0.34236721620030097
-3.048342465066274
4.260509325531342
-13.29100285378404
-1.3175262139116508
2.234409978779973
-4.722654013890308
-3.099514816063966
2.0953500527354163
-3.4271329354661737
1.353043357231243
1.50014805455098
4.795157197262096
3.729220168419359
5.3237422341291065
-1.5119800791509566
-5.879510907398635
5.993796475739102
6.328228777927185
15.675091173594554
-3.895998517472003
5.287260984477212
-3.3956465817588883
3.4411293250330233
-3.1788066016331222
3.2373206551134497
-2.6575255158196462
15.320576333295575
-10.239169785697213
1.8329347248218177
-1.488274958206792
-2.02908497546018
9.347561216084644
0.36201665724819554
-1.5609700843378522
-5.081876031201571
-2.7755440797791486
-1.4973921960498964
-2.0086076040924303
1.961327583006375
3.8096924489643067
0.756199104729875
3.5325239278770812
1.785402644553699
-3.015474838623274
2.201428351649792
-2.9525426628242775
-5.984408660821056
5.577561613164818
-4.251114052719196
-4.662395441337202
-4.200058707579186
-0.6732090077006182
1.271677854684804
-4.787574567571279
6.599294003548337
-1.9608695599785066
-2.0524888479558143
-2.7532126560080723
-6.123092946291877
8.336156261596846
1.0956567042184198
-4.1115102650432584
-2.264527389739997
0.9905858953997377
-2.834309607884075
-4.173150031873594
0.9993335206116165
2.039080002404094
2.721206056352571
1.2171032727852622
-8.365880947951252
-5.536344458838312
-1.8157385834334219
-18.418061971065228
-2.0402817644412043
-6.0075406006374115
-0.989425497332264
2.4261287255520365
4.231333751041656
4.518170257724582
4.0475755040512995
-1.2546863235167547
1.5841420999645452
-1.9711961256043895
1.2949161183722706
1.319590283108247
4.747720534253867
-7.4940182887112705
3.227283790986397
4.098760898404591
-1.3192630981700006
1.964412696374776
4.002186165076034
3.976784408975945
2.532874030296026
5.095821827877636
5.473824733354681
5.477829434997149
1.1260220660068627
-0.7050105117011226
-0.8397786249100038
-0.6116415073494634
-2.261175647238894
1.8871553399667869
-4.451730688082013
-1.5270815765694918
-1.1351286322410714
5.799499657242366
1.6255707189342727
1.5913341807823365
-1.1032855946295317
0.3707881965623634
1.721467626120298
-8.20308370967146
1.5782731173630593
3.311877853975863
1.132315830192323
-2.890675832046397
-3.9766388931165544
3.0796356568178767
7.317474872046107
-2.8624145275395474
2.4167532900883075
-3.4304519972865073
-1.7634950336145154
1.5240300805225135
-3.1449298098876324
7.654510394086749
4.8731716895558215
0.9498351994359041
-3.497220206800218
-1.5089500572633014
0.45633014742322214
-2.0393143132949585
1.7364841081462392
1.712101650313739
-1.5696661301058852
-13.976969890122747
-1.7716899195424756
-6.019489038312759
-5.002821507451176
4.290434940901032
1.064869294668603
4.965668330192802
4.288845813076187
-1.6865167386570303
-5.898411484843009
0.3259931893685958
2.3409307849888417
0.20647522186844555
1.9954247167974966
-0.5310110826859323
