7.35525827434128E-5
7.479099378741375E-5
7.56566127058058E-5
7.935689105836875E-5
8.060551412036076E-5
8.644030684447552E-5
9.529381828526879E-5
1.3632945154500137E-4
3.718287058912658E-4
4.674063903608261E-4
4.6301500991129883E-4
4.787154273493545E-4
5.251621869194326E-4
4.6758933764330977E-4
4.8214457101905235E-4
4.924675049326801E-4
4.920422668160796E-4
4.928608434284381E-4
5.135278245762724E-4
5.133371189784714E-4
4.979236734707808E-4
5.27316848683952E-4
5.569959465964566E-4
5.085170234789902E-4
5.417030890368965E-4
5.102528283480255E-4
5.476573249596375E-4
5.38368222503117E-4
5.779175534095128E-4
5.950147297955306E-4
6.003510586342413E-4
6.087659447757467E-4
5.972835882717674E-4
6.542862271941752E-4
5.266834825311534E-4
5.62994268383648E-4
5.48338059772044E-4
5.607572233406402E-4
6.206177101233613E-4
5.735762238302394E-4
6.296434803429379E-4
5.940333011457402E-4
5.89079662721396E-4
5.984309571640318E-4
5.888918365233671E-4
6.386200457071903E-4
6.741151463560203E-4
6.613243248095152E-4
6.490604214529333E-4
6.8261965492873E-4
6.427529799083719E-4
6.681269647771156E-4
7.1723773382104E-4
5.980638469056542E-4
7.402298707046058E-4
6.485443173207682E-4
7.362754605523042E-4
7.090789920521969E-4
7.510343698217062E-4
8.027397116430547E-4
8.09017331469745E-4
7.786338138885082E-4
8.239211818168052E-4
8.848660206429102E-4
9.004893308380181E-4
0.001007042283395385
0.0010619284141499296
9.746411588053238E-4
0.001077966827145501
0.0012822540002855151
0.001258332940875107
0.0011923187139107761
0.0015086922475837726
0.0015346587540288905
0.0014089428299626594
0.0016103299528814246
0.0017485594184604239
0.0016364424627227838
0.0017290289390172928
0.002084030395997088
0.0021795847677610384
0.0020286076814728183
0.0021213341940620324
0.0026529533575935303
0.0035830835376606833
0.0030408311725876576
0.003997213370656066
0.003700709356717376
0.004362128533857351
0.004258526026725536
0.00450604937600496
0.004275641301743026
0.004170652382344807
0.0045052209656007095
0.0049153185633984565
0.004646168972754162
0.004692681840436256
0.004658228658772452
0.004945505378968749
0.004611947989106658
0.004965488333430481
0.004870900924012798
0.004999794087206724
0.005715824287042057
0.005542969908106028
0.005532824106700091
0.005845664868890472
0.005534195371865939
0.005738608287005289
0.005593041357174126
0.006362795480528566
0.006227636894811164
0.006293934012487409
0.006413057047997183
0.006670886441911376
0.006725357160676495
0.006876121882175277
0.007522111417757555
0.0074568858923857815
0.007626955518669204
0.007927952980995478
0.008024186390166681
0.008082102597772154
0.008177500526197246
0.009100100017066674
0.009268488003180407
0.010922169743319644
0.011118062635109938
0.011331943676647048
0.01169680449047015
0.01172336806858196
0.011486938241338287
0.011440683381118422
0.011484803561472702
0.012267047230125422
0.012158094960433309
0.012735057697721637
0.012392513165442237
0.012514327218229543
0.012786973536128341
0.01428107765859859
0.015059426824267084
0.014413275576241396
0.014546615891389895
0.015945561265121512
0.017444834141058126
0.018200727553247777
0.020391275401984814
0.020177574492314672
0.025553642394871755
0.024808868828572417
0.027719559218052633
0.028804169082535983
0.03372855386890245
0.03416704608417213
0.036821288861085766
0.037455982054852996
0.043592683517694256
0.044763275622469345
0.04472593541410276
0.06418761901771092
0.06638325934642342
0.07004243629019305
0.0722868936906447
0.07172999582257467
0.07359574526710767
0.08114325250572592
0.08714597913396897
0.09410967719278104
0.0939864259403405
0.09625365246022552
0.10225513765273493
0.12041931376686076
0.12151587549623973
0.12120384438306848
0.14636851922497995
0.1523703201455012
0.20038088924260852
0.2081918966691849
0.21924287063923423
0.2312016591641585
0.23637746712350885
0.24768006840379822
0.3015594718257548
0.3550883010529826
0.3888050041690234
0.4567147729929011
0.5880012205810924
0.69661414986672
