1.5897238000024146E-4
1.6532692402988671E-4
1.624659061924424E-4
1.794649835412817E-4
1.8690150444863247E-4
2.51323910397536E-4
2.979585252646824E-4
3.794952032721565E-4
4.602954308031089E-4
4.6489757253028135E-4
4.8181879934466073E-4
4.841611657705617E-4
4.580786239737916E-4
4.888234278217682E-4
4.520088060948871E-4
4.8667226913763975E-4
5.034318285039829E-4
4.942474320357638E-4
5.053853473074316E-4
5.165791667979107E-4
5.122670205052728E-4
5.066716145609043E-4
5.354272010220314E-4
5.347017657297508E-4
5.420562104594684E-4
5.504834097923576E-4
5.497891002759905E-4
5.500313766105526E-4
5.707378818942321E-4
5.775798670074455E-4
5.613696411377567E-4
5.940583730578849E-4
6.123319968448813E-4
6.239633051008153E-4
6.527570385620241E-4
6.430509039674397E-4
6.63141634554553E-4
6.5200889546824E-4
6.548954096506628E-4
6.747788496014784E-4
7.401404175477169E-4
7.107640504961205E-4
7.156612708526856E-4
7.290126796163607E-4
7.97726684099843E-4
7.780725044587649E-4
7.787884439636115E-4
7.650403681910673E-4
8.30821576013351E-4
8.271150607849538E-4
8.192821114557668E-4
8.659603423205021E-4
8.620143146145998E-4
8.714148269945125E-4
9.232290526536468E-4
0.0010028759563214004
0.0010400318413915468
0.0010105416346076004
0.0010773825336842114
0.0010847849787185761
0.001143625124103947
0.0011590689334291314
0.001270611251866804
0.0014187514285410343
0.0012564065925757067
0.001301300647878572
0.001448908374129216
0.0015938545424317378
0.0016796854198855623
0.001924501526280958
0.00196443286886915
0.002427262611767935
0.002408635294201052
0.0026322671679002083
0.0028671779338005706
0.003135360035626437
0.0031487671798876757
0.004011826686253447
0.0038986001921568854
0.0044032924676461445
0.004665109980792363
0.004805610502653055
0.005417980049490729
0.005626296301728987
0.006303626783511844
0.006876128771936476
0.009107644439233635
0.009598059901346913
0.01024486794203343
0.010325203591061689
0.010028415037408296
0.009436178847781099
0.010761080085084203
0.010799105311792071
0.010716712042712535
0.01121704510133571
0.01144203342365477
0.011067150652265323
0.011962429702364427
0.012099925728663976
0.011892742915950332
0.012021664328949631
0.01231995602183662
0.011361095752218272
0.012194126785099684
0.013181676533610473
0.013192746822214555
0.013016526319663543
0.014197137688168741
0.014213217017114579
0.014523950625269321
0.016333559085992603
0.016303085851991053
0.016285065752851453
0.0165324213357515
0.016440827805593583
0.01720568835679071
0.017171513247907864
0.017667725632355278
0.017772017569647195
0.018357464919368606
0.021738084831878033
0.021655378743653413
0.021365508229021876
0.021942430941129652
0.023284892608748515
0.02346102042733358
0.023528381374051357
0.02422087571936049
0.024387568146034606
0.0241660023769126
0.026705020732365775
0.026702776678628755
0.02721880966483065
0.027463787797393124
0.028239934166343496
0.028110997387701127
0.03384324286825053
0.03372841162953683
0.03697845986064138
0.03780154168925712
0.03998363359961843
0.03984918779847096
0.04041449244912575
0.041918035316575314
0.04249661772520556
0.042261487950356856
0.044064488546213226
0.04427456609377911
0.04777543445009993
0.04918786353101302
0.053845295736440354
0.058449466704023546
0.06015150653687301
0.06238916161635667
0.06884408615718957
0.06902732698907937
0.07413604843889299
0.0752503927698857
0.081784026624429
0.08483920617659882
0.08615398321342617
0.09000786566639037
0.09411114583636099
0.09656809924222057
0.09891330191683992
0.10146407188688479
0.10625683782127272
0.1086682340160378
0.12373111765804544
0.13531570545592267
0.13693731831329553
0.13792979837991312
0.1469636055504602
0.15016908489234088
0.1689471795442342
0.16983822712222485
0.17739638442517736
0.18067094221719995
0.1822142383787034
0.19304109611761963
0.20861894883626483
0.22239470200155287
0.2423447527365639
0.29051478344387766
0.3182683355181231
0.37452682611808447
0.6723771856380354
