1.8551660698833646E-4
1.8604994752191773E-4
1.8734312080108623E-4
1.842350453101834E-4
1.8736056186845407E-4
1.9745104325684772E-4
1.971210185171203E-4
2.800082503876873E-4
2.57797218897661E-4
2.6810819277667036E-4
2.606350888609259E-4
2.452910778082159E-4
2.5855558102328986E-4
2.6768668886959965E-4
2.682843832591867E-4
2.606863356081168E-4
2.5973884086199784E-4
2.7670005436000234E-4
2.8353756986075396E-4
2.784609737731307E-4
2.6649075097619803E-4
2.786921198096259E-4
3.154970262741748E-4
2.867631263937971E-4
2.871242847834158E-4
2.8920875088855115E-4
2.926010129772898E-4
2.969175433626629E-4
3.053471802835789E-4
2.7204919972354625E-4
3.04189423326772E-4
3.1965992448967906E-4
3.0963499871103367E-4
3.232419997071477E-4
3.120398059577047E-4
3.132574048920713E-4
3.2014829032135867E-4
3.1946483566039786E-4
3.2925655356581465E-4
3.150056216127248E-4
3.2149366541728405E-4
3.1374053310476526E-4
3.0872077448342744E-4
3.382176265737973E-4
3.7949177700181464E-4
3.470788261528774E-4
3.440021364076574E-4
3.441707159706924E-4
4.623377213080011E-4
4.4515249503628587E-4
3.8758427061645406E-4
3.9776049541285504E-4
3.7628528054527887E-4
3.848281403912086E-4
4.0518901894946225E-4
3.9898430341476295E-4
4.079956707938423E-4
4.136288368257238E-4
4.222310303854251E-4
4.1629358533089745E-4
4.3030646969154904E-4
4.3445484481417177E-4
4.4614048381526707E-4
4.477747853698151E-4
4.6161080481797896E-4
4.5724296790730195E-4
4.663818584972925E-4
4.6887858043758997E-4
4.900546783508518E-4
4.887836333357155E-4
5.312190605012688E-4
5.584636826724824E-4
5.645742472930454E-4
5.969224737371491E-4
5.834618233907525E-4
5.819756956836586E-4
5.776715450147969E-4
5.809244274454774E-4
6.364572458810388E-4
7.181010280583127E-4
7.031969209669884E-4
7.542769427671472E-4
7.748935708326499E-4
7.730224081259027E-4
8.226780954694238E-4
8.702398871708284E-4
8.795446029130897E-4
0.001153987937076694
0.0010867357631766821
0.0011194139100633746
0.00107797400670359
0.0010985974987596737
0.001128906857403315
0.0011145662741030486
0.0011099364644244739
0.0011401163578043912
0.0011401744349235753
0.0011931315445632138
0.0011529949912961657
0.0011379717992246762
0.0010914208787313755
0.001123698990039068
0.001252630553939392
0.0011730315587856744
0.0012185692511228802
0.0011844913255411647
0.0013162986653479812
0.001308801950442273
0.0013170860731235214
0.001383429020521612
0.0013321036443464098
0.0013727327431557726
0.0012843908589583435
0.0014072554172011797
0.0013799526292951317
0.0014237973810648282
0.001319562453540776
0.0014048048396275053
0.0013812900729587318
0.001425766578533041
0.0013770885822969624
0.0014307712408100734
0.001437836963084133
0.0014506716872601274
0.0014645101291215197
0.0015463776950288763
0.0015056438438291833
0.0015682251325524366
0.001540817381157103
0.001555466615985365
0.0016773174537981742
0.0017954414394268162
0.0016867587986798885
0.0017624473861745343
0.002066115547627335
0.0021186316838373276
0.002012019026903404
0.002303807199711687
0.0023102572226018215
0.0020213887919156228
0.002407894210447933
0.0024130873971436708
0.0024426645688807834
0.002549854267104658
0.002528039617374625
0.0026724516701096533
0.0026031414860186166
0.0028208516702875855
0.002634468214159937
0.002642420430034173
0.002810601478572415
0.002713465786016641
0.002776749398224724
0.00323473783312902
0.003168825221361498
0.003262574085313712
0.003463618653117263
0.004136838536694943
0.003909952229802619
0.004365866056215654
0.004595046784479065
0.004772910723546659
0.004848747674016205
0.005266177149005736
0.006180410618120054
0.006873333992307185
0.007810481492691125
0.008057978352178016
0.008326124706160756
0.007726882779284718
0.008990461586296392
0.008722316744734619
0.009791337970784143
0.009924477093416177
0.010569500925107335
0.015558698184886168
0.016186543560537565
0.016273867186284097
0.01754514542792349
0.018187938795039844
0.020826104961731484
0.06070141333589131
0.06197246397772693
0.08831479863580913
0.08872825440317136
0.19678877468275263
0.2485924562642201
0.923661732416898
