3.7052705571877557E-4
3.7937667372824356E-4
3.8200067406255037E-4
3.8932922403268606E-4
4.4824586984681215E-4
5.545786129764521E-4
6.372340961242363E-4
8.103095995450287E-4
0.0010586390184386312
0.0010613408483109322
0.0010532446736085126
0.0010738971475046071
0.0010855025759088659
0.0010665534325990295
0.0010878585358614387
0.0010801870279033437
0.0010949523618264876
0.0010994748075228546
0.0011180671841605856
0.0011008868937118124
0.0011141773730068863
0.0011065997352407056
0.0011554715074606353
0.0011378648994954596
0.0011359144095973673
0.001162068527720757
0.001147240381949715
0.0011182409242888691
0.0011713261434012686
0.0011713596722009337
0.0011684728482870472
0.001168531380407369
0.0012192548669692795
0.0012120426703038257
0.0012256819837491739
0.0012928115077281118
0.001319242920398787
0.0012915929373160612
0.00132879673634911
0.001400405998979521
0.0013966469575477382
0.0014158047586545746
0.0013753318453925175
0.0014440564229986077
0.0014573695619196532
0.0014754472495869897
0.001439423038454815
0.001553939567378599
0.0015122619239911846
0.0015373497467525345
0.0017141772313629792
0.0017205706311468909
0.0017319441818630303
0.0017658819290441606
0.0018837610433661085
0.0017714076584268061
0.0018215747266815045
0.0018719863521908969
0.001873196608312053
0.001898352234106365
0.00193481989382103
0.001962925399310037
0.0021592747105359535
0.0022264516932074432
0.0022333414877252046
0.0023163108933588975
0.002395304660050367
0.002573212166930186
0.0028336785264620693
0.0029773586475592547
0.003004179297715784
0.0031112696958477282
0.002985114650550108
0.00314614989809331
0.003296339616868858
0.0034685109056406343
0.0035218214922650122
0.003453747119349923
0.0035161330849959333
0.0037745465577473797
0.003926297939223692
0.004160703950005952
0.0044346826210328455
0.004479678832363485
0.005117787100267185
0.005466913156260307
0.005932611483987931
0.00661227846649428
0.006655013869419668
0.006832610071284369
0.007583052416729671
0.00754329629213804
0.007458948535357667
0.007488336233163945
0.007513973129898621
0.0076015027572047785
0.007546356114055086
0.007471800943545115
0.007854412955144843
0.008330149451988495
0.008283631828852788
0.008014931565463351
0.008454714308537843
0.008692562325035924
0.008550805190470427
0.008629010102419609
0.008668747533452918
0.008847186432295982
0.008807668737019865
0.00883680940416579
0.009322520804842532
0.009372587705677537
0.009161793103015344
0.009671497295715996
0.009703244257703442
0.009868140834657155
0.010080443344199717
0.009950702233064148
0.010553456463413076
0.010446964564119917
0.010696232822603994
0.010801636316610292
0.010933746298303501
0.011220757923707258
0.012082344191828789
0.012214522174720608
0.012431144466450744
0.012286415628243
0.013914143077589902
0.014154947751693257
0.014383696536317913
0.01447574528014995
0.015682103757715272
0.015872331294779215
0.017775208258774728
0.01809953957412065
0.017915445596112082
0.01826393565483798
0.019255083277247245
0.019142133330771603
0.01931829602064779
0.020223289047067744
0.020340367097589736
0.021283455337284984
0.022093424840751313
0.022094273983760033
0.02290031103079732
0.022622443686158934
0.023656810069258533
0.026327958668200854
0.027482696919118015
0.02777334715109738
0.029728295215050368
0.029958892499119056
0.03092695234153502
0.03227534285924669
0.031904147139140276
0.035485663695221985
0.03558797398817827
0.036785713053693485
0.03868373786723304
0.04066895542169688
0.0435254649758697
0.044030581741886204
0.044533267262885035
0.0487233636370266
0.04886627253573927
0.048995872210221954
0.054116289033313524
0.05680514471438306
0.05837242381483373
0.06170185698189347
0.06225663912725551
0.11839768227201763
0.12004374278076162
0.12591223618313543
0.1369016134950347
0.14474080735507844
0.152939113188269
0.17051046967665123
0.19620423814543742
0.21832995003094766
0.22749108616412114
0.2413723273472372
0.2533141538570433
0.26430107490483834
0.3405767589478752
0.46414720815527855
