0.0025656449313820016
0.0023550518881702777
0.00258392632503796
0.0027015705372667176
0.002826585910426272
0.003433157198383979
0.004208834301026715
0.004777948114724025
0.004705967591133482
0.004601928068797327
0.0046652125992904464
0.004793533304969426
0.004663342651693908
0.004746646243807555
0.00485033113908842
0.004817222282421417
0.004852283349312194
0.004901400178957079
0.004953508799712828
0.005057526891720224
0.005084221298075704
0.005228520560832526
0.0051090417322402605
0.005336237707465459
0.005322197967406857
0.005431514641566343
0.005395938176261139
0.0054530213924283396
0.005553008295751598
0.005624188834681043
0.0056192422023306505
0.005643378248311856
0.0056162621448003925
0.005917118974660403
0.005817129895775247
0.005925383852939793
0.005868533369988219
0.006066731571907501
0.006019133922958139
0.0061530763117534125
0.0064025481169507105
0.006335309661639966
0.006447611699879752
0.006683319591350296
0.006770356339565635
0.006767216437157844
0.0068771869597193495
0.007014863835443457
0.007000185592797961
0.007086102176053345
0.007387108096581434
0.007637121168382595
0.0076833846350096
0.008134329606020512
0.008220587013119837
0.008302873211420371
0.008694785274530045
0.009257781618599002
0.010538856763885005
0.011001828078165105
0.011367725981795503
0.012212208298597569
0.01304582494637661
0.01307378571890115
0.013657506426994917
0.013870936576143127
0.014783155023106112
0.014816083497756026
0.01709871900102696
0.017652754963910274
0.017942242240570592
0.018374588834452477
0.01921049161677305
0.023342414547407035
0.025252349800753505
0.026128987598326395
0.02769851286348129
0.028793223931776368
0.029996055247637782
0.03162197251373337
0.032634566140151706
0.03782270202117952
0.040849614626867044
0.04738898530820526
0.049134503743133585
0.052244907187015244
0.05618011344233245
0.06130604206637567
0.06314094537528102
0.06371768601489204
0.06436075616643487
0.0656276904153745
0.06633895630182977
0.06702491269875892
0.06800640319894821
0.06821107206687747
0.06832762500885863
0.06916020898069844
0.0751464286176919
0.07622606469999757
0.07687832823121724
0.07830918791022473
0.08055101472948958
0.08196380461319586
0.0867316447593606
0.08691455885925253
0.08761869630898207
0.09095512151248988
0.09279447964603309
0.09541684603920333
0.09580649845601731
0.09679359415045606
0.0978487477352138
0.09795138178184228
0.0991974418599909
0.09993420852077364
0.1032835051292609
0.1050178971075843
0.10699103151422787
0.10992254238337883
0.11077295465806963
0.11301238813007786
0.11399016074041797
0.11749436172908258
0.12146659247145389
0.12637275438419926
0.13058883360702292
0.1285839186453194
0.1324704215984957
0.13460219524887282
0.1415163797103181
0.14505772158486271
0.14796571401528544
0.14943512387828164
0.16489801773521062
0.1676384331102831
0.16866767025443113
0.17264372750027793
0.17929487196201932
0.1857475114464096
0.19040045223515967
0.193104979432314
0.19955461952890502
0.2127865387888037
0.21229904486339832
0.22520493302358638
0.23676753812459195
0.2421137585038098
0.24721188689733642
0.25269664555501903
0.2632841726553386
0.2651277291953523
0.26943116572132214
0.2772294660596928
0.2814119564163766
0.28163737423630314
0.2959619793886794
0.29948151472312134
0.3120443305624085
0.32353274935851994
0.3321380577589654
0.3318092510241284
0.37325164780667697
0.3849758005685215
0.3926284178924155
0.40378251408247584
0.41457124237454657
0.4297192836167102
0.4572941688706905
0.4599393056708124
0.48227283824307965
0.5047632794369651
0.5118215559890449
0.5383907524408138
0.5499388313321237
0.5539905223590247
0.5827384933775648
0.5983291646797765
0.6052377410682963
0.6199466033431544
0.6434250825093512
0.6809120695629649
0.691913415795044
0.7729708165917448
0.7899511911045356
0.8791271833973444
0.9623689962154399
