5.187401270177349E-4
5.290047185844877E-4
6.038181270597926E-4
7.096431469197759E-4
8.145811211543355E-4
9.468217614865284E-4
0.0011336502447312636
0.0020613810586186513
0.003058634954072938
0.0029919557229532725
0.003082315521475517
0.0030607227896613785
0.002979179626310877
0.0030771348678304265
0.003114400741879413
0.003181611484490507
0.0031544656046019848
0.0032362921723791682
0.0032878867400210534
0.0032638986619394315
0.003284531070700359
0.0032717174457848486
0.003381342159162275
0.0032850830614879023
0.0034152647739963756
0.0035582108368262654
0.0035324388803219657
0.00356741023291657
0.003700243659840618
0.003789789253252065
0.0038358486739463785
0.0038549524050900397
0.003922557561137026
0.00400109161204958
0.003938380414310256
0.004000514570104048
0.004196716933749516
0.004449012011684074
0.004342720709840606
0.004391700856049327
0.004603133211605882
0.004697522589647739
0.004877976381695336
0.004890086383846246
0.005012512945279239
0.005086442418239686
0.0050229486115476625
0.005227321631712874
0.00541383366851465
0.005321945167667988
0.005628350717477015
0.0056590372934875195
0.006238093741704107
0.006471153242467431
0.006518145876944988
0.007088174548707335
0.007019744916286562
0.008021483441005867
0.00792224712752791
0.00826537320967854
0.008388722997351248
0.008534883672635612
0.008725262553539018
0.008932078641600885
0.009574484951990196
0.009825850448743106
0.010178947334853297
0.01024009154085884
0.01157246708303084
0.011882126275174423
0.012302891567171861
0.014148845294815983
0.014573084532768064
0.015548160938878444
0.016052913973225037
0.01849564027669687
0.020397584500677003
0.02116542906449549
0.021732734975668126
0.024292201555236047
0.025092627520518013
0.03000422157865561
0.030832443890920387
0.03463467982609975
0.03956722103682606
0.04221442901100881
0.0474530441274361
0.04892844971276903
0.055738910834401266
0.05653509990428053
0.056544858649110366
0.056620760244914185
0.05753143241720365
0.057737352418050905
0.058992469124406754
0.059585818281759594
0.06015459533520287
0.060770742438876056
0.06113717174175165
0.061453792894496664
0.06212229169681508
0.06253663198186399
0.06320873079547902
0.06346513725795698
0.06614000843745026
0.06589746883104255
0.06759749405810592
0.0679095611478108
0.06902693782864087
0.06983563157091119
0.07209513671058819
0.07356158357231353
0.07538870865699175
0.07669306958631018
0.07859021649467116
0.08051360062855024
0.08149183225324858
0.08144418023777204
0.0827062809600932
0.08573421955129121
0.08599262995278346
0.0877127859502245
0.08826277801110399
0.08924203071913088
0.09194466654294499
0.09220989014711874
0.10382973091874988
0.10507337173655812
0.10598361663819744
0.10629748076245646
0.10807372303432415
0.10803120037371759
0.11053599966578266
0.11216186971272445
0.11338140862360249
0.11353592297885444
0.11926468336533277
0.12674379420221626
0.13906723964214815
0.13956356657609062
0.14138753033608234
0.14513847762536233
0.14619366893933897
0.14751655795929514
0.1488333159617228
0.15183773491740885
0.15424819583006805
0.15653520320379347
0.1582219395102691
0.1595948539349404
0.16124699604717263
0.1707827930068124
0.17500469809679606
0.18039688763105116
0.18137475151170934
0.19799463380874993
0.19579373840273756
0.20194375558224703
0.20486761206583917
0.20647385450895567
0.22161341818156485
0.23798924000869126
0.2433154152795127
0.24434675429582328
0.25567062208925717
0.2649599149288282
0.2915791318593285
0.2946568351557171
0.2992260382553684
0.3395614773465707
0.3445041314204368
0.34955124309591834
0.35193778222938277
0.3861831433794529
0.3960970707513444
0.4153771553815727
0.4246000191132308
0.4484305705202532
0.4670408043039578
0.47628577607624384
0.5226199933778495
0.552572646061181
0.6178058930922695
0.6510040116881458
0.7330858083145458
0.7439192362079701
0.7574448854642022
0.8778314203357658
