0.0031867377553187865
0.003154743680598035
0.003536300388887883
0.0033344316073587194
0.0034782539845452823
0.0036397439144159726
0.004111383554298465
0.0041575274583829916
0.0044642679264679285
0.004179366623398339
0.004554149475681261
0.004122863092572839
0.004284047144979507
0.004289422953713095
0.00442147278452326
0.004303077545304903
0.004712819815989441
0.004565639764177811
0.004447999523075534
0.004474760993394596
0.004509457473793485
0.004562984195698564
0.004329643383741485
0.004602796404058541
0.0047140056460372925
0.004602220553589659
0.004710334878858894
0.004767712621118754
0.0050328721531972985
0.005065463990304742
0.00479412566672515
0.004796032979008997
0.004978348033023797
0.005297524595867868
0.005015718864516895
0.005326585683549826
0.005430404388515685
0.005715234844781314
0.0053988386771149114
0.006074874766016552
0.005645310078392445
0.005581604559063651
0.005875289308417535
0.006559839729025651
0.006466436061386208
0.00636475228409646
0.0072050698634817814
0.006539010171192519
0.007091170278360833
0.006998273999878088
0.007129965608050372
0.007288494020896198
0.007447037223338989
0.007571373964212443
0.008008695747613672
0.008181356199376101
0.008392518587901614
0.008773761311517364
0.009419437626483427
0.009705273082232296
0.00972306071776584
0.01162696620985477
0.011545540698100888
0.011978968157328131
0.012970323158795934
0.013073339581366826
0.013692893931442627
0.014662333648956796
0.015843337820537172
0.017320410406767534
0.018404587481657294
0.01900832728546978
0.020384475283298325
0.020922155656285062
0.021868921539368397
0.022377129262199834
0.026878962305948835
0.03187690727387827
0.03545926825345201
0.037330396576260756
0.04409209632274974
0.050902303774649015
0.055449753380791666
0.05820185586659934
0.06326726486148421
0.0661183493266057
0.07838428237384513
0.07950117680875943
0.08026178958089364
0.08183356995568872
0.08145052966719096
0.08324399267136093
0.08658404245443697
0.08736931608301682
0.08775756170179358
0.08753618453477577
0.08961465625084553
0.09032226878761958
0.09079328195738455
0.09769608698939812
0.0978722548555469
0.09940363242099258
0.0977396599137918
0.10070618217707301
0.10113955126025653
0.10292790115296356
0.10420387730228854
0.104329152680812
0.10510482054637646
0.11437666026611491
0.11520111586961554
0.11586820887192147
0.11785491144430797
0.12441921169623481
0.12845438103007611
0.1280611463624148
0.13246430108390586
0.13521137743706252
0.1362569978427067
0.1378814624861948
0.13863198553655917
0.1464080222759393
0.148802550312918
0.15044044261179437
0.15973486371167522
0.15938758520036353
0.16257402399179785
0.16503770674279444
0.1667372208193595
0.17437346723377528
0.1799249938066157
0.18246804130527222
0.18487964691280193
0.19047765609154535
0.19231207532859446
0.196586884637604
0.19695188555191012
0.20323281580561905
0.209082230464597
0.2091337981871442
0.2157963100747199
0.2241477124331664
0.22435113395615117
0.2365542796741267
0.24122475163122362
0.2402002335325439
0.24896043891739683
0.25046935038683066
0.2615568258628567
0.2801881763612345
0.2863475113308695
0.2921116671341094
0.30864981924081253
0.3211234586380482
0.3401518442107488
0.3433815141043652
0.3713083267799193
0.37677414104999785
0.3952738180044773
0.4046542725390531
0.4180085208456432
0.4210834772477209
0.4627231177207798
0.46720950482338064
0.4775432834759258
0.5005618787124021
0.5020702014710133
0.5100315055043702
0.5245751186242394
0.549290037759534
0.5528783921401795
0.581691188735193
0.6154705914810258
0.6188839161928674
0.6361524716176565
0.6661342966033537
0.6762330680794598
0.6825733196140013
0.6971080996857447
0.7113695493034807
0.7380298175358322
0.7533562405098149
0.8092978187839044
0.8577418292763571
0.8687267300921642
0.9043078359791726
