0.0011476829224346368
0.0011770222163278135
0.0012350330729287192
0.0013811724909573054
0.0015175551462833932
0.0017841083337124576
0.002134907638697015
0.002695498368544365
0.0032556888407397114
0.003274525121031797
0.003233292237010424
0.0032547423588140945
0.003177702653918231
0.0032890642451964456
0.0032684608026240253
0.0033331651530939077
0.0034258190216158203
0.0032649617083293173
0.003274131681874759
0.0034389253527459286
0.0034715736186449395
0.0035192303611566492
0.003543095076099711
0.0036888996385699064
0.003584517905228225
0.0036711618026020595
0.0038009521277277765
0.003758023207894838
0.003822086249119359
0.0038080267222355543
0.003837858060464159
0.0038840957106010578
0.003942158077667629
0.00398900862145078
0.004091087704110289
0.004097203962402908
0.0042275838349557
0.004341202573583403
0.004340617727954056
0.004403432830942518
0.004494234314691039
0.004545644035574067
0.004563365616942684
0.004638807463770612
0.004695739740356254
0.004915180489087239
0.004900051482265099
0.004937058225452671
0.005104666304346571
0.005182972536741844
0.00522159159092326
0.0054119350104490024
0.005366248851986833
0.005487218511724777
0.00555194172179082
0.005657705574638639
0.00586770647351217
0.0059796311412855145
0.006042590385974071
0.006292940691121237
0.0063957148627445965
0.0066080315236364245
0.006904786346840197
0.007058664504026753
0.007459723405126615
0.007632581833989441
0.0078335759270281
0.007981572368571428
0.008659207454190812
0.008806206757889581
0.009793072029864434
0.009895330527914845
0.011557824913289319
0.012245827993151104
0.012622255619310335
0.013112942728072053
0.01346175428329454
0.01439958420383935
0.015138820203985794
0.015391467548730659
0.016636219900174772
0.017498825075355124
0.01816706969016947
0.020532596543539717
0.021836669668428843
0.02438491209438104
0.02620789668121108
0.032123196075291086
0.03387213413774132
0.03391375720363688
0.03432002670885899
0.03437039815100256
0.034394342687393865
0.03522366148559309
0.03506319084223466
0.035438262753013976
0.03721790030689183
0.04033170015960401
0.04025954346726906
0.04099943857202873
0.042949327706367155
0.04353592886298664
0.04438109118877721
0.04752881666913985
0.04760612163334253
0.0484538177006964
0.04987779893620971
0.05075221912647018
0.05136502982265221
0.051381696153068875
0.05210241619196721
0.05373318518994855
0.05398023464724954
0.055749465405323266
0.05602026517529353
0.057343339145917355
0.06256023968278346
0.06401225422085276
0.06396888380658816
0.06843234941082527
0.0700733299589242
0.06974123519390775
0.0748804638828079
0.07487356896468594
0.0804378055849118
0.08942166728666257
0.09159094670127695
0.09445431316768302
0.09496974084379164
0.09977916051741839
0.10090282626487132
0.10200729529023114
0.10991350037547946
0.11424982923198822
0.12482911357141109
0.13272927180866628
0.13816039674201083
0.14064602776339719
0.14241826409197764
0.14292573213014922
0.14790892303877148
0.14951363397167106
0.15510143466425869
0.15633151418918487
0.17111887203132095
0.17291912708705323
0.17371454066149183
0.18416907657145626
0.18664256468331297
0.19027017961797055
0.1915553811801131
0.19676288324222155
0.1974052351021329
0.19844959680313645
0.24229957334614818
0.24705812369674635
0.24928826388964048
0.26707988797421517
0.26783272896446264
0.2695321706029025
0.2729882630479963
0.28533787569858327
0.28644663177886176
0.28935816853829915
0.2981483154736866
0.30259898719015677
0.3092757685223139
0.3158547968237066
0.33085751738579045
0.335815887017491
0.3387546519368261
0.34705703753709866
0.3513402537818346
0.3583682988518373
0.3641083168755567
0.3802773613343197
0.4006582265945428
0.4298923568721271
0.44996120381226706
0.47048003657594
0.49614968148282657
0.5474150437644334
0.5613881417464636
0.5847168307016762
0.5962524146930772
0.6291075861695066
0.6904178309624813
0.8591713789916249
