8.427461712996121E-5
8.92479303496659E-5
1.010949903694362E-4
1.0946344788170256E-4
1.2101623747742995E-4
1.3191379377081128E-4
1.4811099680100317E-4
1.874057736310934E-4
4.912354220866952E-4
5.952549255577518E-4
6.258941943868954E-4
6.147743280396943E-4
6.160317622438938E-4
6.403435079480466E-4
6.099053729421858E-4
6.314890746268384E-4
6.243840477195992E-4
6.348354758003112E-4
6.590459783935116E-4
6.555868669595667E-4
6.573334040267392E-4
6.717256547589369E-4
6.753344517633637E-4
6.540242633834074E-4
6.510277791118765E-4
6.626943827905265E-4
6.728291088241677E-4
6.577397442748339E-4
6.723915266917437E-4
6.972890854013492E-4
7.157650235411433E-4
7.892230761653238E-4
7.591942683855977E-4
7.476150178990391E-4
7.465175912963879E-4
7.363092911219034E-4
7.792506142261027E-4
7.125691872722458E-4
7.678015644753149E-4
8.121822399937392E-4
8.083890615855844E-4
8.352156482424655E-4
8.653521067032657E-4
8.558934506096942E-4
8.450556894062478E-4
8.438367941926473E-4
8.750886890324296E-4
8.771095229643783E-4
8.887601511213766E-4
8.741015576499666E-4
8.974625317898637E-4
9.31371266058867E-4
9.440817005112878E-4
0.001082539082431084
9.795991144794364E-4
0.0010391221830197115
0.001056950749875059
0.001113710064874732
0.001144681170020981
0.0011504634219767571
0.001195987516649827
0.0011726958638695341
0.0012611567961831472
0.0012268860952166225
0.0013494471388361539
0.0012611896528204522
0.0013148441215920781
0.001384880141814871
0.00134594674323022
0.0014248709510772744
0.0014467480651362485
0.0015926348866448347
0.001589701032467959
0.001525590514795329
0.0019146956557448654
0.002172298944538437
0.0021452409909121168
0.0024186396277811376
0.0023856364081496512
0.002414456034846434
0.0026904675665906726
0.002980163069660338
0.00309806065320495
0.003032559007376749
0.0031890133010362047
0.0035433226166087348
0.0038053808999305556
0.004044725131102708
0.005251256871389903
0.005623210811447156
0.005288645894094016
0.005628413929916936
0.005506182219295216
0.005715945309424545
0.0056835211518878985
0.005599468175006769
0.005953930407218927
0.005910160532562644
0.006425918758328497
0.006477007033358428
0.006288961624250538
0.006622420688676621
0.006596682564440318
0.007082163351202842
0.00725146687679141
0.007477777526001965
0.007383696049642847
0.0074712710266050825
0.007613205669846026
0.007720067344061145
0.007855846009968264
0.007904703361722306
0.009163708820247883
0.009469710072141027
0.010112823444042225
0.00979255699533454
0.009863616241922809
0.010179429968434992
0.010924174306568052
0.010522897456828412
0.01140431386561014
0.011564467469622256
0.01142888018633816
0.011759855902088443
0.011777188530683397
0.013980023965081946
0.014382075761478728
0.014200206881256517
0.014493835491065438
0.014400414878275916
0.015839037626171584
0.01685110901642758
0.016890805681467842
0.018135361030753503
0.01841532693338121
0.018347494601492872
0.018347255958287262
0.019528272110961066
0.02149178871162204
0.022505704156146073
0.02305028737166853
0.02609713514200205
0.026227111183727735
0.026706714021505578
0.02675433984536528
0.027749611198151974
0.03273685078104302
0.032963209414421775
0.03421862211079178
0.03762651749020876
0.041786670960231094
0.04378017104459682
0.044815911041623344
0.04441774638293588
0.047328121572689216
0.054708600395628505
0.06198517512305122
0.06951918929989608
0.0714434682059117
0.07479728585314648
0.08270932626315305
0.08762606063475596
0.09566035800608028
0.09857331533362425
0.10360460304792574
0.10962218778333689
0.1102314912847048
0.1179228628208754
0.12089151491285476
0.13058816235455223
0.13706657115931017
0.14745940798519985
0.15440846680816323
0.16680063591710798
0.1717996499542876
0.19196351154648947
0.2029859217114686
0.2385070462089535
0.24883890362107314
0.3159923685074335
0.3262673737652108
0.3348238668525797
0.37666068086605164
0.4176119502479491
0.49449847842623174
0.5887727028154187
0.6087353740253235
0.7042850853520652
0.846111498594241
