1.4129807606319173E-4
1.3669618934101263E-4
1.4432743412062514E-4
1.8504703253027188E-4
2.0966954891111337E-4
2.59350505934038E-4
3.349081080605574E-4
4.972981383925126E-4
4.4920438444691623E-4
7.542610430446637E-4
6.996965983785847E-4
2.277358522947197E-4
5.108985478669153E-4
4.8745698761129086E-4
5.297675103001607E-4
5.266140640561545E-4
5.274609909484484E-4
5.406087485021664E-4
5.370981691237353E-4
5.379717944750888E-4
6.257261147002615E-4
5.377160119038154E-4
5.831321203180279E-4
5.413079286297375E-4
5.764292716499635E-4
6.691538907233734E-4
5.977307760413735E-4
6.106625640028699E-4
5.734862644831332E-4
6.202820729067773E-4
6.366194736239906E-4
6.430160042413877E-4
6.371493752071535E-4
6.393913642745592E-4
6.362981106964518E-4
6.700062427472145E-4
6.895263319532316E-4
7.271200097617867E-4
7.113396706678589E-4
7.092768387911597E-4
6.968471846937072E-4
6.742107670273834E-4
7.262844792807255E-4
7.120244350646888E-4
7.701333267169956E-4
7.888233003659473E-4
7.631740560815728E-4
8.039899444158901E-4
7.839962820703691E-4
8.101169018103569E-4
8.15113879751135E-4
8.135740419929385E-4
8.651170047394625E-4
8.703128573224531E-4
8.838996164012404E-4
9.410017115522723E-4
9.872915245038043E-4
9.815975260523773E-4
0.0010601955698618507
0.001079112916729703
0.001163475692613742
0.0012217261811271615
0.0012231547957502655
0.00129235019797415
0.0012725686676509128
0.0013403750798203756
0.0014285297375667308
0.001546200409456783
0.001565803659545685
0.0020143247685957366
0.002164788540196817
0.0022326888139921814
0.0023259281038833296
0.0024667735911116733
0.0026939763335484066
0.002613629580959912
0.0028025430354808737
0.0029228614953646227
0.003093741343255366
0.0037992729196826645
0.004143068367865092
0.004620160360421693
0.005141490136975425
0.005537272784235027
0.006159764773701792
0.0064271451181200645
0.007170853503316207
0.007762720399163556
0.007692183693518143
0.007818641085882304
0.0077842912323275665
0.007936522438863619
0.007908979214602603
0.008099615016344272
0.008288572403451072
0.008327851190501919
0.008359485959677936
0.008330570167642713
0.008549123354983573
0.008657711138693304
0.008694506335125132
0.008956657181217395
0.009640242331037824
0.010173673957548217
0.010077566931593757
0.00981593533501976
0.010064993774228367
0.010120603851360477
0.010107358916367251
0.010295927807595731
0.010454769598516836
0.010596492763282107
0.010862081008779403
0.011318617805291035
0.010830403074662596
0.011056508167405913
0.011137556884472688
0.012334164315134802
0.01231622194996006
0.012524607261990338
0.013652576077514108
0.013753223720707813
0.01355782379257714
0.013793084334447371
0.014012437379916374
0.01420005862356775
0.01420839279504727
0.014890533688577736
0.014878759629124931
0.01503203904843427
0.01525345507357403
0.015019241297188578
0.015205378018907655
0.015625263649132425
0.015638972328287117
0.016017408091492567
0.01600824871011966
0.016566253432113483
0.017422761299412257
0.01771135136357702
0.018569792912230352
0.018804164845420898
0.01970387433443375
0.020005122555427527
0.0208378347815823
0.021069823522523817
0.021707003387573625
0.02173404698624812
0.022879990261019018
0.024120245041734743
0.026408257856463682
0.02765572516601308
0.02785350341793307
0.028748380386224636
0.03143539806970317
0.03207570355835272
0.03311699944756129
0.03840893436576644
0.039191977485954904
0.03964334631299512
0.039889458596461085
0.0425693855774163
0.0425941225283351
0.05117565640097836
0.051787409763478544
0.05411018442507276
0.05691951981418525
0.05810478963869441
0.05897351570503597
0.06190687745704491
0.0647871115044201
0.06617270215899342
0.06970193204975939
0.08797504899317575
0.092771389965153
0.10180917307847162
0.10346631744376501
0.10912468593871703
0.1149537501719859
0.13121278618585153
0.13626097220446715
0.13639713954359264
0.15387276409544706
0.2022316977702404
0.23766456944336486
0.28684475776889773
0.35668309461523295
