3.9189194014520514E-5
3.9824846877693274E-5
4.0974746655345913E-5
4.174992350564572E-5
4.280242622922701E-5
4.318454973254291E-5
5.058337648112763E-5
7.903977641193897E-5
8.90463546379595E-5
9.509578139107318E-5
1.0483797203632708E-4
9.193838073015286E-5
9.32860369983694E-5
1.0348110693016102E-4
1.0135848142553525E-4
9.813051032722519E-5
8.734556847747086E-5
8.499429939623872E-5
1.0688144894694193E-4
1.159004253724605E-4
1.095763401574533E-4
1.0341765100319633E-4
1.092164084112654E-4
1.0841070949395313E-4
1.0092139605165505E-4
1.1640439729672526E-4
1.2744523121138143E-4
1.2487555437339703E-4
1.2673171107331038E-4
1.1739446306211972E-4
1.252955768248127E-4
1.1733055406067783E-4
1.281375963726398E-4
1.337011159937299E-4
1.3375213909933386E-4
1.3214407851935888E-4
1.446897505763697E-4
1.466125915262707E-4
1.5036971128177103E-4
1.7436802856972582E-4
1.6731924888117506E-4
1.509366459224168E-4
1.8172843279288292E-4
1.895148383761517E-4
1.6961740966470003E-4
1.8963316368372343E-4
1.886584561887955E-4
1.7696219625026112E-4
1.9081627768178602E-4
1.9576168798276372E-4
1.829351488608863E-4
1.729423058131468E-4
2.1524118165112176E-4
1.5833234161400308E-4
1.8825762043116458E-4
2.1912197227274508E-4
2.690499747324261E-4
2.504479693024607E-4
2.832063652358407E-4
2.69541313469423E-4
2.660070120924002E-4
2.495908232468362E-4
2.920961810024115E-4
2.617213734470458E-4
3.3222128707940013E-4
3.869328519304996E-4
3.069901770648223E-4
3.0231023188107594E-4
2.9428175305265433E-4
3.26023760741157E-4
3.139144295464117E-4
2.746501235237781E-4
3.12859691520554E-4
3.1960462190042647E-4
2.876425839088156E-4
3.779271771266236E-4
3.6137570406896924E-4
3.9696316654385885E-4
4.016293853196903E-4
4.750579655097498E-4
3.816315963611053E-4
3.4222684656005697E-4
4.3166346208399324E-4
4.386178717176115E-4
5.590668049756685E-4
5.852575943290361E-4
6.317516970085922E-4
6.641470486644589E-4
4.977676328082491E-4
6.218122298699463E-4
7.641575064167713E-4
6.13365918434052E-4
6.811119932738233E-4
6.714292816099646E-4
6.729995404409897E-4
6.715531809494415E-4
6.178439052642383E-4
6.618220796232962E-4
8.172319832541472E-4
8.567004719151595E-4
9.719426325615004E-4
6.904937827248204E-4
7.65371784160916E-4
5.796058708614682E-4
7.452041936074E-4
7.125090393428408E-4
7.469105056343237E-4
8.436400353622767E-4
8.493845743542635E-4
9.612072143628573E-4
9.074874231549058E-4
0.0010314844161482732
8.729378009143413E-4
0.001130873621013649
0.0010493119053225477
0.0012779381735205763
0.0011157873670891
0.001169597385832122
0.0011711779141195262
0.0012867284184019138
0.001405854258484255
0.001351748502934228
0.0013860697736517188
0.0013751509449189936
0.0016407974899067476
0.0015141360445087547
0.0016512299745127404
0.0016162931071240993
0.0016818822065441357
0.0018465871506434476
0.0018298854629969078
0.0015628346100943125
0.0018505168463573344
0.0019385949989504908
0.0020970049516494792
0.0019739722308284796
0.0025459204252792846
0.0030393651514345464
0.0023865222416258377
0.0023406466760896062
0.002835412928262537
0.00267669429085106
0.003128054142468783
0.003835302631507305
0.002790403233510748
0.0030760457220274963
0.0032067591394056055
0.0039412200841335305
0.003739562204861258
0.0037249344401666
0.0038669538896222875
0.003981705557144071
0.004077950575151324
0.004174979728987351
0.005122171419141083
0.004723030883424867
0.005165184405646598
0.004703240100534836
0.006459114651098365
0.006338926091828708
0.00796515973409859
0.007550832874166314
0.0074193876264364075
0.00794399789328127
0.008181484221895729
0.008494003727627234
0.016301538572838156
0.01640322008707864
0.01874040565908112
0.019655768054648786
0.019287485608947698
0.01982057549237093
0.022733029050203094
0.025443011362154475
0.03670944308170808
0.04905042253653771
0.05376805584164036
0.055061998946394346
0.06590616113544609
0.07233712080914659
0.07370911870235408
0.11697860630583751
0.14275302512102375
0.20887260034831662
0.22666771332627003
0.27619840268616563
0.515872223512564
0.6583940340929233
