8.287430207186627E-5
9.287116386067923E-5
9.4896708175125E-5
1.2449707628204014E-4
1.8009019591712111E-4
2.267233859269455E-4
2.7298669520372674E-4
3.6904047344882675E-4
3.5593382749052403E-4
3.621205255653444E-4
3.650244300955548E-4
3.561288826614667E-4
3.652651885870018E-4
3.7632433774918396E-4
3.7614229955725383E-4
3.926814084440102E-4
3.836547201721186E-4
3.91626458360286E-4
3.827253355418011E-4
3.926288767985953E-4
3.8850295133508784E-4
3.9819462612146104E-4
4.138906844339268E-4
4.2939944615131637E-4
4.253049969960411E-4
4.384921949016741E-4
4.3111819720535093E-4
4.567950630590949E-4
4.503025355271461E-4
4.3499498852591983E-4
4.5575800893909096E-4
4.5385057357836276E-4
4.7446121099550196E-4
4.79682499160094E-4
4.909686109728857E-4
4.748357976954221E-4
4.78983179837955E-4
5.007690714901132E-4
5.183913431523414E-4
5.441244135572063E-4
5.4797596279494E-4
5.435210948805559E-4
5.832828835617421E-4
5.83385696565037E-4
5.904809008698284E-4
6.137363612303655E-4
6.196400206238833E-4
6.24385045256882E-4
6.30984792724101E-4
6.394430095480591E-4
6.413641588191588E-4
6.77325293209109E-4
6.850165772706636E-4
7.157979792262002E-4
7.249340545416637E-4
7.362860061872949E-4
7.52591854518639E-4
8.437020839379011E-4
7.953214229019198E-4
7.823821134402745E-4
8.814651846609694E-4
0.0010063747999402091
0.0010569302892919847
0.001028214483063611
0.00107900318071083
0.0011100829144006315
0.00118911083810844
0.0011215474837092169
0.0011712093945164337
0.0012388814138004469
0.0013551293143945586
0.001456019637802044
0.0016282566828351307
0.0016342539903773017
0.0018194172202764085
0.0017554532758493374
0.0018911267165923177
0.0018840863214849063
0.002020004604428429
0.0021550712476052416
0.0022038442598940142
0.002243651407140723
0.002293274976664435
0.002496822841215008
0.0026110947761001546
0.0027909703691465977
0.0028690662232708714
0.003308493329562666
0.003253911488774717
0.0032237656386050408
0.0033356856615343053
0.003300866600039165
0.0033794216215415045
0.00333507468919603
0.0033969141732483076
0.0034437205172088373
0.003451192869189947
0.003423406815024535
0.0035729614089234744
0.0036952717535824013
0.003785194292651937
0.003944144965672294
0.004134563817706278
0.004141007299550301
0.0041806202814024095
0.004359269557149671
0.004272989716067846
0.004188665276560885
0.004469288727255658
0.0045862505973818714
0.004806886998160898
0.004773512395964614
0.004861644818557805
0.004947615186619392
0.005188480948912034
0.005364381949591482
0.005445728845593622
0.005657320659937257
0.005613736307709482
0.0056810511707653215
0.005800739427511853
0.005952147738228148
0.006048541422527929
0.0060411091830997925
0.006450828661134481
0.006540657626915479
0.006641854974744657
0.006809459738768072
0.0070479487649654305
0.007432779953995483
0.007475238909009131
0.007713659452921644
0.0076727492192691215
0.007933589847474718
0.00808095147567423
0.008188323561580795
0.00819263510308822
0.008100366821948791
0.00826092367764124
0.00855094716910528
0.008130798190046765
0.008239101002741559
0.0086650602720081
0.008980724855791914
0.009155654892445199
0.009683121282316362
0.00969322644455341
0.010257617633098178
0.01054395315167664
0.01038561065920817
0.011053441444075985
0.010990903249768272
0.011428674803778351
0.01177226271406571
0.011742992932215755
0.011927191495971701
0.011941872906752955
0.012296035251561602
0.012873103371230406
0.013084314875954321
0.013733873508665157
0.013805903493074138
0.014055213097947085
0.01446769854528088
0.014679082768354858
0.01579849071009878
0.016521362561736083
0.016608621874629515
0.018880458704054644
0.018328764695570016
0.018369030632296543
0.01933820006164965
0.019655166685761196
0.021233857017394647
0.021343106965635097
0.02526734071582641
0.026572756146441785
0.029654626308038827
0.029392560992797235
0.11069068273807924
0.11542069726145861
0.11726141644950283
0.4376794053271923
0.5368159392517957
0.5819934215933859
0.7121594198496248
0.943025693562104
