0.0013303578750797965
0.0013239013925401115
0.0013460509323306043
0.0013662059000238396
0.0013969971358309059
0.0014330520342978172
0.0014923668248707472
0.0016196164648507923
0.0027233803270079256
0.003856712826612494
0.003841255191054624
0.0038768217573976757
0.0038746491198192404
0.0038743927315518074
0.0038774580865617607
0.003851791659481305
0.0039080024720319784
0.003828922238585386
0.003962648921174581
0.003976363635235596
0.0039196476320157315
0.003933740611248706
0.00397329815302687
0.0039508501521084705
0.004009035814146275
0.004083004054519994
0.004081306970609044
0.00406739162387748
0.004168887282538652
0.004170409472667577
0.004137767771271309
0.0041506505763494175
0.00420804032090844
0.004277366389369144
0.00412982711305076
0.004160328741467186
0.004324384466184321
0.004273173528263951
0.004351775909064637
0.004482382482123834
0.004714808449382803
0.004531114478699632
0.004775329658309761
0.0045954767595639216
0.004680969804740084
0.004783698457088662
0.0047392374628647
0.004854678725712333
0.004974916728654268
0.005155471238968939
0.004971677855271671
0.0051472909646905814
0.005050216712779694
0.005264852230691413
0.005228465285539919
0.005250693330924063
0.005418185613512901
0.005371723449233265
0.005610512466713309
0.005617389691688736
0.00573218248216449
0.00569348572313427
0.006104873654580924
0.0060556470704275
0.006384022131000261
0.006312373799449908
0.006748268083788293
0.006679575633163388
0.0070328231722044925
0.00721534465245207
0.007221306399371473
0.007768877985953147
0.007796235439966522
0.00831857089881977
0.008421856152545893
0.00892192069808066
0.009290662091900694
0.009998192051022831
0.010732801743598775
0.01081600826234883
0.011626283888368224
0.011215977285860042
0.012496556477430873
0.012711266367529781
0.014351248093401171
0.014827838156357541
0.015150256597751497
0.01654800804362991
0.016808253518725547
0.018231040318771152
0.019390952072031235
0.018904409509831948
0.018878054699959842
0.01880765299820302
0.020351535880286944
0.020486451590959624
0.02080998381905137
0.020673903345588367
0.020678106451988084
0.020674497708297365
0.02167308089763966
0.021448909241987613
0.02172939657100993
0.022016413134456566
0.022663006296235102
0.02228911639755884
0.02253317263307954
0.022268351754282434
0.022699754147603012
0.023481618749618984
0.022602114664804822
0.02332630178610642
0.023525161776986728
0.023811122866407134
0.023808151652193618
0.023398268389069478
0.024898851791265567
0.0251323575041413
0.02515776134669026
0.025689679560381068
0.025345847726664837
0.026207711900938475
0.026382751688993063
0.027298158920453897
0.02637336971571889
0.02936518317190104
0.028517550900261306
0.02973781725700473
0.030122829132319874
0.030421177939140943
0.03011915123975893
0.030686618060111356
0.03005455833861465
0.03192293744232803
0.03071495438151212
0.03252082956892387
0.03257471194673643
0.033999432540907926
0.03551634181526802
0.03913116767190527
0.040152496436648207
0.03905648345256776
0.04011051378136616
0.03987513408135071
0.041065743868044
0.0411455934159993
0.0452620899795346
0.04812900068366334
0.049201408386937436
0.04863487743623309
0.04932463598296969
0.050442119407280675
0.0518600460325661
0.05469750718490521
0.05715645401206184
0.05804076430791376
0.057097321927020134
0.06027883718740339
0.061234522597406
0.06166331885934199
0.061963947138512165
0.07487916184381091
0.0772488119377517
0.09266978844157603
0.0942886825850185
0.0949318387392172
0.09943965241548948
0.10164732792900216
0.10266877548644512
0.12078580256689515
0.1245174631445684
0.1439593722287168
0.16312932414353448
0.1757805297438267
0.17215008779334193
0.18315813085382893
0.19660926468406545
0.20225541030155397
0.24262236219789016
0.2949404132336481
0.30755601790768367
0.31057318042434745
0.4063586542015487
0.40774213181676827
0.4319305377073017
0.5153256497808558
0.534532857977896
0.5725333853370407
0.8026781305987143
