2.2117837670410692E-4
2.248762344609202E-4
2.2624530048486057E-4
2.4427573243538254E-4
2.836585658536829E-4
3.345692885413729E-4
4.4402058251620573E-4
5.364854051595342E-4
5.384419478215242E-4
5.293142547481384E-4
5.371610315711228E-4
5.397426202005E-4
5.438828981076316E-4
5.445646267950103E-4
5.471621245039808E-4
5.515385014049695E-4
5.726579412956859E-4
5.99228487964654E-4
5.691439130698804E-4
5.805174660490497E-4
5.975589605436652E-4
5.951191983623002E-4
5.883465724424311E-4
6.198788360814644E-4
6.133787069665358E-4
5.962505956994825E-4
6.743559021085478E-4
6.607552812551449E-4
6.808994199185613E-4
6.963325159451712E-4
7.310959033653777E-4
7.78541498829015E-4
7.797709823343331E-4
7.637022972697759E-4
7.773344330660723E-4
8.207802113464983E-4
7.995805312411928E-4
8.233414277147249E-4
8.574842333481639E-4
8.618727799602888E-4
8.587267760068174E-4
8.602024916487584E-4
8.788084306984381E-4
9.308449531713446E-4
9.660377983375468E-4
0.0010085131102856013
0.0010806511109738258
0.001075038511037158
0.001171841428131299
0.0011713262630970358
0.001285085446434582
0.0013284462918526354
0.0013093718678927394
0.0013615819031718996
0.001396820106534638
0.0013592570695610416
0.001395687545280593
0.0014643419647512477
0.001460013128454169
0.001618241625946346
0.0016324502156941803
0.0017257205121662903
0.0017800436043981659
0.0018104634452266151
0.0018367301103834395
0.0019214981015767334
0.002012123344271901
0.002035712734919842
0.002317346390623917
0.002492884034673945
0.002668985095338825
0.0028872529213401447
0.003129787533173517
0.0032950893790938116
0.0034484907197123204
0.0035207241186516764
0.0037723178247803532
0.004243702657012008
0.004461615546503252
0.004585935726181089
0.005157415438556802
0.005379675270586642
0.006075633411604439
0.0065278463339083345
0.006950228356134957
0.007284749226930108
0.007548222891442677
0.007789378636109521
0.007812075880995709
0.007809209632343876
0.007905698157792008
0.007926333515642548
0.008292329372249952
0.008392325168490486
0.008775284334048577
0.00890496270971882
0.008975330585404628
0.009213159806891818
0.009067776609013402
0.009166255641718982
0.009373467642447637
0.01019265459974546
0.009840952181606225
0.010756498888550046
0.011151322727946498
0.011068151128037914
0.011217358171470973
0.011343351988104256
0.011382368653654761
0.014251885686995392
0.014797034881423385
0.015065735970634882
0.015257204921361005
0.016898098023905784
0.01680512684470512
0.016939620433984594
0.016873864617278973
0.016968431751132815
0.017273404872530863
0.017621935879078576
0.01756108097840747
0.017854802078087956
0.01898542578781166
0.019143499025444034
0.019300436994630337
0.01953844328760517
0.02008636501708527
0.0203558594537622
0.020583825739707164
0.021159001101319852
0.021621150468319535
0.02212983475294813
0.02286888119232688
0.02331201913757554
0.023404486488504822
0.023680812800859447
0.024158669202986476
0.024541724315295593
0.024364888221772525
0.024595861680194543
0.024924767201993287
0.024792595195255795
0.025026893169996147
0.0249961047332872
0.025360726361986687
0.025681644501224586
0.02551343510632234
0.02558788261889205
0.025896831557763143
0.025651902566510596
0.026801138507390413
0.027298955635149134
0.02719706347091972
0.02754601816751369
0.027616471724933648
0.027246629659566094
0.028004958846650285
0.028274735535749104
0.028665850048853282
0.02977433964421271
0.02978462880462179
0.033465510308296344
0.03314905614227224
0.0338522709317136
0.03400670555319091
0.034463786239520094
0.03627454668088277
0.03666293713084239
0.03801929257142312
0.03975242756041682
0.04101009125165534
0.04201604691110956
0.0429764160827829
0.042762150075158704
0.04289772899454054
0.04186402838617019
0.0430444568801935
0.049364723643462796
0.04948525464810344
0.05352567972305781
0.059517667875150206
0.07522941998377541
0.0755679520052828
0.12901250540530954
0.14676825658419262
0.6091403420307151
0.8080214649961355
